474.000 29.000 506.000 29.000 506.000 131.000 474.000 131.000
475.260 27.508 506.904 27.508 506.904 130.776 475.260 130.776
473.033 26.714 504.671 26.714 504.671 130.688 473.033 130.688
471.664 27.363 503.453 27.363 503.453 131.723 471.664 131.723
468.877 26.468 500.843 26.468 500.843 130.950 468.877 130.950
467.829 28.428 499.632 28.428 499.632 133.672 467.829 133.672
466.428 28.504 498.329 28.504 498.329 133.381 466.428 133.381
465.281 30.114 496.945 30.114 496.945 135.407 465.281 135.407
463.341 29.000 494.920 29.000 494.920 134.262 463.341 134.262
460.763 29.846 492.279 29.846 492.279 135.251 460.763 135.251
458.861 29.596 490.280 29.596 490.280 135.156 458.861 135.156
458.539 29.279 489.652 29.279 489.652 135.327 458.539 135.327
457.050 27.469 488.060 27.469 488.060 133.774 457.050 133.774
455.552 26.917 486.373 26.917 486.373 133.178 455.552 133.178
455.024 25.849 485.839 25.849 485.839 132.038 455.024 132.038
453.479 26.566 484.079 26.566 484.079 132.719 453.479 132.719
452.365 25.521 482.878 25.521 482.878 131.152 452.365 131.152
452.154 26.631 482.242 26.631 482.242 132.123 452.154 132.123
451.673 27.652 481.564 27.652 481.564 132.552 451.673 132.552
451.539 27.706 481.420 27.706 481.420 131.272 451.539 131.272
450.764 26.858 480.549 26.858 480.549 129.655 450.764 129.655
450.067 29.308 479.713 29.308 479.713 132.589 450.067 132.589
450.733 28.394 480.604 28.394 480.604 131.910 450.733 131.910
451.342 27.351 481.504 27.351 481.504 131.271 451.342 131.271
450.929 27.394 481.331 27.394 481.331 131.847 450.929 131.847
451.336 28.370 481.716 28.370 481.716 133.281 451.336 133.281
450.724 28.560 481.059 28.560 481.059 134.124 450.724 134.124
450.228 30.264 480.800 30.264 480.800 135.597 450.228 135.597
451.541 28.345 482.252 28.345 482.252 134.021 451.541 134.021
450.650 29.885 481.196 29.885 481.196 135.423 450.650 135.423
452.543 29.551 483.157 29.551 483.157 134.972 452.543 134.972
452.946 28.598 483.613 28.598 483.613 133.720 452.946 133.720
453.415 30.333 483.894 30.333 483.894 134.938 453.415 134.938
454.289 29.624 484.457 29.624 484.457 134.643 454.289 134.643
454.902 30.222 484.955 30.222 484.955 135.323 454.902 135.323
455.808 30.416 485.839 30.416 485.839 135.472 455.808 135.472
455.229 29.602 485.415 29.602 485.415 134.647 455.229 134.647
454.492 32.150 484.552 32.150 484.552 137.434 454.492 137.434
454.980 31.568 485.002 31.568 485.002 137.053 454.980 137.053
454.814 32.161 484.961 32.161 484.961 137.288 454.814 137.288
454.553 33.547 484.880 33.547 484.880 138.258 454.553 138.258
455.584 36.028 486.030 36.028 486.030 140.945 455.584 140.945
455.016 37.480 485.411 37.480 485.411 142.586 455.016 142.586
454.797 40.394 485.194 40.394 485.194 145.510 454.797 145.510
454.807 40.160 485.206 40.160 485.206 145.129 454.807 145.129
455.186 40.525 485.765 40.525 485.765 145.122 455.186 145.122
455.183 38.435 485.619 38.435 485.619 143.685 455.183 143.685
456.702 38.000 487.096 38.000 487.096 143.558 456.702 143.558
458.073 35.899 488.470 35.899 488.470 141.738 458.073 141.738
459.156 38.485 489.357 38.485 489.357 144.422 459.156 144.422
459.897 39.480 489.951 39.480 489.951 145.471 459.897 145.471
460.939 42.394 490.921 42.394 490.921 148.520 460.939 148.520
462.895 38.800 492.817 38.800 492.817 145.270 462.895 145.270
465.280 41.369 495.072 41.369 495.072 148.104 465.280 148.104
467.336 41.611 497.167 41.611 497.167 148.143 467.336 148.143
468.180 40.614 498.360 40.614 498.360 147.169 468.180 147.169
469.238 41.925 499.912 41.925 499.912 148.412 469.238 148.412
470.080 46.985 501.000 46.985 501.000 153.075 470.080 153.075
471.189 51.057 502.035 51.057 502.035 157.322 471.189 157.322
472.684 51.987 503.384 51.987 503.384 157.795 472.684 157.795
473.050 52.007 503.602 52.007 503.602 157.446 473.050 157.446
474.542 49.816 505.199 49.816 505.199 155.541 474.542 155.541
475.355 51.274 505.821 51.274 505.821 157.197 475.355 157.197
477.022 51.928 507.282 51.928 507.282 157.847 477.022 157.847
478.060 55.162 508.355 55.162 508.355 160.910 478.060 160.910
479.646 56.619 509.929 56.619 509.929 163.152 479.646 163.152
481.337 105.937 511.290 105.937 511.290 214.203 481.337 214.203
482.055 137.222 512.344 137.222 512.344 243.196 482.055 243.196
482.102 149.823 512.658 149.823 512.658 255.785 482.102 255.785
484.380 153.555 514.978 153.555 514.978 259.499 484.380 259.499
485.193 155.419 515.919 155.419 515.919 261.813 485.193 261.813
485.086 153.875 515.852 153.875 515.852 260.126 485.086 260.126
485.340 154.577 516.020 154.577 516.020 261.933 485.340 261.933
486.470 158.396 517.007 158.396 517.007 266.420 486.470 266.420
485.261 161.100 515.982 161.100 515.982 268.904 485.261 268.904
485.317 161.373 516.098 161.373 516.098 269.352 485.317 269.352
484.847 164.715 515.804 164.715 515.804 272.624 484.847 272.624
483.882 164.530 514.887 164.530 514.887 272.604 483.882 272.604
484.342 165.596 515.363 165.596 515.363 274.085 484.342 274.085
484.149 164.110 515.101 164.110 515.101 273.587 484.149 273.587
484.000 163.183 515.003 163.183 515.003 273.153 484.000 273.153
483.902 161.826 515.065 161.826 515.065 271.653 483.902 271.653
483.402 163.635 514.381 163.635 514.381 273.139 483.402 273.139
482.351 166.886 513.263 166.886 513.263 276.200 482.351 276.200
483.583 166.569 514.562 166.569 514.562 275.384 483.583 275.384
483.246 172.395 514.076 172.395 514.076 281.533 483.246 281.533
482.857 174.046 513.819 174.046 513.819 283.019 482.857 283.019
481.036 176.458 511.944 176.458 511.944 285.631 481.036 285.631
481.962 176.055 512.904 176.055 512.904 285.412 481.962 285.412
481.364 178.355 512.441 178.355 512.441 287.467 481.364 287.467
480.897 176.742 512.195 176.742 512.195 286.194 480.897 286.194
480.069 177.356 511.525 177.356 511.525 287.052 480.069 287.052
479.218 177.853 510.831 177.853 510.831 287.600 479.218 287.600
478.445 177.769 509.995 177.769 509.995 287.835 478.445 287.835
478.080 179.752 509.625 179.752 509.625 290.719 478.080 290.719
475.070 182.589 506.622 182.589 506.622 293.560 475.070 293.560
473.185 188.215 504.701 188.215 504.701 299.446 473.185 299.446
473.893 185.131 505.623 185.131 505.623 296.673 473.893 296.673
472.209 186.031 503.947 186.031 503.947 297.945 472.209 297.945
471.594 185.987 503.595 185.987 503.595 298.360 471.594 298.360
470.332 186.374 502.541 186.374 502.541 299.301 470.332 299.301
468.984 186.130 501.183 186.130 501.183 299.359 468.984 299.359
467.719 186.029 499.845 186.029 499.845 299.133 467.719 299.133
466.508 188.115 498.648 188.115 498.648 300.856 466.508 300.856
465.736 188.005 497.800 188.005 497.800 300.848 465.736 300.848
465.131 188.645 497.419 188.645 497.419 301.694 465.131 301.694
462.999 192.132 495.105 192.132 495.105 305.038 462.999 305.038
460.626 197.204 492.574 197.204 492.574 309.633 460.626 309.633
459.659 196.640 491.527 196.640 491.527 309.018 459.659 309.018
458.086 197.794 490.006 197.794 490.006 310.148 458.086 310.148
456.044 197.966 487.595 197.966 487.595 311.280 456.044 311.280
454.809 196.389 486.245 196.389 486.245 310.065 454.809 310.065
453.249 193.011 484.525 193.011 484.525 307.032 453.249 307.032
450.147 196.538 481.405 196.538 481.405 310.722 450.147 310.722
447.037 196.167 478.233 196.167 478.233 310.404 447.037 310.404
446.157 198.012 477.387 198.012 477.387 312.026 446.157 312.026
442.183 198.676 473.626 198.676 473.626 312.232 442.183 312.232
437.898 200.544 469.379 200.544 469.379 313.613 437.898 313.613
435.530 198.457 466.820 198.457 466.820 311.522 435.530 311.522
432.617 199.844 463.716 199.844 463.716 313.405 432.617 313.405
431.144 200.760 462.543 200.760 462.543 314.306 431.144 314.306
427.613 202.307 458.932 202.307 458.932 316.161 427.613 316.161
424.523 200.221 456.199 200.221 456.199 314.581 424.523 314.581
421.900 202.251 453.814 202.251 453.814 318.065 421.900 318.065
419.626 202.209 451.992 202.209 451.992 319.450 419.626 319.450
416.005 202.590 448.662 202.590 448.662 321.490 416.005 321.490
414.190 201.773 447.102 201.773 447.102 322.189 414.190 322.189
411.714 203.349 444.966 203.349 444.966 324.809 411.714 324.809
408.198 200.530 441.527 200.530 441.527 322.871 408.198 322.871
405.502 200.166 438.932 200.166 438.932 323.016 405.502 323.016
403.587 200.810 437.035 200.810 437.035 323.649 403.587 323.649
402.969 201.557 436.648 201.557 436.648 325.137 402.969 325.137
400.360 203.130 434.115 203.130 434.115 326.457 400.360 326.457
397.945 204.788 431.531 204.788 431.531 327.695 397.945 327.695
398.483 202.923 432.312 202.923 432.312 325.914 398.483 325.914
395.934 204.642 429.650 204.642 429.650 327.423 395.934 327.423
392.560 208.041 426.406 208.041 426.406 330.643 392.560 330.643
390.710 209.694 424.545 209.694 424.545 332.876 390.710 332.876
387.133 209.785 420.587 209.785 420.587 332.770 387.133 332.770
385.072 213.365 418.667 213.365 418.667 336.173 385.072 336.173
382.388 212.350 416.146 212.350 416.146 334.923 382.388 334.923
380.421 211.695 413.894 211.695 413.894 333.915 380.421 333.915
377.111 213.135 410.734 213.135 410.734 334.931 377.111 334.931
373.229 215.757 406.814 215.757 406.814 337.263 373.229 337.263
371.129 218.291 404.749 218.291 404.749 339.928 371.129 339.928
367.677 222.442 401.167 222.442 401.167 343.523 367.677 343.523
366.090 223.209 399.689 223.209 399.689 344.379 366.090 344.379
363.125 226.513 396.840 226.513 396.840 347.421 363.125 347.421
359.804 227.944 393.356 227.944 393.356 349.275 359.804 349.275
357.644 227.866 390.944 227.866 390.944 350.641 357.644 350.641
354.540 229.225 387.988 229.225 387.988 352.563 354.540 352.563
350.086 230.798 383.273 230.798 383.273 354.753 350.086 354.753
348.228 231.465 381.319 231.465 381.319 355.957 348.228 355.957
344.344 236.473 377.697 236.473 377.697 360.382 344.344 360.382
342.622 239.200 376.006 239.200 376.006 363.021 342.622 363.021
338.966 238.968 372.810 238.968 372.810 362.093 338.966 362.093
336.129 238.209 370.155 238.209 370.155 360.376 336.129 360.376
331.310 239.149 365.422 239.149 365.422 360.611 331.310 360.611
328.113 237.674 362.023 237.674 362.023 358.911 328.113 358.911
324.970 239.222 358.742 239.222 358.742 360.821 324.970 360.821
321.900 240.464 355.479 240.464 355.479 362.425 321.900 362.425
319.267 241.194 352.619 241.194 352.619 363.346 319.267 363.346
315.018 246.207 348.366 246.207 348.366 368.429 315.018 368.429
312.263 246.502 345.636 246.502 345.636 369.458 312.263 369.458
309.579 246.905 343.210 246.905 343.210 370.670 309.579 370.670
308.158 248.738 342.063 248.738 342.063 373.482 308.158 373.482
304.346 247.258 338.549 247.258 338.549 372.951 304.346 372.951
299.772 247.277 333.754 247.277 333.754 373.070 299.772 373.070
298.310 249.846 332.513 249.846 332.513 375.514 298.310 375.514
295.522 250.419 329.906 250.419 329.906 375.768 295.522 375.768
291.605 255.637 325.586 255.637 325.586 380.133 291.605 380.133
288.745 254.881 322.848 254.881 322.848 378.955 288.745 378.955
283.939 259.001 317.952 259.001 317.952 382.519 283.939 382.519
281.668 256.817 315.569 256.817 315.569 379.943 281.668 379.943
277.668 256.455 311.650 256.455 311.650 378.994 277.668 378.994
273.799 260.279 307.905 260.279 307.905 382.592 273.799 382.592
269.747 265.098 304.089 265.098 304.089 387.001 269.747 387.001
265.968 266.426 300.525 266.426 300.525 389.004 265.968 389.004
261.653 269.601 295.999 269.601 295.999 392.527 261.653 392.527
258.272 272.369 292.372 272.369 292.372 395.970 258.272 395.970
254.760 273.389 289.147 273.389 289.147 397.102 254.760 397.102
250.326 273.872 284.598 273.872 284.598 398.059 250.326 398.059
246.812 274.190 281.284 274.190 281.284 398.126 246.812 398.126
244.282 271.996 278.612 271.996 278.612 396.668 244.282 396.668
240.068 273.471 274.438 273.471 274.438 398.049 240.068 398.049
235.165 276.122 269.686 276.122 269.686 400.546 235.165 400.546
230.632 280.405 265.132 280.405 265.132 404.130 230.632 404.130
227.548 283.199 262.042 283.199 262.042 406.049 227.548 406.049
224.766 283.248 259.248 283.248 259.248 405.828 224.766 405.828
220.434 286.481 254.920 286.481 254.920 409.156 220.434 409.156
215.978 289.072 250.430 289.072 250.430 411.693 215.978 411.693
213.045 289.519 247.328 289.519 247.328 412.799 213.045 412.799
209.818 290.105 244.111 290.105 244.111 413.740 209.818 413.740
205.334 290.499 239.706 290.499 239.706 414.960 205.334 414.960
201.543 292.599 235.818 292.599 235.818 416.825 201.543 416.825
198.915 291.318 233.268 291.318 233.268 415.657 198.915 415.657
194.455 293.408 228.925 293.408 228.925 417.317 194.455 417.317
189.908 297.791 224.197 297.791 224.197 421.205 189.908 421.205
186.080 304.465 219.972 304.465 219.972 427.978 186.080 427.978
181.167 309.293 215.261 309.293 215.261 432.448 181.167 432.448
177.401 313.628 211.771 313.628 211.771 437.217 177.401 437.217
174.041 314.563 208.826 314.563 208.826 438.302 174.041 438.302
168.609 315.511 203.377 315.511 203.377 440.066 168.609 440.066
165.310 314.940 200.225 314.940 200.225 439.573 165.310 439.573
163.614 312.591 198.626 312.591 198.626 437.246 163.614 437.246
159.231 313.893 194.437 313.893 194.437 438.757 159.231 438.757
155.816 313.466 190.980 313.466 190.980 438.734 155.816 438.734
152.541 313.639 187.622 313.639 187.622 439.421 152.541 439.421
147.230 318.615 182.405 318.615 182.405 444.293 147.230 444.293
143.046 323.967 178.056 323.967 178.056 450.017 143.046 450.017
138.438 325.908 173.659 325.908 173.659 451.514 138.438 451.514
134.773 332.007 170.175 332.007 170.175 456.149 134.773 456.149
131.318 327.603 166.663 327.603 166.663 450.649 131.318 450.649
128.662 326.517 163.642 326.517 163.642 449.492 128.662 449.492
126.026 328.403 160.747 328.403 160.747 451.257 126.026 451.257
123.452 329.231 158.038 329.231 158.038 452.185 123.452 452.185
120.199 327.733 154.727 327.733 154.727 450.499 120.199 450.499
117.696 327.979 152.172 327.979 152.172 450.508 117.696 450.508
113.578 330.168 148.395 330.168 148.395 452.029 113.578 452.029
108.668 330.916 143.602 330.916 143.602 451.979 108.668 451.979
105.434 333.684 140.110 333.684 140.110 454.254 105.434 454.254
103.039 331.982 137.836 331.982 137.836 451.956 103.039 451.956
97.728 331.367 132.692 331.367 132.692 451.326 97.728 451.326
94.470 333.960 129.418 333.960 129.418 454.344 94.470 454.344
89.988 333.169 125.076 333.169 125.076 453.687 89.988 453.687
87.159 332.358 122.080 332.358 122.080 453.600 87.159 453.600
82.355 332.377 117.081 332.377 117.081 453.566 82.355 453.566
80.153 332.613 114.797 332.613 114.797 453.917 80.153 453.917
75.720 333.296 110.429 333.296 110.429 454.540 75.720 454.540
72.828 332.913 107.890 332.913 107.890 453.652 72.828 453.652
67.921 334.263 103.172 334.263 103.172 454.061 67.921 454.061
65.511 333.177 100.559 333.177 100.559 452.864 65.511 452.864
60.832 331.789 96.040 331.789 96.040 451.023 60.832 451.023
57.501 332.344 92.652 332.344 92.652 450.837 57.501 450.837
53.372 330.499 88.511 330.499 88.511 448.980 53.372 448.980
51.030 331.867 86.003 331.867 86.003 450.619 51.030 450.619
49.310 331.086 84.378 331.086 84.378 449.941 49.310 449.941
45.848 331.499 80.900 331.499 80.900 451.177 45.848 451.177
43.892 333.666 78.916 333.666 78.916 453.415 43.892 453.415
42.957 331.162 77.644 331.162 77.644 450.941 42.957 450.941
40.565 330.934 74.921 330.934 74.921 450.911 40.565 450.911
38.787 330.790 73.206 330.790 73.206 450.798 38.787 450.798
37.172 329.070 71.274 329.070 71.274 449.562 37.172 449.562
34.726 328.730 68.629 328.730 68.629 449.194 34.726 449.194
32.799 328.987 66.534 328.987 66.534 449.907 32.799 449.907
30.896 329.739 64.903 329.739 64.903 449.807 30.896 449.807
30.353 330.793 64.608 330.793 64.608 449.827 30.353 449.827
28.741 329.552 63.326 329.552 63.326 447.318 28.741 447.318
25.884 330.390 60.671 330.390 60.671 447.259 25.884 447.259
23.465 331.005 58.275 331.005 58.275 447.525 23.465 447.525
21.839 331.385 56.633 331.385 56.633 447.284 21.839 447.284
21.206 330.335 55.899 330.335 55.899 446.667 21.206 446.667
20.491 328.465 55.193 328.465 55.193 444.836 20.491 444.836
19.331 330.495 53.984 330.495 53.984 446.949 19.331 446.949
20.357 329.123 55.130 329.123 55.130 445.187 20.357 445.187
20.773 328.497 55.707 328.497 55.707 444.403 20.773 444.403
22.109 328.506 56.944 328.506 56.944 444.811 22.109 444.811
23.383 328.098 58.118 328.098 58.118 444.813 23.383 444.813
25.135 326.476 60.260 326.476 60.260 443.622 25.135 443.622
27.020 325.702 62.594 325.702 62.594 443.597 27.020 443.597
28.947 326.218 64.766 326.218 64.766 444.444 28.947 444.444
31.084 324.977 67.341 324.977 67.341 443.347 31.084 443.347
33.602 325.701 70.209 325.701 70.209 444.507 33.602 444.507
36.968 326.057 73.526 326.057 73.526 445.837 36.968 445.837
39.687 327.047 76.383 327.047 76.383 446.058 39.687 446.058
41.878 326.131 78.410 326.131 78.410 444.752 41.878 444.752
43.719 326.625 80.349 326.625 80.349 444.922 43.719 444.922
45.814 328.444 82.255 328.444 82.255 446.627 45.814 446.627
48.334 328.194 84.872 328.194 84.872 446.595 48.334 446.595
50.636 326.713 86.920 326.713 86.920 444.995 50.636 444.995
52.001 325.285 88.057 325.285 88.057 442.724 52.001 442.724
54.199 327.130 89.963 327.130 89.963 444.322 54.199 444.322
57.067 329.260 92.799 329.260 92.799 445.905 57.067 445.905
60.235 327.704 95.686 327.704 95.686 444.043 60.235 444.043
64.268 326.071 99.708 326.071 99.708 441.782 64.268 441.782
67.527 322.756 102.987 322.756 102.987 438.176 67.527 438.176
70.292 322.700 105.495 322.700 105.495 438.174 70.292 438.174
73.048 324.578 107.911 324.578 107.911 439.679 73.048 439.679
75.356 322.867 109.701 322.867 109.701 438.913 75.356 438.913
77.891 323.734 111.953 323.734 111.953 440.660 77.891 440.660
80.729 321.987 114.850 321.987 114.850 438.590 80.729 438.590
82.878 322.562 117.107 322.562 117.107 439.621 82.878 439.621
84.057 320.805 118.139 320.805 118.139 437.938 84.057 437.938
85.545 320.383 119.640 320.383 119.640 437.304 85.545 437.304
87.044 318.712 121.292 318.712 121.292 435.210 87.044 435.210
89.002 318.755 123.287 318.755 123.287 435.213 89.002 435.213
90.666 318.722 125.576 318.722 125.576 434.262 90.666 434.262
92.335 320.126 127.549 320.126 127.549 435.117 92.335 435.117
102.659 322.146 138.549 322.146 138.549 436.509 102.659 436.509
104.797 323.462 141.129 323.462 141.129 437.284 104.797 437.284
106.850 322.292 143.405 322.292 143.405 436.013 106.850 436.013
110.507 317.343 146.955 317.343 146.955 431.408 110.507 431.408
113.430 312.148 149.706 312.148 149.706 426.432 113.430 426.432
117.027 311.043 153.332 311.043 153.332 424.712 117.027 424.712
118.592 309.888 154.830 309.888 154.830 423.596 118.592 423.596
120.355 309.853 156.513 309.853 156.513 424.211 120.355 424.211
122.922 307.716 159.096 307.716 159.096 422.156 122.922 422.156
125.037 306.045 160.946 306.045 160.946 419.997 125.037 419.997
126.937 307.907 162.718 307.907 162.718 422.313 126.937 422.313
129.100 308.264 164.682 308.264 164.682 423.417 129.100 423.417
131.766 307.064 167.145 307.064 167.145 421.956 131.766 421.956
133.521 307.066 168.598 307.066 168.598 421.848 133.521 421.848
135.101 305.246 170.123 305.246 170.123 419.639 135.101 419.639
137.070 304.688 171.740 304.688 171.740 418.836 137.070 418.836
139.177 303.328 173.478 303.328 173.478 417.129 139.177 417.129
140.040 302.909 173.611 302.909 173.611 416.902 140.040 416.902
144.073 298.797 177.025 298.797 177.025 412.789 144.073 412.789
145.904 297.609 178.829 297.609 178.829 410.620 145.904 410.620
147.587 294.338 180.273 294.338 180.273 407.470 147.587 407.470
149.357 292.661 182.009 292.661 182.009 405.856 149.357 405.856
150.866 290.351 183.614 290.351 183.614 403.548 150.866 403.548
151.704 291.120 184.219 291.120 184.219 404.620 151.704 404.620
154.534 289.163 186.917 289.163 186.917 403.105 154.534 403.105
157.212 287.812 189.567 287.812 189.567 402.400 157.212 402.400
160.894 288.184 193.122 288.184 193.122 402.786 160.894 402.786
164.857 285.894 196.792 285.894 196.792 400.463 164.857 400.463
167.234 283.849 198.884 283.849 198.884 397.757 167.234 397.757
168.605 280.973 200.020 280.973 200.020 394.488 168.605 394.488
169.241 282.602 200.824 282.602 200.824 395.650 169.241 395.650
171.169 282.619 202.788 282.619 202.788 395.878 171.169 395.878
172.271 281.606 204.026 281.606 204.026 394.825 172.271 394.825
173.998 281.435 206.040 281.435 206.040 394.318 173.998 394.318
175.070 280.975 207.221 280.975 207.221 393.716 175.070 393.716
177.463 280.298 209.754 280.298 209.754 393.177 177.463 393.177
180.828 278.723 213.112 278.723 213.112 391.969 180.828 391.969
182.511 281.527 214.950 281.527 214.950 394.132 182.511 394.132
184.751 274.724 217.317 274.724 217.317 387.021 184.751 387.021
185.725 273.292 218.402 273.292 218.402 384.723 185.725 384.723
187.358 274.023 219.725 274.023 219.725 385.900 187.358 385.900
189.199 270.827 221.659 270.827 221.659 382.428 189.199 382.428
189.823 270.737 222.019 270.737 222.019 381.609 189.823 381.609
191.681 270.380 223.721 270.380 223.721 381.542 191.681 381.542
193.060 271.322 225.253 271.322 225.253 382.691 193.060 382.691
195.322 270.549 227.567 270.549 227.567 381.549 195.322 381.549
196.816 270.283 228.878 270.283 228.878 381.136 196.816 381.136
199.005 270.381 230.680 270.381 230.680 381.144 199.005 381.144
201.739 271.545 233.500 271.545 233.500 381.970 201.739 381.970
203.754 270.137 235.711 270.137 235.711 380.455 203.754 380.455
207.533 268.365 239.564 268.365 239.564 378.520 207.533 378.520
210.378 266.402 242.743 266.402 242.743 375.854 210.378 375.854
214.657 263.305 247.612 263.305 247.612 371.737 214.657 371.737
219.116 259.820 252.047 259.820 252.047 368.081 219.116 368.081
222.898 260.138 255.742 260.138 255.742 367.952 222.898 367.952
226.086 258.213 259.123 258.213 259.123 365.634 226.086 365.634
228.961 254.200 262.002 254.200 262.002 361.574 228.961 361.574
231.565 255.703 264.193 255.703 264.193 363.596 231.565 363.596
234.987 254.296 267.348 254.296 267.348 363.196 234.987 363.196
237.381 254.166 269.579 254.166 269.579 363.133 237.381 363.133
239.512 254.147 271.484 254.147 271.484 363.573 239.512 363.573
240.953 253.273 272.946 253.273 272.946 362.668 240.953 362.668
243.534 253.429 275.678 253.429 275.678 362.463 243.534 362.463
245.221 253.348 277.524 253.348 277.524 361.894 245.221 361.894
248.204 251.687 280.203 251.687 280.203 359.973 248.204 359.973
251.898 248.927 283.823 248.927 283.823 356.943 251.898 356.943
256.194 246.668 288.191 246.668 288.191 355.116 256.194 355.116
261.415 242.018 293.747 242.018 293.747 350.270 261.415 350.270
265.223 236.778 297.238 236.778 297.238 345.699 265.223 345.699
266.839 236.280 298.818 236.280 298.818 344.831 266.839 344.831
269.337 231.289 301.560 231.289 301.560 339.671 269.337 339.671
271.283 229.912 303.337 229.912 303.337 338.639 271.283 338.639
273.407 226.232 305.485 226.232 305.485 334.667 273.407 334.667
274.282 225.865 306.412 225.865 306.412 334.619 274.282 334.619
275.475 225.123 307.754 225.123 307.754 333.400 275.475 333.400
276.563 226.154 308.934 226.154 308.934 333.698 276.563 333.698
278.322 225.656 310.411 225.656 310.411 333.563 278.322 333.563
280.952 224.310 312.885 224.310 312.885 332.383 280.952 332.383
282.847 222.765 314.539 222.765 314.539 331.480 282.847 331.480
285.607 222.593 317.487 222.593 317.487 331.408 285.607 331.408
288.638 222.599 320.455 222.599 320.455 331.268 288.638 331.268
292.537 220.698 324.465 220.698 324.465 328.857 292.537 328.857
302.063 220.422 333.913 220.422 333.913 328.185 302.063 328.185
304.184 215.819 336.228 215.819 336.228 322.627 304.184 322.627
306.245 214.675 338.017 214.675 338.017 321.005 306.245 321.005
309.115 212.252 340.570 212.252 340.570 318.646 309.115 318.646
311.061 211.111 342.182 211.111 342.182 317.578 311.061 317.578
313.347 208.815 344.160 208.815 344.160 315.293 313.347 315.293
314.254 206.655 344.924 206.655 344.924 313.126 314.254 313.126
316.147 207.836 347.113 207.836 347.113 314.365 316.147 314.365
317.531 206.645 348.305 206.645 348.305 313.647 317.531 313.647
319.346 206.189 350.289 206.189 350.289 312.335 319.346 312.335
321.005 207.459 352.096 207.459 352.096 313.232 321.005 313.232
323.591 206.063 354.641 206.063 354.641 311.992 323.591 311.992
325.288 205.946 356.346 205.946 356.346 311.985 325.288 311.985
328.113 205.602 359.160 205.602 359.160 311.469 328.113 311.469
330.212 205.481 360.871 205.481 360.871 311.953 330.212 311.953
333.119 201.881 364.044 201.881 364.044 308.254 333.119 308.254
336.429 199.921 367.482 199.921 367.482 306.612 336.429 306.612
338.398 195.868 369.539 195.868 369.539 302.675 338.398 302.675
340.089 195.281 371.048 195.281 371.048 302.632 340.089 302.632
341.390 192.636 372.320 192.636 372.320 300.755 341.390 300.755
343.084 190.783 374.070 190.783 374.070 299.124 343.084 299.124
344.232 191.630 375.530 191.630 375.530 300.043 344.232 300.043
345.549 193.109 377.015 193.109 377.015 301.886 345.549 301.886
347.217 194.170 378.431 194.170 378.431 303.144 347.217 303.144
349.195 194.294 380.158 194.294 380.158 303.654 349.195 303.654
351.181 193.219 382.313 193.219 382.313 302.081 351.181 302.081
353.133 193.070 384.250 193.070 384.250 301.331 353.133 301.331
355.005 195.172 386.245 195.172 386.245 303.086 355.005 303.086
358.474 196.210 389.663 196.210 389.663 304.409 358.474 304.409
362.570 197.306 393.870 197.306 393.870 305.608 362.570 305.608
367.610 195.787 398.927 195.787 398.927 304.455 367.610 304.455
371.635 192.273 402.780 192.273 402.780 301.360 371.635 301.360
374.952 191.227 406.350 191.227 406.350 300.831 374.952 300.831
378.100 191.835 409.455 191.835 409.455 301.438 378.100 301.438
381.241 190.169 412.687 190.169 412.687 299.508 381.241 299.508
382.663 192.537 414.181 192.537 414.181 301.566 382.663 301.566
386.176 191.970 417.562 191.970 417.562 300.423 386.176 300.423
389.201 190.268 420.576 190.268 420.576 297.969 389.201 297.969
391.778 190.671 422.864 190.671 422.864 298.325 391.778 298.325
394.637 190.989 425.690 190.989 425.690 298.788 394.637 298.788
396.414 191.110 427.375 191.110 427.375 299.162 396.414 299.162
400.867 190.421 432.146 190.421 432.146 298.892 400.867 298.892
403.288 189.811 434.869 189.811 434.869 298.380 403.288 298.380
404.732 188.189 436.494 188.189 436.494 296.752 404.732 296.752
405.022 183.664 436.570 183.664 436.570 293.513 405.022 293.513
408.640 179.056 440.310 179.056 440.310 289.320 408.640 289.320
410.300 177.808 441.858 177.808 441.858 288.409 410.300 288.409
412.285 179.485 443.737 179.485 443.737 290.734 412.285 290.734
414.334 178.664 445.651 178.664 445.651 290.630 414.334 290.630
415.389 177.950 446.791 177.950 446.791 290.134 415.389 290.134
417.424 175.997 449.032 175.997 449.032 287.744 417.424 287.744
419.389 176.258 451.102 176.258 451.102 287.900 419.389 287.900
422.074 177.193 453.978 177.193 453.978 288.482 422.074 288.482
423.650 175.631 455.684 175.631 455.684 286.681 423.650 286.681
426.361 176.731 458.383 176.731 458.383 287.679 426.361 287.679
426.968 177.052 458.840 177.052 458.840 288.013 426.968 288.013
430.011 174.932 461.807 174.932 461.807 286.111 430.011 286.111
431.675 171.559 463.253 171.559 463.253 283.658 431.675 283.658
433.043 167.054 464.362 167.054 464.362 279.615 433.043 279.615
435.971 167.037 467.285 167.037 467.285 278.936 435.971 278.936
436.385 166.711 467.576 166.711 467.576 279.034 436.385 279.034
438.010 167.051 469.137 167.051 469.137 280.179 438.010 280.179
439.779 167.183 470.965 167.183 470.965 281.166 439.779 281.166
439.972 164.980 471.250 164.980 471.250 279.070 439.972 279.070
441.803 167.057 473.123 167.057 473.123 281.174 441.803 281.174
443.135 166.168 474.437 166.168 474.437 279.860 443.135 279.860
445.212 165.142 476.541 165.142 476.541 278.407 445.212 278.407
445.151 167.119 476.247 167.119 476.247 279.343 445.151 279.343
447.109 163.285 477.867 163.285 477.867 274.817 447.109 274.817
447.706 158.454 478.292 158.454 478.292 269.049 447.706 269.049
450.059 157.344 480.722 157.344 480.722 267.065 450.059 267.065
451.408 154.790 482.078 154.790 482.078 264.116 451.408 264.116
452.824 152.765 483.167 152.765 483.167 261.813 452.824 261.813
453.621 153.406 483.984 153.406 483.984 262.124 453.621 262.124
454.520 155.244 484.591 155.244 484.591 264.074 454.520 264.074
455.977 153.945 485.836 153.945 485.836 263.020 455.977 263.020
458.046 154.420 488.115 154.420 488.115 263.233 458.046 263.233
459.888 153.644 490.179 153.644 490.179 262.134 459.888 262.134
462.098 152.630 492.169 152.630 492.169 261.291 462.098 261.291
463.647 151.368 493.601 151.368 493.601 259.579 463.647 259.579
465.390 150.378 495.156 150.378 495.156 258.447 465.390 258.447
467.980 149.241 497.716 149.241 497.716 257.598 467.980 257.598
469.252 146.387 498.923 146.387 498.923 254.907 469.252 254.907
470.448 146.009 499.959 146.009 499.959 254.155 470.448 254.155
471.290 147.075 500.786 147.075 500.786 255.340 471.290 255.340
473.312 147.803 503.032 147.803 503.032 256.523 473.312 256.523
473.656 146.872 503.578 146.872 503.578 256.117 473.656 256.117
475.596 144.761 505.683 144.761 505.683 254.894 475.596 254.894
476.663 146.071 506.852 146.071 506.852 256.712 476.663 256.712
477.357 145.266 507.809 145.266 507.809 256.005 477.357 256.005
479.498 144.945 509.992 144.945 509.992 255.405 479.498 255.405
478.452 144.164 508.876 144.164 508.876 254.342 478.452 254.342
480.075 139.206 510.623 139.206 510.623 247.730 480.075 247.730
482.404 139.757 513.067 139.757 513.067 247.946 482.404 247.946
483.584 137.476 514.008 137.476 514.008 245.628 483.584 245.628
484.390 136.643 514.541 136.643 514.541 244.606 484.390 244.606
485.938 136.079 515.895 136.079 515.895 244.209 485.938 244.209
486.450 138.143 516.349 138.143 516.349 245.732 486.450 245.732
487.942 137.830 518.232 137.830 518.232 244.509 487.942 244.509
489.545 137.416 519.936 137.416 519.936 243.769 489.545 243.769
491.417 138.001 522.035 138.001 522.035 244.601 491.417 244.601
493.665 138.195 524.322 138.195 524.322 244.675 493.665 244.675
494.366 136.991 524.966 136.991 524.966 243.546 494.366 243.546
495.921 134.234 526.660 134.234 526.660 240.364 495.921 240.364
497.017 132.542 527.655 132.542 527.655 238.770 497.017 238.770
498.016 130.567 528.666 130.567 528.666 236.385 498.016 236.385
499.596 127.690 530.328 127.690 530.328 233.126 499.596 233.126
499.996 124.723 530.746 124.723 530.746 229.451 499.996 229.451
501.615 122.053 532.085 122.053 532.085 226.338 501.615 226.338
503.289 121.571 533.496 121.571 533.496 225.103 503.289 225.103
505.161 121.748 535.117 121.748 535.117 224.324 505.161 224.324
506.607 122.030 536.411 122.030 536.411 223.000 506.607 223.000
508.818 121.242 538.385 121.242 538.385 220.842 508.818 220.842
510.922 123.106 540.197 123.106 540.197 221.400 510.922 221.400
512.611 120.859 541.399 120.859 541.399 218.349 512.611 218.349
513.868 115.903 542.263 115.903 542.263 212.076 513.868 212.076
515.257 118.486 543.383 118.486 543.383 213.444 515.257 213.444
516.431 113.014 544.150 113.014 544.150 206.423 516.431 206.423
517.396 112.939 544.776 112.939 544.776 205.046 517.396 205.046
518.653 111.634 545.670 111.634 545.670 202.726 518.653 202.726
519.668 111.676 546.288 111.676 546.288 201.379 519.668 201.379
521.178 112.088 547.501 112.088 547.501 200.476 521.178 200.476
522.350 112.108 548.345 112.108 548.345 198.946 522.350 198.946
523.776 110.974 549.338 110.974 549.338 196.454 523.776 196.454
525.588 107.890 551.154 107.890 551.154 190.840 525.588 190.840
527.653 107.522 552.831 107.522 552.831 188.513 527.653 188.513
529.816 110.201 554.788 110.201 554.788 188.562 529.816 188.562
531.715 108.671 556.204 108.671 556.204 185.850 531.715 185.850
533.664 109.636 557.896 109.636 557.896 185.276 533.664 185.276
535.277 108.127 559.014 108.127 559.014 182.759 535.277 182.759
536.336 107.814 559.827 107.814 559.827 181.821 536.336 181.821
537.210 107.133 560.368 107.133 560.368 180.151 537.210 180.151
538.399 106.859 561.259 106.859 561.259 179.462 538.399 179.462
539.915 107.036 562.599 107.036 562.599 179.455 539.915 179.455
541.076 106.422 563.541 106.422 563.541 178.691 541.076 178.691
541.150 106.314 563.455 106.314 563.455 178.649 541.150 178.649
542.112 106.302 564.145 106.302 564.145 178.660 542.112 178.660
544.316 105.945 566.168 105.945 566.168 177.932 544.316 177.932
545.783 105.879 567.512 105.879 567.512 177.141 545.783 177.141
547.370 104.672 569.017 104.672 569.017 175.641 547.370 175.641
549.142 104.067 570.451 104.067 570.451 175.040 549.142 175.040
550.031 103.936 571.144 103.936 571.144 174.685 550.031 174.685
551.754 103.411 572.947 103.411 572.947 174.252 551.754 174.252
552.469 103.652 573.817 103.652 573.817 174.528 552.469 174.528
553.346 102.696 575.008 102.696 575.008 173.181 553.346 173.181
554.407 101.806 576.120 101.806 576.120 172.728 554.407 172.728
555.377 100.008 577.351 100.008 577.351 171.757 555.377 171.757
556.459 100.183 578.360 100.183 578.360 172.293 556.459 172.293
557.423 101.458 579.287 101.458 579.287 173.616 557.423 173.616
558.754 101.831 580.596 101.831 580.596 173.867 558.754 173.867
559.992 101.316 581.914 101.316 581.914 173.252 559.992 173.252
562.235 99.607 584.161 99.607 584.161 171.944 562.235 171.944
563.005 99.850 584.938 99.850 584.938 172.547 563.005 172.547
564.137 99.739 586.160 99.739 586.160 173.014 564.137 173.014
565.909 100.448 587.947 100.448 587.947 174.315 565.909 174.315
566.910 98.801 589.018 98.801 589.018 173.355 566.910 173.355
567.169 98.818 589.546 98.818 589.546 173.690 567.169 173.690
567.951 98.098 590.626 98.098 590.626 173.487 567.951 173.487
568.206 97.814 591.279 97.814 591.279 173.324 568.206 173.324
568.887 96.683 592.197 96.683 592.197 172.736 568.887 172.736
568.677 95.519 592.145 95.519 592.145 171.849 568.677 171.849
568.098 95.268 591.852 95.268 591.852 171.506 568.098 171.506
568.721 95.522 592.531 95.522 592.531 171.986 568.721 171.986
568.742 94.304 592.588 94.304 592.588 170.897 568.742 170.897
569.119 95.906 593.038 95.906 593.038 172.344 569.119 172.344
569.223 96.087 593.250 96.087 593.250 172.159 569.223 172.159
569.912 95.316 593.926 95.316 593.926 171.230 569.912 171.230
570.240 96.031 594.279 96.031 594.279 172.430 570.240 172.430
570.515 95.546 594.577 95.546 594.577 172.248 570.515 172.248
571.477 96.843 595.637 96.843 595.637 173.557 571.477 173.557
571.399 96.111 595.593 96.111 595.593 173.164 571.399 173.164
571.566 95.788 595.752 95.788 595.752 173.165 571.566 173.165
571.945 94.997 596.293 94.997 596.293 172.189 571.945 172.189
571.942 95.033 596.238 95.033 596.238 172.131 571.942 172.131
571.806 95.695 596.113 95.695 596.113 172.764 571.806 172.764
571.789 94.572 596.236 94.572 596.236 171.722 571.789 171.722
571.263 96.144 595.864 96.144 595.864 172.986 571.263 172.986
570.797 95.537 595.409 95.537 595.409 172.597 570.797 172.597
570.101 94.902 594.805 94.902 594.805 172.137 570.101 172.137
569.842 95.241 594.665 95.241 594.665 172.851 569.842 172.851
568.583 96.717 593.673 96.717 593.673 174.284 568.583 174.284
567.229 95.774 592.548 95.774 592.548 173.431 567.229 173.431
565.577 95.870 590.937 95.870 590.937 173.633 565.577 173.633
564.813 96.156 590.153 96.156 590.153 174.212 564.813 174.212
564.026 95.188 589.442 95.188 589.442 173.404 564.026 173.404
563.501 95.822 589.056 95.822 589.056 174.194 563.501 174.194
563.380 96.429 589.054 96.429 589.054 174.951 563.380 174.951
562.485 95.742 588.257 95.742 588.257 174.266 562.485 174.266
562.501 95.920 588.381 95.920 588.381 174.874 562.501 174.874
562.193 94.837 588.214 94.837 588.214 173.923 562.193 173.923
561.855 95.276 587.841 95.276 587.841 174.753 561.855 174.753
562.042 95.468 588.031 95.468 588.031 175.151 562.042 175.151
562.017 94.350 588.038 94.350 588.038 174.063 562.017 174.063
562.293 94.423 588.318 94.423 588.318 174.289 562.293 174.289
562.822 94.756 588.780 94.756 588.780 175.031 562.822 175.031
563.148 94.201 589.155 94.201 589.155 174.628 563.148 174.628
563.059 95.185 589.109 95.185 589.109 175.507 563.059 175.507
563.299 94.166 589.352 94.166 589.352 174.609 563.299 174.609
563.396 94.973 589.526 94.973 589.526 175.293 563.396 175.293
562.836 94.627 589.070 94.627 589.070 174.984 562.836 174.984
563.388 93.523 589.666 93.523 589.666 173.833 563.388 173.833
562.828 93.344 589.067 93.344 589.067 174.081 562.828 174.081
563.629 95.553 589.820 95.553 589.820 176.406 563.629 176.406
564.183 92.247 590.292 92.247 590.292 172.923 564.183 172.923
564.671 93.759 590.827 93.759 590.827 174.267 564.671 174.267
564.486 93.673 590.647 93.673 590.647 173.991 564.486 173.991
564.631 92.553 590.819 92.553 590.819 172.974 564.631 172.974
564.578 92.531 590.692 92.531 590.692 173.244 564.578 173.244
565.371 93.039 591.429 93.039 591.429 173.764 565.371 173.764
565.553 92.172 591.671 92.172 591.671 173.120 565.553 173.120
566.073 92.509 592.221 92.509 592.221 173.484 566.073 173.484
565.650 93.109 591.771 93.109 591.771 174.012 565.650 174.012
566.418 92.577 592.655 92.577 592.655 173.463 566.418 173.463
565.921 92.663 592.355 92.663 592.355 173.506 565.921 173.506
565.590 93.186 592.190 93.186 592.190 174.170 565.590 174.170
565.144 92.922 591.796 92.922 591.796 173.900 565.144 173.900
564.911 94.049 591.488 94.049 591.488 175.163 564.911 175.163
564.735 94.708 591.407 94.708 591.407 175.909 564.735 175.909
564.299 93.268 590.982 93.268 590.982 174.697 564.299 174.697
563.312 94.128 589.890 94.128 589.890 176.144 563.312 176.144
562.230 92.040 588.738 92.040 588.738 173.838 562.230 173.838
562.275 92.704 588.814 92.704 588.814 175.129 562.275 175.129
561.730 92.613 588.215 92.613 588.215 175.242 561.730 175.242
561.534 92.513 588.109 92.513 588.109 175.363 561.534 175.363
560.610 91.687 587.368 91.687 587.368 174.540 560.610 174.540
559.458 92.670 586.154 92.670 586.154 175.880 559.458 175.880
559.189 92.040 585.868 92.040 585.868 175.221 559.189 175.221
559.558 92.122 586.283 92.122 586.283 175.805 559.558 175.805
559.551 92.044 586.285 92.044 586.285 176.013 559.551 176.013
559.735 91.082 586.514 91.082 586.514 175.045 559.735 175.045
560.007 91.430 586.637 91.430 586.637 175.421 560.007 175.421
560.319 93.066 586.848 93.066 586.848 177.314 560.319 177.314
560.023 92.447 586.755 92.447 586.755 176.377 560.023 176.377
560.260 92.509 586.919 92.509 586.919 176.954 560.260 176.954
559.729 92.893 586.512 92.893 586.512 177.246 559.729 177.246
559.757 91.426 586.747 91.426 586.747 175.540 559.757 175.540
560.303 92.751 587.493 92.751 587.493 176.886 560.303 176.886
560.120 93.208 587.466 93.208 587.466 177.173 560.120 177.173
559.937 93.430 587.455 93.430 587.455 177.124 559.937 177.124
560.161 93.314 587.833 93.314 587.833 176.531 560.161 176.531
560.409 92.959 587.953 92.959 587.953 176.195 560.409 176.195
560.246 92.058 587.761 92.058 587.761 175.166 560.246 175.166
560.710 92.296 588.221 92.296 588.221 175.607 560.710 175.607
560.641 92.873 588.117 92.873 588.117 176.560 560.641 176.560
559.974 91.747 587.227 91.747 587.227 175.601 559.974 175.601
560.363 92.138 587.803 92.138 587.803 175.733 560.363 175.733
559.876 92.177 587.482 92.177 587.482 176.029 559.876 176.029
559.721 91.105 587.581 91.105 587.581 174.839 559.721 174.839
559.912 91.258 587.739 91.258 587.739 175.207 559.912 175.207
560.093 91.199 587.700 91.199 587.700 175.165 560.093 175.165
559.949 91.737 587.739 91.737 587.739 175.612 559.949 175.612
559.839 92.000 587.732 92.000 587.732 176.149 559.839 176.149
559.607 90.969 587.282 90.969 587.282 175.482 559.607 175.482
560.265 92.267 588.123 92.267 588.123 176.449 560.265 176.449
560.054 90.237 587.665 90.237 587.665 174.615 560.054 174.615
560.198 91.027 587.674 91.027 587.674 175.365 560.198 175.365
560.192 91.432 587.726 91.432 587.726 176.001 560.192 176.001
559.687 91.650 587.072 91.650 587.072 176.313 559.687 176.313
560.178 91.211 587.446 91.211 587.446 175.799 560.178 175.799
560.163 89.656 587.185 89.656 587.185 174.411 560.163 174.411
560.226 91.016 587.175 91.016 587.175 175.645 560.226 175.645
559.964 91.417 586.736 91.417 586.736 176.442 559.964 176.442
560.492 90.381 587.061 90.381 587.061 175.716 560.492 175.716
560.659 89.858 587.201 89.858 587.201 175.732 560.659 175.732
560.475 90.755 587.030 90.755 587.030 176.742 560.475 176.742
560.138 90.083 586.798 90.083 586.798 175.739 560.138 175.739
560.473 90.499 587.152 90.499 587.152 176.148 560.473 176.148
560.777 89.988 587.441 89.988 587.441 175.547 560.777 175.547
560.306 91.341 586.936 91.341 586.936 176.857 560.306 176.857
560.337 90.138 586.910 90.138 586.910 175.368 560.337 175.368
560.476 90.949 586.952 90.949 586.952 176.508 560.476 176.508
560.558 91.620 587.225 91.620 587.225 176.569 560.558 176.569
559.942 89.907 586.533 89.907 586.533 175.105 559.942 175.105
560.039 91.652 586.812 91.652 586.812 176.237 560.039 176.237
559.993 90.684 586.761 90.684 586.761 175.029 559.993 175.029
560.617 92.183 587.451 92.183 587.451 175.866 560.617 175.866
560.327 93.928 587.056 93.928 587.056 177.111 560.327 177.111
560.715 93.268 587.463 93.268 587.463 175.749 560.715 175.749
560.583 93.545 587.204 93.545 587.204 175.792 560.583 175.792
560.049 92.986 586.638 92.986 586.638 175.108 560.049 175.108
560.787 92.391 587.363 92.391 587.363 174.547 560.787 174.547
560.567 92.669 587.165 92.669 587.165 175.168 560.567 175.168
560.660 93.221 587.319 93.221 587.319 175.752 560.660 175.752
560.563 91.925 587.191 91.925 587.191 174.352 560.563 174.352
561.507 91.651 588.126 91.651 588.126 173.934 561.507 173.934
561.236 92.694 587.912 92.694 587.912 175.046 561.236 175.046
561.048 92.631 587.663 92.631 587.663 175.348 561.048 175.348
561.096 91.128 587.644 91.128 587.644 173.985 561.096 173.985
561.800 92.075 588.424 92.075 588.424 174.779 561.800 174.779
561.629 92.441 588.188 92.441 588.188 175.139 561.629 175.139
561.623 92.423 588.115 92.423 588.115 175.395 561.623 175.395
561.354 91.675 587.639 91.675 587.639 174.510 561.354 174.510
561.958 91.076 588.329 91.076 588.329 173.855 561.958 173.855
561.747 92.776 588.081 92.776 588.081 176.131 561.747 176.131
562.266 91.875 588.667 91.875 588.667 175.098 562.266 175.098
562.531 92.079 589.022 92.079 589.022 175.133 562.531 175.133
562.384 91.883 588.903 91.883 588.903 174.919 562.384 174.919
561.834 92.616 588.470 92.616 588.470 175.422 561.834 175.422
562.775 91.362 589.406 91.362 589.406 174.090 562.775 174.090
562.585 91.454 589.064 91.454 589.064 174.535 562.585 174.535
562.493 92.422 588.920 92.422 588.920 175.524 562.493 175.524
561.872 91.754 588.388 91.754 588.388 174.549 561.872 174.549
562.973 91.341 589.367 91.341 589.367 174.708 562.973 174.708
562.810 92.356 589.312 92.356 589.312 175.561 562.810 175.561
562.489 91.579 589.004 91.579 589.004 174.862 562.489 174.862
562.180 92.043 588.742 92.043 588.742 175.055 562.180 175.055
563.141 91.136 589.622 91.136 589.622 174.120 563.141 174.120
562.821 93.333 589.295 93.333 589.295 176.101 562.821 176.101
562.440 92.234 588.957 92.234 588.957 174.962 562.440 174.962
562.666 91.519 589.232 91.519 589.232 174.039 562.666 174.039
563.382 92.549 589.856 92.549 589.856 175.316 563.382 175.316
562.271 93.217 588.632 93.217 588.632 175.980 562.271 175.980
562.010 93.191 588.291 93.191 588.291 175.951 562.010 175.951
561.620 92.641 588.011 92.641 588.011 175.122 561.620 175.122
562.069 91.968 588.461 91.968 588.461 174.478 562.069 174.478
562.290 93.252 588.729 93.252 588.729 175.642 562.290 175.642
561.798 93.728 588.169 93.728 588.169 176.241 561.798 176.241
561.788 93.005 588.201 93.005 588.201 175.713 561.788 175.713
561.432 92.855 587.935 92.855 587.935 175.375 561.432 175.375
561.944 92.242 588.410 92.242 588.410 174.470 561.944 174.470
560.820 93.906 587.278 93.906 587.278 176.201 560.820 176.201
560.703 92.715 587.049 92.715 587.049 174.596 560.703 174.596
560.598 93.942 586.887 93.942 586.887 175.595 560.598 175.595
560.971 92.700 587.264 92.700 587.264 174.349 560.971 174.349
560.337 93.570 586.595 93.570 586.595 175.030 560.337 175.030
559.660 93.171 585.915 93.171 585.915 174.438 559.660 174.438
558.730 92.249 584.925 92.249 584.925 173.303 558.730 173.303
559.422 93.517 585.622 93.517 585.622 174.801 559.422 174.801
559.615 92.937 585.857 92.937 585.857 174.472 559.615 174.472
559.386 92.850 585.572 92.850 585.572 174.390 559.386 174.390
559.420 93.622 585.568 93.622 585.568 175.287 559.420 175.287
559.425 92.365 585.555 92.365 585.555 174.176 559.425 174.176
559.208 92.884 585.362 92.884 585.362 174.795 559.208 174.795
559.083 94.856 585.265 94.856 585.265 177.161 559.083 177.161
559.722 91.928 585.985 91.928 585.985 174.118 559.722 174.118
559.499 93.663 585.843 93.663 585.843 175.793 559.499 175.793
559.504 93.781 585.764 93.781 585.764 175.952 559.504 175.952
559.409 93.175 585.810 93.175 585.810 174.950 559.409 174.950
559.329 94.126 585.705 94.126 585.705 175.764 559.329 175.764
559.748 93.718 586.041 93.718 586.041 175.340 559.748 175.340
559.646 94.643 585.900 94.643 585.900 176.097 559.646 176.097
559.481 95.273 585.929 95.273 585.929 176.270 559.481 176.270
559.836 93.742 586.165 93.742 586.165 174.734 559.836 174.734
559.528 92.530 586.095 92.530 586.095 172.816 559.528 172.816
560.128 93.253 586.817 93.253 586.817 172.895 560.128 172.895
559.738 94.129 586.584 94.129 586.584 173.029 559.738 173.029
559.403 93.428 586.230 93.428 586.230 172.095 559.403 172.095
559.175 93.667 585.891 93.667 585.891 172.200 559.175 172.200
558.981 94.282 585.618 94.282 585.618 172.585 558.981 172.585
558.156 93.153 584.703 93.153 584.703 171.607 558.156 171.607
557.781 93.457 584.306 93.457 584.306 171.712 557.781 171.712
557.688 94.495 584.218 94.495 584.218 172.899 557.688 172.899
557.521 94.102 583.952 94.102 583.952 172.714 557.521 172.714
556.903 95.098 583.334 95.098 583.334 173.796 556.903 173.796
556.401 94.653 583.045 94.653 583.045 173.861 556.401 173.861
555.192 93.476 581.866 93.476 581.866 172.935 555.192 172.935
554.287 94.634 580.996 94.634 580.996 174.498 554.287 174.498
553.044 94.635 579.761 94.635 579.761 174.913 553.044 174.913
552.966 94.779 579.731 94.779 579.731 175.071 552.966 175.071
553.232 93.855 580.138 93.855 580.138 174.307 553.232 174.307
552.959 93.631 579.775 93.631 579.775 174.359 552.959 174.359
553.255 92.435 579.951 92.435 579.951 173.725 553.255 173.725
553.171 92.268 579.774 92.268 579.774 173.609 553.171 173.609
552.721 93.922 579.189 93.922 579.189 175.410 552.721 175.410
552.622 93.123 579.030 93.123 579.030 174.714 552.622 174.714
552.995 93.524 579.495 93.524 579.495 174.749 552.995 174.749
553.484 93.257 579.906 93.257 579.906 174.731 553.484 174.731
553.200 93.119 579.661 93.119 579.661 174.668 553.200 174.668
553.271 93.663 579.715 93.663 579.715 174.990 553.271 174.990
553.705 93.125 580.300 93.125 580.300 174.280 553.705 174.280
555.072 93.348 581.607 93.348 581.607 174.711 555.072 174.711
555.505 94.039 582.105 94.039 582.105 175.319 555.505 175.319
556.455 92.917 583.117 92.917 583.117 174.403 556.455 174.403
557.502 92.348 584.320 92.348 584.320 173.895 557.502 173.895
558.441 92.761 585.357 92.761 585.357 174.554 558.441 174.554
559.847 93.658 586.759 93.658 586.759 175.776 559.847 175.776
560.804 92.505 587.720 92.505 587.720 174.852 560.804 174.852
561.932 92.513 588.798 92.513 588.798 174.902 561.932 174.902
561.337 92.493 588.221 92.493 588.221 174.986 561.337 174.986
561.619 92.538 588.384 92.538 588.384 175.178 561.619 175.178
561.921 91.312 588.617 91.312 588.617 173.883 561.921 173.883
562.210 93.071 589.021 93.071 589.021 175.525 562.210 175.525
562.406 92.310 589.322 92.310 589.322 174.432 562.406 174.432
562.456 91.922 589.587 91.922 589.587 173.830 562.456 173.830
562.508 93.100 589.727 93.100 589.727 174.741 562.508 174.741
562.221 93.400 589.481 93.400 589.481 175.069 562.221 175.069
562.702 94.186 590.180 94.186 590.180 175.879 562.702 175.879
562.092 92.642 589.701 92.642 589.701 174.492 562.092 174.492
561.226 92.181 589.042 92.181 589.042 174.086 561.226 174.086
560.831 93.365 588.798 93.365 588.798 175.157 560.831 175.157
560.127 92.803 588.242 92.803 588.242 174.836 560.127 174.836
559.364 93.952 587.342 93.952 587.342 176.471 559.364 176.471
558.526 93.139 586.725 93.139 586.725 175.538 558.526 175.538
557.808 94.104 586.069 94.104 586.069 176.549 557.808 176.549
556.795 94.029 584.945 94.029 584.945 176.751 556.795 176.751
555.739 93.322 583.879 93.322 583.879 176.200 555.739 176.200
555.332 94.234 583.463 94.234 583.463 176.841 555.332 176.841
555.279 94.808 583.440 94.808 583.440 177.083 555.279 177.083
555.251 94.263 583.241 94.263 583.241 176.343 555.251 176.343
555.415 94.102 583.165 94.102 583.165 176.216 555.415 176.216
555.224 92.207 582.948 92.207 582.948 174.065 555.224 174.065
555.411 93.208 583.025 93.208 583.025 174.868 555.411 174.868
556.802 93.885 584.313 93.885 584.313 175.313 556.802 175.313
557.710 94.219 585.261 94.219 585.261 175.119 557.710 175.119
558.415 94.139 585.743 94.139 585.743 174.780 558.415 174.780
559.193 94.084 586.413 94.084 586.413 174.483 559.193 174.483
560.022 93.801 587.230 93.801 587.230 173.881 560.022 173.881
560.881 94.609 587.974 94.609 587.974 174.907 560.881 174.907
562.585 92.639 589.585 92.639 589.585 172.841 562.585 172.841
564.690 94.119 591.398 94.119 591.398 174.529 564.690 174.529
566.365 93.343 593.004 93.343 593.004 173.489 566.365 173.489
566.814 92.722 593.393 92.722 593.393 172.760 566.814 172.760
568.351 92.669 594.855 92.669 594.855 172.277 568.351 172.277
569.292 93.674 595.745 93.674 595.745 172.870 569.292 172.870
570.429 95.584 596.786 95.584 596.786 174.407 570.429 174.407
571.386 95.665 597.783 95.665 597.783 174.386 571.386 174.386
571.851 96.236 598.435 96.236 598.435 174.743 571.851 174.743
571.580 95.081 598.217 95.081 598.217 173.747 571.580 173.747
571.569 96.070 598.373 96.070 598.373 174.538 571.569 174.538
571.650 98.131 598.750 98.131 598.750 176.322 571.650 176.322
572.133 97.012 599.258 97.012 599.258 175.150 572.133 175.150
572.273 98.194 599.468 98.194 599.468 175.933 572.273 175.933
572.098 96.779 599.312 96.779 599.312 174.074 572.098 174.074
571.089 98.040 598.229 98.040 598.229 174.585 571.089 174.585
565.964 99.252 593.057 99.252 593.057 175.597 565.964 175.597
566.207 99.076 593.309 99.076 593.309 174.967 566.207 174.967
564.939 99.339 591.874 99.339 591.874 174.704 564.939 174.704
563.735 100.549 590.606 100.549 590.606 175.718 563.735 175.718
558.305 97.959 585.090 97.959 585.090 172.959 558.305 172.959
558.034 97.505 584.643 97.505 584.643 172.812 558.034 172.812
556.498 97.562 582.700 97.562 582.700 172.886 556.498 172.886
555.622 97.920 581.336 97.920 581.336 173.818 555.622 173.818
554.747 97.044 580.258 97.044 580.258 172.977 554.747 172.977
553.232 95.712 578.598 95.712 578.598 171.951 553.232 171.951
547.942 91.765 572.854 91.765 572.854 167.724 547.942 167.724
547.564 93.031 572.247 93.031 572.247 168.358 547.564 168.358
546.836 95.418 571.224 95.418 571.224 170.533 546.836 170.533
545.911 96.027 570.329 96.027 570.329 170.348 545.911 170.348
545.106 98.523 569.449 98.523 569.449 171.925 545.106 171.925
545.092 98.746 569.288 98.746 569.288 171.075 545.092 171.075
550.462 102.658 574.515 102.658 574.515 174.921 550.462 174.921
544.332 102.323 568.367 102.323 568.367 173.768 544.332 173.768
543.420 101.309 567.402 101.309 567.402 172.054 543.420 172.054
568.882 103.583 592.883 103.583 592.883 174.124 568.882 174.124
568.900 105.768 592.873 105.768 592.873 176.379 568.900 176.379
567.175 107.436 590.978 107.436 590.978 177.600 567.175 177.600
565.333 107.293 588.930 107.293 588.930 177.162 565.333 177.162
563.277 108.680 586.770 108.680 586.770 178.155 563.277 178.155
560.934 107.693 584.326 107.693 584.326 176.892 560.934 176.892
558.937 110.356 582.186 110.356 582.186 178.967 558.937 178.967
553.425 106.096 576.540 106.096 576.540 174.570 553.425 174.570
552.727 108.459 575.724 108.459 575.724 176.782 552.727 176.782
551.915 110.650 574.803 110.650 574.803 178.622 551.915 178.622
529.681 102.553 552.399 102.553 552.399 169.768 529.681 169.768
529.114 102.694 551.787 102.694 551.787 168.620 529.114 168.620
528.578 100.283 551.140 100.283 551.140 165.570 528.578 165.570
527.945 101.505 550.500 101.505 550.500 166.190 527.945 166.190
527.377 102.551 549.991 102.551 549.991 166.646 527.377 166.646
522.579 106.635 544.716 106.635 544.716 170.232 522.579 170.232
521.849 106.005 543.658 106.005 543.658 169.321 521.849 169.321
521.308 109.211 542.842 109.211 542.842 172.414 521.308 172.414
516.424 109.680 537.507 109.680 537.507 172.298 516.424 172.298
516.343 110.357 537.227 110.357 537.227 172.242 516.343 172.242
516.255 110.543 537.096 110.543 537.096 171.691 516.255 171.691
516.110 115.020 536.899 115.020 536.899 175.717 516.110 175.717
511.633 116.170 532.334 116.170 532.334 176.272 511.633 176.272
511.470 117.605 531.867 117.605 531.867 177.884 511.470 177.884
510.349 118.851 530.489 118.851 530.489 179.927 510.349 179.927
505.097 121.201 525.035 121.201 525.035 182.970 505.097 182.970
504.647 123.044 524.477 123.044 524.477 185.565 504.647 185.565
503.496 123.242 523.498 123.242 523.498 186.498 503.496 186.498
502.480 123.336 522.366 123.336 522.366 187.890 502.480 187.890
501.008 124.287 520.922 124.287 520.922 189.632 501.008 189.632
499.798 123.036 519.797 123.036 519.797 189.733 499.798 189.733
498.141 124.224 518.290 124.224 518.290 191.629 498.141 191.629
497.084 124.924 517.316 124.924 517.316 193.439 497.084 193.439
495.958 126.889 516.564 126.889 516.564 196.151 495.958 196.151
493.707 129.718 514.351 129.718 514.351 200.196 493.707 200.196
492.069 132.923 512.656 132.923 512.656 204.277 492.069 204.277
491.211 134.518 512.093 134.518 512.093 207.220 491.211 207.220
489.957 137.230 511.247 137.230 511.247 211.245 489.957 211.245
489.092 137.880 510.765 137.880 510.765 213.505 489.092 213.505
488.083 139.641 510.272 139.641 510.272 216.972 488.083 216.972
486.971 140.687 509.757 140.687 509.757 219.860 486.971 219.860
485.173 142.758 508.437 142.758 508.437 224.236 485.173 224.236
483.886 144.299 507.432 144.299 507.432 228.818 483.886 228.818
481.490 146.324 505.493 146.324 505.493 233.578 481.490 233.578
479.887 147.254 504.428 147.254 504.428 236.662 479.887 236.662
477.308 149.206 502.527 149.206 502.527 240.726 477.308 240.726
476.114 150.174 501.790 150.174 501.790 243.812 476.114 243.812
473.858 147.972 500.167 147.972 500.167 243.006 473.858 243.006
472.261 148.820 499.198 148.820 499.198 244.823 472.261 244.823
470.085 148.182 497.405 148.182 497.405 245.351 470.085 245.351
468.648 148.819 496.230 148.819 496.230 247.105 468.648 247.105
466.734 148.845 494.632 148.845 494.632 247.917 466.734 247.917
464.165 148.500 492.255 148.500 492.255 249.084 464.165 249.084
462.347 149.237 490.951 149.237 490.951 250.712 462.347 250.712
461.053 150.552 490.006 150.552 490.006 252.729 461.053 252.729
458.932 150.923 488.295 150.923 488.295 253.338 458.932 253.338
458.009 151.219 487.703 151.219 487.703 253.497 458.009 253.497
457.086 151.157 486.958 151.157 486.958 253.460 457.086 253.460
456.279 151.444 486.257 151.444 486.257 253.530 456.279 253.530
455.090 152.454 485.130 152.454 485.130 254.535 455.090 254.535
453.339 152.822 483.001 152.822 483.001 255.063 453.339 255.063
452.098 153.181 482.104 153.181 482.104 255.822 452.098 255.822
450.210 154.439 480.613 154.439 480.613 256.507 450.210 256.507
449.522 154.965 480.004 154.965 480.004 256.965 449.522 256.965
448.182 157.782 478.797 157.782 478.797 259.479 448.182 259.479
446.198 160.178 476.876 160.178 476.876 262.596 446.198 262.596
443.796 160.302 474.774 160.302 474.774 262.673 443.796 262.673
442.025 159.474 473.451 159.474 473.451 262.369 442.025 262.369
440.204 159.672 472.072 159.672 472.072 262.436 440.204 262.436
438.886 158.719 470.983 158.719 470.983 262.401 438.886 262.401
438.153 158.501 470.692 158.501 470.692 262.104 438.153 262.104
437.426 157.754 470.194 157.754 470.194 261.416 437.426 261.416
436.097 157.356 469.086 157.356 469.086 260.637 436.097 260.637
434.824 158.774 467.751 158.774 467.751 261.805 434.824 261.805
433.230 161.568 466.252 161.568 466.252 264.388 433.230 264.388
430.270 163.610 463.592 163.610 463.592 265.338 430.270 265.338
428.039 166.158 461.227 166.158 461.227 267.837 428.039 267.837
425.724 168.082 458.486 168.082 458.486 270.820 425.724 270.820
422.993 170.161 455.695 170.161 455.695 273.566 422.993 273.566
422.063 163.311 454.714 163.311 454.714 266.751 422.063 266.751
420.517 162.481 453.336 162.481 453.336 265.356 420.517 265.356
419.395 164.949 452.280 164.949 452.280 267.288 419.395 267.288
418.595 166.681 451.420 166.681 451.420 268.485 418.595 268.485
416.835 167.798 449.475 167.798 449.475 269.497 416.835 269.497
415.614 170.789 448.078 170.789 448.078 272.520 415.614 272.520
415.024 170.866 447.619 170.866 447.619 272.379 415.024 272.379
414.240 172.555 446.766 172.555 446.766 274.345 414.240 274.345
412.966 173.559 445.436 173.559 445.436 274.600 412.966 274.600
412.410 171.918 444.994 171.918 444.994 272.116 412.410 272.116
409.681 169.868 442.292 169.868 442.292 269.075 409.681 269.075
408.830 169.265 441.235 169.265 441.235 267.916 408.830 267.916
407.596 170.882 439.447 170.882 439.447 269.533 407.596 269.533
406.545 170.471 437.890 170.471 437.890 269.191 406.545 269.191
405.357 171.556 436.366 171.556 436.366 270.204 405.357 270.204
403.863 174.921 434.593 174.921 434.593 273.022 403.863 273.022
401.931 177.855 432.125 177.855 432.125 275.507 401.931 275.507
399.496 179.692 429.464 179.692 429.464 276.852 399.496 276.852
396.362 181.815 426.009 181.815 426.009 278.545 396.362 278.545
395.174 180.439 424.569 180.439 424.569 277.125 395.174 277.125
392.374 179.202 421.571 179.202 421.571 275.782 392.374 275.782
390.197 174.996 418.790 174.996 418.790 271.781 390.197 271.781
387.346 177.530 415.888 177.530 415.888 273.497 387.346 273.497
385.430 179.558 413.936 179.558 413.936 275.328 385.430 275.328
383.179 180.427 411.624 180.427 411.624 276.711 383.179 276.711
380.326 182.383 408.372 182.383 408.372 279.031 380.326 279.031
378.405 183.715 406.114 183.715 406.114 280.766 378.405 280.766
375.089 187.367 403.012 187.367 403.012 283.957 375.089 283.957
368.196 191.257 396.185 191.257 396.185 288.095 368.196 288.095
364.613 196.005 392.435 196.005 392.435 293.197 364.613 293.197
360.910 196.260 388.942 196.260 388.942 293.658 360.910 293.658
356.945 196.683 385.080 196.683 385.080 294.240 356.945 294.240
354.008 197.682 382.051 197.682 382.051 296.165 354.008 296.165
351.275 197.937 379.941 197.937 379.941 297.135 351.275 297.135
348.038 199.019 377.178 199.019 377.178 298.156 348.038 298.156
344.954 199.715 374.417 199.715 374.417 299.565 344.954 299.565
342.039 201.157 371.820 201.157 371.820 301.509 342.039 301.509
338.427 201.754 368.451 201.754 368.451 302.714 338.427 302.714
336.527 202.668 366.724 202.668 366.724 303.912 336.527 303.912
333.678 203.539 364.166 203.539 364.166 305.659 333.678 305.659
332.178 203.327 362.757 203.327 362.757 305.754 332.178 305.754
331.590 202.083 361.905 202.083 361.905 305.566 331.590 305.566
331.025 203.779 361.491 203.779 361.491 307.297 331.025 307.297
330.092 204.899 360.414 204.899 360.414 309.346 330.092 309.346
328.170 207.980 358.862 207.980 358.862 312.621 328.170 312.621
326.631 208.177 357.441 208.177 357.441 313.593 326.631 313.593
325.191 207.008 356.308 207.008 356.308 312.880 325.191 312.880
322.634 206.755 353.739 206.755 353.739 313.928 322.634 313.928
322.039 197.448 353.121 197.448 353.121 305.037 322.039 305.037
321.620 193.744 352.751 193.744 352.751 301.032 321.620 301.032
321.319 194.815 352.438 194.815 352.438 302.698 321.319 302.698
320.745 197.335 351.790 197.335 351.790 305.784 320.745 305.784
319.363 198.167 350.396 198.167 350.396 307.008 319.363 307.008
317.448 200.795 348.565 200.795 348.565 309.251 317.448 309.251
315.449 204.846 345.930 204.846 345.930 313.879 315.449 313.879
312.945 207.194 343.614 207.194 343.614 316.292 312.945 316.292
311.031 208.755 341.528 208.755 341.528 318.469 311.031 318.469
309.299 208.991 339.498 208.991 339.498 320.179 309.299 320.179
307.511 210.546 337.656 210.546 337.656 322.522 307.511 322.522
306.550 211.698 336.767 211.698 336.767 324.092 306.550 324.092
306.115 210.732 336.311 210.732 336.311 324.263 306.115 324.263
305.459 210.699 335.691 210.699 335.691 325.361 305.459 325.361
303.794 214.001 334.336 214.001 334.336 328.835 303.794 328.835
302.417 213.526 333.254 213.526 333.254 328.805 302.417 328.805
300.934 211.596 332.197 211.596 332.197 327.421 300.934 327.421
299.485 212.695 331.063 212.695 331.063 329.021 299.485 329.021
297.371 214.337 329.136 214.337 329.136 330.400 297.371 330.400
294.600 215.991 326.947 215.991 326.947 331.245 294.600 331.245
283.522 211.366 315.975 211.366 315.975 326.130 283.522 326.130
279.947 214.057 312.514 214.057 312.514 327.643 279.947 327.643
277.606 216.271 309.833 216.271 309.833 329.298 277.606 329.298
276.500 217.445 308.657 217.445 308.657 329.853 276.500 329.853
275.148 219.085 307.199 219.085 307.199 331.189 275.148 331.189
273.849 221.845 305.881 221.845 305.881 334.079 273.849 334.079
271.941 220.511 304.195 220.511 304.195 332.990 271.941 332.990
268.980 221.312 301.006 221.312 301.006 334.246 268.980 334.246
266.679 224.359 298.397 224.359 298.397 337.134 266.679 337.134
264.218 223.232 296.012 223.232 296.012 335.235 264.218 335.235
261.310 223.757 292.715 223.757 292.715 335.522 261.310 335.522
258.542 224.926 289.568 224.926 289.568 336.016 258.542 336.016
257.564 225.858 288.255 225.858 288.255 336.676 257.564 336.676
256.249 229.774 286.804 229.774 286.804 339.694 256.249 339.694
254.395 231.230 284.708 231.230 284.708 341.280 254.395 341.280
252.681 231.232 282.944 231.232 282.944 340.920 252.681 340.920
244.378 231.514 274.523 231.514 274.523 341.493 244.378 341.493
241.996 236.301 271.854 236.301 271.854 347.849 241.996 347.849
233.911 239.898 263.363 239.898 263.363 352.899 233.911 352.899
231.823 241.434 261.115 241.434 261.115 355.213 231.823 355.213
229.805 241.265 259.171 241.265 259.171 355.725 229.805 355.725
227.704 241.666 257.524 241.666 257.524 355.472 227.704 355.472
225.359 240.379 255.305 240.379 255.305 354.322 225.359 354.322
223.270 239.806 253.247 239.806 253.247 353.914 223.270 353.914
221.819 239.189 251.921 239.189 251.921 353.552 221.819 353.552
221.036 240.507 250.899 240.507 250.899 355.936 221.036 355.936
218.144 242.458 248.136 242.458 248.136 358.292 218.144 358.292
217.572 244.194 247.545 244.194 247.545 360.683 217.572 360.683
215.160 244.837 245.367 244.837 245.367 361.237 215.160 361.237
213.227 247.531 243.378 247.531 243.378 364.271 213.227 364.271
211.299 247.802 241.265 247.802 241.265 364.653 211.299 364.653
209.476 252.607 239.355 252.607 239.355 369.211 209.476 369.211
207.775 255.101 237.557 255.101 237.557 371.556 207.775 371.556
206.007 255.014 235.870 255.014 235.870 371.027 206.007 371.027
203.908 254.984 233.856 254.984 233.856 370.683 203.908 370.683
202.303 254.849 231.974 254.849 231.974 370.371 202.303 370.371
201.985 253.467 231.227 253.467 231.227 369.256 201.985 369.256
200.422 253.835 229.371 253.835 229.371 370.195 200.422 370.195
198.011 255.551 226.750 255.551 226.750 372.306 198.011 372.306
196.684 257.005 225.357 257.005 225.357 373.136 196.684 373.136
194.622 257.980 223.243 257.980 223.243 373.770 194.622 373.770
192.662 260.747 221.200 260.747 221.200 376.017 192.662 376.017
192.046 262.943 220.494 262.943 220.494 377.776 192.046 377.776
189.875 265.347 218.437 265.347 218.437 379.210 189.875 379.210
187.973 267.341 216.596 267.341 216.596 379.931 187.973 379.931
186.021 269.566 214.620 269.566 214.620 381.370 186.021 381.370
184.271 268.023 212.940 268.023 212.940 378.708 184.271 378.708
182.530 268.590 211.003 268.590 211.003 378.609 182.530 378.609
181.212 268.339 209.643 268.339 209.643 377.042 181.212 377.042
180.293 268.544 208.507 268.544 208.507 376.256 180.293 376.256
179.354 269.557 207.273 269.557 207.273 376.507 179.354 376.507
178.471 271.454 206.221 271.454 206.221 378.091 178.471 378.091
177.382 270.779 204.997 270.779 204.997 377.214 177.382 377.214
175.212 272.389 202.777 272.389 202.777 379.337 175.212 379.337
173.715 274.599 201.098 274.599 201.098 382.040 173.715 382.040
172.104 275.619 199.438 275.619 199.438 383.643 172.104 383.643
169.821 277.315 196.966 277.315 196.966 385.984 169.821 385.984
168.691 278.267 195.546 278.267 195.546 387.810 168.691 387.810
167.554 276.293 194.438 276.293 194.438 385.952 167.554 385.952
166.171 275.433 193.042 275.433 193.042 385.523 166.171 385.523
164.473 278.618 191.409 278.618 191.409 389.271 164.473 389.271
162.276 273.036 189.359 273.036 189.359 383.359 162.276 383.359
160.358 276.893 187.230 276.893 187.230 387.927 160.358 387.927
157.805 280.288 184.706 280.288 184.706 391.823 157.805 391.823
155.725 281.171 182.713 281.171 182.713 393.366 155.725 393.366
149.518 286.686 176.830 286.686 176.830 398.442 149.518 398.442
149.095 288.172 176.268 288.172 176.268 399.754 149.095 399.754
146.772 288.585 173.955 288.585 173.955 400.077 146.772 400.077
145.671 289.111 172.780 289.111 172.780 400.391 145.671 400.391
143.115 289.080 170.426 289.080 170.426 399.404 143.115 399.404
140.485 288.886 167.982 288.886 167.982 398.376 140.485 398.376
139.038 291.127 166.372 291.127 166.372 400.614 139.038 400.614
138.208 293.437 165.471 293.437 165.471 403.215 138.208 403.215
135.734 296.773 163.163 296.773 163.163 406.848 135.734 406.848
132.986 299.884 160.653 299.884 160.653 410.255 132.986 410.255
130.614 303.219 158.382 303.219 158.382 414.090 130.614 414.090
128.095 304.462 155.956 304.462 155.956 415.682 128.095 415.682
125.396 304.408 153.417 304.408 153.417 415.236 125.396 415.236
122.802 305.770 151.030 305.770 151.030 416.165 122.802 416.165
119.545 306.185 147.823 306.185 147.823 417.204 119.545 417.204
116.814 305.720 145.188 305.720 145.188 417.072 116.814 417.072
115.738 306.797 144.026 306.797 144.026 419.210 115.738 419.210
112.793 307.164 141.342 307.164 141.342 419.698 112.793 419.698
109.625 309.400 138.454 309.400 138.454 422.464 109.625 422.464
105.906 310.402 135.079 310.402 135.079 423.820 105.906 423.820
102.420 311.969 131.948 311.969 131.948 425.017 102.420 425.017
98.542 314.589 128.316 314.589 128.316 427.984 98.542 427.984
94.379 316.633 124.398 316.633 124.398 429.892 94.379 429.892
90.548 318.340 120.525 318.340 120.525 432.552 90.548 432.552
83.103 318.901 113.189 318.901 113.189 433.240 83.103 433.240
82.237 317.567 112.273 317.567 112.273 431.840 82.237 431.840
80.235 320.078 110.440 320.078 110.440 434.338 80.235 434.338
77.598 321.689 108.309 321.689 108.309 435.604 77.598 435.604
74.221 322.547 105.471 322.547 105.471 435.239 74.221 435.239
70.490 325.725 102.061 325.725 102.061 437.568 70.490 437.568
66.728 326.338 98.311 326.338 98.311 437.972 66.728 437.972
63.383 325.349 95.218 325.349 95.218 437.221 63.383 437.221
60.793 325.313 92.785 325.313 92.785 437.354 60.793 437.354
57.923 325.587 89.984 325.587 89.984 437.865 57.923 437.865
55.182 325.046 87.546 325.046 87.546 437.832 55.182 437.832
51.991 328.624 84.380 328.624 84.380 441.937 51.991 441.937
50.304 329.412 82.894 329.412 82.894 443.398 50.304 443.398
49.468 326.480 82.316 326.480 82.316 441.772 49.468 441.772
49.553 325.514 82.696 325.514 82.696 441.681 49.553 441.681
48.837 325.736 82.308 325.736 82.308 443.079 48.837 443.079
47.411 324.828 81.397 324.828 81.397 442.830 47.411 442.830
37.582 321.628 71.604 321.628 71.604 439.994 37.582 439.994
37.118 323.971 71.195 323.971 71.195 443.036 37.118 443.036
36.537 325.599 70.574 325.599 70.574 445.487 36.537 445.487
36.298 329.136 70.379 329.136 70.379 449.720 36.298 449.720
36.447 329.611 70.630 329.611 70.630 450.590 36.447 450.590
36.851 329.307 71.156 329.307 71.156 450.080 36.851 450.080
36.860 327.276 71.040 327.276 71.040 448.518 36.860 448.518
35.879 327.290 69.650 327.290 69.650 449.762 35.879 449.762
34.714 331.408 68.013 331.408 68.013 455.198 34.714 455.198
33.358 336.435 66.320 336.435 66.320 461.433 33.358 461.433
31.498 334.005 64.231 334.005 64.231 460.356 31.498 460.356
28.910 332.451 61.612 332.451 61.612 459.386 28.910 459.386
26.796 331.341 59.678 331.341 59.678 458.579 26.796 458.579
25.822 330.417 58.560 330.417 58.560 458.747 25.822 458.747
24.712 330.555 57.553 330.555 57.553 459.723 24.712 459.723
24.380 330.010 57.418 330.010 57.418 459.449 24.380 459.449
23.877 330.331 57.015 330.331 57.015 460.945 23.877 460.945
23.878 328.454 57.345 328.454 57.345 459.727 23.878 459.727
24.221 330.530 58.122 330.530 58.122 462.391 24.221 462.391
24.288 329.835 58.718 329.835 58.718 461.637 24.288 461.637
23.731 330.672 58.702 330.672 58.702 461.531 23.731 461.531
23.935 330.679 59.326 330.679 59.326 460.788 23.935 460.788
24.782 330.286 60.288 330.286 60.288 460.665 24.782 460.665
24.789 330.622 60.568 330.622 60.568 460.998 24.789 460.998
25.481 330.593 61.599 330.593 61.599 460.731 25.481 460.731
25.718 330.237 62.172 330.237 62.172 460.084 25.718 460.084
25.703 330.245 62.367 330.245 62.367 460.075 25.703 460.075
26.987 330.032 64.003 330.032 64.003 459.391 26.987 459.391
28.261 328.841 65.691 328.841 65.691 458.137 28.261 458.137
30.214 327.212 67.767 327.212 67.767 456.991 30.214 456.991
31.851 325.994 69.704 325.994 69.704 455.847 31.851 455.847
33.106 325.677 71.221 325.677 71.221 455.065 33.106 455.065
34.394 326.421 72.611 326.421 72.611 455.939 34.394 455.939
35.405 326.770 73.804 326.770 73.804 456.301 35.405 456.301
35.912 324.501 74.511 324.501 74.511 454.864 35.912 454.864
36.018 325.016 74.982 325.016 74.982 455.842 36.018 455.842
35.924 321.924 75.195 321.924 75.195 453.144 35.924 453.144
35.869 323.025 75.380 323.025 75.380 454.537 35.869 454.537
36.386 321.115 75.948 321.115 75.948 453.051 36.386 453.051
36.623 319.793 76.237 319.793 76.237 451.925 36.623 451.925
36.501 321.445 76.043 321.445 76.043 453.397 36.501 453.397
36.254 320.053 75.605 320.053 75.605 451.657 36.254 451.657
36.477 320.131 75.677 320.131 75.677 451.468 36.477 451.468
36.993 319.416 76.148 319.416 76.148 450.163 36.993 450.163
37.950 320.777 76.873 320.777 76.873 451.673 37.950 451.673
39.832 320.121 78.542 320.121 78.542 451.212 39.832 451.212
41.042 319.135 79.847 319.135 79.847 450.068 41.042 450.068
42.336 319.973 81.072 319.973 81.072 451.139 42.336 451.139
42.847 317.952 81.793 317.952 81.793 448.315 42.847 448.315
44.807 317.582 83.683 317.582 83.683 447.458 44.807 447.458
46.456 319.101 85.347 319.101 85.347 448.202 46.456 448.202
49.111 319.811 87.628 319.811 87.628 448.512 49.111 448.512
51.665 320.368 90.209 320.368 90.209 448.059 51.665 448.059
53.728 319.999 92.120 319.999 92.120 446.816 53.728 446.816
63.342 319.216 101.445 319.216 101.445 445.591 63.342 445.591
63.287 318.341 101.001 318.341 101.001 444.858 63.287 444.858
64.827 319.089 101.986 319.089 101.986 445.755 64.827 445.755
66.949 321.252 103.535 321.252 103.535 447.430 66.949 447.430
69.004 322.262 105.215 322.262 105.215 447.482 69.004 447.482
70.346 323.538 106.332 323.538 106.332 448.048 70.346 448.048
72.559 323.721 108.427 323.721 108.427 447.687 72.559 447.687
75.005 321.480 110.931 321.480 110.931 445.130 75.005 445.130
77.686 322.962 113.697 322.962 113.697 446.139 77.686 446.139
79.431 322.346 115.622 322.346 115.622 445.002 79.431 445.002
81.427 324.602 117.959 324.602 117.959 446.384 81.427 446.384
83.946 325.883 120.999 325.883 120.999 445.985 83.946 445.985
93.725 327.543 131.196 327.543 131.196 446.980 93.725 446.980
93.712 325.274 131.432 325.274 131.432 443.941 93.712 443.941
103.971 326.979 141.895 326.979 141.895 445.205 103.971 445.205
152.472 314.428 189.574 314.428 189.574 432.459 152.472 432.459
155.180 319.464 192.089 319.464 192.089 436.355 155.180 436.355
158.155 316.560 194.811 316.560 194.811 432.238 158.155 432.238
160.881 315.126 197.304 315.126 197.304 429.569 160.881 429.569
162.269 312.273 197.964 312.273 197.964 425.967 162.269 425.967
164.366 310.669 199.508 310.669 199.508 424.018 164.366 424.018
166.311 307.860 201.275 307.860 201.275 420.463 166.311 420.463
168.627 305.522 202.627 305.522 202.627 418.200 168.627 418.200
171.172 306.203 204.868 306.203 204.868 418.692 171.172 418.692
173.622 306.225 207.115 306.225 207.115 418.161 173.622 418.161
144.832 317.379 178.497 317.379 178.497 429.400 144.832 429.400
143.737 317.376 177.378 317.376 177.378 429.699 143.737 429.699
144.995 313.304 178.677 313.304 178.677 426.177 144.995 426.177
147.329 310.598 181.239 310.598 181.239 423.502 147.329 423.502
149.988 309.146 183.617 309.146 183.617 423.441 149.988 423.441
151.536 307.360 185.293 307.360 185.293 422.424 151.536 422.424
152.596 305.088 186.441 305.088 186.441 420.494 152.596 420.494
153.935 302.749 187.682 302.749 187.682 418.727 153.935 418.727
162.499 302.831 196.641 302.831 196.641 418.419 162.499 418.419
162.091 304.728 196.402 304.728 196.402 420.546 162.091 420.546
163.322 302.861 198.265 302.861 198.265 417.373 163.322 417.373
166.028 301.825 201.087 301.825 201.087 415.550 166.028 415.550
169.329 298.893 204.513 298.893 204.513 412.226 169.329 412.226
172.690 298.480 207.934 298.480 207.934 411.172 172.690 411.172
175.830 296.458 210.958 296.458 210.958 409.118 175.830 409.118
177.918 298.092 212.724 298.092 212.724 411.463 177.918 411.463
181.257 297.748 215.715 297.748 215.715 412.054 181.257 412.054
183.958 296.322 218.497 296.322 218.497 411.075 183.958 411.075
185.637 294.732 220.214 294.732 220.214 410.007 185.637 410.007
188.219 296.430 223.025 296.430 223.025 411.271 188.219 411.271
190.702 293.976 225.777 293.976 225.777 409.180 190.702 409.180
195.192 292.776 230.149 292.776 230.149 408.737 195.192 408.737
199.387 292.261 234.235 292.261 234.235 408.878 199.387 408.878
203.098 289.405 237.734 289.405 237.734 407.134 203.098 407.134
207.019 287.582 241.566 287.582 241.566 407.090 207.019 407.090
209.739 283.980 244.600 283.980 244.600 404.228 209.739 404.228
211.670 280.719 246.726 280.719 246.726 401.003 211.670 401.003
213.456 278.538 248.833 278.538 248.833 398.658 213.456 398.658
216.653 277.437 252.337 277.437 252.337 397.801 216.653 397.801
219.588 276.277 255.852 276.277 255.852 396.135 219.588 396.135
222.272 275.406 258.969 275.406 258.969 395.981 222.272 395.981
225.248 276.290 262.236 276.290 262.236 397.901 225.248 397.901
227.228 274.930 264.610 274.930 264.610 398.259 227.228 398.259
229.265 272.694 266.904 272.694 266.904 397.602 229.265 397.602
233.612 268.867 271.435 268.867 271.435 394.621 233.612 394.621
237.057 267.963 274.675 267.963 274.675 394.796 237.057 394.796
239.079 263.677 276.655 263.677 276.655 390.801 239.079 390.801
241.637 259.438 278.943 259.438 278.943 386.755 241.637 386.755
243.544 260.639 281.028 260.639 281.028 387.733 243.544 387.733
244.979 257.798 282.433 257.798 282.433 385.757 244.979 385.757
246.779 254.163 284.275 254.163 284.275 382.185 246.779 382.185
248.177 257.876 285.686 257.876 285.686 385.630 248.177 385.630
250.162 254.945 287.898 254.945 287.898 383.477 250.162 383.477
252.420 253.824 289.918 253.824 289.918 382.207 252.420 382.207
255.180 252.946 292.890 252.946 292.890 380.319 255.180 380.319
256.952 253.279 294.768 253.279 294.768 380.019 256.952 380.019
259.836 249.667 297.860 249.667 297.860 375.856 259.836 375.856
264.294 246.784 302.308 246.784 302.308 373.228 264.294 373.228
267.773 245.485 305.971 245.485 305.971 372.389 267.773 372.389
271.415 240.428 310.081 240.428 310.081 367.488 271.415 367.488
274.819 236.663 313.223 236.663 313.223 364.196 274.819 364.196
277.423 236.254 315.620 236.254 315.620 363.975 277.423 363.975
279.974 233.048 318.164 233.048 318.164 360.328 279.974 360.328
280.914 231.365 318.997 231.365 318.997 358.035 280.914 358.035
281.733 231.754 319.650 231.754 319.650 358.145 281.733 358.145
284.350 229.089 322.014 229.089 322.014 355.847 284.350 355.847
286.981 229.210 324.742 229.210 324.742 355.971 286.981 355.971
289.130 227.420 327.074 227.420 327.074 354.043 289.130 354.043
291.714 226.933 329.809 226.933 329.809 352.976 291.714 352.976
295.747 227.447 333.539 227.447 333.539 353.572 295.747 353.572
299.257 219.880 337.540 219.880 337.540 345.959 299.257 345.959
303.765 220.547 342.171 220.547 342.171 345.997 303.765 345.997
306.581 218.716 344.700 218.716 344.700 344.161 306.581 344.161
309.333 216.481 347.274 216.481 347.274 342.164 309.333 342.164
312.489 215.934 350.455 215.934 350.455 341.744 312.489 341.744
315.164 215.643 352.875 215.643 352.875 341.235 315.164 341.235
317.264 211.251 354.531 211.251 354.531 337.074 317.264 337.074
318.628 208.098 355.466 208.098 355.466 333.227 318.628 333.227
319.354 208.679 356.089 208.679 356.089 333.232 319.354 333.232
322.680 207.532 359.241 207.532 359.241 331.614 322.680 331.614
324.273 207.987 360.720 207.987 360.720 332.024 324.273 332.024
326.768 211.864 363.574 211.864 363.574 335.095 326.768 335.095
329.217 210.112 366.091 210.112 366.091 333.712 329.217 333.712
332.140 212.054 368.872 212.054 368.872 335.234 332.140 335.234
336.566 209.131 373.279 209.131 373.279 333.440 336.566 333.440
340.754 203.666 377.273 203.666 377.273 329.805 340.754 329.805
344.579 201.057 381.050 201.057 381.050 328.344 344.579 328.344
347.615 198.467 384.329 198.467 384.329 325.321 347.615 325.321
348.734 197.871 385.497 197.871 385.497 325.326 348.734 325.326
349.996 195.429 386.412 195.429 386.412 322.656 349.996 322.656
353.126 192.419 389.474 192.419 389.474 318.573 353.126 318.573
354.694 192.419 390.831 192.419 390.831 318.050 354.694 318.050
356.890 191.651 392.868 191.651 392.868 316.596 356.890 316.596
358.870 189.801 394.624 189.801 394.624 314.876 358.870 314.876
360.159 192.952 395.965 192.952 395.965 316.994 360.159 316.994
362.487 192.261 398.313 192.261 398.313 315.879 362.487 315.879
364.691 194.226 400.392 194.226 400.392 317.073 364.691 317.073
366.184 193.087 401.809 193.087 401.809 315.616 366.184 315.616
368.720 193.624 404.247 193.624 404.247 315.845 368.720 315.845
371.147 192.909 406.802 192.909 406.802 313.869 371.147 313.869
372.382 193.324 407.936 193.324 407.936 314.102 372.382 314.102
376.068 193.119 411.638 193.119 411.638 313.928 376.068 313.928
380.880 191.790 416.529 191.790 416.529 313.200 380.880 313.200
383.831 196.207 419.585 196.207 419.585 317.623 383.831 317.623
387.799 194.464 423.660 194.464 423.660 315.928 387.799 315.928
389.915 194.267 425.983 194.267 425.983 315.974 389.915 315.974
392.902 192.907 429.282 192.907 429.282 315.124 392.902 315.124
397.001 192.481 433.247 192.481 433.247 314.986 397.001 314.986
400.814 191.943 437.347 191.943 437.347 314.133 400.814 314.133
403.218 192.357 439.965 192.357 439.965 314.665 403.218 314.665
406.067 193.442 443.120 193.442 443.120 316.022 406.067 316.022
408.365 192.600 445.646 192.600 445.646 315.661 408.365 315.661
411.610 188.451 449.209 188.451 449.209 312.426 411.610 312.426
414.209 187.894 452.186 187.894 452.186 312.848 414.209 312.848
416.572 184.850 454.597 184.850 454.597 311.775 416.572 311.775
420.989 182.312 459.088 182.312 459.088 310.425 420.989 310.425
423.155 183.387 461.462 183.387 461.462 311.511 423.155 311.511
425.481 180.057 463.911 180.057 463.911 308.595 425.481 308.595
427.988 177.915 466.248 177.915 466.248 306.693 427.988 306.693
427.909 172.852 466.443 172.852 466.443 302.122 427.909 302.122
429.662 174.567 468.369 174.567 468.369 304.057 429.662 304.057
431.668 173.398 470.741 173.398 470.741 302.574 431.668 302.574
434.391 170.087 474.003 170.087 474.003 299.425 434.391 299.425
437.267 166.506 476.924 166.506 476.924 296.013 437.267 296.013
437.913 166.749 477.612 166.749 477.612 295.698 437.913 295.698
440.099 166.246 479.611 166.246 479.611 294.792 440.099 294.792
440.804 167.890 480.127 167.890 480.127 295.668 440.804 295.668
442.045 168.307 481.045 168.307 481.045 295.271 442.045 295.271
441.859 166.154 480.429 166.154 480.429 292.319 441.859 292.319
441.411 163.888 479.386 163.888 479.386 287.958 441.411 287.958
443.112 164.841 480.243 164.841 480.243 287.632 443.112 287.632
445.064 166.194 481.558 166.194 481.558 287.277 445.064 287.277
455.373 165.904 492.594 165.904 492.594 284.906 455.373 284.906
457.050 163.568 494.464 163.568 494.464 281.017 457.050 281.017
459.867 161.298 497.380 161.298 497.380 278.371 459.867 278.371
464.029 159.610 501.707 159.610 501.707 275.947 464.029 275.947
468.916 155.707 506.984 155.707 506.984 271.646 468.916 271.646
471.769 156.218 509.966 156.218 509.966 272.586 471.769 272.586
474.158 156.503 512.518 156.503 512.518 273.322 474.158 273.322
476.275 153.815 514.808 153.815 514.808 270.742 476.275 270.742
477.627 154.218 515.730 154.218 515.730 271.890 477.627 271.890
478.801 154.295 516.424 154.295 516.424 272.438 478.801 272.438
479.740 152.510 516.973 152.510 516.973 270.273 479.740 270.273
480.707 151.624 517.492 151.624 517.492 269.337 480.707 269.337
483.074 151.802 519.597 151.802 519.597 268.743 483.074 268.743
483.972 152.179 520.490 152.179 520.490 267.153 483.972 267.153
483.955 152.388 520.865 152.388 520.865 264.816 483.955 264.816
491.962 142.984 528.742 142.984 528.742 253.957 491.962 253.957
493.330 138.702 529.512 138.702 529.512 249.147 493.330 249.147
501.577 119.402 537.321 119.402 537.321 228.822 501.577 228.822
501.586 117.741 537.113 117.741 537.113 226.974 501.586 226.974
503.362 114.213 538.868 114.213 538.868 223.431 503.362 223.431
511.936 112.578 547.402 112.578 547.402 221.695 511.936 221.695
511.622 110.303 547.051 110.303 547.051 219.352 511.622 219.352
512.732 109.045 548.160 109.045 548.160 218.088 512.732 218.088
514.722 106.043 550.150 106.043 550.150 215.083 514.722 215.083
517.116 105.908 552.544 105.908 552.544 214.948 517.116 214.948
519.298 105.925 554.726 105.925 554.726 214.965 519.298 214.965
521.065 103.163 556.493 103.163 556.493 212.203 521.065 212.203
573.019 92.846 608.317 92.846 608.317 199.800 573.019 199.800
574.129 90.075 609.231 90.075 609.231 195.225 574.129 195.225
577.068 89.275 611.875 89.275 611.875 192.562 577.068 192.562
579.936 90.437 614.792 90.437 614.792 191.470 579.936 191.470
583.081 91.658 617.754 91.658 617.754 191.214 583.081 191.214
