543.000 236.000 580.000 236.000 580.000 332.000 543.000 332.000
542.557 232.798 579.499 232.798 579.499 327.224 542.557 327.224
520.693 235.764 557.748 235.764 557.748 329.600 520.693 329.600
509.021 228.673 545.498 228.673 545.498 323.199 509.021 323.199
504.524 231.602 540.491 231.602 540.491 325.676 504.524 325.676
498.516 231.695 534.615 231.695 534.615 324.924 498.516 324.924
488.457 226.061 524.123 226.061 524.123 318.594 488.457 318.594
484.761 224.640 520.468 224.640 520.468 315.817 484.761 315.817
475.097 225.368 510.891 225.368 510.891 315.754 475.097 315.754
470.276 225.410 506.036 225.410 506.036 315.680 470.276 315.680
459.778 224.293 495.142 224.293 495.142 313.877 459.778 313.877
455.909 224.304 491.178 224.304 491.178 313.026 455.909 313.026
447.168 223.503 482.434 223.503 482.434 311.684 447.168 311.684
428.050 223.166 463.108 223.166 463.108 311.127 428.050 311.127
425.152 225.259 459.985 225.259 459.985 313.003 425.152 313.003
421.246 223.543 455.972 223.543 455.972 311.142 421.246 311.142
416.164 220.217 450.780 220.217 450.780 307.893 416.164 307.893
410.888 223.627 445.240 223.627 445.240 311.191 410.888 311.191
405.916 224.970 440.307 224.970 440.307 312.231 405.916 312.231
395.632 223.051 429.921 223.051 429.921 310.758 395.632 310.758
390.865 221.559 425.236 221.559 425.236 309.270 390.865 309.270
385.945 221.794 420.214 221.794 420.214 309.688 385.945 309.688
380.831 221.821 415.235 221.821 415.235 309.918 380.831 309.918
375.062 218.578 409.521 218.578 409.521 306.462 375.062 306.462
370.501 217.859 404.967 217.859 404.967 305.661 370.501 305.661
367.929 217.064 402.138 217.064 402.138 304.908 367.929 304.908
359.172 218.227 392.812 218.227 392.812 306.366 359.172 306.366
358.190 214.277 391.288 214.277 391.288 302.895 358.190 302.895
333.446 215.734 366.192 215.734 366.192 304.379 333.446 304.379
323.283 214.656 356.231 214.656 356.231 303.266 323.283 303.266
320.037 214.371 352.958 214.371 352.958 303.242 320.037 303.242
312.723 211.196 345.221 211.196 345.221 300.568 312.723 300.568
293.098 211.233 325.369 211.233 325.369 301.112 293.098 301.112
285.829 210.325 317.875 210.325 317.875 300.244 285.829 300.244
276.991 211.870 309.046 211.870 309.046 301.933 276.991 301.933
273.103 212.901 305.482 212.901 305.482 302.604 273.103 302.604
268.712 212.206 301.744 212.206 301.744 301.094 268.712 301.094
258.282 210.952 291.640 210.952 291.640 298.836 258.282 298.836
254.735 212.140 288.402 212.140 288.402 299.642 254.735 299.642
245.310 212.758 278.971 212.758 278.971 299.380 245.310 299.380
242.869 211.536 276.351 211.536 276.351 297.922 242.869 297.922
236.954 212.282 270.359 212.282 270.359 298.179 236.954 298.179
231.246 212.679 264.705 212.679 264.705 297.600 231.246 297.600
226.371 213.042 259.851 213.042 259.851 297.910 226.371 297.910
222.327 212.888 255.590 212.888 255.590 297.674 222.327 297.674
218.482 213.942 251.251 213.942 251.251 299.117 218.482 299.117
214.558 210.264 247.241 210.264 247.241 294.737 214.558 294.737
209.916 212.140 242.503 212.140 242.503 296.139 209.916 296.139
204.439 212.828 237.044 212.828 237.044 296.299 204.439 296.299
175.144 205.053 207.901 205.053 207.901 288.119 175.144 288.119
182.754 205.870 215.051 205.870 215.051 289.536 182.754 289.536
173.895 210.432 205.674 210.432 205.674 294.286 173.895 294.286
164.836 210.126 196.456 210.126 196.456 293.796 164.836 293.796
162.112 211.608 194.075 211.608 194.075 294.133 162.112 294.133
155.205 210.886 186.867 210.886 186.867 293.126 155.205 293.126
148.102 208.409 179.858 208.409 179.858 290.233 148.102 290.233
145.272 210.826 176.876 210.826 176.876 292.962 145.272 292.962
138.475 209.565 170.095 209.565 170.095 291.887 138.475 291.887
135.499 213.666 167.359 213.666 167.359 296.156 135.499 296.156
132.601 213.836 164.325 213.836 164.325 296.435 132.601 296.435
125.795 211.505 157.409 211.505 157.409 293.894 125.795 293.894
120.611 208.229 151.448 208.229 151.448 291.581 120.611 291.581
113.931 208.317 144.729 208.317 144.729 291.705 113.931 291.705
110.062 211.507 140.936 211.507 140.936 294.741 110.062 294.741
105.891 211.535 136.961 211.535 136.961 294.475 105.891 294.475
98.297 212.347 129.299 212.347 129.299 295.755 98.297 295.755
95.043 212.602 126.161 212.602 126.161 296.052 95.043 296.052
88.118 212.447 118.748 212.447 118.748 296.570 88.118 296.570
81.307 210.530 111.792 210.530 111.792 295.143 81.307 295.143
73.630 210.323 103.801 210.323 103.801 294.838 73.630 294.838
66.987 210.603 97.133 210.603 97.133 294.164 66.987 294.164
59.535 213.303 89.417 213.303 89.417 296.579 59.535 296.579
51.234 212.660 80.872 212.660 80.872 296.030 51.234 296.030
47.066 212.516 77.022 212.516 77.022 294.845 47.066 294.845
42.676 212.666 73.219 212.666 73.219 293.928 42.676 293.928
33.620 214.591 64.199 214.591 64.199 295.616 33.620 295.616
25.888 213.895 56.489 213.895 56.489 294.562 25.888 294.562
