214.000 164.000 228.000 164.000 228.000 184.000 214.000 184.000
215.451 165.386 229.214 165.386 229.214 185.501 215.451 185.501
217.165 165.591 230.723 165.591 230.723 185.836 217.165 185.836
217.101 163.833 230.650 163.833 230.650 184.088 217.101 184.088
218.725 164.774 231.922 164.774 231.922 185.356 218.725 185.356
220.439 165.000 233.366 165.000 233.366 185.872 220.439 185.872
221.160 164.867 233.808 164.867 233.808 185.924 221.160 185.924
222.365 163.973 234.745 163.973 234.745 185.195 222.365 185.195
223.606 163.804 235.992 163.804 235.992 184.954 223.606 184.954
225.132 164.278 237.364 164.278 237.364 185.545 225.132 185.545
226.186 164.700 238.427 164.700 238.427 185.923 226.186 185.923
227.235 164.369 239.430 164.369 239.430 185.741 227.235 185.741
228.537 164.973 240.742 164.973 240.742 186.356 228.537 186.356
229.880 166.677 242.116 166.677 242.116 187.873 229.880 187.873
236.021 166.755 248.203 166.755 248.203 187.960 236.021 187.960
238.091 166.759 250.178 166.759 250.178 188.046 238.091 188.046
239.849 166.906 251.902 166.906 251.902 188.267 239.849 188.267
241.460 166.364 253.506 166.364 253.506 187.742 241.460 187.742
242.767 166.831 254.857 166.831 254.857 188.024 242.767 188.024
243.442 166.970 255.589 166.970 255.589 188.147 243.442 188.147
244.493 166.889 256.716 166.889 256.716 188.031 244.493 188.031
245.394 167.027 257.683 167.027 257.683 188.085 245.394 188.085
246.106 167.335 258.410 167.335 258.410 188.421 246.106 188.421
247.099 167.889 259.300 167.889 259.300 188.956 247.099 188.956
248.630 168.469 260.871 168.469 260.871 189.512 248.630 189.512
249.979 168.135 262.175 168.135 262.175 189.116 249.979 189.116
251.096 168.251 263.325 168.251 263.325 189.195 251.096 189.195
256.911 168.083 269.001 168.083 269.001 189.133 256.911 189.133
260.168 168.544 272.293 168.544 272.293 189.545 260.168 189.545
263.128 169.025 275.199 169.025 275.199 190.092 263.128 190.092
264.816 169.705 276.834 169.705 276.834 190.865 264.816 190.865
268.366 170.580 280.257 170.580 280.257 191.860 268.366 191.860
278.113 169.930 289.955 169.930 289.955 191.356 278.113 191.356
280.619 169.791 292.600 169.791 292.600 191.231 280.619 191.231
283.378 170.231 295.562 170.231 295.562 191.652 283.378 191.652
286.122 171.094 298.315 171.094 298.315 192.645 286.122 192.645
287.018 170.281 299.377 170.281 299.377 191.872 287.018 191.872
287.576 170.497 300.025 170.497 300.025 192.099 287.576 192.099
287.894 171.292 300.522 171.292 300.522 192.758 287.894 192.758
288.242 170.805 300.968 170.805 300.968 192.283 288.242 192.283
288.305 170.714 301.134 170.714 301.134 192.251 288.305 192.251
288.276 170.703 301.180 170.703 301.180 192.288 288.276 192.288
288.197 171.224 301.107 171.224 301.107 192.877 288.197 192.877
288.026 170.995 301.095 170.995 301.095 192.675 288.026 192.675
287.735 170.581 300.792 170.581 300.792 192.375 287.735 192.375
287.814 170.636 300.821 170.636 300.821 192.481 287.814 192.481
287.687 170.790 300.600 170.790 300.600 192.715 287.687 192.715
287.532 170.027 300.467 170.027 300.467 192.018 287.532 192.018
287.473 170.189 300.391 170.189 300.391 192.277 287.473 192.277
287.043 170.522 299.907 170.522 299.907 192.718 287.043 192.718
286.949 169.204 299.841 169.204 299.841 191.475 286.949 191.475
286.778 168.714 299.665 168.714 299.665 191.124 286.778 191.124
286.218 168.677 299.024 168.677 299.024 191.168 286.218 191.168
286.434 168.771 299.092 168.771 299.092 191.402 286.434 191.402
286.489 168.352 299.068 168.352 299.068 191.113 286.489 191.113
286.446 168.962 299.054 168.962 299.054 191.845 286.446 191.845
286.641 168.162 299.290 168.162 299.290 191.091 286.641 191.091
286.695 168.816 299.279 168.816 299.279 191.884 286.695 191.884
286.620 168.917 299.229 168.917 299.229 191.936 286.620 191.936
287.136 168.226 299.787 168.226 299.787 191.190 287.136 191.190
289.273 170.435 301.917 170.435 301.917 193.338 289.273 193.338
289.709 171.135 302.493 171.135 302.493 193.919 289.709 193.919
291.587 170.898 304.277 170.898 304.277 193.719 291.587 193.719
291.833 171.145 304.497 171.145 304.497 194.087 291.833 194.087
292.356 171.143 304.958 171.143 304.958 194.138 292.356 194.138
294.601 171.631 307.093 171.631 307.093 194.708 294.601 194.708
295.455 171.106 307.926 171.106 307.926 194.182 295.455 194.182
296.120 171.443 308.645 171.443 308.645 194.453 296.120 194.453
297.995 171.756 310.637 171.756 310.637 194.652 297.995 194.652
298.227 171.720 310.925 171.720 310.925 194.603 298.227 194.603
298.509 171.714 311.272 171.714 311.272 194.577 298.509 194.577
298.859 171.795 311.579 171.795 311.579 194.653 298.859 194.653
299.310 171.386 311.974 171.386 311.974 194.304 299.310 194.304
300.047 171.850 312.672 171.850 312.672 194.881 300.047 194.881
300.599 171.832 313.142 171.832 313.142 194.962 300.599 194.962
301.365 172.135 313.932 172.135 313.932 195.288 301.365 195.288
303.954 171.617 316.441 171.617 316.441 194.965 303.954 194.965
304.234 172.751 316.793 172.751 316.793 196.097 304.234 196.097
304.206 172.266 316.799 172.266 316.799 195.568 304.206 195.568
304.001 172.092 316.594 172.092 316.594 195.394 304.001 195.394
303.887 172.786 316.480 172.786 316.480 196.087 303.887 196.087
304.358 173.011 316.952 173.011 316.952 196.312 304.358 196.312
304.549 173.762 317.143 173.762 317.143 197.063 304.549 197.063
304.933 174.540 317.526 174.540 317.526 197.841 304.933 197.841
305.375 174.626 317.970 174.626 317.970 197.925 305.375 197.925
320.920 177.243 333.733 177.243 333.733 200.251 320.920 200.251
318.386 175.192 331.389 175.192 331.389 197.993 318.386 197.993
320.091 177.173 333.116 177.173 333.116 199.830 320.091 199.830
319.124 177.935 332.670 177.935 332.670 199.830 319.124 199.830
315.883 176.661 330.036 176.661 330.036 197.906 315.883 197.906
313.146 177.141 327.540 177.141 327.540 198.138 313.146 198.138
310.827 180.761 324.979 180.761 324.979 201.942 310.827 201.942
310.493 178.907 325.087 178.907 325.087 199.539 310.493 199.539
310.141 179.696 324.781 179.696 324.781 200.260 310.141 200.260
310.251 180.334 324.899 180.334 324.899 200.885 310.251 200.885
310.104 180.767 324.759 180.767 324.759 201.305 310.104 201.305
310.221 181.017 324.888 181.017 324.888 201.532 310.221 201.532
310.133 181.315 324.805 181.315 324.805 201.822 310.133 201.822
310.322 181.531 325.002 181.531 325.002 202.029 310.322 202.029
310.169 182.006 324.822 182.006 324.822 202.524 310.169 202.524
314.857 195.686 330.128 195.686 330.128 215.559 314.857 215.559
316.897 196.996 332.641 196.996 332.641 216.345 316.897 216.345
319.002 198.202 335.117 198.202 335.117 217.109 319.002 217.109
316.681 197.938 333.100 197.938 333.100 216.484 316.681 216.484
316.847 197.447 333.548 197.447 333.548 215.575 316.847 215.575
319.051 198.164 335.922 198.164 335.922 216.112 319.051 216.112
316.936 199.038 333.935 199.038 333.935 216.814 316.936 216.814
316.986 197.919 334.152 197.919 334.152 215.398 316.986 215.398
314.869 197.481 332.086 197.481 332.086 214.870 314.869 214.870
310.976 197.410 328.261 197.410 328.261 214.687 310.976 214.687
309.615 197.291 326.839 197.291 326.839 214.595 309.615 214.595
312.211 197.539 329.509 197.539 329.509 214.720 312.211 214.720
316.656 198.758 334.050 198.758 334.050 215.797 316.656 215.797
310.480 198.134 327.765 198.134 327.765 215.166 310.480 215.166
311.015 198.074 328.260 198.074 328.260 215.065 311.015 215.065
311.434 198.243 328.667 198.243 328.667 215.169 311.434 215.169
317.797 199.084 335.068 199.084 335.068 215.914 317.797 215.914
317.941 198.049 335.151 198.049 335.151 214.863 317.941 214.863
317.727 198.924 334.990 198.924 334.990 215.692 317.727 215.692
309.928 197.289 327.039 197.289 327.039 214.083 309.928 214.083
316.550 198.509 333.672 198.509 333.672 215.229 316.550 215.229
318.891 197.952 336.006 197.952 336.006 214.603 318.891 214.603
318.831 198.939 335.919 198.939 335.919 215.531 318.831 215.531
319.017 199.646 336.104 199.646 336.104 216.194 319.017 216.194
319.039 198.753 336.104 198.753 336.104 215.234 319.039 215.234
319.094 198.208 336.179 198.208 336.179 214.655 319.094 214.655
318.891 199.169 335.868 199.169 335.868 215.553 318.891 215.553
316.979 198.325 333.991 198.325 333.991 214.617 316.979 214.617
319.447 199.222 336.440 199.222 336.440 215.483 319.447 215.483
319.538 198.395 336.475 198.395 336.475 214.621 319.538 214.621
319.661 198.884 336.487 198.884 336.487 215.150 319.661 215.150
319.603 199.288 336.392 199.288 336.392 215.431 319.603 215.431
319.662 200.054 336.383 200.054 336.383 216.207 319.662 216.207
317.724 199.104 334.426 199.104 334.426 215.174 317.724 215.174
317.696 198.425 334.383 198.425 334.383 214.466 317.696 214.466
319.666 199.128 336.255 199.128 336.255 215.126 319.666 215.126
319.427 199.791 336.027 199.791 336.027 215.776 319.427 215.776
319.260 199.028 335.833 199.028 335.833 215.013 319.260 215.013
319.513 198.792 336.082 198.792 336.082 214.748 319.513 214.748
319.444 199.449 335.975 199.449 335.975 215.313 319.444 215.313
319.614 198.894 336.122 198.894 336.122 214.592 319.614 214.592
319.468 199.875 336.016 199.875 336.016 215.486 319.468 215.486
319.378 199.121 335.868 199.121 335.868 214.715 319.378 214.715
313.336 196.521 329.682 196.521 329.682 212.181 313.336 212.181
315.557 197.361 331.555 197.361 331.555 213.177 315.557 213.177
310.065 200.731 325.956 200.731 325.956 216.592 310.065 216.592
314.387 195.729 330.173 195.729 330.173 211.750 314.387 211.750
318.498 196.876 334.292 196.876 334.292 212.903 318.498 212.903
320.419 198.119 336.397 198.119 336.397 213.963 320.419 213.963
322.974 190.714 338.065 190.714 338.065 207.513 322.974 207.513
321.917 186.186 336.730 186.186 336.730 202.910 321.917 202.910
322.824 186.015 337.368 186.015 337.368 202.784 322.824 202.784
323.457 186.025 337.956 186.025 337.956 202.678 323.457 202.678
325.548 186.203 340.093 186.203 340.093 202.771 325.548 202.771
325.331 186.775 339.930 186.775 339.930 203.202 325.331 203.202
327.220 186.264 341.928 186.264 341.928 202.552 327.220 202.552
319.231 199.139 334.173 199.139 334.173 215.157 319.231 215.157
319.116 199.751 334.210 199.751 334.210 215.578 319.116 215.578
320.839 198.777 336.072 198.777 336.072 214.401 320.839 214.401
320.365 199.501 335.699 199.501 335.699 214.982 320.365 214.982
320.315 200.093 335.651 200.093 335.651 215.537 320.315 215.537
318.185 199.128 333.713 199.128 333.713 214.424 318.185 214.424
318.269 199.753 333.838 199.753 333.838 215.014 318.269 215.014
320.376 200.356 335.906 200.356 335.906 215.637 320.376 215.637
320.250 199.445 335.869 199.445 335.869 214.665 320.250 214.665
310.999 199.215 326.554 199.215 326.554 214.469 310.999 214.469
311.301 200.421 326.847 200.421 326.847 215.719 311.301 215.719
311.562 199.721 326.987 199.721 326.987 215.100 311.562 215.100
317.467 199.067 332.923 199.067 332.923 214.293 317.467 214.293
319.183 199.790 334.593 199.790 334.593 214.957 319.183 214.957
318.829 199.049 334.258 199.049 334.258 214.119 318.829 214.119
318.999 200.060 334.331 200.060 334.331 215.124 318.999 215.124
319.057 199.517 334.352 199.517 334.352 214.587 319.057 214.587
320.886 199.354 336.202 199.354 336.202 214.280 320.886 214.280
320.390 200.084 335.735 200.084 335.735 214.889 320.390 214.889
320.164 199.392 335.510 199.392 335.510 214.250 320.164 214.250
320.084 199.995 335.391 199.995 335.391 214.824 320.084 214.824
320.043 199.742 335.439 199.742 335.439 214.528 320.043 214.528
320.198 199.437 335.531 199.437 335.531 214.209 320.198 214.209
320.188 200.049 335.440 200.049 335.440 214.841 320.188 214.841
320.161 201.174 335.347 201.174 335.347 215.993 320.161 215.993
320.299 198.622 335.480 198.622 335.480 213.415 320.299 213.415
320.132 199.530 335.324 199.530 335.324 214.280 320.132 214.280
320.070 198.815 335.272 198.815 335.272 213.520 320.070 213.520
319.808 199.937 335.042 199.937 335.042 214.670 319.808 214.670
319.798 200.674 334.974 200.674 334.974 215.440 319.798 215.440
321.511 199.821 336.614 199.821 336.614 214.624 321.511 214.624
321.096 200.598 336.175 200.598 336.175 215.398 321.096 215.398
320.811 199.818 335.875 199.818 335.875 214.574 320.811 214.574
320.510 200.624 335.634 200.624 335.634 215.365 320.510 215.365
320.402 199.819 335.549 199.819 335.549 214.533 320.402 214.533
320.332 199.503 335.432 199.503 335.432 214.230 320.332 214.230
320.338 200.169 335.443 200.169 335.443 214.914 320.338 214.914
320.199 199.708 335.299 199.708 335.299 214.317 320.199 214.317
320.222 199.045 335.346 199.045 335.346 213.648 320.222 213.648
320.093 200.085 335.172 200.085 335.172 214.682 320.093 214.682
319.862 199.506 334.907 199.506 334.907 214.065 319.862 214.065
319.609 200.326 334.624 200.326 334.624 214.867 319.609 214.867
319.773 199.806 334.756 199.806 334.756 214.353 319.773 214.353
319.882 199.009 334.841 199.009 334.841 213.505 319.882 213.505
319.858 199.920 334.692 199.920 334.692 214.476 319.858 214.476
321.350 199.541 336.204 199.541 336.204 214.050 321.350 214.050
320.923 200.708 335.794 200.708 335.794 215.196 320.923 215.196
320.590 200.154 335.479 200.154 335.479 214.530 320.590 214.530
320.252 199.626 335.210 199.626 335.210 213.983 320.252 213.983
320.089 199.587 334.986 199.587 334.986 213.899 320.089 213.899
315.319 198.409 329.942 198.409 329.942 212.907 315.319 212.907
314.205 197.413 328.475 197.413 328.475 212.196 314.205 212.196
314.336 198.051 328.520 198.051 328.520 212.976 314.336 212.976
314.529 198.474 328.740 198.474 328.740 213.538 314.529 213.538
314.532 198.190 328.805 198.190 328.805 213.148 314.532 213.148
316.542 198.910 330.925 198.910 330.925 213.815 316.542 213.815
317.156 199.296 331.786 199.296 331.786 213.986 317.156 213.986
319.380 199.535 333.923 199.535 333.923 214.350 319.380 214.350
321.190 199.093 335.469 199.093 335.469 214.122 321.190 214.122
322.313 199.269 336.392 199.269 336.392 214.478 322.313 214.478
322.461 199.546 336.525 199.546 336.525 214.775 322.461 214.775
323.179 199.723 337.185 199.723 337.185 214.936 323.179 214.936
323.713 201.027 337.590 201.027 337.590 216.389 323.713 216.389
323.922 200.208 337.847 200.208 337.847 215.449 323.922 215.449
321.669 199.857 335.694 199.857 335.694 214.965 321.669 214.965
321.866 199.921 336.017 199.921 336.017 214.904 321.866 214.904
321.631 201.102 335.867 201.102 335.867 215.950 321.631 215.950
319.933 200.110 334.166 200.110 334.166 215.011 319.933 215.011
319.727 199.813 334.083 199.813 334.083 214.647 319.727 214.647
312.370 201.150 326.864 201.150 326.864 215.767 312.370 215.767
310.501 200.982 325.016 200.982 325.016 215.575 310.501 215.575
311.184 200.625 325.605 200.625 325.605 215.246 311.184 215.246
316.944 199.834 331.439 199.834 331.439 214.338 316.944 214.338
318.928 200.584 333.388 200.584 333.388 215.066 318.928 215.066
320.448 199.828 334.884 199.828 334.884 214.287 320.448 214.287
320.599 199.503 335.015 199.503 335.015 214.022 320.599 214.022
320.732 199.303 335.287 199.303 335.287 213.758 320.732 213.758
320.538 200.012 334.986 200.012 334.986 214.432 320.538 214.432
320.631 200.738 335.090 200.738 335.090 215.136 320.631 215.136
322.335 200.223 336.847 200.223 336.847 214.601 322.335 214.601
320.367 199.764 334.867 199.764 334.867 214.046 320.367 214.046
320.134 200.524 334.643 200.524 334.643 214.859 320.134 214.859
320.254 199.929 334.740 199.929 334.740 214.226 320.254 214.226
320.488 199.255 334.940 199.255 334.940 213.627 320.488 213.627
320.349 199.992 334.738 199.992 334.738 214.310 320.349 214.310
320.350 199.272 334.682 199.272 334.682 213.510 320.350 213.510
320.375 200.422 334.777 200.422 334.777 214.578 320.375 214.578
322.163 199.622 336.595 199.622 336.595 213.799 322.163 213.799
321.997 200.708 336.405 200.708 336.405 214.892 321.997 214.892
321.731 200.195 336.098 200.195 336.098 214.382 321.731 214.382
321.656 199.805 336.142 199.805 336.142 213.931 321.656 213.931
321.595 200.603 336.030 200.603 336.030 214.781 321.595 214.781
321.463 200.422 335.896 200.422 335.896 214.573 321.463 214.573
