175.000 96.000 195.000 96.000 195.000 142.000 175.000 142.000
175.233 92.546 194.986 92.546 194.986 139.054 175.233 139.054
176.520 92.493 196.041 92.493 196.041 139.574 176.520 139.574
176.411 92.027 195.902 92.027 195.902 139.371 176.411 139.371
177.468 92.371 196.959 92.371 196.959 139.912 177.468 139.912
178.003 91.386 197.468 91.386 197.468 139.152 178.003 139.152
178.378 91.726 197.852 91.726 197.852 139.598 178.378 139.598
179.118 91.849 198.686 91.849 198.686 139.978 179.118 139.978
179.147 91.197 198.791 91.197 198.791 139.454 179.147 139.454
180.076 91.638 199.778 91.638 199.778 139.938 180.076 139.938
180.293 92.057 199.993 92.057 199.993 140.497 180.293 140.497
180.869 92.754 200.624 92.754 200.624 141.385 180.869 141.385
182.348 92.992 202.269 92.992 202.269 141.708 182.348 141.708
182.570 92.984 202.491 92.984 202.491 142.015 182.570 142.015
182.839 92.772 202.702 92.772 202.702 141.833 182.839 141.833
183.658 92.505 203.671 92.505 203.671 141.626 183.658 141.626
184.385 92.191 204.464 92.191 204.464 141.200 184.385 141.200
185.185 92.129 205.385 92.129 205.385 141.088 185.185 141.088
185.937 92.623 206.363 92.623 206.363 141.587 185.937 141.587
185.842 93.338 206.334 93.338 206.334 142.282 185.842 142.282
186.521 94.438 206.998 94.438 206.998 143.461 186.521 143.461
187.206 94.338 207.906 94.338 207.906 143.420 187.206 143.420
187.193 94.797 207.983 94.797 207.983 143.977 187.193 143.977
187.355 95.329 208.190 95.329 208.190 144.520 187.355 144.520
187.835 94.898 208.634 94.898 208.634 144.228 187.835 144.228
188.693 94.727 209.486 94.727 209.486 144.314 188.693 144.314
188.420 94.124 209.187 94.124 209.187 143.786 188.420 143.786
189.336 94.501 210.046 94.501 210.046 144.385 189.336 144.385
189.744 94.006 210.575 94.006 210.575 143.803 189.744 143.803
189.952 94.493 210.811 94.493 210.811 144.358 189.952 144.358
190.533 94.594 211.268 94.594 211.268 144.518 190.533 144.518
191.139 94.968 211.859 94.968 211.859 144.678 191.139 144.678
191.631 95.679 212.367 95.679 212.367 145.323 191.631 145.323
191.961 95.130 212.719 95.130 212.719 144.645 191.961 144.645
192.982 96.292 213.744 96.292 213.744 145.760 192.982 145.760
192.964 94.578 213.484 94.578 213.484 144.137 192.964 144.137
194.567 94.954 214.948 94.954 214.948 144.565 194.567 144.565
195.435 93.985 215.581 93.985 215.581 143.701 195.435 143.701
196.129 94.354 216.066 94.354 216.066 144.180 196.129 144.180
196.836 93.194 216.345 93.194 216.345 143.293 196.836 143.293
197.405 94.487 216.671 94.487 216.671 144.672 197.405 144.672
197.875 94.957 217.044 94.957 217.044 144.959 197.875 144.959
201.482 94.828 220.428 94.828 220.428 144.648 201.482 144.648
201.893 95.640 220.569 95.640 220.569 145.399 201.893 145.399
202.148 95.775 220.653 95.775 220.653 145.398 202.148 145.398
205.435 95.876 223.675 95.876 223.675 145.365 205.435 145.365
204.919 96.226 223.051 96.226 223.051 145.444 204.919 145.444
205.094 95.687 223.038 95.687 223.038 144.849 205.094 144.849
204.955 95.003 222.795 95.003 222.795 144.024 204.955 144.024
205.195 96.460 223.046 96.460 223.046 145.293 205.195 145.293
205.594 95.908 223.422 95.908 223.422 144.498 205.594 144.498
208.408 97.429 226.225 97.429 226.225 145.680 208.408 145.680
207.649 96.632 225.426 96.632 225.426 144.690 207.649 144.690
207.796 98.210 225.735 98.210 225.735 146.004 207.796 146.004
208.439 98.000 226.489 98.000 226.489 145.640 208.439 145.640
208.970 98.612 227.074 98.612 227.074 146.259 208.970 146.259
209.315 97.021 227.660 97.021 227.660 144.714 209.315 144.714
209.760 97.104 228.359 97.104 228.359 144.875 209.760 144.875
210.020 97.831 228.855 97.831 228.855 145.671 210.020 145.671
210.275 97.304 229.304 97.304 229.304 145.303 210.275 145.303
210.629 97.991 229.783 97.991 229.783 146.179 210.629 146.179
210.909 98.182 230.255 98.182 230.255 146.153 210.909 146.153
210.998 98.573 230.558 98.573 230.558 146.483 210.998 146.483
211.297 99.448 231.086 99.448 231.086 147.464 211.297 147.464
211.460 99.282 231.529 99.282 231.529 147.256 211.460 147.256
211.736 99.816 231.889 99.816 231.889 148.074 211.736 148.074
212.233 99.414 232.389 99.414 232.389 147.908 212.233 147.908
212.604 99.089 232.769 99.089 232.769 148.026 212.604 148.026
212.857 98.763 233.175 98.763 233.175 147.902 212.857 147.902
212.561 98.381 232.957 98.381 232.957 147.583 212.561 147.583
213.745 99.490 234.284 99.490 234.284 148.720 213.745 148.720
214.092 99.628 234.791 99.628 234.791 148.895 214.092 148.895
214.610 101.043 235.303 101.043 235.303 150.444 214.610 150.444
215.177 100.528 235.962 100.528 235.962 150.024 215.177 150.024
215.884 101.794 236.827 101.794 236.827 151.263 215.884 151.263
216.565 102.097 237.569 102.097 237.569 151.627 216.565 151.627
217.500 100.827 238.565 100.827 238.565 150.397 217.500 150.397
218.085 101.125 239.277 101.125 239.277 150.640 218.085 150.640
218.377 100.614 239.600 100.614 239.600 150.124 218.377 150.124
219.291 101.250 240.457 101.250 240.457 150.815 219.291 150.815
219.953 100.746 241.109 100.746 241.109 150.060 219.953 150.060
220.788 101.805 241.874 101.805 241.874 151.185 220.788 151.185
222.072 103.159 243.236 103.159 243.236 152.401 222.072 152.401
222.645 104.517 243.748 104.517 243.748 153.743 222.645 153.743
223.261 103.544 244.326 103.544 244.326 152.685 223.261 152.685
224.351 103.206 245.370 103.206 245.370 152.247 224.351 152.247
224.695 104.004 245.570 104.004 245.570 153.216 224.695 153.216
225.379 103.978 246.170 103.978 246.170 153.409 225.379 153.409
226.122 103.235 246.926 103.235 246.926 152.600 226.122 152.600
226.287 103.351 247.013 103.351 247.013 152.466 226.287 152.466
227.112 102.937 247.751 102.937 247.751 152.132 227.112 152.132
227.859 104.203 248.522 104.203 248.522 153.189 227.859 153.189
228.080 103.450 248.725 103.450 248.725 152.226 228.080 152.226
229.224 105.036 249.823 105.036 249.823 153.570 229.224 153.570
228.916 104.487 249.662 104.487 249.662 152.981 228.916 152.981
230.019 105.278 250.725 105.278 250.725 153.904 230.019 153.904
230.561 104.958 251.261 104.958 251.261 153.711 230.561 153.711
231.472 104.580 252.234 104.580 252.234 153.320 231.472 153.320
232.160 104.499 253.030 104.499 253.030 153.309 232.160 153.309
232.593 103.782 253.438 103.782 253.438 152.865 232.593 152.865
232.822 104.191 253.780 104.191 253.780 153.359 232.822 153.359
233.639 104.481 254.536 104.481 254.536 153.680 233.639 153.680
233.891 104.676 254.837 104.676 254.837 153.866 233.891 153.866
233.995 105.024 254.894 105.024 254.894 154.305 233.995 154.305
234.369 105.714 255.330 105.714 255.330 154.852 234.369 154.852
234.340 105.412 255.358 105.412 255.358 154.565 234.340 154.565
234.793 104.975 255.699 104.975 255.699 154.224 234.793 154.224
235.116 105.087 255.950 105.087 255.950 154.611 235.116 154.611
235.853 105.005 256.620 105.005 256.620 154.703 235.853 154.703
236.091 104.571 256.854 104.571 256.854 154.301 236.091 154.301
236.476 104.378 257.304 104.378 257.304 154.159 236.476 154.159
237.097 104.576 257.837 104.576 257.837 154.282 237.097 154.282
237.750 105.383 258.421 105.383 258.421 155.052 237.750 155.052
237.860 105.902 258.512 105.902 258.512 155.609 237.860 155.609
238.679 106.785 259.400 106.785 259.400 156.392 238.679 156.392
239.011 106.871 259.693 106.871 259.693 156.582 239.011 156.582
239.619 107.588 260.257 107.588 260.257 157.437 239.619 157.437
240.091 106.700 260.650 106.700 260.650 156.670 240.091 156.670
240.936 106.170 261.553 106.170 261.553 156.194 240.936 156.194
241.126 106.232 261.817 106.232 261.817 156.253 241.126 156.253
241.747 107.373 262.412 107.373 262.412 157.374 241.747 157.374
242.493 106.711 263.145 106.711 263.145 156.951 242.493 156.951
242.469 107.039 263.261 107.039 263.261 157.362 242.469 157.362
242.934 107.538 263.847 107.538 263.847 157.858 242.934 157.858
243.455 109.484 264.424 109.484 264.424 159.878 243.455 159.878
243.801 108.266 264.879 108.266 264.879 158.848 243.801 158.848
244.260 108.659 265.468 108.659 265.468 159.299 244.260 159.299
244.979 108.199 266.288 108.199 266.288 158.846 244.979 158.846
245.172 108.634 266.528 108.634 266.528 159.469 245.172 159.469
246.013 108.158 267.287 108.158 267.287 159.106 246.013 159.106
246.718 108.459 267.942 108.459 267.942 159.393 246.718 159.393
247.498 108.161 268.781 108.161 268.781 158.850 247.498 158.850
248.687 108.719 269.914 108.719 269.914 159.553 248.687 159.553
249.722 109.813 270.960 109.813 270.960 160.568 249.722 160.568
250.577 111.068 271.705 111.068 271.705 161.923 250.577 161.923
251.928 110.322 273.038 110.322 273.038 161.451 251.928 161.451
253.074 110.339 274.218 110.339 274.218 161.425 253.074 161.425
254.969 110.966 276.016 110.966 276.016 162.075 254.969 162.075
256.119 110.557 277.054 110.557 277.054 161.714 256.119 161.714
257.546 110.142 278.369 110.142 278.369 161.345 257.546 161.345
258.600 109.260 279.356 109.260 279.356 160.510 258.600 160.510
258.932 110.261 279.614 110.261 279.614 161.634 258.932 161.634
260.021 110.336 280.516 110.336 280.516 161.972 260.021 161.972
260.885 111.774 281.391 111.774 281.391 163.414 260.885 163.414
261.861 111.292 282.435 111.292 282.435 162.951 261.861 162.951
262.421 111.393 282.906 111.393 282.906 163.064 262.421 163.064
263.334 111.175 283.735 111.175 283.735 162.897 263.334 162.897
264.003 111.267 284.366 111.267 284.366 162.907 264.003 162.907
264.590 111.571 284.974 111.571 284.974 163.132 264.590 163.132
265.515 111.110 285.943 111.110 285.943 162.619 265.515 162.619
266.559 110.325 286.900 110.325 286.900 161.872 266.559 161.872
266.757 111.485 287.068 111.485 287.068 163.054 266.757 163.054
267.080 111.841 287.418 111.841 287.418 163.556 267.080 163.556
268.134 111.056 288.569 111.056 288.569 162.696 268.134 162.696
268.848 113.161 289.190 113.161 289.190 164.903 268.848 164.903
269.070 111.558 289.394 111.558 289.394 163.323 269.070 163.323
269.977 112.468 290.328 112.468 290.328 164.334 269.977 164.334
271.021 112.963 291.315 112.963 291.315 164.938 271.021 164.938
272.218 112.527 292.484 112.527 292.484 164.567 272.218 164.567
273.002 113.254 293.404 113.254 293.404 165.271 273.002 165.271
273.635 113.365 294.060 113.365 294.060 165.539 273.635 165.539
274.267 112.477 294.763 112.477 294.763 164.695 274.267 164.695
274.449 112.436 294.936 112.436 294.936 164.615 274.449 164.615
275.369 112.585 295.978 112.585 295.978 164.746 275.369 164.746
275.824 112.341 296.426 112.341 296.426 164.496 275.824 164.496
276.009 112.780 296.565 112.780 296.565 165.212 276.009 165.212
276.421 112.840 296.976 112.840 296.976 165.399 276.421 165.399
276.607 113.454 297.092 113.454 297.092 166.089 276.607 166.089
276.845 112.721 297.316 112.721 297.316 165.506 276.845 165.506
277.061 114.170 297.469 114.170 297.469 167.106 277.061 167.106
277.513 113.321 297.941 113.321 297.941 166.612 277.513 166.612
278.530 112.868 298.987 112.868 298.987 166.359 278.530 166.359
279.284 112.653 299.960 112.653 299.960 166.223 279.284 166.223
280.128 114.374 300.892 114.374 300.892 168.224 280.128 168.224
280.436 113.728 301.361 113.728 301.361 167.517 280.436 167.517
281.127 114.680 302.176 114.680 302.176 168.370 281.127 168.370
282.365 115.695 303.435 115.695 303.435 169.464 282.365 169.464
283.073 115.220 304.126 115.220 304.126 169.103 283.073 169.103
284.174 113.915 305.201 113.915 305.201 168.106 284.174 168.106
285.084 112.678 306.045 112.678 306.045 167.014 285.084 167.014
286.025 113.612 306.878 113.612 306.878 167.964 286.025 167.964
287.435 112.537 308.270 112.537 308.270 166.864 287.435 166.864
287.724 113.198 308.464 113.198 308.464 167.458 287.724 167.458
288.628 113.810 309.296 113.810 309.296 167.968 288.628 167.968
289.242 114.619 310.040 114.619 310.040 168.739 289.242 168.739
289.322 114.946 310.169 114.946 310.169 168.943 289.322 168.943
289.930 114.743 310.818 114.743 310.818 168.805 289.930 168.805
290.850 115.089 311.691 115.089 311.691 169.158 290.850 169.158
291.736 116.504 312.331 116.504 312.331 170.682 291.736 170.682
292.909 115.911 313.483 115.911 313.483 169.949 292.909 169.949
293.261 115.291 313.868 115.291 313.868 169.255 293.261 169.255
293.893 115.149 314.498 115.149 314.498 168.913 293.893 168.913
295.077 114.354 315.672 114.354 315.672 168.188 295.077 168.188
295.604 115.501 316.265 115.501 316.265 169.279 295.604 169.279
295.819 116.182 316.516 116.182 316.516 169.826 295.819 169.826
296.243 117.521 316.826 117.521 316.826 171.230 296.243 171.230
296.845 117.234 317.396 117.234 317.396 171.183 296.845 171.183
297.180 118.079 317.881 118.079 317.881 172.025 297.180 172.025
298.356 118.250 319.222 118.250 319.222 172.303 298.356 172.303
299.657 118.128 320.523 118.128 320.523 172.288 299.657 172.288
300.993 117.439 321.877 117.439 321.877 171.580 300.993 171.580
301.787 117.227 322.668 117.227 322.668 171.529 301.787 171.529
302.498 116.204 323.529 116.204 323.529 170.329 302.498 170.329
303.538 117.572 324.463 117.572 324.463 171.866 303.538 171.866
304.569 117.880 325.340 117.880 325.340 172.366 304.569 172.366
305.839 119.539 326.739 119.539 326.739 173.934 305.839 173.934
306.121 119.886 327.139 119.886 327.139 174.548 306.121 174.548
306.651 120.278 327.742 120.278 327.742 175.293 306.651 175.293
306.851 119.995 327.898 119.995 327.898 175.181 306.851 175.181
307.269 120.370 328.427 120.370 328.427 175.640 307.269 175.640
307.611 119.395 328.801 119.395 328.801 174.590 307.611 174.590
308.275 118.993 329.353 118.993 329.353 174.088 308.275 174.088
309.084 119.452 330.108 119.452 330.108 174.493 309.084 174.493
309.341 119.393 330.512 119.393 330.512 174.242 309.341 174.242
310.055 118.735 331.199 118.735 331.199 173.956 310.055 173.956
310.616 119.201 331.811 119.201 331.811 174.501 310.616 174.501
311.771 121.206 333.109 121.206 333.109 176.487 311.771 176.487
312.859 121.137 334.188 121.137 334.188 176.716 312.859 176.716
313.166 120.836 334.489 120.836 334.489 176.629 313.166 176.629
314.187 119.745 335.505 119.745 335.505 175.897 314.187 175.897
315.788 121.290 337.285 121.290 337.285 177.496 315.788 177.496
316.942 120.114 338.616 120.114 338.616 176.245 316.942 176.245
317.839 119.439 339.671 119.439 339.671 175.683 317.839 175.683
321.449 118.795 343.359 118.795 343.359 174.939 321.449 174.939
320.572 118.679 342.269 118.679 342.269 174.886 320.572 174.886
320.499 118.877 342.167 118.877 342.167 175.055 320.499 175.055
320.732 120.984 342.360 120.984 342.360 176.778 320.732 176.778
320.889 122.112 342.501 122.112 342.501 177.679 320.889 177.679
321.120 120.449 342.663 120.449 342.663 175.930 321.120 175.930
321.652 122.406 343.125 122.406 343.125 177.939 321.652 177.939
322.015 122.435 343.447 122.435 343.447 177.837 322.015 177.837
322.247 122.485 343.619 122.485 343.619 177.955 322.247 177.955
323.369 122.749 344.821 122.749 344.821 178.164 323.369 178.164
324.022 123.138 345.537 123.138 345.537 178.332 324.022 178.332
324.499 122.650 346.141 122.650 346.141 177.693 324.499 177.693
325.491 122.595 347.080 122.595 347.080 177.874 325.491 177.874
326.400 124.086 347.982 124.086 347.982 179.520 326.400 179.520
326.719 122.541 348.359 122.541 348.359 178.122 326.719 178.122
327.369 123.824 349.016 123.824 349.016 179.459 327.369 179.459
327.873 124.584 349.615 124.584 349.615 180.280 327.873 180.280
328.912 124.047 350.770 124.047 350.770 179.761 328.912 179.761
329.689 124.190 351.692 124.190 351.692 180.075 329.689 180.075
330.115 124.378 352.267 124.378 352.267 180.375 330.115 180.375
330.767 124.547 352.948 124.547 352.948 180.673 330.767 180.673
331.900 124.628 354.115 124.628 354.115 181.059 331.900 181.059
332.599 123.798 354.899 123.798 354.899 180.347 332.599 180.347
332.974 125.738 355.247 125.738 355.247 182.452 332.974 182.452
333.862 125.703 356.141 125.703 356.141 182.669 333.862 182.669
334.089 126.076 356.454 126.076 356.454 183.215 334.089 183.215
334.900 125.731 357.442 125.731 357.442 182.784 334.900 182.784
336.003 126.009 358.649 126.009 358.649 183.249 336.003 183.249
336.577 125.739 359.181 125.739 359.181 183.323 336.577 183.323
337.422 125.473 360.078 125.473 360.078 183.137 337.422 183.137
338.881 125.055 361.551 125.055 361.551 182.823 338.881 182.823
339.699 124.760 362.246 124.760 362.246 182.734 339.699 182.734
340.430 125.210 363.012 125.210 363.012 183.301 340.430 183.301
341.098 127.501 363.770 127.501 363.770 185.566 341.098 185.566
342.059 127.111 364.758 127.111 364.758 185.490 342.059 185.490
343.756 126.653 366.603 126.653 366.603 185.120 343.756 185.120
344.577 126.464 367.670 126.464 367.670 184.893 344.577 184.893
346.273 127.594 369.512 127.594 369.512 185.991 346.273 185.991
347.385 126.496 370.670 126.496 370.670 185.187 347.385 185.187
348.974 127.438 372.510 127.438 372.510 186.286 348.974 186.286
350.170 126.494 373.750 126.494 373.750 185.280 350.170 185.280
351.927 126.748 375.607 126.748 375.607 185.532 351.927 185.532
352.102 127.207 375.824 127.207 375.824 185.763 352.102 185.763
352.825 127.844 376.533 127.844 376.533 186.379 352.825 186.379
353.929 128.957 377.624 128.957 377.624 187.586 353.929 187.586
354.261 129.640 377.955 129.640 377.955 188.434 354.261 188.434
355.148 129.816 378.913 129.816 378.913 188.574 355.148 188.574
356.688 130.049 380.480 130.049 380.480 188.667 356.688 188.667
357.945 130.337 381.565 130.337 381.565 189.169 357.945 189.169
358.770 129.014 382.321 129.014 382.321 187.854 358.770 187.854
360.087 129.307 383.540 129.307 383.540 188.084 360.087 188.084
361.166 129.580 384.556 129.580 384.556 188.340 361.166 188.340
362.180 130.009 385.645 130.009 385.645 188.676 362.180 188.676
362.351 129.760 385.663 129.760 385.663 188.282 362.351 188.282
363.441 130.674 386.673 130.674 386.673 188.970 363.441 188.970
364.331 131.686 387.560 131.686 387.560 189.801 364.331 189.801
365.188 131.192 388.432 131.192 388.432 189.304 365.188 189.304
367.267 131.933 390.368 131.933 390.368 190.165 367.267 190.165
368.206 131.067 391.286 131.067 391.286 189.451 368.206 189.451
369.388 131.018 392.321 131.018 392.321 189.518 369.388 189.518
370.142 131.037 393.085 131.037 393.085 189.496 370.142 189.496
371.585 130.757 394.455 130.757 394.455 189.413 371.585 189.413
372.422 130.522 395.440 130.522 395.440 189.229 372.422 189.229
373.871 131.285 396.620 131.285 396.620 190.458 373.871 190.458
374.856 131.505 397.480 131.505 397.480 190.831 374.856 190.831
375.838 132.725 398.477 132.725 398.477 192.196 375.838 192.196
376.547 132.570 399.305 132.570 399.305 192.298 376.547 192.298
377.040 133.420 399.760 133.420 399.760 193.303 377.040 193.303
377.907 133.171 400.655 133.171 400.655 193.299 377.907 193.299
379.106 133.918 401.834 133.918 401.834 193.982 379.106 193.982
380.257 133.544 403.130 133.544 403.130 193.706 380.257 193.706
381.332 133.546 404.291 133.546 404.291 193.958 381.332 193.958
382.192 134.105 405.245 134.105 405.245 194.414 382.192 194.414
382.381 132.742 405.622 132.742 405.622 192.952 382.381 192.952
382.914 134.792 406.397 134.792 406.397 194.805 382.914 194.805
383.303 134.881 406.852 134.881 406.852 195.189 383.303 195.189
383.639 136.112 407.300 136.112 407.300 196.433 383.639 196.433
384.760 135.584 408.459 135.584 408.459 196.238 384.760 196.238
386.104 135.162 409.663 135.162 409.663 195.972 386.104 195.972
386.791 133.661 410.169 133.661 410.169 194.517 386.791 194.517
388.230 132.611 411.615 132.611 411.615 193.562 388.230 193.562
389.396 133.598 412.747 133.598 412.747 194.575 389.396 194.575
389.999 133.038 413.340 133.038 413.340 193.972 389.999 193.972
394.308 133.726 417.623 133.726 417.623 194.375 394.308 194.375
393.355 135.499 416.614 135.499 416.614 196.013 393.355 196.013
392.528 135.509 415.591 135.509 415.591 195.940 392.528 195.940
392.208 135.160 415.027 135.160 415.027 195.637 392.208 195.637
392.581 135.273 415.264 135.273 415.264 195.744 392.581 195.744
396.320 134.872 418.881 134.872 418.881 195.303 396.320 195.303
395.812 137.013 418.307 137.013 418.307 197.019 395.812 197.019
395.734 135.112 418.155 135.112 418.155 195.048 395.734 195.048
395.426 137.469 417.666 137.469 417.666 197.136 395.426 197.136
399.798 135.997 421.624 135.997 421.624 196.147 399.798 196.147
398.995 139.067 420.514 139.067 420.514 199.524 398.995 199.524
398.258 137.560 419.576 137.560 419.576 198.271 398.258 198.271
398.310 140.279 419.476 140.279 419.476 200.996 398.310 200.996
398.540 142.629 419.671 142.629 419.671 203.006 398.540 203.006
399.268 142.022 420.478 142.022 420.478 202.062 399.268 202.062
400.031 141.341 420.930 141.341 420.930 201.404 400.031 201.404
400.889 140.400 421.635 140.400 421.635 200.474 400.889 200.474
401.237 139.243 421.900 139.243 421.900 199.792 401.237 199.792
401.360 139.227 422.107 139.227 422.107 200.030 401.360 200.030
401.961 139.113 422.877 139.113 422.877 199.831 401.961 199.831
402.280 138.924 423.338 138.924 423.338 199.671 402.280 199.671
403.076 139.817 424.041 139.817 424.041 200.327 403.076 200.327
403.099 140.619 424.057 140.619 424.057 201.015 403.099 201.015
403.080 141.023 424.000 141.023 424.000 201.653 403.080 201.653
403.345 140.452 424.376 140.452 424.376 201.412 403.345 201.412
403.639 140.034 424.790 140.034 424.790 201.043 403.639 201.043
404.107 139.508 425.632 139.508 425.632 200.876 404.107 200.876
404.357 139.294 426.041 139.294 426.041 200.958 404.357 200.958
404.394 139.036 426.159 139.036 426.159 201.029 404.394 201.029
404.642 139.308 426.699 139.308 426.699 201.450 404.642 201.450
405.422 140.514 427.791 140.514 427.791 202.779 405.422 202.779
405.785 142.085 428.331 142.085 428.331 204.479 405.785 204.479
406.259 141.925 428.947 141.925 428.947 204.534 406.259 204.534
407.301 141.756 430.020 141.756 430.020 204.746 407.301 204.746
407.096 142.389 429.889 142.389 429.889 205.737 407.096 205.737
407.555 142.918 430.520 142.918 430.520 206.471 407.555 206.471
407.681 142.680 430.832 142.680 430.832 206.370 407.681 206.370
408.015 141.902 431.183 141.902 431.183 206.192 408.015 206.192
408.509 140.865 431.858 140.865 431.858 205.322 408.509 205.322
413.585 143.948 437.211 143.948 437.211 208.509 413.585 208.509
414.180 144.007 438.140 144.007 438.140 208.497 414.180 208.497
419.442 144.166 443.430 144.166 443.430 208.513 419.442 208.513
419.618 143.847 443.700 143.847 443.700 207.770 419.618 207.770
419.705 147.369 443.656 147.369 443.656 211.208 419.705 211.208
420.271 147.270 444.249 147.270 444.249 211.037 420.271 211.037
421.133 147.445 445.041 147.445 445.041 210.949 421.133 210.949
421.782 147.320 445.670 147.320 445.670 210.964 421.782 210.964
422.422 146.335 446.207 146.335 446.207 209.943 422.422 209.943
423.124 144.946 446.660 144.946 446.660 208.721 423.124 208.721
423.573 146.066 447.077 146.066 447.077 210.101 423.573 210.101
424.758 145.407 448.192 145.407 448.192 209.745 424.758 209.745
425.551 143.565 448.922 143.565 448.922 208.144 425.551 208.144
427.066 146.289 450.551 146.289 450.551 210.533 427.066 210.533
427.688 147.918 451.489 147.918 451.489 211.779 427.688 211.779
428.457 147.746 452.370 147.746 452.370 211.460 428.457 211.460
429.229 147.840 453.280 147.840 453.280 211.330 429.229 211.330
430.452 150.744 454.481 150.744 454.481 214.044 430.452 214.044
430.734 150.704 454.837 150.704 454.837 213.717 430.734 213.717
431.297 151.447 455.372 151.447 455.372 214.345 431.297 214.345
431.720 152.742 455.849 152.742 455.849 215.679 431.720 215.679
432.488 151.185 456.756 151.185 456.756 214.123 432.488 214.123
434.461 151.971 458.823 151.971 458.823 215.102 434.461 215.102
434.536 150.990 458.986 150.990 458.986 214.270 434.536 214.270
435.120 152.236 459.468 152.236 459.468 215.655 435.120 215.655
435.533 153.242 459.809 153.242 459.809 216.670 435.533 216.670
436.072 152.850 460.308 152.850 460.308 216.081 436.072 216.081
436.511 154.189 460.816 154.189 460.816 217.028 436.511 217.028
437.333 154.852 461.481 154.852 461.481 217.653 437.333 217.653
437.731 154.282 461.876 154.282 461.876 216.803 437.731 216.803
438.015 154.210 462.010 154.210 462.010 216.777 438.015 216.777
438.669 154.205 462.834 154.205 462.834 216.363 438.669 216.363
439.370 155.170 463.508 155.170 463.508 217.167 439.370 217.167
440.284 153.456 464.320 153.456 464.320 215.336 440.284 215.336
441.724 153.340 465.589 153.340 465.589 215.380 441.724 215.380
443.373 153.611 467.210 153.611 467.210 215.385 443.373 215.385
444.549 156.108 468.110 156.108 468.110 217.881 444.549 217.881
445.600 157.140 468.944 157.140 468.944 218.867 445.600 218.867
450.117 156.750 473.220 156.750 473.220 217.976 450.117 217.976
450.501 155.364 473.169 155.364 473.169 216.502 450.501 216.502
455.235 156.295 477.773 156.295 477.773 217.194 455.235 217.194
455.139 156.238 477.615 156.238 477.615 216.654 455.139 216.654
455.802 155.410 478.153 155.410 478.153 215.714 455.802 215.714
456.540 155.906 478.887 155.906 478.887 215.820 456.540 215.820
461.480 157.711 483.823 157.711 483.823 217.335 461.480 217.335
461.350 157.449 483.210 157.449 483.210 217.319 461.350 217.319
461.230 156.016 482.767 156.016 482.767 215.886 461.230 215.886
465.952 160.746 487.085 160.746 487.085 220.523 465.952 220.523
465.862 161.232 486.777 161.232 486.777 220.742 465.862 220.742
465.741 160.605 486.534 160.605 486.534 219.832 465.741 219.832
465.987 160.909 486.810 160.909 486.810 219.754 465.987 219.754
466.405 161.725 487.199 161.725 487.199 220.406 466.405 220.406
467.185 161.431 487.963 161.431 487.963 220.166 467.185 220.166
468.037 161.784 488.840 161.784 488.840 220.656 468.037 220.656
468.416 160.724 489.549 160.724 489.549 219.368 468.416 219.368
468.900 160.050 490.116 160.050 490.116 218.937 468.900 218.937
469.314 160.242 490.582 160.242 490.582 219.547 469.314 219.547
470.078 161.885 491.275 161.885 491.275 221.174 470.078 221.174
470.520 162.588 491.836 162.588 491.836 221.728 470.520 221.728
475.036 162.705 496.104 162.705 496.104 222.208 475.036 222.208
479.704 166.388 500.630 166.388 500.630 225.635 479.704 225.635
479.658 166.006 500.468 166.006 500.468 225.120 479.658 225.120
479.384 164.391 500.099 164.391 500.099 223.438 479.384 223.438
479.267 163.667 500.062 163.667 500.062 222.739 479.267 222.739
478.944 162.553 499.750 162.553 499.750 221.822 478.944 221.822
483.809 166.470 504.933 166.470 504.933 225.341 483.809 225.341
484.020 169.464 505.315 169.464 505.315 227.890 484.020 227.890
484.104 170.280 505.471 170.280 505.471 228.604 484.104 228.604
484.251 173.637 505.689 173.637 505.689 231.669 484.251 231.669
484.322 172.041 505.594 172.041 505.594 230.254 484.322 230.254
484.937 170.181 506.171 170.181 506.171 228.587 484.937 228.587
485.408 170.113 506.538 170.113 506.538 228.538 485.408 228.538
486.268 169.586 507.212 169.586 507.212 227.989 486.268 227.989
487.100 167.540 507.982 167.540 507.982 225.768 487.100 225.768
487.689 166.459 508.477 166.459 508.477 224.712 487.689 224.712
488.627 164.899 509.403 164.899 509.403 223.413 488.627 223.413
489.395 164.798 510.038 164.798 510.038 223.792 489.395 223.792
489.507 165.824 510.562 165.824 510.562 224.791 489.507 224.791
490.215 167.452 511.608 167.452 511.608 226.322 490.215 226.322
490.770 166.819 512.193 166.819 512.193 226.079 490.770 226.079
491.565 167.303 513.084 167.303 513.084 226.616 491.565 226.616
492.241 168.889 513.884 168.889 513.884 228.348 492.241 228.348
497.178 168.415 518.800 168.415 518.800 228.201 497.178 228.201
502.269 172.413 523.980 172.413 523.980 231.560 502.269 231.560
501.951 171.348 523.598 171.348 523.598 230.144 501.951 230.144
501.834 172.156 523.448 172.156 523.448 230.657 501.834 230.657
501.628 171.604 523.180 171.604 523.180 230.020 501.628 230.020
501.816 170.829 523.527 170.829 523.527 229.140 501.816 229.140
502.156 169.585 523.942 169.585 523.942 227.966 502.156 227.966
502.799 173.602 524.586 173.602 524.586 232.254 502.799 232.254
502.828 173.591 524.529 173.591 524.529 232.382 502.828 232.382
503.361 176.165 524.911 176.165 524.911 234.692 503.361 234.692
503.776 174.030 525.268 174.030 525.268 232.438 503.776 232.438
508.622 172.495 530.244 172.495 530.244 230.896 508.622 230.896
508.468 171.268 530.152 171.268 530.152 229.915 508.468 229.915
508.466 170.744 530.272 170.744 530.272 229.604 508.466 229.604
508.716 175.773 530.588 175.773 530.588 234.773 508.716 234.773
508.948 176.147 530.861 176.147 530.861 234.954 508.948 234.954
519.138 175.992 540.863 175.992 540.863 234.603 519.138 234.603
519.048 175.317 540.953 175.317 540.953 233.617 519.048 233.617
519.578 174.106 541.551 174.106 541.551 232.338 519.578 232.338
520.334 173.143 542.408 173.143 542.408 231.401 520.334 231.401
520.865 171.724 543.014 171.724 543.014 230.062 520.865 230.062
521.133 171.646 543.515 171.646 543.515 229.919 521.133 229.919
521.845 170.388 544.332 170.388 544.332 228.916 521.845 228.916
527.052 174.085 549.804 174.085 549.804 232.982 527.052 232.982
527.655 174.067 550.593 174.067 550.593 233.087 527.655 233.087
528.248 178.441 551.034 178.441 551.034 237.668 528.248 237.668
528.466 178.895 551.251 178.895 551.251 237.691 528.466 237.691
529.281 176.543 551.849 176.543 551.849 235.322 529.281 235.322
530.113 173.728 552.907 173.728 552.907 231.893 530.113 231.893
534.199 174.163 557.070 174.163 557.070 231.579 534.199 231.579
534.253 176.977 556.928 176.977 556.928 234.632 534.253 234.632
534.329 175.788 557.343 175.788 557.343 233.046 534.329 233.046
534.388 174.692 557.728 174.692 557.728 231.700 534.388 231.700
535.041 176.942 558.586 176.942 558.586 233.568 535.041 233.568
535.870 176.944 559.438 176.944 559.438 233.333 535.870 233.333
541.475 180.671 565.115 180.671 565.115 236.752 541.475 236.752
542.566 180.414 566.310 180.414 566.310 236.208 542.566 236.208
543.781 180.511 567.366 180.511 567.366 236.198 543.781 236.198
544.306 179.510 568.015 179.510 568.015 234.654 544.306 234.654
544.547 177.246 568.269 177.246 568.269 232.280 544.547 232.280
549.236 180.212 573.003 180.212 573.003 235.144 549.236 235.144
554.115 182.192 577.867 182.192 577.867 236.806 554.115 236.806
558.552 179.395 582.117 179.395 582.117 233.849 558.552 233.849
558.396 182.276 581.835 182.276 581.835 236.508 558.396 236.508
557.866 184.940 581.273 184.940 581.273 239.027 557.866 239.027
562.552 188.451 585.830 188.451 585.830 242.643 562.552 242.643
567.513 191.164 590.864 191.164 590.864 245.010 567.513 245.010
567.555 199.521 591.058 199.521 591.058 252.594 567.555 252.594
571.813 198.598 595.128 198.598 595.128 251.247 571.813 251.247
572.220 198.403 595.027 198.403 595.027 251.341 572.220 251.341
572.632 197.960 595.260 197.960 595.260 250.591 572.632 250.591
572.318 200.814 594.853 200.814 594.853 253.007 572.318 253.007
573.058 203.102 595.673 203.102 595.673 254.675 573.058 254.675
573.951 202.338 596.645 202.338 596.645 253.473 573.951 253.473
574.824 201.784 597.526 201.784 597.526 252.671 574.824 252.671
579.330 195.502 601.952 195.502 601.952 246.659 579.330 246.659
579.131 189.748 601.621 189.748 601.621 241.053 579.131 241.053
579.521 192.962 602.080 192.962 602.080 244.168 579.521 244.168
588.357 196.739 611.041 196.739 611.041 247.744 588.357 247.744
584.225 195.381 607.118 195.381 607.118 246.072 584.225 246.072
589.229 195.387 612.106 195.387 612.106 245.952 589.229 245.952
602.523 200.475 625.290 200.475 625.290 250.989 602.523 250.989
588.093 190.213 610.893 190.213 610.893 240.841 588.093 240.841
592.250 193.515 615.100 193.515 615.100 244.088 592.250 244.088
591.992 192.001 614.787 192.001 614.787 242.803 591.992 242.803
605.648 202.571 628.297 202.571 628.297 253.753 605.648 253.753
605.329 204.084 627.864 204.084 627.864 255.367 605.329 255.367
605.359 207.803 627.730 207.803 627.730 259.414 605.359 259.414
605.655 211.250 628.042 211.250 628.042 262.971 605.655 262.971
606.401 209.547 628.737 209.547 628.737 261.441 606.401 261.441
606.723 208.426 629.110 208.426 629.110 260.345 606.723 260.345
607.201 208.026 629.468 208.026 629.468 259.979 607.201 259.979
