178.000 108.000 295.000 108.000 295.000 194.000 178.000 194.000
177.648 108.938 294.163 108.938 294.163 194.660 177.648 194.660
177.472 108.150 293.900 108.150 293.900 193.208 177.472 193.208
175.781 109.336 291.962 109.336 291.962 193.374 175.781 193.374
175.879 107.875 291.708 107.875 291.708 191.469 175.879 191.469
175.328 106.865 291.198 106.865 291.198 189.690 175.328 189.690
175.706 106.955 290.947 106.955 290.947 189.313 175.706 189.313
175.239 105.954 290.209 105.954 290.209 187.745 175.239 187.745
174.970 106.570 289.183 106.570 289.183 187.768 174.970 187.768
174.011 104.686 287.282 104.686 287.282 186.226 174.011 186.226
174.356 103.612 287.037 103.612 287.037 185.024 174.356 185.024
175.208 102.503 286.651 102.503 286.651 184.105 175.208 184.105
173.600 102.647 284.000 102.647 284.000 184.458 173.600 184.458
175.397 101.175 284.339 101.175 284.339 183.350 175.397 183.350
176.020 100.707 284.462 100.707 284.462 182.665 176.020 182.665
176.624 101.682 284.567 101.682 284.567 182.870 176.624 182.870
176.537 98.825 283.492 98.825 283.492 180.298 176.537 180.298
176.086 100.155 282.856 100.155 282.856 181.013 176.086 181.013
176.438 97.146 282.270 97.146 282.270 177.926 176.438 177.926
177.210 98.239 282.743 98.239 282.743 178.295 177.210 178.295
178.630 96.122 283.122 96.122 283.122 176.385 178.630 176.385
177.990 95.432 281.656 95.432 281.656 175.091 177.990 175.091
180.095 95.556 283.290 95.556 283.290 174.618 180.095 174.618
180.307 94.176 283.098 94.176 283.098 172.885 180.307 172.885
186.744 91.442 289.212 91.442 289.212 170.452 186.744 170.452
190.383 88.830 293.026 88.830 293.026 167.988 190.383 167.988
193.746 87.575 297.510 87.575 297.510 166.336 193.746 166.336
195.546 86.330 300.216 86.330 300.216 164.641 195.546 164.641
193.449 85.159 298.658 85.159 298.658 163.219 193.449 163.219
195.138 86.888 300.497 86.888 300.497 164.956 195.138 164.956
196.298 84.139 302.003 84.139 302.003 162.628 196.298 162.628
198.051 85.731 304.538 85.731 304.538 164.023 198.051 164.023
197.597 83.544 305.835 83.544 305.835 161.366 197.597 161.366
199.701 82.366 307.972 82.366 307.972 160.710 199.701 160.710
202.126 83.389 311.599 83.389 311.599 161.359 202.126 161.359
202.449 83.260 312.908 83.260 312.908 160.870 202.449 160.870
203.307 83.872 314.816 83.872 314.816 161.347 203.307 161.347
203.943 82.338 317.558 82.338 317.558 159.518 203.943 159.518
204.538 83.242 319.646 83.242 319.646 159.966 204.538 159.966
206.098 82.991 321.934 82.991 321.934 159.538 206.098 159.538
205.757 82.110 322.855 82.110 322.855 158.327 205.757 158.327
207.551 81.777 324.707 81.777 324.707 157.742 207.551 157.742
207.999 81.203 325.868 81.203 325.868 156.906 207.999 156.906
209.541 82.047 327.329 82.047 327.329 157.772 209.541 157.772
210.177 80.581 327.706 80.581 327.706 156.447 210.177 156.447
210.239 81.525 327.583 81.525 327.583 157.432 210.239 157.432
212.474 81.479 328.910 81.479 328.910 157.358 212.474 157.358
215.176 81.167 330.519 81.167 330.519 156.957 215.176 156.957
217.758 80.321 332.362 80.321 332.362 156.093 217.758 156.093
218.397 78.516 332.745 78.516 332.745 154.098 218.397 154.098
221.049 79.483 335.457 79.483 335.457 154.339 221.049 154.339
226.031 79.383 340.753 79.383 340.753 153.700 226.031 153.700
224.137 78.420 338.683 78.420 338.683 153.256 224.137 153.256
229.384 78.262 344.189 78.262 344.189 152.435 229.384 152.435
228.958 77.319 342.860 77.319 342.860 152.065 228.958 152.065
235.577 77.005 349.768 77.005 349.768 150.966 235.577 150.966
234.010 75.617 347.680 75.617 347.680 150.239 234.010 150.239
237.527 73.573 350.783 73.573 350.783 148.478 237.527 148.478
239.323 72.013 351.701 72.013 351.701 147.739 239.323 147.739
244.020 71.473 356.189 71.473 356.189 148.081 244.020 148.081
245.994 72.535 358.268 72.535 358.268 149.656 245.994 149.656
247.635 70.192 359.420 70.192 359.420 147.803 247.635 147.803
252.050 68.043 363.629 68.043 363.629 146.317 252.050 146.317
256.008 68.459 367.568 68.459 367.568 147.374 256.008 147.374
258.219 69.440 370.281 69.440 370.281 148.211 258.219 148.211
259.575 66.951 372.133 66.951 372.133 145.653 259.575 145.653
264.494 67.913 376.493 67.913 376.493 147.128 264.494 147.128
265.941 66.195 378.059 66.195 378.059 145.613 265.941 145.613
268.794 65.886 380.698 65.886 380.698 145.764 268.794 145.764
272.345 65.306 384.125 65.306 384.125 145.552 272.345 145.552
275.744 65.443 387.275 65.443 387.275 145.673 275.744 145.673
277.571 63.671 388.688 63.671 388.688 144.552 277.571 144.552
281.150 60.826 391.935 60.826 391.935 142.432 281.150 142.432
283.212 63.508 394.355 63.508 394.355 144.785 283.212 144.785
286.537 60.711 397.274 60.711 397.274 142.787 286.537 142.787
289.198 61.898 400.004 61.898 400.004 144.127 289.198 144.127
292.509 60.928 403.228 60.928 403.228 143.390 292.509 143.390
293.034 61.457 403.819 61.457 403.819 143.723 293.034 143.723
293.088 62.375 404.240 62.375 404.240 144.233 293.088 144.233
297.126 60.706 407.981 60.706 407.981 142.664 297.126 142.664
298.915 62.049 409.410 62.049 409.410 144.237 298.915 144.237
301.413 61.347 412.116 61.347 412.116 143.457 301.413 143.457
303.857 62.252 414.992 62.252 414.992 144.027 303.857 144.027
307.063 62.406 418.033 62.406 418.033 144.127 307.063 144.127
311.180 61.978 421.582 61.978 421.582 143.821 311.180 143.821
313.473 62.326 423.729 62.326 423.729 144.123 313.473 144.123
317.992 61.662 427.364 61.662 427.364 143.564 317.992 143.564
323.339 64.754 433.106 64.754 433.106 145.893 323.339 145.893
329.032 64.462 438.443 64.462 438.443 145.082 329.032 145.082
333.054 65.680 443.355 65.680 443.355 145.030 333.054 145.030
336.046 66.088 447.048 66.088 447.048 144.335 336.046 144.335
341.474 65.559 452.647 65.559 452.647 143.339 341.474 143.339
348.394 66.540 459.421 66.540 459.421 144.179 348.394 144.179
351.182 66.222 462.342 66.222 462.342 143.181 351.182 143.181
359.897 67.038 474.156 67.038 474.156 141.851 359.897 141.851
358.432 67.213 474.371 67.213 474.371 141.116 358.432 141.116
365.164 68.684 483.074 68.684 483.074 141.134 365.164 141.134
364.186 67.804 482.534 67.804 482.534 140.164 364.186 140.164
372.705 68.540 492.088 68.540 492.088 140.273 372.705 140.273
370.076 68.548 490.022 68.548 490.022 139.956 370.076 139.956
380.507 68.473 501.479 68.473 501.479 139.514 380.507 139.514
390.953 68.856 512.663 68.856 512.663 139.550 390.953 139.550
389.295 69.191 511.469 69.191 511.469 139.945 389.295 139.945
390.318 69.292 512.453 69.292 512.453 140.128 390.318 140.128
402.302 69.880 525.050 69.880 525.050 140.662 402.302 140.662
401.700 70.436 525.261 70.436 525.261 141.211 401.700 141.211
401.865 70.059 525.516 70.059 525.516 141.061 401.865 141.061
401.262 69.597 524.892 69.597 524.892 140.710 401.262 140.710
403.425 69.234 526.616 69.234 526.616 140.577 403.425 140.577
416.236 69.027 539.720 69.027 539.720 140.148 416.236 140.148
417.402 69.971 541.261 69.971 541.261 140.657 417.402 140.657
407.991 69.839 531.159 69.839 531.159 140.546 407.991 140.546
410.127 71.058 532.727 71.058 532.727 141.772 410.127 141.772
411.781 70.908 533.917 70.908 533.917 141.427 411.781 141.427
412.502 71.274 534.261 71.274 534.261 141.546 412.502 141.546
415.492 72.549 537.032 72.549 537.032 142.479 415.492 142.479
417.955 74.003 539.421 74.003 539.421 143.568 417.955 143.568
418.926 73.936 540.840 73.936 540.840 143.059 418.926 143.059
459.171 61.855 582.199 61.855 582.199 131.957 459.171 131.957
460.967 62.703 585.464 62.703 585.464 133.915 460.967 133.915
470.837 63.075 596.207 63.075 596.207 135.395 470.837 135.395
467.917 63.462 594.561 63.462 594.561 136.512 467.917 136.512
466.801 64.080 595.227 64.080 595.227 137.735 466.801 137.735
464.000 63.658 594.599 63.658 594.599 137.852 464.000 137.852
460.975 63.669 593.223 63.669 593.223 138.662 460.975 138.662
460.662 63.619 594.172 63.619 594.172 139.642 460.662 139.642
458.813 63.290 593.939 63.290 593.939 140.204 458.813 140.204
457.070 62.523 593.819 62.523 593.819 140.530 457.070 140.530
456.787 61.685 594.579 61.685 594.579 140.809 456.787 140.809
456.470 61.506 595.284 61.506 595.284 141.370 456.470 141.370
445.725 61.338 586.147 61.338 586.147 141.415 445.725 141.415
448.196 60.936 590.154 60.936 590.154 141.810 448.196 141.810
448.800 60.464 591.910 60.464 591.910 142.156 448.800 142.156
448.432 61.456 592.761 61.456 592.761 143.812 448.432 143.812
446.934 61.163 592.804 61.163 592.804 144.269 446.934 144.269
445.097 60.018 592.695 60.018 592.695 143.756 445.097 143.756
443.588 60.991 593.488 60.991 593.488 145.000 443.588 145.000
430.308 60.954 581.582 60.954 581.582 144.960 430.308 144.960
432.271 60.806 584.811 60.806 584.811 145.079 432.271 145.079
434.082 60.940 587.903 60.940 587.903 145.446 434.082 145.446
435.675 60.518 590.530 60.518 590.530 145.475 435.675 145.475
423.947 61.263 579.738 61.263 579.738 146.155 423.947 146.155
426.464 59.946 582.980 59.946 582.980 145.359 426.464 145.359
429.295 60.388 586.746 60.388 586.746 146.053 429.295 146.053
430.699 59.241 589.084 59.241 589.084 145.534 430.699 145.534
433.183 58.979 592.608 58.979 592.608 145.871 433.183 145.871
434.277 59.515 594.838 59.515 594.838 146.857 434.277 146.857
423.022 60.289 584.715 60.289 584.715 147.566 423.022 147.566
