59.000 382.000 102.000 382.000 102.000 448.000 59.000 448.000
60.482 386.100 103.765 386.100 103.765 452.088 60.482 452.088
59.938 383.500 103.578 383.500 103.578 449.216 59.938 449.216
59.471 382.854 103.588 382.854 103.588 448.483 59.471 448.483
59.493 382.670 103.953 382.670 103.953 448.141 59.493 448.141
59.669 380.083 104.147 380.083 104.147 445.752 59.669 445.752
59.943 380.385 104.437 380.385 104.437 446.400 59.943 446.400
60.209 380.527 104.982 380.527 104.982 446.816 60.209 446.816
60.551 379.398 105.365 379.398 105.365 446.060 60.551 446.060
62.985 379.178 107.725 379.178 107.725 446.116 62.985 446.116
64.347 377.626 108.977 377.626 108.977 444.953 64.347 444.953
65.991 375.212 110.668 375.212 110.668 442.986 65.991 442.986
66.074 373.822 110.868 373.822 110.868 442.054 66.074 442.054
66.687 373.290 111.731 373.290 111.731 441.786 66.687 441.786
66.909 373.976 112.395 373.976 112.395 442.427 66.909 442.427
66.975 372.605 112.636 372.605 112.636 441.494 66.975 441.494
68.698 369.870 114.247 369.870 114.247 439.648 68.698 439.648
68.843 369.692 114.283 369.692 114.283 440.063 68.843 440.063
70.257 367.016 115.586 367.016 115.586 437.937 70.257 437.937
70.953 366.979 116.338 366.979 116.338 438.039 70.953 438.039
72.082 367.263 117.334 367.263 117.334 438.721 72.082 438.721
73.951 366.527 119.031 366.527 119.031 438.467 73.951 438.467
75.814 365.658 121.060 365.658 121.060 437.967 75.814 437.967
77.607 364.450 122.758 364.450 122.758 437.069 77.607 437.069
79.874 360.001 125.043 360.001 125.043 433.023 79.874 433.023
80.037 359.614 125.480 359.614 125.480 432.405 80.037 432.405
80.848 360.218 126.448 360.218 126.448 432.803 80.848 432.803
81.609 358.895 127.212 358.895 127.212 431.731 81.609 431.731
81.429 358.939 127.183 358.939 127.183 431.723 81.429 431.723
82.250 358.151 128.046 358.151 128.046 430.994 82.250 430.994
82.443 356.443 128.067 356.443 128.067 429.842 82.443 429.842
82.780 352.662 127.873 352.662 127.873 426.667 82.780 426.667
83.914 350.846 129.055 350.846 129.055 424.565 83.914 424.565
85.088 346.905 129.658 346.905 129.658 421.312 85.088 421.312
85.385 344.456 129.946 344.456 129.946 418.984 85.385 418.984
85.014 342.078 129.347 342.078 129.347 416.767 85.014 416.767
86.369 340.504 130.361 340.504 130.361 415.314 86.369 415.314
86.170 339.891 130.205 339.891 130.205 414.486 86.170 414.486
85.308 338.876 129.213 338.876 129.213 413.322 85.308 413.322
84.586 338.223 128.543 338.223 128.543 412.546 84.586 412.546
83.778 336.862 127.824 336.862 127.824 411.064 83.778 411.064
82.757 335.010 126.693 335.010 126.693 409.016 82.757 409.016
82.320 335.698 126.426 335.698 126.426 409.204 82.320 409.204
82.399 335.694 126.594 335.694 126.594 408.857 82.399 408.857
82.137 335.815 126.356 335.815 126.356 408.678 82.137 408.678
81.818 337.028 126.268 337.028 126.268 409.217 81.818 409.217
81.791 336.286 126.160 336.286 126.160 408.247 81.791 408.247
81.492 334.792 125.674 334.792 125.674 406.804 81.492 406.804
81.008 334.523 125.142 334.523 125.142 406.263 81.008 406.263
81.006 333.944 124.934 333.944 124.934 405.826 81.006 405.826
80.665 331.982 124.546 331.982 124.546 404.107 80.665 404.107
80.793 331.366 124.882 331.366 124.882 403.179 80.793 403.179
80.103 331.123 124.231 331.123 124.231 402.743 80.103 402.743
78.810 332.169 123.327 332.169 123.327 403.383 78.810 403.383
77.672 332.564 122.248 332.564 122.248 403.485 77.672 403.485
76.730 330.976 121.038 330.976 121.038 402.148 76.730 402.148
76.361 331.118 120.648 331.118 120.648 402.098 76.361 402.098
76.374 329.512 120.489 329.512 120.489 400.704 76.374 400.704
75.900 328.727 119.928 328.727 119.928 399.610 75.900 399.610
76.559 328.203 120.795 328.203 120.795 398.756 76.559 398.756
77.129 328.447 121.320 328.447 121.320 398.728 77.129 398.728
77.174 327.550 121.461 327.550 121.461 397.616 77.174 397.616
78.274 327.968 122.555 327.968 122.555 397.775 78.274 397.775
79.472 326.256 123.485 326.256 123.485 396.297 79.472 396.297
80.547 324.749 124.782 324.749 124.782 394.550 80.547 394.550
80.313 323.512 124.474 323.512 124.474 393.413 80.313 393.413
81.314 323.868 125.783 323.868 125.783 393.457 81.314 393.457
80.692 323.270 125.310 323.270 125.310 392.662 80.692 392.662
80.139 322.895 124.538 322.895 124.538 392.296 80.139 392.296
79.762 321.362 123.747 321.362 123.747 390.963 79.762 390.963
80.510 320.051 124.277 320.051 124.277 389.766 80.510 389.766
80.528 320.034 124.354 320.034 124.354 389.543 80.528 389.543
81.256 319.699 125.000 319.699 125.000 389.019 81.256 389.019
81.909 319.330 125.686 319.330 125.686 388.401 81.909 388.401
83.105 317.708 126.406 317.708 126.406 387.430 83.105 387.430
83.319 315.987 126.530 315.987 126.530 385.805 83.319 385.805
83.395 314.787 126.363 314.787 126.363 384.668 83.395 384.668
84.203 315.367 127.222 315.367 127.222 385.287 84.203 385.287
84.087 315.079 127.022 315.079 127.022 384.847 84.087 384.847
83.600 314.046 126.224 314.046 126.224 383.967 83.600 383.967
84.287 313.519 126.652 313.519 126.652 383.465 84.287 383.465
84.845 311.653 126.856 311.653 126.856 381.719 84.845 381.719
86.735 311.668 128.646 311.668 128.646 381.615 86.735 381.615
87.655 310.443 129.464 310.443 129.464 380.499 87.655 380.499
89.847 309.945 131.269 309.945 131.269 380.180 89.847 380.180
91.263 308.330 132.466 308.330 132.466 378.641 91.263 378.641
91.411 307.907 132.618 307.907 132.618 377.847 91.411 377.847
91.880 308.684 133.014 308.684 133.014 378.383 91.880 378.383
91.302 308.693 132.202 308.693 132.202 378.432 91.302 378.432
90.435 306.210 130.805 306.210 130.805 376.444 90.435 376.444
90.039 306.140 130.455 306.140 130.455 376.045 90.039 376.045
90.859 305.887 131.269 305.887 131.269 375.555 90.859 375.555
91.860 305.715 132.349 305.715 132.349 375.085 91.860 375.085
93.539 304.977 133.835 304.977 133.835 374.511 93.539 374.511
94.170 303.670 134.028 303.670 134.028 373.425 94.170 373.425
95.584 301.738 135.186 301.738 135.186 371.567 95.584 371.567
96.183 301.426 135.887 301.426 135.887 370.942 96.183 370.942
95.665 301.636 135.532 301.636 135.532 370.859 95.665 370.859
95.617 301.392 135.654 301.392 135.654 370.340 95.617 370.340
95.989 300.844 135.927 300.844 135.927 369.601 95.989 369.601
95.239 299.471 135.150 299.471 135.150 368.176 95.239 368.176
95.631 298.000 135.424 298.000 135.424 366.598 95.631 366.598
95.886 296.787 135.692 296.787 135.692 364.980 95.886 364.980
95.697 296.780 135.510 296.780 135.510 364.374 95.697 364.374
96.831 297.756 136.776 297.756 136.776 364.788 96.831 364.788
97.336 297.784 137.254 297.784 137.254 364.367 97.336 364.367
97.271 297.188 137.137 297.188 137.137 363.491 97.271 363.491
98.254 296.153 138.072 296.153 138.072 362.334 98.254 362.334
99.490 295.787 138.994 295.787 138.994 361.930 99.490 361.930
99.979 293.816 139.341 293.816 139.341 360.023 99.979 360.023
101.065 293.365 140.370 293.365 140.370 359.574 101.065 359.574
101.084 293.289 140.340 293.289 140.340 359.206 101.084 359.206
101.279 293.013 140.560 293.013 140.560 358.653 101.279 358.653
100.632 292.034 139.619 292.034 139.619 357.775 100.632 357.775
100.375 291.047 139.281 291.047 139.281 356.848 100.375 356.848
100.813 292.746 140.005 292.746 140.005 357.916 100.813 357.916
100.791 291.881 139.853 291.881 139.853 356.962 100.791 356.962
100.630 290.698 139.654 290.698 139.654 355.719 100.630 355.719
102.707 290.600 141.913 290.600 141.913 355.288 102.707 355.288
104.433 289.447 143.591 289.447 143.591 354.112 104.433 354.112
104.883 287.175 143.700 287.175 143.700 352.241 104.883 352.241
105.337 286.795 143.895 286.795 143.895 351.942 105.337 351.942
104.773 286.679 143.474 286.679 143.474 351.325 104.773 351.325
103.615 287.843 142.213 287.843 142.213 352.118 103.615 352.118
103.156 286.318 141.568 286.318 141.568 350.670 103.156 350.670
102.912 285.222 141.057 285.222 141.057 349.597 102.912 349.597
102.975 284.652 141.070 284.652 141.070 348.844 102.975 348.844
104.068 284.265 141.893 284.265 141.893 348.274 104.068 348.274
105.273 285.140 143.167 285.140 143.167 348.733 105.273 348.733
106.436 284.982 144.019 284.982 144.019 348.475 106.436 348.475
107.521 283.850 144.615 283.850 144.615 347.662 107.521 347.662
108.533 284.318 145.169 284.318 145.169 348.257 108.533 348.257
108.625 283.484 145.038 283.484 145.038 347.559 108.625 347.559
108.720 284.513 145.184 284.513 145.184 348.221 108.720 348.221
108.335 283.992 144.818 283.992 144.818 347.487 108.335 347.487
108.344 283.751 144.783 283.751 144.783 346.878 108.344 346.878
108.244 282.829 144.390 282.829 144.390 345.993 108.244 345.993
108.316 282.487 144.407 282.487 144.407 345.286 108.316 345.286
108.835 281.928 144.818 281.928 144.818 344.478 108.835 344.478
112.663 282.693 148.651 282.693 148.651 344.942 112.663 344.942
112.784 278.130 149.230 278.130 149.230 339.522 112.784 339.522
114.186 278.872 150.448 278.872 150.448 340.188 114.186 340.188
115.059 279.231 151.133 279.231 151.133 340.495 115.059 340.495
118.769 278.600 154.900 278.600 154.900 339.867 118.769 339.867
118.213 278.938 153.984 278.938 153.984 340.122 118.213 340.122
118.282 278.996 153.748 278.996 153.748 340.156 118.282 340.156
123.696 279.002 158.978 279.002 158.978 340.179 123.696 340.179
123.452 277.832 158.477 277.832 158.477 338.978 123.452 338.978
123.479 279.503 158.394 279.503 158.394 340.203 123.479 340.203
123.332 278.935 157.733 278.935 157.733 339.867 123.332 339.867
126.768 273.152 161.317 273.152 161.317 333.528 126.768 333.528
126.351 274.169 160.695 274.169 160.695 334.337 126.351 334.337
126.058 274.240 160.343 274.240 160.343 334.144 126.058 334.144
125.537 273.668 159.687 273.668 159.687 333.425 125.537 333.425
125.492 272.900 159.676 272.900 159.676 332.588 125.492 332.588
125.306 271.150 159.140 271.150 159.140 331.001 125.306 331.001
124.971 271.059 158.871 271.059 158.871 330.648 124.971 330.648
124.078 270.896 158.188 270.896 158.188 330.142 124.078 330.142
123.950 270.566 157.896 270.566 157.896 329.799 123.950 329.799
124.781 269.734 158.784 269.734 158.784 328.920 124.781 328.920
125.033 268.276 158.786 268.276 158.786 327.660 125.033 327.660
126.004 267.488 159.725 267.488 159.725 326.826 126.004 326.826
126.373 266.186 160.185 266.186 160.185 325.464 126.373 325.464
126.878 266.154 160.817 266.154 160.817 325.349 126.878 325.349
127.279 264.982 161.363 264.982 161.363 323.990 127.279 323.990
127.231 265.824 161.456 265.824 161.456 324.746 127.231 324.746
127.804 266.309 161.877 266.309 161.877 325.377 127.804 325.377
129.318 266.926 163.229 266.926 163.229 326.071 129.318 326.071
129.547 266.101 163.338 266.101 163.338 325.631 129.547 325.631
130.138 265.848 163.815 265.848 163.815 325.445 130.138 325.445
130.648 264.799 164.169 264.799 164.169 324.531 130.648 324.531
131.629 264.211 164.985 264.211 164.985 324.039 131.629 324.039
131.664 263.975 165.118 263.975 165.118 323.847 131.664 323.847
132.379 262.736 165.622 262.736 165.622 322.714 132.379 322.714
132.415 261.047 165.588 261.047 165.588 321.024 132.415 321.024
132.203 259.986 165.259 259.986 165.259 319.839 132.203 319.839
132.554 260.806 165.747 260.806 165.747 320.374 132.554 320.374
133.608 260.965 166.610 260.965 166.610 320.744 133.608 320.744
134.654 259.948 167.469 259.948 167.469 320.009 134.654 320.009
135.598 258.976 168.376 258.976 168.376 319.119 135.598 319.119
135.950 257.854 168.818 257.854 168.818 317.935 135.950 317.935
136.138 257.456 169.311 257.456 169.311 317.074 136.138 317.074
135.199 257.259 168.570 257.259 168.570 316.575 135.199 316.575
135.143 257.017 168.026 257.017 168.026 316.654 135.143 316.654
135.354 256.471 168.013 256.471 168.013 316.128 135.354 316.128
136.261 256.839 168.709 256.839 168.709 316.472 136.261 316.472
136.579 257.117 168.790 257.117 168.790 316.861 136.579 316.861
137.264 257.187 169.322 257.187 169.322 316.918 137.264 316.918
141.698 255.824 173.492 255.824 173.492 315.835 141.698 315.835
141.865 254.980 173.363 254.980 173.363 315.281 141.865 315.281
142.242 253.337 173.687 253.337 173.687 313.681 142.242 313.681
142.573 253.456 174.208 253.456 174.208 313.278 142.573 313.278
142.225 252.399 173.845 252.399 173.845 312.016 142.225 312.016
142.525 251.017 173.995 251.017 173.995 310.559 142.525 310.559
143.210 249.386 174.768 249.386 174.768 308.443 143.210 308.443
143.260 249.522 174.901 249.522 174.901 308.261 143.260 308.261
143.861 248.934 175.565 248.934 175.565 307.481 143.861 307.481
145.617 249.117 177.341 249.117 177.341 307.409 145.617 307.409
147.361 248.813 179.079 248.813 179.079 306.963 147.361 306.963
150.713 248.615 182.554 248.615 182.554 306.563 150.713 306.563
152.114 247.498 183.870 247.498 183.870 305.208 152.114 305.208
153.464 246.232 184.824 246.232 184.824 304.142 153.464 304.142
155.199 245.418 186.315 245.418 186.315 303.487 155.199 303.487
155.565 244.898 186.647 244.898 186.647 302.876 155.565 302.876
157.261 245.145 188.430 245.145 188.430 302.980 157.261 302.980
158.016 245.349 189.233 245.349 189.233 303.225 158.016 303.225
159.170 244.988 190.455 244.988 190.455 302.719 159.170 302.719
160.133 245.048 191.334 245.048 191.334 302.562 160.133 302.562
161.219 244.052 192.328 244.052 192.328 301.571 161.219 301.571
161.866 243.744 193.006 243.744 193.006 301.224 161.866 301.224
161.874 243.403 193.094 243.403 193.094 300.617 161.874 300.617
162.365 242.869 193.619 242.869 193.619 299.871 162.365 299.871
161.807 242.551 192.991 242.551 192.991 299.655 161.807 299.655
162.160 242.207 193.269 242.207 193.269 299.271 162.160 299.271
161.705 241.310 192.829 241.310 192.829 298.276 161.705 298.276
162.528 241.122 193.726 241.122 193.726 297.905 162.528 297.905
162.481 240.919 193.518 240.919 193.518 297.743 162.481 297.743
162.710 240.840 193.716 240.840 193.716 297.710 162.710 297.710
163.520 240.024 194.627 240.024 194.627 296.667 163.520 296.667
163.902 240.075 194.898 240.075 194.898 296.712 163.902 296.712
164.999 240.176 195.769 240.176 195.769 296.973 164.999 296.973
165.334 240.401 195.999 240.401 195.999 297.268 165.334 297.268
165.831 240.071 196.376 240.071 196.376 297.121 165.831 297.121
167.018 239.704 197.216 239.704 197.216 297.260 167.018 297.260
166.628 240.352 196.848 240.352 196.848 297.936 166.628 297.936
167.063 239.863 197.097 239.863 197.097 297.561 167.063 297.561
166.899 240.170 196.848 240.170 196.848 297.896 166.899 297.896
167.309 241.079 197.266 241.079 197.266 298.592 167.309 298.592
167.561 239.797 197.394 239.797 197.394 297.548 167.561 297.548
167.832 239.295 197.577 239.295 197.577 297.198 167.832 297.198
167.992 239.164 197.684 239.164 197.684 296.868 167.992 296.868
167.852 238.350 197.317 238.350 197.317 296.180 167.852 296.180
168.088 238.242 197.451 238.242 197.451 296.061 168.088 296.061
167.832 239.220 197.162 239.220 197.162 296.926 167.832 296.926
167.839 239.599 197.225 239.599 197.225 297.312 167.839 297.312
167.813 239.837 197.040 239.837 197.040 297.702 167.813 297.702
167.882 238.736 196.958 238.736 196.958 296.904 167.882 296.904
167.568 242.794 196.641 242.794 196.641 301.087 167.568 301.087
171.706 242.453 200.853 242.453 200.853 300.817 171.706 300.817
171.160 242.158 200.246 242.158 200.246 300.609 171.160 300.609
170.072 237.578 199.215 237.578 199.215 295.878 170.072 295.878
169.625 237.218 198.764 237.218 198.764 295.679 169.625 295.679
169.513 242.857 198.772 242.857 198.772 301.327 169.513 301.327
169.209 242.504 198.350 242.504 198.350 301.131 169.209 301.131
168.814 237.139 197.999 237.139 197.999 295.752 168.814 295.752
168.617 238.210 197.958 238.210 197.958 296.819 168.617 296.819
168.259 238.175 197.562 238.175 197.562 296.948 168.259 296.948
167.914 238.075 197.217 238.075 197.217 297.034 167.914 297.034
167.685 237.634 196.958 237.634 196.958 296.815 167.685 296.815
167.859 238.693 197.249 238.693 197.249 297.816 167.859 297.816
167.606 238.652 197.043 238.652 197.043 297.880 167.606 297.880
167.679 238.400 197.159 238.400 197.159 297.805 167.679 297.805
167.527 238.003 197.042 238.003 197.042 297.508 167.527 297.508
167.281 237.706 196.908 237.706 196.908 297.119 167.281 297.119
162.242 237.237 191.930 237.237 191.930 296.770 162.242 296.770
162.724 238.053 192.502 238.053 192.502 297.640 162.724 297.640
162.364 237.651 192.119 237.651 192.119 297.469 162.364 297.469
167.832 237.410 197.550 237.410 197.550 297.370 167.832 297.370
167.433 237.217 197.147 237.217 197.147 297.267 167.433 297.267
166.871 237.754 196.705 237.754 196.705 297.769 166.871 297.769
161.537 242.775 191.309 242.775 191.309 302.979 161.537 302.979
161.684 241.096 191.431 241.096 191.431 301.390 161.684 301.390
161.757 235.005 191.562 235.005 191.562 295.425 161.757 295.425
161.502 236.463 191.415 236.463 191.415 296.798 161.502 296.798
161.579 236.841 191.660 236.841 191.660 297.077 161.579 297.077
161.695 241.835 191.955 241.835 191.955 301.734 161.695 301.734
162.082 240.532 192.337 240.532 192.337 300.415 162.082 300.415
162.870 238.698 193.168 238.698 193.168 298.405 162.870 298.405
163.078 238.061 193.402 238.061 193.402 297.660 163.078 297.660
163.382 237.153 193.717 237.153 193.717 296.790 163.382 296.790
164.064 236.467 194.527 236.467 194.527 295.808 164.064 295.808
165.456 235.697 195.879 235.697 195.879 295.030 165.456 295.030
192.305 238.276 222.771 238.276 222.771 298.025 192.305 298.025
191.570 236.263 222.081 236.263 222.081 296.388 191.570 296.388
195.835 234.336 226.337 234.336 226.337 295.119 195.835 295.119
194.369 233.644 225.005 233.644 225.005 294.682 194.369 294.682
194.702 231.614 225.198 231.614 225.198 293.091 194.702 293.091
198.510 232.144 228.992 232.144 228.992 293.810 198.510 293.810
196.917 231.279 227.530 231.279 227.530 293.087 196.917 293.087
196.719 231.044 227.246 231.044 227.246 292.923 196.719 292.923
196.378 229.853 226.972 229.853 226.972 291.624 196.378 291.624
200.849 229.863 231.299 229.863 231.299 291.737 200.849 291.737
199.672 230.087 230.058 230.087 230.058 291.948 199.672 291.948
198.275 229.070 228.565 229.070 228.565 290.920 198.275 290.920
197.793 228.230 228.053 228.230 228.053 289.776 197.793 289.776
201.987 228.750 232.085 228.750 232.085 290.464 201.987 290.464
200.051 228.824 230.010 228.824 230.010 290.872 200.051 290.872
200.025 228.969 230.002 228.969 230.002 290.966 200.025 290.966
201.032 228.909 230.891 228.909 230.891 290.857 201.032 290.857
201.357 229.462 231.116 229.462 231.116 291.495 201.357 291.495
201.576 227.893 231.249 227.893 231.249 290.126 201.576 290.126
202.019 227.418 231.903 227.418 231.903 289.393 202.019 289.393
202.677 227.946 232.799 227.946 232.799 289.665 202.677 289.665
203.278 226.467 233.264 226.467 233.264 288.320 203.278 288.320
203.525 224.418 233.303 224.418 233.303 286.301 203.525 286.301
204.442 225.175 234.198 225.175 234.198 286.761 204.442 286.761
204.722 226.267 234.625 226.267 234.625 287.423 204.722 287.423
204.803 224.840 234.483 224.840 234.483 286.211 204.803 286.211
205.152 224.361 234.704 224.361 234.704 285.755 205.152 285.755
205.386 223.923 234.818 223.923 234.818 285.530 205.386 285.530
204.700 223.442 233.992 223.442 233.992 285.135 204.700 285.135
204.623 222.578 233.905 222.578 233.905 284.284 204.623 284.284
204.150 221.490 233.418 221.490 233.418 283.027 204.150 283.027
204.796 221.509 234.189 221.509 234.189 282.867 204.796 282.867
205.249 222.165 234.430 222.165 234.430 283.459 205.249 283.459
205.601 221.986 234.688 221.986 234.688 283.304 205.601 283.304
205.783 219.881 234.882 219.881 234.882 281.321 205.783 281.321
206.281 220.038 235.593 220.038 235.593 281.085 206.281 281.085
206.295 220.881 235.526 220.881 235.526 281.674 206.295 281.674
206.214 220.009 235.445 220.009 235.445 280.724 206.214 280.724
206.158 220.013 235.463 220.013 235.463 280.567 206.158 280.567
205.948 220.539 235.245 220.539 235.245 280.955 205.948 280.955
205.850 220.861 235.104 220.861 235.104 281.195 205.850 281.195
205.352 220.164 234.405 220.164 234.405 280.536 205.352 280.536
204.732 220.248 233.878 220.248 233.878 280.284 204.732 280.284
204.626 220.355 233.867 220.355 233.867 280.016 204.626 280.016
205.149 220.137 234.560 220.137 234.560 279.606 205.149 279.606
205.405 220.129 235.070 220.129 235.070 279.408 205.405 279.408
205.614 220.681 235.472 220.681 235.472 279.755 205.614 279.755
205.645 220.120 235.591 220.120 235.591 279.048 205.645 279.048
205.582 220.878 235.777 220.878 235.777 279.569 205.582 279.569
205.390 221.025 235.665 221.025 235.665 279.537 205.390 279.537
210.413 219.510 240.561 219.510 240.561 278.097 210.413 278.097
210.871 220.874 241.065 220.874 241.065 279.128 210.871 279.128
211.349 221.294 241.476 221.294 241.476 279.480 211.349 279.480
212.319 221.597 242.488 221.597 242.488 279.552 212.319 279.552
212.674 220.421 242.794 220.421 242.794 278.222 212.674 278.222
213.279 220.864 243.258 220.864 243.258 278.426 213.279 278.426
213.623 220.389 243.552 220.389 243.552 277.845 213.623 277.845
218.061 216.127 247.787 216.127 247.787 273.092 218.061 273.092
218.206 216.349 247.678 216.349 247.678 273.164 218.206 273.164
218.982 216.409 248.240 216.409 248.240 273.152 218.982 273.152
218.989 216.151 248.154 216.151 248.154 272.637 218.989 272.637
219.289 216.415 248.362 216.415 248.362 272.583 219.289 272.583
219.772 216.254 248.772 216.254 248.772 272.069 219.772 272.069
223.223 216.457 252.074 216.457 252.074 272.005 223.223 272.005
222.998 217.648 251.702 217.648 251.702 272.951 222.998 272.951
223.646 217.202 252.213 217.202 252.213 272.557 223.646 272.557
227.396 217.890 255.678 217.890 255.678 273.118 227.396 273.118
227.061 217.126 254.984 217.126 254.984 272.238 227.061 272.238
226.762 217.954 254.727 217.954 254.727 272.852 226.762 272.852
226.669 217.098 254.565 217.098 254.565 271.859 226.669 271.859
226.615 216.506 254.497 216.506 254.497 270.906 226.615 270.906
226.685 216.344 254.493 216.344 254.493 270.288 226.685 270.288
226.874 216.438 254.762 216.438 254.762 269.829 226.874 269.829
227.374 216.799 255.392 216.799 255.392 269.712 227.374 269.712
228.173 217.187 255.988 217.187 255.988 269.982 228.173 269.982
232.711 215.892 260.090 215.892 260.090 268.790 232.711 268.790
233.232 215.096 260.421 215.096 260.421 267.796 233.232 267.796
237.434 215.058 264.385 215.058 264.385 267.903 237.434 267.903
236.403 214.614 263.194 214.614 263.194 267.418 236.403 267.418
236.189 214.887 262.869 214.887 262.869 267.499 236.189 267.499
235.670 213.604 262.181 213.604 262.181 266.172 235.670 266.172
235.563 213.813 261.922 213.813 261.922 265.988 235.563 265.988
235.573 213.225 262.018 213.225 262.018 264.974 235.573 264.974
235.680 214.905 262.107 214.905 262.107 266.124 235.680 266.124
236.507 215.001 262.797 215.001 262.797 266.028 236.507 266.028
237.099 214.266 263.337 214.266 263.337 265.068 237.099 265.068
237.578 213.359 263.647 213.359 263.647 264.042 237.578 264.042
241.743 212.401 267.603 212.401 267.603 263.235 241.743 263.235
241.019 212.294 266.816 212.294 266.816 263.111 241.019 263.111
241.425 212.881 267.222 212.881 267.222 263.546 241.425 263.546
241.435 212.273 267.259 212.273 267.259 262.946 241.435 262.946
241.293 212.367 267.196 212.367 267.196 262.711 241.293 262.711
241.023 211.783 266.973 211.783 266.973 261.924 241.023 261.924
240.745 211.188 266.599 211.188 266.599 261.112 240.745 261.112
240.951 211.384 266.876 211.384 266.876 260.853 240.951 260.853
241.315 211.260 267.093 211.260 267.093 260.622 241.315 260.622
242.042 211.682 267.696 211.682 267.696 260.884 242.042 260.884
242.225 212.750 267.740 212.750 267.740 261.838 242.225 261.838
242.398 211.842 267.545 211.842 267.545 261.282 242.398 261.282
243.049 210.947 268.118 210.947 268.118 260.172 243.049 260.172
243.691 210.487 268.628 210.487 268.628 259.770 243.691 259.770
244.260 209.990 269.351 209.990 269.351 259.076 244.260 259.076
244.098 209.630 269.259 209.630 269.259 258.851 244.098 258.851
244.263 209.130 269.159 209.130 269.159 258.627 244.263 258.627
244.193 208.833 268.832 208.833 268.832 258.389 244.193 258.389
244.021 207.759 268.560 207.759 268.560 257.274 244.021 257.274
245.900 208.259 270.670 208.259 270.670 257.411 245.900 257.411
245.011 209.151 269.793 209.151 269.793 258.130 245.011 258.130
244.219 209.853 269.014 209.853 269.014 258.509 244.219 258.509
244.567 209.513 269.129 209.513 269.129 258.206 244.567 258.206
244.543 208.537 268.959 208.537 268.959 257.225 244.543 257.225
244.690 208.795 268.514 208.795 268.514 257.985 244.690 257.985
244.606 208.274 268.424 208.274 268.424 257.294 244.606 257.294
244.639 208.272 268.502 208.272 268.502 257.058 244.639 257.058
244.728 208.628 268.626 208.628 268.626 257.310 244.728 257.310
244.317 207.838 268.107 207.838 268.107 256.328 244.317 256.328
243.987 208.175 267.873 208.175 267.873 256.307 243.987 256.307
243.706 204.068 267.592 204.068 267.592 252.200 243.706 252.200
243.496 202.408 267.382 202.408 267.382 250.539 243.496 250.539
243.215 200.179 267.102 200.179 267.102 248.309 243.215 248.309
243.612 197.107 267.499 197.107 267.499 245.237 243.612 245.237
243.897 193.273 267.784 193.273 267.784 241.403 243.897 241.403
244.355 191.093 268.242 191.093 268.242 239.222 244.355 239.222
244.426 189.025 268.313 189.025 268.313 237.154 244.426 237.154
244.509 186.350 268.396 186.350 268.396 234.479 244.509 234.479
244.970 183.680 268.857 183.680 268.857 231.808 244.970 231.808
245.090 180.278 268.978 180.278 268.978 228.406 245.090 228.406
245.551 176.231 269.439 176.231 269.439 224.359 245.551 224.359
245.998 172.069 269.886 172.069 269.886 220.196 245.998 220.196
246.675 167.453 270.564 167.453 270.564 215.579 246.675 215.579
247.432 165.988 271.328 165.988 271.328 214.106 247.432 214.106
247.705 165.957 271.611 165.957 271.611 214.064 247.705 214.064
247.983 162.657 271.890 162.657 271.890 210.763 247.983 210.763
248.037 164.714 271.952 164.714 271.952 212.811 248.037 212.811
248.209 165.209 272.149 165.209 272.149 213.279 248.209 213.279
248.267 165.430 272.217 165.430 272.217 213.489 248.267 213.489
248.473 165.946 272.427 165.946 272.427 214.001 248.473 214.001
248.520 165.498 272.492 165.498 272.492 213.534 248.520 213.534
249.058 165.499 273.034 165.499 273.034 213.529 249.058 213.529
248.993 162.684 272.974 162.684 272.974 210.708 248.993 210.708
249.431 164.472 273.417 164.472 273.417 212.491 249.431 212.491
249.718 165.547 273.708 165.547 273.708 213.561 249.718 213.561
249.986 165.258 273.993 165.258 273.993 213.253 249.986 213.253
250.044 165.627 274.065 165.627 274.065 213.607 250.044 213.607
249.658 163.878 273.684 163.878 273.684 211.851 249.658 211.851
249.405 162.363 273.436 162.363 273.436 210.330 249.405 210.330
249.472 163.998 273.510 163.998 273.510 211.957 249.472 211.957
250.152 165.209 274.195 165.209 274.195 213.163 250.152 213.163
250.363 166.322 274.469 166.322 274.469 214.212 250.363 214.212
250.105 165.579 274.216 165.579 274.216 213.463 250.105 213.463
249.869 163.560 273.982 163.560 273.982 211.442 249.869 211.442
249.694 165.237 273.819 165.237 273.819 213.106 249.694 213.106
249.736 166.521 273.867 166.521 273.867 214.384 249.736 214.384
249.508 166.798 273.646 166.798 273.646 214.652 249.508 214.652
