343.000 249.000 401.000 249.000 401.000 392.000 343.000 392.000
342.640 253.784 402.569 253.784 402.569 393.556 342.640 393.556
343.359 253.459 404.619 253.459 404.619 391.045 343.359 391.045
340.568 257.332 402.713 257.332 402.713 393.335 340.568 393.335
342.868 252.142 405.674 252.142 405.674 386.498 342.868 386.498
339.331 259.847 402.940 259.847 402.940 392.792 339.331 392.792
340.418 251.086 404.064 251.086 404.064 383.089 340.418 383.089
337.995 257.329 401.815 257.329 401.815 388.825 337.995 388.825
339.872 253.299 403.755 253.299 403.755 384.481 339.872 384.481
338.406 255.791 402.437 255.791 402.437 386.690 338.406 386.690
339.199 253.435 403.361 253.435 403.361 384.010 339.199 384.010
337.992 255.371 401.924 255.371 401.924 385.804 337.992 385.804
339.198 253.380 403.160 253.380 403.160 383.934 339.198 383.934
338.181 253.280 401.905 253.280 401.905 383.666 338.181 383.666
339.428 253.728 403.048 253.728 403.048 384.010 339.428 384.010
339.164 250.092 402.808 250.092 402.808 379.725 339.164 379.725
339.256 254.595 402.729 254.595 402.729 384.647 339.256 384.647
340.194 251.688 403.600 251.688 403.600 381.279 340.194 381.279
339.006 252.170 402.170 252.170 402.170 382.011 339.006 382.011
340.017 250.805 403.091 250.805 403.091 381.014 340.017 381.014
339.570 250.940 402.770 250.940 402.770 380.987 339.570 380.987
339.782 250.886 402.730 250.886 402.730 380.984 339.782 380.984
339.825 249.818 402.687 249.818 402.687 379.973 339.825 379.973
339.336 250.393 402.327 250.393 402.327 380.494 339.336 380.494
338.313 250.186 401.341 250.186 401.341 380.074 338.313 380.074
338.993 249.692 402.267 249.692 402.267 379.135 338.993 379.135
340.089 247.682 403.298 247.682 403.298 377.603 340.089 377.603
339.519 223.829 403.736 223.829 403.736 354.957 339.519 354.957
339.525 208.380 404.543 208.380 404.543 341.076 339.525 341.076
338.974 194.162 403.412 194.162 403.412 327.773 338.974 327.773
338.249 207.427 403.219 207.427 403.219 340.661 338.249 340.661
339.847 195.429 404.693 195.429 404.693 327.520 339.847 327.520
338.698 205.060 403.747 205.060 403.747 337.065 338.698 337.065
340.598 198.038 405.243 198.038 405.243 329.846 340.598 329.846
339.591 205.489 404.039 205.489 404.039 337.148 339.591 337.148
339.981 199.668 404.346 199.668 404.346 331.004 339.981 331.004
339.930 203.460 404.233 203.460 404.233 334.366 339.930 334.366
339.438 184.255 404.490 184.255 404.490 315.797 339.438 315.797
337.361 168.508 403.223 168.508 403.223 300.658 337.361 300.658
336.272 150.752 402.763 150.752 402.763 284.687 336.272 284.687
336.423 158.564 402.723 158.564 402.723 292.541 336.423 292.541
337.332 154.047 403.081 154.047 403.081 287.656 337.332 287.656
336.656 159.887 402.416 159.887 402.416 293.075 336.656 293.075
337.118 154.379 402.934 154.379 402.934 287.008 337.118 287.008
337.025 159.864 402.471 159.864 402.471 292.427 337.025 292.427
337.153 155.263 402.543 155.263 402.543 287.658 337.153 287.658
335.957 160.871 401.247 160.871 401.247 292.920 335.957 292.920
338.907 141.005 403.327 141.005 403.327 274.059 338.907 274.059
338.576 128.233 403.876 128.233 403.876 262.782 338.576 262.782
336.044 115.161 400.655 115.161 400.655 250.419 336.044 250.419
337.036 127.695 401.791 127.695 401.791 263.291 337.036 263.291
337.934 122.603 402.720 122.603 402.720 258.225 337.934 258.225
337.464 123.785 402.045 123.785 402.045 259.210 337.464 259.210
337.583 124.365 402.131 124.365 402.131 260.059 337.583 260.059
338.345 124.913 403.085 124.913 403.085 259.767 338.345 259.767
338.572 124.890 403.302 124.890 403.302 259.156 338.572 259.156
337.721 123.350 402.696 123.350 402.696 256.702 337.721 256.702
337.979 126.070 402.647 126.070 402.647 259.643 337.979 259.643
339.008 123.777 403.753 123.777 403.753 256.813 339.008 256.813
337.993 125.428 402.800 125.428 402.800 258.671 337.993 258.671
339.683 123.528 404.352 123.528 404.352 256.677 339.683 256.677
339.271 125.557 403.825 125.557 403.825 259.014 339.271 259.014
338.579 123.718 402.949 123.718 402.949 257.179 338.579 257.179
339.370 124.662 403.769 124.662 403.769 257.865 339.370 257.865
339.598 125.074 403.888 125.074 403.888 258.118 339.598 258.118
340.317 125.543 404.700 125.543 404.700 258.354 340.317 258.354
339.367 124.537 403.543 124.537 403.543 257.452 339.367 257.452
339.657 124.544 403.442 124.544 403.442 257.611 339.657 257.611
340.626 125.230 404.475 125.230 404.475 258.079 340.626 258.079
339.263 125.094 403.145 125.094 403.145 257.740 339.263 257.740
339.083 125.530 402.940 125.530 402.940 258.091 339.083 258.091
339.464 126.486 403.359 126.486 403.359 259.129 339.464 259.129
339.792 124.373 403.599 124.373 403.599 257.174 339.792 257.174
339.387 125.340 403.273 125.340 403.273 258.082 339.387 258.082
338.476 125.132 402.728 125.132 402.728 257.718 338.476 257.718
338.333 135.548 403.110 135.548 403.110 271.153 338.333 271.153
338.930 149.429 404.714 149.429 404.714 287.207 338.930 287.207
339.558 177.442 404.456 177.442 404.456 317.277 339.558 317.277
340.203 197.937 404.840 197.937 404.840 339.412 340.203 339.412
340.636 227.603 404.744 227.603 404.744 370.231 340.636 370.231
340.454 244.078 404.341 244.078 404.341 387.887 340.454 387.887
340.024 267.289 403.690 267.289 403.690 411.528 340.024 411.528
342.265 284.691 405.946 284.691 405.946 429.529 342.265 429.529
342.244 301.044 406.036 301.044 406.036 446.412 342.244 446.412
342.333 322.345 406.554 322.345 406.554 467.390 342.333 467.390
343.938 314.190 408.966 314.190 408.966 456.238 343.938 456.238
341.610 321.264 407.181 321.264 407.181 461.710 341.610 461.710
342.303 318.719 408.507 318.719 408.507 457.342 342.303 457.342
341.775 319.657 408.032 319.657 408.032 457.245 341.775 457.245
341.147 318.768 407.075 318.768 407.075 455.867 341.147 455.867
340.880 319.730 406.764 319.730 406.764 456.135 340.880 456.135
339.874 320.506 405.524 320.506 405.524 456.859 339.874 456.859
339.419 318.700 405.073 318.700 405.073 454.559 339.419 454.559
338.534 319.579 404.177 319.579 404.177 455.214 338.534 455.214
337.532 318.116 402.894 318.116 402.894 453.322 337.532 453.322
336.863 319.647 402.278 319.647 402.278 454.381 336.863 454.381
335.645 318.975 401.374 318.975 401.374 452.491 335.645 452.491
333.601 318.361 399.559 318.361 399.559 450.729 333.601 450.729
332.484 317.708 398.473 317.708 398.473 449.502 332.484 449.502
330.777 318.300 397.319 318.300 397.319 448.571 330.777 448.571
329.433 318.707 395.967 318.707 395.967 447.660 329.433 447.660
340.048 312.292 408.142 312.292 408.142 439.371 340.048 439.371
347.698 314.582 415.390 314.582 415.390 440.894 347.698 440.894
366.736 313.956 434.485 313.956 434.485 439.242 366.736 439.242
378.311 314.249 446.752 314.249 446.752 438.219 378.311 438.219
398.859 314.609 466.730 314.609 466.730 437.378 398.859 437.378
401.620 321.362 469.044 321.362 469.044 443.264 401.620 443.264
402.056 317.646 470.076 317.646 470.076 439.306 402.056 439.306
401.119 321.401 468.592 321.401 468.592 441.634 401.119 441.634
400.480 320.161 467.373 320.161 467.373 439.984 400.480 439.984
399.157 318.503 466.610 318.503 466.610 438.431 399.157 438.431
398.134 319.107 466.039 319.107 466.039 438.863 398.134 438.863
396.421 319.243 464.126 319.243 464.126 438.259 396.421 438.259
393.996 318.553 462.071 318.553 462.071 437.904 393.996 437.904
392.613 318.975 460.235 318.975 460.235 438.177 392.613 438.177
394.999 316.601 462.555 316.601 462.555 435.619 394.999 435.619
402.164 317.381 468.995 317.381 468.995 435.613 402.164 435.613
421.736 316.880 489.338 316.880 489.338 434.520 421.736 434.520
438.338 318.546 506.620 318.546 506.620 434.983 438.338 434.983
438.829 318.967 507.538 318.967 507.538 435.622 438.829 435.622
437.441 319.792 506.452 319.792 506.452 435.897 437.441 435.897
433.152 318.702 502.295 318.702 502.295 434.777 433.152 434.777
429.157 317.947 498.180 317.947 498.180 434.194 429.157 434.194
424.792 318.735 493.438 318.735 493.438 433.936 424.792 433.936
422.377 319.077 490.339 319.077 490.339 435.037 422.377 435.037
420.826 317.678 488.514 317.678 488.514 433.834 420.826 433.834
418.859 320.731 486.756 320.731 486.756 436.635 418.859 436.635
416.551 320.928 484.206 320.928 484.206 436.723 416.551 436.723
414.514 321.037 482.400 321.037 482.400 436.425 414.514 436.425
418.629 320.674 486.950 320.674 486.950 437.435 418.629 437.435
425.045 319.865 492.877 319.865 492.877 435.980 425.045 435.980
442.729 317.606 510.154 317.606 510.154 432.729 442.729 432.729
443.837 317.729 511.183 317.729 511.183 433.583 443.837 433.583
443.380 317.376 510.606 317.376 510.606 433.665 443.380 433.665
441.434 318.567 508.784 318.567 508.784 435.051 441.434 435.051
440.901 320.095 507.128 320.095 507.128 436.715 440.901 436.715
438.306 321.585 504.152 321.585 504.152 437.632 438.306 437.632
437.001 322.111 502.455 322.111 502.455 437.850 437.001 437.850
433.923 322.798 498.981 322.798 498.981 438.085 433.923 438.085
430.990 324.209 495.542 324.209 495.542 439.165 430.990 439.165
429.518 322.910 493.303 322.910 493.303 438.439 429.518 438.439
420.758 322.726 483.793 322.726 483.793 437.741 420.758 437.741
421.961 323.243 484.510 323.243 484.510 437.376 421.961 437.376
420.328 324.025 482.144 324.025 482.144 437.057 420.328 437.057
411.359 323.351 473.001 323.351 473.001 435.546 411.359 435.546
413.242 321.475 474.148 321.475 474.148 433.685 413.242 433.685
414.209 306.335 473.610 306.335 473.610 421.229 414.209 421.229
405.238 288.164 463.780 288.164 463.780 403.943 405.238 403.943
405.458 262.398 463.722 262.398 463.722 378.873 405.458 378.873
404.760 254.669 462.007 254.669 462.007 372.689 404.760 372.689
394.419 222.370 451.149 222.370 451.149 341.018 394.419 341.018
396.226 205.161 453.049 205.161 453.049 324.763 396.226 324.763
396.157 187.227 452.533 187.227 452.533 308.188 396.157 308.188
394.372 159.032 451.069 159.032 451.069 280.823 394.372 280.823
391.828 144.017 448.615 144.017 448.615 267.426 391.828 267.426
381.656 116.635 438.948 116.635 438.948 240.115 381.656 240.115
382.259 116.258 441.025 116.258 441.025 237.896 382.259 237.896
382.648 117.448 442.568 117.448 442.568 236.752 382.648 236.752
384.286 116.834 444.738 116.834 444.738 234.832 384.286 234.832
384.602 115.256 444.735 115.256 444.735 232.509 384.602 232.509
383.933 118.650 444.095 118.650 444.095 235.535 383.933 235.535
375.110 118.969 435.257 118.969 435.257 234.814 375.110 234.814
375.581 120.174 435.733 120.174 435.733 234.789 375.581 234.789
375.736 122.091 435.950 122.091 435.950 235.628 375.736 235.628
375.610 122.204 435.933 122.204 435.933 234.395 375.610 234.395
366.819 126.509 426.893 126.509 426.893 238.626 366.819 238.626
367.741 129.170 427.725 129.170 427.725 240.067 367.741 240.067
368.032 129.926 428.009 129.926 428.009 240.454 368.032 240.454
367.403 128.620 427.553 128.620 427.553 238.531 367.403 238.531
365.606 131.226 425.499 131.226 425.499 240.915 365.606 240.915
363.857 132.094 423.140 132.094 423.140 242.071 363.857 242.071
362.820 131.980 421.279 131.980 421.279 242.634 362.820 242.634
361.959 134.569 419.950 134.569 419.950 245.674 361.959 245.674
361.389 133.746 418.963 133.746 418.963 244.966 361.389 244.966
361.364 134.702 418.781 134.702 418.781 245.545 361.364 245.545
360.618 113.551 417.600 113.551 417.600 224.975 360.618 224.975
360.970 93.843 417.002 93.843 417.002 207.451 360.970 207.451
362.615 73.927 417.615 73.927 417.615 188.992 362.615 188.992
361.839 54.505 416.570 54.505 416.570 169.331 361.839 169.331
361.832 50.017 416.224 50.017 416.224 165.155 361.832 165.155
354.129 47.519 408.524 47.519 408.524 162.802 354.129 162.802
356.335 49.401 410.809 49.401 410.809 165.046 356.335 165.046
357.910 51.392 412.449 51.392 412.449 166.846 357.910 166.846
358.036 53.602 412.525 53.602 412.525 168.815 358.036 168.815
358.377 53.208 412.417 53.208 412.417 168.248 358.377 168.248
358.150 53.085 412.048 53.085 412.048 167.546 358.150 167.546
357.795 52.319 411.220 52.319 411.220 166.538 357.795 166.538
357.214 53.345 410.352 53.345 410.352 167.782 357.214 167.782
356.019 52.800 408.904 52.800 408.904 168.003 356.019 168.003
354.617 54.364 407.675 54.364 407.675 170.329 354.617 170.329
353.131 55.254 406.697 55.254 406.697 171.868 353.131 171.868
352.069 55.287 405.854 55.287 405.854 172.409 352.069 172.409
351.247 54.474 405.410 54.474 405.410 172.036 351.247 172.036
350.416 57.352 404.941 57.352 404.941 175.267 350.416 175.267
350.093 59.037 404.767 59.037 404.767 177.569 350.093 177.569
349.490 58.322 404.663 58.322 404.663 176.601 349.490 176.601
349.757 58.075 404.966 58.075 404.966 176.710 349.757 176.710
349.218 57.468 405.112 57.468 405.112 175.323 349.218 175.323
349.108 56.083 405.696 56.083 405.696 173.668 349.108 173.668
350.136 54.581 406.136 54.581 406.136 172.891 350.136 172.891
350.335 55.204 406.106 55.204 406.106 173.851 350.335 173.851
351.064 56.054 407.002 56.054 407.002 174.959 351.064 174.959
351.325 56.278 407.142 56.278 407.142 175.259 351.325 175.259
352.045 56.187 407.690 56.187 407.690 175.459 352.045 175.459
353.187 58.642 408.989 58.642 408.989 178.143 353.187 178.143
354.210 59.802 410.071 59.802 410.071 178.815 354.210 178.815
356.195 61.211 412.352 61.211 412.352 179.616 356.195 179.616
356.902 62.641 413.081 62.641 413.081 181.110 356.902 181.110
357.785 63.511 413.673 63.511 413.673 181.923 357.785 181.923
358.504 65.233 414.184 65.233 414.184 184.669 358.504 184.669
359.816 66.668 415.658 66.668 415.658 186.337 359.816 186.337
360.055 69.454 415.768 69.454 415.768 189.134 360.055 189.134
360.204 69.187 416.030 69.187 416.030 188.929 360.204 188.929
360.985 69.021 416.592 69.021 416.592 188.842 360.985 188.842
361.813 69.394 417.161 69.394 417.161 190.021 361.813 190.021
363.056 68.331 418.280 68.331 418.280 188.788 363.056 188.788
364.357 68.935 419.449 68.935 419.449 189.534 364.357 189.534
365.585 70.576 420.437 70.576 420.437 191.754 365.585 191.754
366.790 70.248 421.901 70.248 421.901 190.715 366.790 190.715
368.104 71.483 423.920 71.483 423.920 192.076 368.104 192.076
369.512 71.042 424.909 71.042 424.909 192.036 369.512 192.036
370.253 72.776 425.278 72.776 425.278 194.288 370.253 194.288
371.476 73.596 426.279 73.596 426.279 194.767 371.476 194.767
373.418 74.620 427.737 74.620 427.737 195.761 373.418 195.761
374.915 75.438 428.955 75.438 428.955 196.097 374.915 196.097
375.387 73.333 429.002 73.333 429.002 193.278 375.387 193.278
377.756 73.216 430.892 73.216 430.892 192.876 377.756 192.876
378.465 71.298 431.231 71.298 431.231 191.179 378.465 191.179
379.523 71.286 432.441 71.286 432.441 191.310 379.523 191.310
380.754 72.159 434.019 72.159 434.019 191.737 380.754 191.737
381.516 74.722 434.881 74.722 434.881 194.332 381.516 194.332
382.494 74.942 435.755 74.942 435.755 194.379 382.494 194.379
382.388 73.936 435.330 73.936 435.330 193.763 382.388 193.763
382.826 74.763 435.349 74.763 435.349 194.452 382.826 194.452
384.300 75.217 436.403 75.217 436.403 194.843 384.300 194.843
385.794 75.548 437.618 75.548 437.618 195.277 385.794 195.277
386.924 75.460 438.895 75.460 438.895 194.952 386.924 194.952
387.256 75.454 439.272 75.454 439.272 194.929 387.256 194.929
389.135 74.878 441.268 74.878 441.268 194.039 389.135 194.039
390.306 73.908 442.824 73.908 442.824 192.846 390.306 192.846
391.668 71.060 444.549 71.060 444.549 190.204 391.668 190.204
392.982 70.405 446.449 70.405 446.449 189.687 392.982 189.687
394.479 68.592 448.589 68.592 448.589 187.675 394.479 187.675
396.479 69.130 450.988 69.130 450.988 188.473 396.479 188.473
398.377 70.217 453.280 70.217 453.280 189.864 398.377 189.864
400.539 72.022 455.704 72.022 455.704 192.130 400.539 192.130
402.677 73.133 457.841 73.133 457.841 193.984 402.677 193.984
403.986 73.512 459.904 73.512 459.904 194.530 403.986 194.530
406.199 75.507 461.820 75.507 461.820 197.569 406.199 197.569
407.609 76.555 463.809 76.555 463.809 199.313 407.609 199.313
408.878 76.400 465.403 76.400 465.403 199.752 408.878 199.752
411.217 75.528 467.849 75.528 467.849 199.429 411.217 199.429
412.888 77.654 469.761 77.654 469.761 202.262 412.888 202.262
413.623 78.481 470.640 78.481 470.640 203.714 413.623 203.714
414.663 78.176 471.939 78.176 471.939 204.214 414.663 204.214
416.301 78.933 474.029 78.933 474.029 204.841 416.301 204.841
415.909 80.900 473.986 80.900 473.986 206.859 415.909 206.859
416.649 80.920 474.282 80.920 474.282 207.176 416.649 207.176
417.897 82.714 475.083 82.714 475.083 209.569 417.897 209.569
419.010 82.524 476.442 82.524 476.442 209.114 419.010 209.114
418.952 83.260 476.081 83.260 476.081 210.318 418.952 210.318
419.600 83.282 476.524 83.282 476.524 210.553 419.600 210.553
420.346 82.014 476.962 82.014 476.962 209.750 420.346 209.750
421.426 81.734 477.842 81.734 477.842 209.776 421.426 209.776
421.638 81.598 478.256 81.598 478.256 209.571 421.638 209.571
422.956 83.676 479.674 83.676 479.674 211.414 422.956 211.414
423.830 82.925 480.646 82.925 480.646 210.749 423.830 210.749
424.614 82.828 481.567 82.828 481.567 210.651 424.614 210.651
424.515 82.492 481.325 82.492 481.325 210.651 424.515 210.651
425.712 83.751 482.846 83.751 482.846 211.850 425.712 211.850
427.006 83.778 484.517 83.778 484.517 211.554 427.006 211.554
427.596 83.224 485.484 83.224 485.484 210.749 427.596 210.749
428.611 86.245 487.288 86.245 487.288 212.923 428.611 212.923
429.015 85.576 488.313 85.576 488.313 211.420 429.015 211.420
429.908 85.066 489.620 85.066 489.620 210.027 429.908 210.027
431.617 84.318 491.341 84.318 491.341 209.108 431.617 209.108
432.949 84.085 492.566 84.085 492.566 209.387 432.949 209.387
433.892 83.365 493.502 83.365 493.502 208.907 433.892 208.907
434.322 83.045 494.583 83.045 494.583 208.694 434.322 208.694
436.052 84.804 496.736 84.804 496.736 210.784 436.052 210.784
437.049 85.462 498.127 85.462 498.127 211.471 437.049 211.471
437.784 85.972 499.001 85.972 499.001 212.766 437.784 212.766
437.489 87.015 498.865 87.015 498.865 214.007 437.489 214.007
439.057 88.175 500.326 88.175 500.326 215.515 439.057 215.515
438.849 88.629 500.248 88.629 500.248 216.111 438.849 216.111
439.373 90.091 500.342 90.091 500.342 218.793 439.373 218.793
439.646 90.663 500.872 90.663 500.872 219.548 439.646 219.548
439.327 92.244 500.913 92.244 500.913 220.925 439.327 220.925
439.506 89.444 501.488 89.444 501.488 218.093 439.506 218.093
439.452 89.208 501.701 89.208 501.701 217.599 439.452 217.599
439.479 89.524 501.672 89.524 501.672 218.580 439.479 218.580
439.864 88.637 502.034 88.637 502.034 218.143 439.864 218.143
439.099 88.144 501.527 88.144 501.527 217.451 439.099 217.451
439.449 89.462 501.775 89.462 501.775 219.176 439.449 219.176
439.555 86.641 502.066 86.641 502.066 215.672 439.555 215.672
439.669 87.014 502.299 87.014 502.299 216.048 439.669 216.048
439.348 88.026 501.673 88.026 501.673 217.570 439.348 217.570
439.517 88.847 501.231 88.847 501.231 219.004 439.517 219.004
439.800 88.561 501.164 88.561 501.164 218.961 439.800 218.961
440.195 95.753 500.893 95.753 500.893 228.563 440.195 228.563
441.133 107.281 501.405 107.281 501.405 242.238 441.133 242.238
442.080 111.191 502.054 111.191 502.054 246.468 442.080 246.468
442.850 112.743 502.881 112.743 502.881 247.290 442.850 247.290
444.620 113.152 504.645 113.152 504.645 247.239 444.620 247.239
445.651 114.701 505.680 114.701 505.680 248.453 445.651 248.453
445.622 113.301 505.638 113.301 505.638 246.465 445.622 246.465
447.351 114.349 507.624 114.349 507.624 246.430 447.351 246.430
448.403 112.865 508.661 112.865 508.661 244.839 448.403 244.839
449.343 114.826 509.605 114.826 509.605 246.670 449.343 246.670
450.562 116.358 510.668 116.358 510.668 248.438 450.562 248.438
452.670 113.980 512.500 113.980 512.500 247.139 452.670 247.139
453.897 113.571 513.709 113.571 513.709 247.097 453.897 247.097
454.466 114.444 514.458 114.444 514.458 248.151 454.466 248.151
455.050 114.547 515.367 114.547 515.367 247.940 455.050 247.940
457.580 116.146 517.750 116.146 517.750 249.612 457.580 249.612
458.941 117.038 518.759 117.038 518.759 251.285 458.941 251.285
460.635 117.372 520.374 117.372 520.374 251.758 460.635 251.758
462.624 119.151 522.128 119.151 522.128 254.298 462.624 254.298
462.752 119.585 522.633 119.585 522.633 254.714 462.752 254.714
463.966 121.044 523.550 121.044 523.550 256.736 463.966 256.736
464.679 122.028 524.669 122.028 524.669 258.058 464.679 258.058
465.328 123.149 525.754 123.149 525.754 259.368 465.328 259.368
466.545 123.882 527.281 123.882 527.281 260.391 466.545 260.391
466.053 123.777 527.054 123.777 527.054 260.309 466.053 260.309
467.147 123.749 527.707 123.749 527.707 261.128 467.147 261.128
467.057 125.304 528.142 125.304 528.142 262.612 467.057 262.612
467.427 126.007 529.195 126.007 529.195 263.144 467.427 263.144
467.869 126.909 529.767 126.909 529.767 264.218 467.869 264.218
467.750 126.904 529.609 126.904 529.609 264.536 467.750 264.536
467.653 126.412 529.663 126.412 529.663 264.330 467.653 264.330
469.446 126.662 531.769 126.662 531.769 264.858 469.446 264.858
470.033 126.064 532.814 126.064 532.814 264.324 470.033 264.324
469.498 126.569 532.815 126.569 532.815 264.209 469.498 264.209
470.072 127.263 533.458 127.263 533.458 265.039 470.072 265.039
470.403 127.697 533.242 127.697 533.242 265.667 470.403 265.667
470.741 127.751 533.063 127.751 533.063 266.092 470.741 266.092
471.120 128.388 533.307 128.388 533.307 266.875 471.120 266.875
471.770 128.295 534.063 128.295 534.063 266.819 471.770 266.819
472.115 127.759 534.363 127.759 534.363 266.007 472.115 266.007
473.120 129.192 535.437 129.192 535.437 267.317 473.120 267.317
474.821 130.023 536.963 130.023 536.963 268.667 474.821 268.667
475.755 132.625 538.362 132.625 538.362 270.930 475.755 270.930
463.061 131.261 526.022 131.261 526.022 269.358 463.061 269.358
449.647 131.348 512.824 131.348 512.824 269.292 449.647 269.292
436.761 134.675 499.844 134.675 499.844 273.554 436.761 273.554
437.699 136.454 500.470 136.454 500.470 275.341 437.699 275.341
438.263 136.766 500.879 136.766 500.879 275.743 438.263 275.743
437.985 138.046 500.464 138.046 500.464 277.388 437.985 277.388
437.408 138.689 499.928 138.689 499.928 277.868 437.408 277.868
437.767 141.712 500.210 141.712 500.210 281.698 437.767 281.698
436.171 144.111 498.977 144.111 498.977 284.070 436.171 284.070
435.611 145.142 497.970 145.142 497.970 285.427 435.611 285.427
434.868 147.217 496.970 147.217 496.970 288.091 434.868 288.091
434.863 145.023 497.502 145.023 497.502 285.832 434.863 285.832
432.986 149.065 495.765 149.065 495.765 289.598 432.986 289.598
433.620 149.222 496.137 149.222 496.137 289.938 433.620 289.938
432.128 153.559 494.831 153.559 494.831 293.816 432.128 293.816
432.265 152.710 495.036 152.710 495.036 292.607 432.265 292.607
431.172 155.261 494.150 155.261 494.150 294.481 431.172 294.481
430.555 153.473 493.395 153.473 493.395 292.949 430.555 292.949
429.772 153.485 492.941 153.485 492.941 293.219 429.772 293.219
428.781 155.427 492.187 155.427 492.187 295.560 428.781 295.560
428.038 155.259 491.405 155.259 491.405 296.084 428.038 296.084
427.128 154.248 490.955 154.248 490.955 295.113 427.128 295.113
425.686 156.749 490.034 156.749 490.034 297.912 425.686 297.912
423.907 157.709 488.474 157.709 488.474 299.896 423.907 299.896
422.933 157.090 487.842 157.090 487.842 299.443 422.933 299.443
423.526 143.982 487.650 143.982 487.650 288.087 423.526 288.087
424.373 135.119 487.995 135.119 487.995 280.553 424.373 280.553
422.431 117.049 486.495 117.049 486.495 262.533 422.431 262.533
420.224 117.160 484.706 117.160 484.706 262.901 420.224 262.901
419.166 118.662 483.485 118.662 483.485 264.834 419.166 264.834
419.469 121.341 483.502 121.341 483.502 267.825 419.469 267.825
418.831 122.562 482.540 122.562 482.540 269.297 418.831 269.297
417.146 121.769 480.782 121.769 480.782 268.377 417.146 268.377
416.423 124.369 479.400 124.369 479.400 270.978 416.423 270.978
415.535 125.549 478.893 125.549 478.893 271.781 415.535 271.781
414.436 125.659 478.195 125.659 478.195 271.565 414.436 271.565
413.223 127.937 477.034 127.937 477.034 273.748 413.223 273.748
412.048 126.095 476.195 126.095 476.195 270.885 412.048 270.885
411.921 122.033 475.989 122.033 475.989 266.638 411.921 266.638
412.752 113.121 476.465 113.121 476.465 258.731 412.752 258.731
411.748 90.633 475.094 90.633 475.094 236.527 411.748 236.527
412.035 81.004 475.442 81.004 475.442 226.132 412.035 226.132
408.061 77.462 471.102 77.462 471.102 222.174 408.061 222.174
406.315 78.399 469.039 78.399 469.039 223.874 406.315 223.874
404.602 80.704 467.532 80.704 467.532 225.903 404.602 225.903
403.679 82.144 466.411 82.144 466.411 227.561 403.679 227.561
402.553 84.473 465.750 84.473 465.750 228.944 402.553 228.944
402.933 80.464 466.077 80.464 466.077 225.298 402.933 225.298
402.747 60.684 466.505 60.684 466.505 206.439 402.747 206.439
401.584 55.792 466.300 55.792 466.300 202.509 401.584 202.509
397.731 58.453 462.328 58.453 462.328 205.485 397.731 205.485
395.356 62.311 459.975 62.311 459.975 209.859 395.356 209.859
393.976 63.769 458.338 63.769 458.338 211.575 393.976 211.575
392.292 66.868 456.483 66.868 456.483 215.685 392.292 215.685
391.737 68.707 455.679 68.707 455.679 218.143 391.737 218.143
391.045 70.589 455.615 70.589 455.615 220.681 391.045 220.681
390.297 70.990 455.171 70.990 455.171 222.072 390.297 222.072
389.061 70.588 454.312 70.588 454.312 222.089 389.061 222.089
388.516 71.028 454.417 71.028 454.417 222.604 388.516 222.604
387.344 71.856 453.763 71.856 453.763 223.876 387.344 223.876
386.095 73.185 452.650 73.185 452.650 225.470 386.095 225.470
385.607 74.221 452.226 74.221 452.226 227.101 385.607 227.101
384.018 76.541 450.858 76.541 450.858 229.867 384.018 229.867
383.529 76.668 451.144 76.668 451.144 230.495 383.529 230.495
381.747 79.657 449.783 79.657 449.783 234.286 381.747 234.286
380.094 81.855 448.471 81.855 448.471 237.388 380.094 237.388
379.019 83.901 448.094 83.901 448.094 239.772 379.019 239.772
377.630 86.736 447.136 86.736 447.136 243.402 377.630 243.402
375.844 91.361 446.242 91.361 446.242 247.734 375.844 247.734
374.929 93.100 445.711 93.100 445.711 249.450 374.929 249.450
373.786 92.600 444.732 92.600 444.732 249.702 373.786 249.702
373.542 86.424 443.446 86.424 443.446 246.708 373.542 246.708
374.677 67.259 443.500 67.259 443.500 231.222 374.677 231.222
374.596 50.898 443.130 50.898 443.130 217.755 374.596 217.755
364.589 52.243 433.334 52.243 433.334 218.725 364.589 218.725
366.584 39.403 435.176 39.403 435.176 205.804 366.584 205.804
366.146 45.535 435.347 45.535 435.347 211.559 366.146 211.559
365.825 48.134 435.407 48.134 435.407 213.500 365.825 213.500
364.526 51.599 434.169 51.599 434.169 217.914 364.526 217.914
363.092 53.782 432.783 53.782 432.783 220.690 363.092 220.690
362.672 55.101 432.646 55.101 432.646 222.468 362.672 222.468
361.643 54.567 431.823 54.567 431.823 222.903 361.643 222.903
360.881 56.548 431.519 56.548 431.519 225.810 360.881 225.810
360.983 60.657 432.030 60.657 432.030 231.125 360.983 231.125
359.571 60.904 430.885 60.904 430.885 232.253 359.571 232.253
358.908 67.571 430.554 67.571 430.554 240.596 358.908 240.596
358.746 71.208 430.638 71.208 430.638 245.924 358.746 245.924
358.260 76.082 430.767 76.082 430.767 251.204 358.260 251.204
359.057 79.730 431.803 79.730 431.803 255.435 359.057 255.435
358.637 85.631 431.727 85.631 431.727 262.573 358.637 262.573
358.652 89.515 432.552 89.515 432.552 267.175 358.652 267.175
358.769 95.569 432.657 95.569 432.657 274.289 358.769 274.289
358.978 99.219 433.225 99.219 433.225 277.439 358.978 277.439
358.608 101.423 433.587 101.423 433.587 280.936 358.608 280.936
358.726 96.738 434.436 96.738 434.436 276.961 358.726 276.961
360.754 87.286 436.454 87.286 436.454 269.558 360.754 269.558
349.171 68.374 424.292 68.374 424.292 251.829 349.171 251.829
352.938 65.845 426.668 65.845 426.668 253.902 352.938 253.902
354.927 48.065 429.036 48.065 429.036 237.651 354.927 237.651
354.235 36.185 428.752 36.185 428.752 227.879 354.235 227.879
344.554 40.607 419.028 40.607 419.028 232.129 344.554 232.129
348.154 43.555 423.492 43.555 423.492 234.171 348.154 234.171
348.692 49.174 424.945 49.174 424.945 239.123 348.692 239.123
349.029 52.768 425.953 52.768 425.953 244.271 349.029 244.271
347.851 55.755 425.541 55.755 425.541 247.513 347.851 247.513
346.442 56.447 424.483 56.447 424.483 249.041 346.442 249.041
345.396 60.325 424.060 60.325 424.060 253.894 345.396 253.894
343.836 64.068 423.059 64.068 423.059 258.381 343.836 258.381
342.823 66.187 422.247 66.187 422.247 262.495 342.823 262.495
341.450 69.573 421.158 69.573 421.158 267.545 341.450 267.545
343.062 72.345 423.174 72.345 423.174 271.282 343.062 271.282
342.009 76.296 422.836 76.296 422.836 277.009 342.009 277.009
341.983 80.714 423.793 80.714 423.793 282.388 341.983 282.388
339.351 82.185 421.985 82.185 421.985 283.524 339.351 283.524
323.986 85.524 407.463 85.524 407.463 286.597 323.986 286.597
307.825 90.210 392.626 90.210 392.626 290.723 307.825 290.723
296.090 93.742 381.937 93.742 381.937 293.521 296.090 293.521
283.353 97.315 370.576 97.315 370.576 295.303 283.353 295.303
271.400 106.240 359.268 106.240 359.268 302.680 271.400 302.680
258.782 110.178 347.284 110.178 347.284 305.713 258.782 305.713
246.891 117.782 335.303 117.782 335.303 314.491 246.891 314.491
233.043 122.478 322.621 122.478 322.621 319.668 233.043 319.668
230.035 128.418 320.666 128.418 320.666 326.533 230.035 326.533
210.253 133.542 301.628 133.542 301.628 332.102 210.253 332.102
198.137 137.387 289.729 137.387 289.729 337.644 198.137 337.644
194.972 145.624 287.070 145.624 287.070 347.362 194.972 347.362
176.970 149.590 269.573 149.590 269.573 353.344 176.970 353.344
176.305 169.351 269.300 169.351 269.300 374.969 176.305 374.969
174.579 165.553 267.974 165.553 267.974 372.194 174.579 372.194
175.108 182.026 267.752 182.026 267.752 391.083 175.108 391.083
177.381 184.027 268.862 184.027 268.862 395.691 177.381 395.691
180.760 183.426 271.453 183.426 271.453 397.264 180.760 397.264
186.176 185.305 276.625 185.305 276.625 400.950 186.176 400.950
192.254 208.044 282.901 208.044 282.901 423.979 192.254 423.979
197.979 232.746 287.647 232.746 287.647 446.892 197.979 446.892
203.892 243.127 292.137 243.127 292.137 455.883 203.892 455.883
208.147 252.269 295.936 252.269 295.936 462.434 208.147 462.434
213.739 257.643 301.125 257.643 301.125 465.016 213.739 465.016
220.294 246.460 306.968 246.460 306.968 450.324 220.294 450.324
225.332 244.130 311.675 244.130 311.675 445.910 225.332 445.910
241.230 233.501 328.068 233.501 328.068 434.731 241.230 434.731
240.250 225.653 327.263 225.653 327.263 426.669 240.250 426.669
242.871 206.252 328.465 206.252 328.465 409.424 242.871 409.424
247.477 192.014 331.913 192.014 331.913 395.121 247.477 395.121
250.507 184.098 333.958 184.098 333.958 387.886 250.507 387.886
256.661 166.349 339.263 166.349 339.263 370.694 256.661 370.694
261.720 154.322 343.687 154.322 343.687 357.632 261.720 357.632
267.115 145.772 349.253 145.772 349.253 347.075 267.115 347.075
269.139 127.263 351.308 127.263 351.308 327.217 269.139 327.217
