120.000 153.000 150.000 153.000 150.000 231.000 120.000 231.000
119.696 151.340 149.535 151.340 149.535 229.351 119.696 229.351
119.218 152.633 149.050 152.633 149.050 230.644 119.218 230.644
118.444 152.791 148.111 152.791 148.111 231.033 118.444 231.033
117.497 153.187 147.251 153.187 147.251 231.119 117.497 231.119
116.742 153.369 146.475 153.369 146.475 231.301 116.742 231.301
116.200 152.587 145.771 152.587 145.771 230.773 116.200 230.773
115.982 153.076 145.611 153.076 145.611 231.143 115.982 231.143
115.839 153.381 145.396 153.381 145.396 231.579 115.839 231.579
115.675 154.584 145.263 154.584 145.263 232.754 115.675 232.754
115.274 154.913 145.018 154.913 145.018 232.637 115.274 232.637
114.825 155.232 144.898 155.232 144.898 232.279 114.825 232.279
115.011 155.859 145.233 155.859 145.233 232.536 115.011 232.536
114.580 155.880 145.045 155.880 145.045 232.004 114.580 232.004
114.423 155.212 144.993 155.212 144.993 230.975 114.423 230.975
114.444 155.302 145.139 155.302 145.139 230.681 114.444 230.681
114.302 156.396 144.858 156.396 144.858 231.875 114.302 231.875
114.541 156.232 144.986 156.232 144.986 231.494 114.541 231.494
114.233 156.476 144.676 156.476 144.676 231.589 114.233 231.589
114.438 157.045 144.776 157.045 144.776 231.955 114.438 231.955
114.675 155.733 144.759 155.733 144.759 230.682 114.675 230.682
114.510 156.271 144.636 156.271 144.636 231.004 114.510 231.004
114.430 157.339 144.669 157.339 144.669 231.727 114.430 231.727
114.596 156.138 144.675 156.138 144.675 230.563 114.596 230.563
114.615 156.486 144.698 156.486 144.698 230.756 114.615 230.756
114.552 157.367 144.687 157.367 144.687 231.330 114.552 231.330
114.785 156.833 144.642 156.833 144.642 230.844 114.785 230.844
115.037 156.983 144.852 156.983 144.852 230.734 115.037 230.734
115.152 157.593 145.066 157.593 145.066 231.100 115.152 231.100
115.405 157.197 145.180 157.197 145.180 230.823 115.405 230.823
115.745 156.711 145.452 156.711 145.452 230.238 115.745 230.238
115.927 157.315 145.649 157.315 145.649 230.682 115.927 230.682
116.042 156.664 145.587 156.664 145.587 229.970 116.042 229.970
115.925 156.821 145.519 156.821 145.519 230.082 115.925 230.082
115.996 156.730 145.531 156.730 145.531 230.044 115.996 230.044
115.904 156.750 145.410 156.750 145.410 229.970 115.904 229.970
115.588 156.678 145.159 156.678 145.159 229.664 115.588 229.664
115.539 157.180 145.192 157.180 145.192 230.051 115.539 230.051
115.722 157.352 145.280 157.352 145.280 230.267 115.722 230.267
115.614 157.147 145.002 157.147 145.002 230.212 115.614 230.212
116.102 157.035 145.340 157.035 145.340 230.225 116.102 230.225
115.796 156.899 145.223 156.899 145.223 229.579 115.796 229.579
116.196 156.940 145.483 156.940 145.483 229.777 116.196 229.777
116.437 157.266 145.597 157.266 145.597 230.206 116.437 230.206
116.560 157.347 145.590 157.347 145.590 230.275 116.560 230.275
116.421 157.615 145.539 157.615 145.539 230.179 116.421 230.179
116.395 157.550 145.564 157.550 145.564 229.935 116.395 229.935
116.699 158.058 145.841 158.058 145.841 230.267 116.699 230.267
116.218 158.260 145.512 158.260 145.512 230.025 116.218 230.025
116.134 157.605 145.291 157.605 145.291 229.589 116.134 229.589
116.256 158.866 145.360 158.866 145.360 230.841 116.256 230.841
116.427 159.611 145.525 159.611 145.525 231.404 116.427 231.404
116.437 158.103 145.530 158.103 145.530 229.683 116.437 229.683
116.395 158.463 145.460 158.463 145.460 229.914 116.395 229.914
116.011 158.638 145.060 158.638 145.060 229.839 116.011 229.839
116.037 157.088 144.847 157.088 144.847 228.324 116.037 228.324
115.945 158.634 144.772 158.634 144.772 229.739 115.945 229.739
115.941 159.389 144.707 159.389 144.707 230.404 115.941 230.404
115.787 158.747 144.389 158.747 144.389 229.794 115.787 229.794
115.432 158.718 143.945 158.718 143.945 229.683 115.432 229.683
115.326 158.231 143.726 158.231 143.726 229.085 115.326 229.085
115.245 159.036 143.492 159.036 143.492 229.783 115.245 229.783
115.270 158.889 143.159 158.889 143.159 230.086 115.270 230.086
115.897 156.908 143.316 156.908 143.316 228.895 115.897 228.895
116.351 155.731 143.518 155.731 143.518 228.204 116.351 228.204
116.453 155.196 143.446 155.196 143.446 228.156 116.453 228.156
117.765 154.162 144.742 154.162 144.742 227.143 117.765 227.143
118.322 154.545 145.304 154.545 145.304 227.496 118.322 227.496
118.648 154.521 145.748 154.521 145.748 227.311 118.648 227.311
119.436 155.942 146.371 155.942 146.371 229.006 119.436 229.006
120.289 155.358 147.537 155.358 147.537 228.050 120.289 228.050
120.812 154.817 148.243 154.817 148.243 227.452 120.812 227.452
121.151 155.647 148.845 155.647 148.845 228.132 121.151 228.132
121.404 154.483 149.252 154.483 149.252 227.030 121.404 227.030
121.845 154.587 149.896 154.587 149.896 226.949 121.845 226.949
122.090 154.844 149.824 154.844 149.824 227.607 122.090 227.607
122.144 153.317 149.603 153.317 149.603 226.418 122.144 226.418
122.075 153.726 149.443 153.726 149.443 226.959 122.075 226.959
121.803 154.247 149.046 154.247 149.046 227.780 121.803 227.780
121.473 153.526 148.724 153.526 148.724 227.192 121.473 227.192
121.106 154.655 148.248 154.655 148.248 228.460 121.106 228.460
120.681 154.855 148.372 154.855 148.372 227.804 120.681 227.804
114.631 156.146 142.489 156.146 142.489 228.767 114.631 228.767
114.790 157.214 142.835 157.214 142.835 229.185 114.790 229.185
114.562 158.205 142.723 158.205 142.723 229.683 114.562 229.683
114.954 158.104 143.080 158.104 143.080 229.437 114.954 229.437
115.123 158.431 143.189 158.431 143.189 229.611 115.123 229.611
115.107 159.175 143.283 159.175 143.283 230.042 115.107 230.042
114.906 157.560 143.062 157.560 143.062 228.387 114.906 228.387
114.839 157.255 142.954 157.255 142.954 227.870 114.839 227.870
114.535 157.129 142.579 157.129 142.579 227.505 114.535 227.505
114.785 158.109 142.872 158.109 142.872 228.135 114.785 228.135
114.599 158.421 142.672 158.421 142.672 228.130 114.599 228.130
114.541 158.245 142.601 158.245 142.601 227.837 114.541 227.837
114.488 158.418 142.410 158.418 142.410 228.157 114.488 228.157
114.964 158.105 142.757 158.105 142.757 227.604 114.964 227.604
115.347 158.705 143.177 158.705 143.177 227.957 115.347 227.957
115.534 157.641 143.263 157.641 143.263 226.940 115.534 226.940
115.478 159.096 143.158 159.096 143.158 228.347 115.478 228.347
114.979 158.567 142.586 158.567 142.586 227.743 114.979 227.743
115.116 159.505 142.701 159.505 142.701 228.575 115.116 228.575
114.819 158.620 142.379 158.620 142.379 227.527 114.819 227.527
114.780 157.828 142.066 157.828 142.066 226.846 114.780 226.846
114.874 157.902 142.172 157.902 142.172 226.803 114.874 226.803
115.043 157.880 142.173 157.880 142.173 226.883 115.043 226.883
114.557 158.919 141.743 158.919 141.743 227.689 114.557 227.689
114.646 158.954 141.742 158.954 141.742 227.702 114.646 227.702
114.820 159.885 141.968 159.885 141.968 228.209 114.820 228.209
114.957 158.828 141.971 158.828 141.971 227.182 114.957 227.182
115.223 158.933 142.124 158.933 142.124 227.162 115.223 227.162
115.217 159.598 142.196 159.598 142.196 227.503 115.217 227.503
115.248 159.520 142.048 159.520 142.048 227.325 115.248 227.325
115.403 159.334 142.149 159.334 142.149 226.935 115.403 226.935
115.376 159.494 142.122 159.494 142.122 226.884 115.376 226.884
115.306 160.637 142.007 160.637 142.007 227.908 115.306 227.908
115.052 159.913 141.652 159.913 141.652 227.250 115.052 227.250
114.938 159.621 141.508 159.621 141.508 226.746 114.938 226.746
114.582 159.093 141.156 159.093 141.156 226.049 114.582 226.049
114.833 159.786 141.430 159.786 141.430 226.432 114.833 226.432
114.973 160.137 141.502 160.137 141.502 226.618 114.973 226.618
114.944 159.956 141.347 159.956 141.347 226.563 114.944 226.563
115.115 159.779 141.432 159.779 141.432 226.524 115.115 226.524
115.129 159.514 141.480 159.514 141.480 226.082 115.129 226.082
114.908 159.673 141.213 159.673 141.213 226.252 114.908 226.252
114.954 159.582 141.158 159.582 141.158 226.324 114.954 226.324
114.989 159.808 141.161 159.808 141.161 226.481 114.989 226.481
114.695 159.699 140.906 159.699 140.906 226.338 114.695 226.338
114.857 160.636 141.092 160.636 141.092 227.122 114.857 227.122
114.607 160.130 140.876 160.130 140.876 226.410 114.607 226.410
114.394 160.367 140.612 160.367 140.612 226.559 114.394 226.559
114.439 161.250 140.522 161.250 140.522 227.552 114.439 227.552
114.664 161.044 140.723 161.044 140.723 227.317 114.664 227.317
114.607 155.987 140.786 155.987 140.786 221.883 114.607 221.883
114.569 157.913 140.889 157.913 140.889 223.275 114.569 223.275
114.343 159.441 140.573 159.441 140.573 224.692 114.343 224.692
114.736 159.908 140.887 159.908 140.887 225.132 114.736 225.132
115.031 160.171 141.035 160.171 141.035 225.521 115.031 225.521
114.950 159.760 140.807 159.760 140.807 225.080 114.950 225.080
114.972 159.574 140.813 159.574 140.813 224.787 114.972 224.787
115.065 160.160 140.838 160.160 140.838 225.382 115.065 225.382
114.933 160.706 140.721 160.706 140.721 225.807 114.933 225.807
114.951 160.362 140.588 160.362 140.588 225.669 114.951 225.669
114.724 161.279 140.388 161.279 140.388 226.576 114.724 226.576
114.368 161.367 139.910 161.367 139.910 226.736 114.368 226.736
114.358 160.609 139.714 160.609 139.714 226.284 114.358 226.284
114.087 161.195 139.532 161.195 139.532 226.582 114.087 226.582
118.633 161.014 144.139 161.014 144.139 226.398 118.633 226.398
93.681 167.276 119.110 167.276 119.110 232.706 93.681 232.706
91.795 167.623 116.937 167.623 116.937 233.247 91.795 233.247
92.264 167.966 116.785 167.966 116.785 234.374 92.264 234.374
94.329 169.074 118.518 169.074 118.518 235.882 94.329 235.882
95.823 168.553 119.983 168.553 119.983 235.388 95.823 235.388
101.568 167.467 125.575 167.467 125.575 234.520 101.568 234.520
103.580 165.473 127.535 165.473 127.535 232.596 103.580 232.596
105.856 165.238 129.745 165.238 129.745 232.351 105.856 232.351
112.612 166.268 136.310 166.268 136.310 233.824 112.612 233.824
113.452 165.157 137.015 165.157 137.015 233.260 113.452 233.260
115.110 163.912 138.919 163.912 138.919 231.902 115.110 231.902
116.656 164.321 140.601 164.321 140.601 232.084 116.656 232.084
118.805 164.601 142.966 164.601 142.966 232.030 118.805 232.030
120.772 164.411 145.110 164.411 145.110 231.512 120.772 231.512
122.229 163.523 146.261 163.523 146.261 230.948 122.229 230.948
122.756 159.055 147.046 159.055 147.046 225.547 122.756 225.547
118.397 158.727 142.612 158.727 142.612 225.173 118.397 225.173
119.353 159.150 143.436 159.150 143.436 225.698 119.353 225.698
114.221 162.788 138.032 162.788 138.032 229.730 114.221 229.730
114.290 160.813 138.296 160.813 138.296 227.546 114.290 227.546
114.645 160.241 138.352 160.241 138.352 227.329 114.645 227.329
114.851 160.398 138.406 160.398 138.406 227.625 114.851 227.625
114.834 159.926 138.349 159.926 138.349 227.087 114.834 227.087
115.055 159.418 138.308 159.418 138.308 226.778 115.055 226.778
115.014 160.217 138.228 160.217 138.228 227.792 115.014 227.792
114.907 159.455 138.088 159.455 138.088 227.156 114.907 227.156
114.714 160.912 137.839 160.912 137.839 228.771 114.714 228.771
114.908 161.763 137.996 161.763 137.996 229.565 114.908 229.565
115.257 161.106 138.163 161.106 138.163 229.183 115.257 229.183
115.358 161.493 138.375 161.493 138.375 229.263 115.358 229.263
115.517 160.164 138.367 160.164 138.367 228.187 115.517 228.187
115.454 159.820 138.293 159.820 138.293 227.810 115.454 227.810
115.416 159.293 138.206 159.293 138.206 227.419 115.416 227.419
115.240 159.926 138.216 159.926 138.216 227.812 115.240 227.812
115.584 160.050 138.609 160.050 138.609 227.770 115.584 227.770
115.645 158.321 138.618 158.321 138.618 226.131 115.645 226.131
115.752 158.941 138.764 158.941 138.764 226.692 115.752 226.692
115.802 160.252 138.787 160.252 138.787 228.134 115.802 228.134
115.836 159.703 138.756 159.703 138.756 227.743 115.836 227.743
115.671 160.007 138.618 160.007 138.618 227.994 115.671 227.994
115.690 160.428 138.608 160.428 138.608 228.505 115.690 228.505
115.778 159.908 138.639 159.908 138.639 228.211 115.778 228.211
115.862 160.687 138.848 160.687 138.848 228.722 115.862 228.722
116.202 159.390 139.270 159.390 139.270 227.211 116.202 227.211
115.991 159.780 139.104 159.780 139.104 227.390 115.991 227.390
116.033 158.831 139.051 158.831 139.051 226.321 116.033 226.321
115.742 160.080 138.776 160.080 138.776 227.652 115.742 227.652
115.525 159.916 138.550 159.916 138.550 227.535 115.525 227.535
115.265 160.257 138.325 160.257 138.325 227.711 115.265 227.711
115.359 160.556 138.330 160.556 138.330 228.277 115.359 228.277
115.465 160.248 138.410 160.248 138.410 227.869 115.465 227.869
115.374 160.168 138.409 160.168 138.409 227.759 115.374 227.759
115.463 159.044 138.464 159.044 138.464 226.664 115.463 226.664
115.009 160.001 138.081 160.001 138.081 227.638 115.009 227.638
115.000 160.057 137.968 160.057 137.968 227.913 115.000 227.913
115.147 159.414 138.050 159.414 138.050 227.468 115.147 227.468
114.880 159.628 137.804 159.628 137.804 227.738 114.880 227.738
115.152 159.322 137.968 159.322 137.968 227.433 115.152 227.433
114.803 159.221 137.573 159.221 137.573 227.621 114.803 227.621
114.941 159.754 137.855 159.754 137.855 228.187 114.941 228.187
115.256 159.736 138.051 159.736 138.051 228.335 115.256 228.335
115.291 161.550 138.194 161.550 138.194 229.919 115.291 229.919
115.528 160.699 138.334 160.699 138.334 229.287 115.528 229.287
115.361 160.326 138.271 160.326 138.271 228.502 115.361 228.502
115.236 159.848 138.199 159.848 138.199 227.987 115.236 227.987
115.299 159.675 138.227 159.675 138.227 227.838 115.299 227.838
115.258 159.994 138.224 159.994 138.224 228.024 115.258 228.024
115.394 160.280 138.334 160.280 138.334 228.181 115.394 228.181
115.038 159.451 137.990 159.451 137.990 227.381 115.038 227.381
115.024 160.899 137.990 160.899 137.990 228.742 115.024 228.742
115.440 160.502 138.358 160.502 138.358 228.437 115.440 228.437
115.256 160.201 138.160 160.201 138.160 228.075 115.256 228.075
115.199 160.294 138.186 160.294 138.186 228.042 115.199 228.042
114.999 159.773 138.028 159.773 138.028 227.589 114.999 227.589
115.362 160.358 138.309 160.358 138.309 228.407 115.362 228.407
115.526 160.680 138.496 160.680 138.496 228.637 115.526 228.637
115.479 159.580 138.415 159.580 138.415 227.534 115.479 227.534
115.233 160.034 138.169 160.034 138.169 228.044 115.233 228.044
115.234 159.603 138.216 159.603 138.216 227.364 115.234 227.364
114.886 159.909 137.926 159.909 137.926 227.626 114.886 227.626
115.308 159.343 138.320 159.343 138.320 227.114 115.308 227.114
115.132 159.761 138.220 159.761 138.220 227.568 115.132 227.568
115.045 159.629 138.161 159.629 138.161 227.303 115.045 227.303
115.018 160.021 138.089 160.021 138.089 227.585 115.018 227.585
115.012 159.559 138.033 159.559 138.033 227.362 115.012 227.362
114.925 159.438 137.925 159.438 137.925 227.083 114.925 227.083
115.002 163.109 137.967 163.109 137.967 230.714 115.002 230.714
115.248 161.379 138.164 161.379 138.164 229.221 115.248 229.221
115.170 160.296 138.127 160.296 138.127 228.015 115.170 228.015
115.110 159.761 137.978 159.761 137.978 227.817 115.110 227.817
114.899 160.223 137.853 160.223 137.853 228.087 114.899 228.087
114.854 160.604 137.838 160.604 137.838 228.448 114.854 228.448
115.053 160.415 138.011 160.415 138.011 228.148 115.053 228.148
115.407 160.928 138.412 160.928 138.412 228.211 115.407 228.211
115.404 161.097 138.302 161.097 138.302 228.486 115.404 228.486
115.336 159.984 138.204 159.984 138.204 227.415 115.336 227.415
115.203 160.152 138.107 160.152 138.107 227.401 115.203 227.401
115.017 160.075 138.014 160.075 138.014 227.261 115.017 227.261
114.917 159.915 137.883 159.915 137.883 227.160 114.917 227.160
114.984 160.406 137.955 160.406 137.955 227.748 114.984 227.748
115.289 159.583 138.067 159.583 138.067 227.189 115.289 227.189
115.176 159.311 137.983 159.311 137.983 226.936 115.176 226.936
115.079 163.701 137.877 163.701 137.877 231.256 115.079 231.256
115.162 161.754 137.835 161.754 137.835 229.473 115.162 229.473
115.105 161.109 137.795 161.109 137.795 228.795 115.105 228.795
115.354 160.134 138.126 160.134 138.126 227.646 115.354 227.646
115.436 159.641 138.174 159.641 138.174 227.199 115.436 227.199
115.663 159.797 138.391 159.797 138.391 227.419 115.663 227.419
115.480 158.709 138.359 158.709 138.359 226.308 115.480 226.308
115.878 158.903 138.761 158.903 138.761 226.582 115.878 226.582
115.463 163.177 138.399 163.177 138.399 230.677 115.463 230.677
115.443 161.820 138.354 161.820 138.354 229.365 115.443 229.365
115.351 160.901 138.238 160.901 138.238 228.372 115.351 228.372
115.372 160.981 138.300 160.981 138.300 228.339 115.372 228.339
115.436 160.552 138.430 160.552 138.430 227.871 115.436 227.871
115.542 159.844 138.503 159.844 138.503 227.129 115.542 227.129
115.380 160.856 138.371 160.856 138.371 228.230 115.380 228.230
115.326 159.705 138.311 159.705 138.311 226.997 115.326 226.997
115.967 158.860 138.937 158.860 138.937 226.123 115.967 226.123
115.861 163.106 138.702 163.106 138.702 230.557 115.861 230.557
115.869 161.883 138.665 161.883 138.665 229.436 115.869 229.436
115.772 161.311 138.561 161.311 138.561 228.899 115.772 228.899
115.726 159.776 138.503 159.776 138.503 227.484 115.726 227.484
115.764 159.322 138.485 159.322 138.485 227.159 115.764 227.159
115.683 158.641 138.500 158.641 138.500 226.328 115.683 226.328
115.496 159.200 138.393 159.200 138.393 226.759 115.496 226.759
115.427 162.506 138.293 162.506 138.293 230.218 115.427 230.218
115.430 161.036 138.190 161.036 138.190 228.856 115.430 228.856
115.553 159.766 138.384 159.766 138.384 227.678 115.553 227.678
115.632 159.485 138.482 159.485 138.482 227.421 115.632 227.421
115.598 160.021 138.455 160.021 138.455 227.893 115.598 227.893
115.610 160.741 138.554 160.741 138.554 228.366 115.610 228.366
115.529 160.394 138.484 160.394 138.484 227.865 115.529 227.865
115.575 159.932 138.512 159.932 138.512 227.268 115.575 227.268
115.728 160.759 138.647 160.759 138.647 228.165 115.728 228.165
115.557 160.330 138.431 160.330 138.431 227.738 115.557 227.738
115.501 160.431 138.298 160.431 138.298 227.767 115.501 227.767
115.823 160.927 138.595 160.927 138.595 228.085 115.823 228.085
115.925 160.063 138.570 160.063 138.570 227.302 115.925 227.302
115.641 159.698 138.269 159.698 138.269 226.991 115.641 226.991
115.625 160.556 138.246 160.556 138.246 227.982 115.625 227.982
115.609 161.056 138.315 161.056 138.315 228.451 115.609 228.451
115.747 161.115 138.505 161.115 138.505 228.302 115.747 228.302
115.579 161.353 138.362 161.353 138.362 228.494 115.579 228.494
115.449 160.648 138.307 160.648 138.307 227.557 115.449 227.557
115.517 160.906 138.427 160.906 138.427 227.678 115.517 227.678
115.587 160.626 138.481 160.626 138.481 227.350 115.587 227.350
115.504 159.713 138.365 159.713 138.365 226.549 115.504 226.549
115.327 161.022 138.152 161.022 138.152 227.929 115.327 227.929
115.462 161.629 138.214 161.629 138.214 228.548 115.462 228.548
115.188 161.206 137.913 161.206 137.913 228.200 115.188 228.200
115.448 160.977 138.199 160.977 138.199 227.625 115.448 227.625
115.682 160.452 138.485 160.452 138.485 226.961 115.682 226.961
115.608 159.983 138.395 159.983 138.395 226.552 115.608 226.552
115.622 160.709 138.368 160.709 138.368 227.268 115.622 227.268
115.745 160.083 138.524 160.083 138.524 226.425 115.745 226.425
115.935 160.823 138.655 160.823 138.655 227.204 115.935 227.204
116.183 161.758 138.796 161.758 138.796 228.152 116.183 228.152
116.135 160.937 138.741 160.937 138.741 227.382 116.135 227.382
116.271 161.002 138.861 161.002 138.861 227.498 116.271 227.498
115.994 161.097 138.590 161.097 138.590 227.506 115.994 227.506
116.243 160.206 138.766 160.206 138.766 226.755 116.243 226.755
115.920 159.954 138.560 159.954 138.560 226.444 115.920 226.444
115.827 164.605 138.386 164.605 138.386 231.025 115.827 231.025
115.543 163.244 137.998 163.244 137.998 229.942 115.543 229.942
115.369 161.829 137.645 161.829 137.645 228.961 115.369 228.961
115.480 162.234 137.798 162.234 137.798 229.302 115.480 229.302
115.489 161.459 137.881 161.459 137.881 228.446 115.489 228.446
115.579 160.828 137.948 160.828 137.948 227.592 115.579 227.592
115.730 161.431 138.166 161.431 138.166 228.068 115.730 228.068
115.715 159.908 138.162 159.908 138.162 226.406 115.715 226.406
115.429 160.877 137.979 160.877 137.979 227.197 115.429 227.197
115.399 161.337 137.980 161.337 137.980 227.417 115.399 227.417
115.498 160.824 138.047 160.824 138.047 226.942 115.498 226.942
115.713 161.519 138.252 161.519 138.252 227.634 115.713 227.634
115.923 161.573 138.338 161.573 138.338 227.798 115.923 227.798
115.638 160.668 138.193 160.668 138.193 226.635 115.638 226.635
115.743 160.636 138.304 160.636 138.304 226.609 115.743 226.609
115.464 160.052 138.003 160.052 138.003 226.084 115.464 226.084
115.393 160.205 137.977 160.205 137.977 226.364 115.393 226.364
115.377 161.005 137.987 161.005 137.987 227.226 115.377 227.226
115.268 160.974 137.804 160.974 137.804 227.302 115.268 227.302
115.278 161.114 137.804 161.114 137.804 227.272 115.278 227.272
115.555 160.920 138.040 160.920 138.040 227.156 115.555 227.156
115.783 160.355 138.292 160.355 138.292 226.644 115.783 226.644
116.017 160.493 138.514 160.493 138.514 226.756 116.017 226.756
115.990 161.468 138.517 161.468 138.517 227.496 115.990 227.496
116.092 161.065 138.647 161.065 138.647 227.177 116.092 227.177
116.040 161.181 138.494 161.181 138.494 227.505 116.040 227.505
116.188 161.528 138.663 161.528 138.663 227.694 116.188 227.694
116.190 160.655 138.594 160.655 138.594 226.915 116.190 226.915
116.165 160.732 138.590 160.732 138.590 226.979 116.165 226.979
116.051 161.596 138.522 161.596 138.522 227.774 116.051 227.774
116.396 160.246 138.877 160.246 138.877 226.295 116.396 226.295
116.293 161.246 138.841 161.246 138.841 227.017 116.293 227.017
116.202 161.062 138.711 161.062 138.711 226.741 116.202 226.741
116.215 160.447 138.730 160.447 138.730 225.943 116.215 225.943
115.850 161.522 138.481 161.522 138.481 226.854 115.850 226.854
115.822 161.514 138.477 161.514 138.477 226.847 115.822 226.847
116.072 161.594 138.621 161.594 138.621 226.865 116.072 226.865
116.076 162.309 138.575 162.309 138.575 227.618 116.076 227.618
115.926 161.405 138.280 161.405 138.280 226.930 115.926 226.930
116.065 161.615 138.330 161.615 138.330 227.212 116.065 227.212
116.048 160.625 138.288 160.625 138.288 226.218 116.048 226.218
115.995 160.855 138.181 160.855 138.181 226.438 115.995 226.438
116.084 160.514 138.294 160.514 138.294 225.859 116.084 225.859
115.794 159.890 137.992 159.890 137.992 225.339 115.794 225.339
115.743 161.355 137.959 161.355 137.959 226.606 115.743 226.606
115.711 161.640 137.847 161.640 137.847 226.631 115.711 226.631
115.569 161.542 137.737 161.542 137.737 226.397 115.569 226.397
115.789 161.614 137.839 161.614 137.839 226.509 115.789 226.509
115.613 161.427 137.625 161.427 137.625 226.444 115.613 226.444
115.396 161.326 137.493 161.326 137.493 226.182 115.396 226.182
115.557 161.508 137.564 161.508 137.564 226.328 115.557 226.328
115.536 161.468 137.538 161.468 137.538 226.421 115.536 226.421
115.408 161.410 137.388 161.410 137.388 226.213 115.408 226.213
115.506 161.395 137.479 161.395 137.479 226.050 115.506 226.050
115.473 160.647 137.379 160.647 137.379 225.398 115.473 225.398
115.462 160.455 137.402 160.455 137.402 225.178 115.462 225.178
115.265 160.811 137.269 160.811 137.269 225.432 115.265 225.432
115.368 160.662 137.314 160.662 137.314 225.424 115.368 225.424
115.260 161.159 137.202 161.159 137.202 225.933 115.260 225.933
115.445 161.178 137.340 161.178 137.340 225.950 115.445 225.950
115.484 161.324 137.216 161.324 137.216 226.331 115.484 226.331
115.315 161.905 137.079 161.905 137.079 226.780 115.315 226.780
115.102 160.737 136.759 160.737 136.759 225.666 115.102 225.666
115.138 160.038 136.785 160.038 136.785 224.974 115.138 224.974
114.925 160.397 136.637 160.397 136.637 225.193 114.925 225.193
115.129 160.724 136.829 160.724 136.829 225.510 115.129 225.510
115.215 161.757 136.910 161.757 136.910 226.402 115.215 226.402
115.337 162.243 137.021 162.243 137.021 226.776 115.337 226.776
115.356 161.010 137.104 161.010 137.104 225.614 115.356 225.614
115.337 161.916 137.137 161.916 137.137 226.469 115.337 226.469
115.231 162.085 137.037 162.085 137.037 226.433 115.231 226.433
115.563 162.773 137.334 162.773 137.334 226.914 115.563 226.914
115.214 158.360 137.019 158.360 137.019 222.463 115.214 222.463
115.229 163.193 137.040 163.193 137.040 227.166 115.229 227.166
115.011 162.352 136.760 162.352 136.760 226.509 115.011 226.509
115.321 162.466 137.007 162.466 137.007 226.587 115.321 226.587
115.225 162.731 136.786 162.731 136.786 226.951 115.225 226.951
115.346 162.261 136.868 162.261 136.868 226.615 115.346 226.615
115.597 162.007 137.133 162.007 137.133 226.211 115.597 226.211
115.255 161.247 136.876 161.247 136.876 225.257 115.255 225.257
115.060 160.581 136.717 160.581 136.717 224.568 115.060 224.568
115.116 162.002 136.710 162.002 136.710 225.811 115.116 225.811
115.061 162.108 136.717 162.108 136.717 225.699 115.061 225.699
115.256 161.653 136.859 161.653 136.859 225.255 115.256 225.255
115.223 161.928 136.850 161.928 136.850 225.465 115.223 225.465
115.241 161.446 136.759 161.446 136.759 225.162 115.241 225.162
115.330 162.166 136.834 162.166 136.834 225.819 115.330 225.819
115.464 161.545 136.917 161.545 136.917 225.298 115.464 225.298
115.501 161.533 136.948 161.533 136.948 225.087 115.501 225.087
115.420 161.407 136.984 161.407 136.984 224.797 115.420 224.797
115.302 161.118 136.792 161.118 136.792 224.635 115.302 224.635
115.241 161.056 136.701 161.056 136.701 224.525 115.241 224.525
115.234 160.792 136.720 160.792 136.720 224.319 115.234 224.319
115.108 161.181 136.651 161.181 136.651 224.300 115.108 224.300
115.132 161.436 136.681 161.436 136.681 224.348 115.132 224.348
115.501 160.805 136.883 160.805 136.883 223.819 115.501 223.819
115.506 160.909 136.953 160.909 136.953 223.798 115.506 223.798
115.349 160.927 136.842 160.927 136.842 223.664 115.349 223.664
115.294 161.209 136.765 161.209 136.765 223.877 115.294 223.877
115.382 161.192 136.793 161.192 136.793 223.747 115.382 223.747
115.175 165.674 136.444 165.674 136.444 228.180 115.175 228.180
114.817 161.125 136.723 161.125 136.723 222.784 114.817 222.784
114.834 161.430 136.599 161.430 136.599 223.155 114.834 223.155
114.893 161.741 137.103 161.741 137.103 222.677 114.893 222.677
114.674 162.290 137.200 162.290 137.200 222.587 114.674 222.587
114.511 163.398 137.280 163.398 137.280 223.105 114.511 223.105
114.351 163.020 137.286 163.020 137.286 222.403 114.351 222.403
114.526 162.779 137.508 162.779 137.508 222.019 114.526 222.019
114.804 163.207 137.913 163.207 137.913 222.146 114.804 222.146
