524.000 66.000 540.000 66.000 540.000 102.000 524.000 102.000
524.310 65.297 540.168 65.297 540.168 101.104 524.310 101.104
524.547 65.194 540.411 65.194 540.411 100.857 524.547 100.857
523.668 65.450 539.504 65.450 539.504 100.897 523.668 100.897
522.783 65.249 538.677 65.249 538.677 100.589 522.783 100.589
522.244 66.066 538.009 66.066 538.009 101.382 522.244 101.382
518.711 66.400 534.432 66.400 534.432 101.585 518.711 101.585
518.451 66.665 534.136 66.665 534.136 101.671 518.451 101.671
517.846 66.719 533.548 66.719 533.548 101.512 517.846 101.512
516.950 66.278 532.659 66.278 532.659 101.028 516.950 101.028
515.761 66.320 531.522 66.320 531.522 100.955 515.761 100.955
515.176 66.457 530.796 66.457 530.796 101.122 515.176 101.122
514.122 67.177 529.753 67.177 529.753 101.817 514.122 101.817
513.661 65.492 529.298 65.492 529.298 100.086 513.661 100.086
512.900 65.951 528.464 65.951 528.464 100.512 512.900 100.512
511.962 65.224 527.532 65.224 527.532 99.731 511.962 99.731
511.543 65.409 526.979 65.409 526.979 99.914 511.543 99.914
510.562 65.554 525.967 65.554 525.967 99.947 510.562 99.947
509.534 65.281 524.911 65.281 524.911 99.612 509.534 99.612
508.704 65.305 523.994 65.305 523.994 99.751 508.704 99.751
508.193 65.584 523.514 65.584 523.514 100.063 508.193 100.063
507.496 65.513 522.879 65.513 522.879 99.885 507.496 99.885
506.745 64.951 521.999 64.951 521.999 99.368 506.745 99.368
505.480 65.843 520.739 65.843 520.739 100.292 505.480 100.292
504.774 65.696 519.926 65.696 519.926 100.175 504.774 100.175
504.277 65.269 519.296 65.269 519.296 99.804 504.277 99.804
503.527 65.162 518.422 65.162 518.422 99.686 503.527 99.686
502.691 65.450 517.512 65.450 517.512 99.823 502.691 99.823
502.036 65.370 516.844 65.370 516.844 99.786 502.036 99.786
501.375 64.781 516.082 64.781 516.082 99.188 501.375 99.188
501.021 64.749 515.683 64.749 515.683 99.041 501.021 99.041
500.684 65.632 515.228 65.632 515.228 99.843 500.684 99.843
500.368 65.310 514.844 65.310 514.844 99.468 500.368 99.468
499.973 64.841 514.437 64.841 514.437 98.854 499.973 98.854
499.521 65.795 513.971 65.795 513.971 99.672 499.521 99.672
499.735 64.965 514.043 64.965 514.043 98.800 499.735 98.800
499.309 65.113 513.472 65.113 513.472 98.732 499.309 98.732
499.305 64.895 513.411 64.895 513.411 98.429 499.305 98.429
499.024 65.111 513.143 65.111 513.143 98.402 499.024 98.402
498.672 65.065 512.787 65.065 512.787 98.253 498.672 98.253
498.673 65.290 512.727 65.290 512.727 98.522 498.673 98.522
498.294 64.672 512.323 64.672 512.323 97.729 498.294 97.729
497.767 65.417 511.772 65.417 511.772 98.347 497.767 98.347
497.345 65.428 511.249 65.428 511.249 98.405 497.345 98.405
496.739 64.902 510.581 64.902 510.581 97.880 496.739 97.880
496.091 64.789 509.962 64.789 509.962 97.734 496.091 97.734
495.867 64.338 509.681 64.338 509.681 97.199 495.867 97.199
495.221 63.637 509.095 63.637 509.095 96.397 495.221 96.397
494.729 64.916 508.576 64.916 508.576 97.698 494.729 97.698
494.439 64.199 508.285 64.199 508.285 96.901 494.439 96.901
493.959 65.148 507.709 65.148 507.709 97.840 493.959 97.840
494.101 65.098 507.859 65.098 507.859 97.780 494.101 97.780
494.134 64.581 507.845 64.581 507.845 97.226 494.134 97.226
493.880 64.951 507.527 64.951 507.527 97.509 493.880 97.509
493.534 64.010 507.095 64.010 507.095 96.494 493.534 96.494
493.584 63.696 507.105 63.696 507.105 96.079 493.584 96.079
493.393 64.210 506.849 64.210 506.849 96.564 493.393 96.564
493.090 63.643 506.582 63.643 506.582 95.808 493.090 95.808
492.558 64.116 506.077 64.116 506.077 96.197 492.558 96.197
492.369 63.904 505.918 63.904 505.918 95.958 492.369 95.958
491.788 64.058 505.388 64.058 505.388 96.133 491.788 96.133
491.323 64.452 504.935 64.452 504.935 96.438 491.323 96.438
490.952 63.384 504.546 63.384 504.546 95.410 490.952 95.410
490.266 64.111 503.842 64.111 503.842 95.987 490.266 95.987
489.705 63.539 503.415 63.539 503.415 95.157 489.705 95.157
489.202 64.677 502.935 64.677 502.935 96.154 489.202 96.154
489.112 64.410 502.836 64.410 502.836 95.984 489.112 95.984
489.023 64.566 502.666 64.566 502.666 96.331 489.023 96.331
489.021 65.053 502.631 65.053 502.631 96.858 489.021 96.858
488.970 65.207 502.518 65.207 502.518 97.089 488.970 97.089
488.636 64.369 502.116 64.369 502.116 96.309 488.636 96.309
488.230 64.338 501.712 64.338 501.712 96.281 488.230 96.281
487.969 63.283 501.438 63.283 501.438 95.188 487.969 95.188
488.064 63.826 501.517 63.826 501.517 95.785 488.064 95.785
487.957 64.045 501.424 64.045 501.424 96.083 487.957 96.083
487.813 63.592 501.270 63.592 501.270 95.818 487.813 95.818
487.560 63.480 500.942 63.480 500.942 95.897 487.560 95.897
487.252 64.019 500.627 64.019 500.627 96.376 487.252 96.376
486.984 63.698 500.301 63.698 500.301 96.169 486.984 96.169
486.500 62.894 499.784 62.894 499.784 95.402 486.500 95.402
485.921 62.836 499.188 62.836 499.188 95.356 485.921 95.356
485.268 62.446 498.664 62.446 498.664 94.920 485.268 94.920
484.688 61.167 498.096 61.167 498.096 93.682 484.688 93.682
484.278 61.330 497.808 61.330 497.808 93.598 484.278 93.598
483.742 61.361 497.281 61.361 497.281 93.506 483.742 93.506
483.463 61.418 497.074 61.418 497.074 93.395 483.463 93.395
482.986 61.163 496.553 61.163 496.553 93.052 482.986 93.052
483.031 61.062 496.629 61.062 496.629 92.874 483.031 92.874
482.783 61.640 496.373 61.640 496.373 93.212 482.783 93.212
482.636 61.268 496.273 61.268 496.273 92.714 482.636 92.714
482.087 61.318 495.709 61.318 495.709 92.488 482.087 92.488
481.932 61.745 495.646 61.745 495.646 92.716 481.932 92.716
481.838 62.286 495.426 62.286 495.426 93.338 481.838 93.338
481.902 61.758 495.438 61.758 495.438 92.864 481.902 92.864
481.336 61.916 494.823 61.916 494.823 92.958 481.336 92.958
480.663 62.294 494.179 62.294 494.179 93.227 480.663 93.227
480.295 62.485 493.902 62.485 493.902 93.194 480.295 93.194
479.958 62.302 493.550 62.302 493.550 93.037 479.958 93.037
479.272 61.427 492.951 61.427 492.951 92.036 479.272 92.036
478.751 61.335 492.505 61.335 492.505 91.987 478.751 91.987
478.569 59.904 492.334 59.904 492.334 90.611 478.569 90.611
478.305 60.451 491.968 60.451 491.968 91.236 478.305 91.236
478.034 60.724 491.711 60.724 491.711 91.430 478.034 91.430
478.391 59.682 491.946 59.682 491.946 90.599 478.391 90.599
477.742 60.450 491.398 60.450 491.398 91.320 477.742 91.320
477.775 61.290 491.427 61.290 491.427 92.141 477.775 92.141
477.715 60.711 491.346 60.711 491.346 91.685 477.715 91.685
477.530 60.363 491.212 60.363 491.212 91.234 477.530 91.234
476.982 60.721 490.669 60.721 490.669 91.503 476.982 91.503
477.196 58.944 490.878 58.944 490.878 89.658 477.196 89.658
476.516 59.714 490.167 59.714 490.167 90.408 476.516 90.408
476.476 59.681 490.026 59.681 490.026 90.373 476.476 90.373
476.460 59.831 489.866 59.831 489.866 90.635 476.460 90.635
476.808 60.448 490.198 60.448 490.198 91.208 476.808 91.208
476.868 60.038 490.320 60.038 490.320 90.821 476.868 90.821
476.795 59.713 490.254 59.713 490.254 90.458 476.795 90.458
476.683 58.458 490.052 58.458 490.052 89.282 476.683 89.282
476.276 58.717 489.675 58.717 489.675 89.363 476.276 89.363
476.475 59.229 489.812 59.229 489.812 89.950 476.475 89.950
476.638 58.460 489.976 58.460 489.976 89.117 476.638 89.117
476.703 58.178 490.057 58.178 490.057 88.906 476.703 88.906
476.738 58.517 490.138 58.517 490.138 89.335 476.738 89.335
476.147 58.982 489.478 58.982 489.478 89.833 476.147 89.833
475.589 58.606 488.990 58.606 488.990 89.468 475.589 89.468
475.339 58.995 488.819 58.995 488.819 89.759 475.339 89.759
475.043 58.648 488.672 58.648 488.672 89.297 475.043 89.297
474.944 57.702 488.492 57.702 488.492 88.427 474.944 88.427
474.306 57.819 487.841 57.819 487.841 88.472 474.306 88.472
474.344 56.844 487.771 56.844 487.771 87.507 474.344 87.507
473.535 56.588 486.916 56.588 486.916 87.238 473.535 87.238
473.706 56.929 486.986 56.929 486.986 87.660 473.706 87.660
473.731 57.428 486.927 57.428 486.927 88.263 473.731 88.263
473.592 57.517 486.782 57.517 486.782 88.340 473.592 88.340
473.620 57.162 486.733 57.162 486.733 88.150 473.620 88.150
473.400 56.918 486.538 56.918 486.538 87.885 473.400 87.885
473.289 57.183 486.403 57.183 486.403 88.128 473.289 88.128
473.270 56.665 486.353 56.665 486.353 87.655 473.270 87.655
473.292 56.323 486.330 56.323 486.330 87.614 473.292 87.614
472.801 55.849 485.862 55.849 485.862 87.027 472.801 87.027
472.515 55.640 485.614 55.640 485.614 86.875 472.515 86.875
472.429 56.360 485.539 56.360 485.539 87.701 472.429 87.701
471.810 57.080 484.927 57.080 484.927 88.222 471.810 88.222
471.518 56.784 484.600 56.784 484.600 88.048 471.518 88.048
471.489 57.013 484.545 57.013 484.545 88.321 471.489 88.321
471.224 56.077 484.345 56.077 484.345 87.287 471.224 87.287
471.058 55.980 484.275 55.980 484.275 87.009 471.058 87.009
470.797 55.397 483.960 55.397 483.960 86.469 470.797 86.469
470.431 56.216 483.551 56.216 483.551 87.255 470.431 87.255
470.384 55.709 483.527 55.709 483.527 86.707 470.384 86.707
470.319 56.385 483.366 56.385 483.366 87.370 470.319 87.370
470.552 56.458 483.605 56.458 483.605 87.484 470.552 87.484
470.325 55.742 483.334 55.742 483.334 86.752 470.325 86.752
470.085 56.677 483.158 56.677 483.158 87.661 470.085 87.661
469.843 55.878 482.961 55.878 482.961 86.944 469.843 86.944
470.051 54.972 483.156 54.972 483.156 86.176 470.051 86.176
469.802 54.846 482.997 54.846 482.997 86.086 469.802 86.086
469.616 54.581 482.751 54.581 482.751 85.932 469.616 85.932
469.179 54.510 482.427 54.510 482.427 85.879 469.179 85.879
468.909 54.763 482.238 54.763 482.238 86.041 468.909 86.041
467.925 54.828 481.415 54.828 481.415 85.852 467.925 85.852
467.698 54.690 481.148 54.690 481.148 85.743 467.698 85.743
466.930 53.527 480.468 53.527 480.468 84.466 466.930 84.466
465.956 53.390 479.697 53.390 479.697 84.144 465.956 84.144
465.869 54.356 479.590 54.356 479.590 85.085 465.869 85.085
466.015 54.667 479.748 54.667 479.748 85.412 466.015 85.412
465.841 54.623 479.574 54.623 479.574 85.496 465.841 85.496
465.351 54.760 479.151 54.760 479.151 85.636 465.351 85.636
465.370 53.727 479.123 53.727 479.123 84.803 465.370 84.803
464.964 54.147 478.768 54.147 478.768 85.189 464.964 85.189
464.891 53.689 478.722 53.689 478.722 84.594 464.891 84.594
464.332 54.798 478.284 54.798 478.284 85.668 464.332 85.668
464.201 55.379 478.188 55.379 478.188 86.182 464.201 86.182
464.089 55.829 477.986 55.829 477.986 86.641 464.089 86.641
463.175 55.025 477.186 55.025 477.186 85.615 463.175 85.615
462.848 54.238 476.765 54.238 476.765 84.673 462.848 84.673
462.696 54.095 476.573 54.095 476.573 84.307 462.696 84.307
462.329 55.303 476.169 55.303 476.169 85.262 462.329 85.262
462.509 55.351 476.258 55.351 476.258 85.261 462.509 85.261
462.313 54.983 475.935 54.983 475.935 84.979 462.313 84.979
462.301 55.041 475.890 55.041 475.890 85.097 462.301 85.097
462.102 55.010 475.709 55.010 475.709 85.083 462.102 85.083
462.068 55.327 475.648 55.327 475.648 85.415 462.068 85.415
462.037 54.896 475.532 54.896 475.532 84.901 462.037 84.901
462.215 55.084 475.619 55.084 475.619 85.166 462.215 85.166
462.534 54.254 475.971 54.254 475.971 84.294 462.534 84.294
462.497 53.889 475.896 53.889 475.896 83.920 462.497 83.920
462.348 54.489 475.736 54.489 475.736 84.437 462.348 84.437
462.117 55.227 475.522 55.227 475.522 85.091 462.117 85.091
462.694 54.938 476.041 54.938 476.041 84.842 462.694 84.842
462.392 54.912 475.814 54.912 475.814 84.576 462.392 84.576
462.130 54.773 475.577 54.773 475.577 84.291 462.130 84.291
461.849 53.391 475.285 53.391 475.285 82.759 461.849 82.759
461.955 52.795 475.354 52.795 475.354 82.158 461.955 82.158
461.692 53.028 475.053 53.028 475.053 82.302 461.692 82.302
461.727 53.422 475.137 53.422 475.137 82.629 461.727 82.629
461.916 53.480 475.436 53.480 475.436 82.584 461.916 82.584
462.058 53.279 475.657 53.279 475.657 82.286 462.058 82.286
461.999 53.794 475.535 53.794 475.535 82.898 461.999 82.898
462.839 52.914 476.355 52.914 476.355 81.926 462.839 81.926
463.388 52.216 476.902 52.216 476.902 81.183 463.388 81.183
463.156 52.780 476.638 52.780 476.638 81.685 463.156 81.685
463.978 52.085 477.330 52.085 477.330 81.148 463.978 81.148
463.818 53.315 477.231 53.315 477.231 82.294 463.818 82.294
463.722 53.526 477.081 53.526 477.081 82.520 463.722 82.520
463.615 52.872 476.883 52.872 476.883 81.769 463.615 81.769
463.622 52.892 477.036 52.892 477.036 81.607 463.622 81.607
463.386 53.604 476.849 53.604 476.849 82.118 463.386 82.118
463.740 53.476 477.035 53.476 477.035 82.149 463.740 82.149
463.914 52.403 477.111 52.403 477.111 81.253 463.914 81.253
463.834 52.668 477.108 52.668 477.108 81.443 463.834 81.443
464.012 53.798 477.270 53.798 477.270 82.582 464.012 82.582
463.656 53.358 476.926 53.358 476.926 82.084 463.656 82.084
464.449 53.167 477.755 53.167 477.755 81.814 464.449 81.814
464.633 53.122 477.933 53.122 477.933 81.717 464.633 81.717
464.663 52.522 477.922 52.522 477.922 81.166 464.663 81.166
464.899 52.072 478.234 52.072 478.234 80.641 464.899 80.641
464.473 52.577 477.902 52.577 477.902 80.978 464.473 80.978
464.915 53.093 478.311 53.093 478.311 81.596 464.915 81.596
464.665 53.765 478.120 53.765 478.120 82.258 464.665 82.258
464.528 54.201 478.034 54.201 478.034 82.627 464.528 82.627
464.571 53.749 478.112 53.749 478.112 82.082 464.571 82.082
464.560 52.607 478.062 52.607 478.062 80.818 464.560 80.818
464.251 52.716 477.803 52.716 477.803 80.782 464.251 80.782
464.064 53.392 477.536 53.392 477.536 81.382 464.064 81.382
464.431 52.619 477.891 52.619 477.891 80.616 464.431 80.616
464.168 52.667 477.669 52.667 477.669 80.542 464.168 80.542
464.426 52.480 477.907 52.480 477.907 80.254 464.426 80.254
464.204 52.900 477.636 52.900 477.636 80.790 464.204 80.790
464.105 53.665 477.450 53.665 477.450 81.673 464.105 81.673
464.634 53.426 477.956 53.426 477.956 81.508 464.634 81.508
464.775 53.242 478.112 53.242 478.112 81.358 464.775 81.358
464.874 52.504 478.126 52.504 478.126 80.626 464.874 80.626
464.887 52.234 478.187 52.234 478.187 80.345 464.887 80.345
464.817 51.779 478.077 51.779 478.077 79.934 464.817 79.934
464.602 53.127 477.882 53.127 477.882 81.394 464.602 81.394
464.779 53.122 478.020 53.122 478.020 81.436 464.779 81.436
464.656 52.800 477.876 52.800 477.876 81.077 464.656 81.077
464.214 52.645 477.451 52.645 477.451 80.831 464.214 80.831
464.497 52.270 477.768 52.270 477.768 80.406 464.497 80.406
464.004 50.660 477.335 50.660 477.335 78.711 464.004 78.711
463.914 51.351 477.347 51.351 477.347 79.269 463.914 79.269
464.288 51.514 477.709 51.514 477.709 79.426 464.288 79.426
463.922 52.249 477.406 52.249 477.406 80.077 463.922 80.077
464.352 51.322 477.717 51.322 477.717 79.420 464.352 79.420
464.072 51.481 477.409 51.481 477.409 79.605 464.072 79.605
464.433 51.423 477.809 51.423 477.809 79.472 464.433 79.472
464.107 52.339 477.480 52.339 477.480 80.397 464.107 80.397
464.763 52.092 478.154 52.092 478.154 80.068 464.763 80.068
464.683 51.709 477.986 51.709 477.986 79.881 464.683 79.881
464.306 51.557 477.572 51.557 477.572 79.750 464.306 79.750
464.707 50.658 477.970 50.658 477.970 78.912 464.707 78.912
464.375 51.747 477.707 51.747 477.707 79.904 464.375 79.904
464.576 51.878 477.798 51.878 477.798 80.243 464.576 80.243
464.138 52.599 477.478 52.599 477.478 80.962 464.138 80.962
464.336 51.864 477.575 51.864 477.575 80.447 464.336 80.447
464.178 50.388 477.444 50.388 477.444 79.001 464.178 79.001
463.641 49.559 476.931 49.559 476.931 78.164 463.641 78.164
463.617 49.819 476.993 49.819 476.993 78.070 463.617 78.070
463.151 50.851 476.623 50.851 476.623 78.976 463.151 78.976
463.349 51.189 476.805 51.189 476.805 79.384 463.349 79.384
463.438 50.462 476.766 50.462 476.766 78.681 463.438 78.681
463.244 50.566 476.442 50.566 476.442 78.908 463.244 78.908
463.292 50.222 476.423 50.222 476.423 78.628 463.292 78.628
463.330 50.590 476.532 50.590 476.532 78.907 463.330 78.907
463.384 50.476 476.616 50.476 476.616 78.757 463.384 78.757
463.478 49.512 476.665 49.512 476.665 77.902 463.478 77.902
463.061 49.550 476.258 49.550 476.258 77.921 463.061 77.921
462.860 49.502 476.112 49.502 476.112 77.732 462.860 77.732
462.789 49.205 476.003 49.205 476.003 77.424 462.789 77.424
462.463 48.892 475.694 48.892 475.694 77.198 462.463 77.198
462.563 49.259 475.818 49.259 475.818 77.780 462.563 77.780
462.352 50.167 475.718 50.167 475.718 78.587 462.352 78.587
461.851 49.641 475.204 49.641 475.204 78.034 461.851 78.034
461.561 48.843 475.009 48.843 475.009 77.247 461.561 77.247
461.375 49.020 474.872 49.020 474.872 77.376 461.375 77.376
461.166 48.754 474.700 48.754 474.700 77.055 461.166 77.055
460.881 48.029 474.539 48.029 474.539 76.180 460.881 76.180
460.503 48.129 474.089 48.129 474.089 76.455 460.503 76.455
460.639 47.675 474.275 47.675 474.275 76.018 460.639 76.018
460.287 47.432 473.920 47.432 473.920 75.877 460.287 75.877
459.992 49.527 473.588 49.527 473.588 78.182 459.992 78.182
460.105 48.935 473.757 48.935 473.757 77.526 460.105 77.526
459.824 48.853 473.539 48.853 473.539 77.514 459.824 77.514
459.783 49.028 473.529 49.028 473.529 77.627 459.783 77.627
459.690 48.006 473.524 48.006 473.524 76.559 459.690 76.559
459.624 48.054 473.524 48.054 473.524 76.655 459.624 76.655
459.225 48.386 473.234 48.386 473.234 76.859 459.225 76.859
458.926 48.192 472.918 48.192 472.918 76.829 458.926 76.829
459.021 47.408 473.036 47.408 473.036 76.045 459.021 76.045
458.827 47.343 472.900 47.343 472.900 76.196 458.827 76.196
458.618 47.330 472.769 47.330 472.769 76.220 458.618 76.220
458.562 47.161 472.649 47.161 472.649 76.161 458.562 76.161
458.276 46.482 472.441 46.482 472.441 75.451 458.276 75.451
456.154 46.064 470.301 46.064 470.301 75.092 456.154 75.092
456.232 46.145 470.517 46.145 470.517 75.243 456.232 75.243
456.153 45.718 470.590 45.718 470.590 74.708 456.153 74.708
456.578 45.533 471.010 45.533 471.010 74.614 456.578 74.614
456.284 46.310 470.802 46.310 470.802 75.430 456.284 75.430
456.500 46.147 470.995 46.147 470.995 75.494 456.500 75.494
456.113 47.145 470.605 47.145 470.605 76.551 456.113 76.551
456.168 47.098 470.652 47.098 470.652 76.600 456.168 76.600
456.070 46.712 470.458 46.712 470.458 76.347 456.070 76.347
455.919 45.733 470.313 45.733 470.313 75.512 455.919 75.512
455.678 46.339 470.157 46.339 470.157 76.066 455.678 76.066
455.635 45.605 470.193 45.605 470.193 75.230 455.635 75.230
455.660 46.161 470.282 46.161 470.282 75.721 455.660 75.721
455.156 46.923 469.741 46.923 469.741 76.612 455.156 76.612
454.615 47.774 469.321 47.774 469.321 77.263 454.615 77.263
454.409 47.690 469.052 47.690 469.052 77.244 454.409 77.244
454.273 47.371 468.932 47.371 468.932 76.938 454.273 76.938
454.376 47.091 468.918 47.091 468.918 76.733 454.376 76.733
453.759 48.122 468.356 48.122 468.356 77.683 453.759 77.683
453.256 48.784 467.819 48.784 467.819 78.415 453.256 78.415
452.487 47.810 467.018 47.810 467.018 77.498 452.487 77.498
451.984 47.267 466.220 47.267 466.220 77.241 451.984 77.241
450.967 46.960 465.079 46.960 465.079 77.013 450.967 77.013
450.455 47.372 464.400 47.372 464.400 77.462 450.455 77.462
449.924 48.116 463.776 48.116 463.776 78.340 449.924 78.340
449.629 48.789 463.329 48.789 463.329 79.065 449.629 79.065
449.168 48.240 462.723 48.240 462.723 78.531 449.168 78.531
448.754 48.791 462.218 48.791 462.218 79.043 448.754 79.043
448.647 48.141 462.138 48.141 462.138 78.263 448.647 78.263
448.276 48.054 461.651 48.054 461.651 78.146 448.276 78.146
448.284 48.249 461.658 48.249 461.658 78.232 448.284 78.232
447.728 48.670 461.114 48.670 461.114 78.509 447.728 78.509
447.122 48.601 460.485 48.601 460.485 78.536 447.122 78.536
446.384 48.642 459.831 48.642 459.831 78.543 446.384 78.543
445.618 47.933 459.038 47.933 459.038 77.771 445.618 77.771
444.768 47.405 458.103 47.405 458.103 77.251 444.768 77.251
444.008 47.403 457.345 47.403 457.345 77.481 444.008 77.481
443.420 47.455 456.789 47.455 456.789 77.646 443.420 77.646
442.734 46.994 456.072 46.994 456.072 77.315 442.734 77.315
441.841 47.790 455.275 47.790 455.275 78.243 441.841 78.243
441.083 47.725 454.612 47.725 454.612 78.100 441.083 78.100
440.466 47.829 453.937 47.829 453.937 78.299 440.466 78.299
440.031 47.452 453.472 47.452 453.472 78.067 440.031 78.067
439.816 47.462 453.313 47.462 453.313 78.139 439.816 78.139
436.865 48.285 450.479 48.285 450.479 78.898 436.865 78.898
436.565 48.260 450.228 48.260 450.228 78.853 436.565 78.853
436.158 47.961 449.748 47.961 449.748 78.649 436.158 78.649
435.336 47.413 448.994 47.413 448.994 78.047 435.336 78.047
432.386 48.105 446.083 48.105 446.083 78.668 432.386 78.668
432.227 48.243 445.889 48.243 445.889 78.799 432.227 78.799
431.937 47.747 445.598 47.747 445.598 78.217 431.937 78.217
431.369 48.215 445.087 48.215 445.087 78.496 431.369 78.496
431.089 48.555 444.792 48.555 444.792 78.660 431.089 78.660
430.445 48.612 444.241 48.612 444.241 78.377 430.445 78.377
429.643 49.289 443.436 49.289 443.436 78.888 429.643 78.888
426.753 48.454 440.743 48.454 440.743 77.672 426.753 77.672
426.434 48.342 440.398 48.342 440.398 77.432 426.434 77.432
426.471 48.299 440.548 48.299 440.548 77.116 426.471 77.116
426.130 48.320 440.213 48.320 440.213 77.069 426.130 77.069
425.904 48.884 439.986 48.884 439.986 77.504 425.904 77.504
425.691 49.142 439.676 49.142 439.676 77.852 425.691 77.852
425.487 48.528 439.395 48.528 439.395 77.175 425.487 77.175
425.136 47.911 439.077 47.911 439.077 76.597 425.136 76.597
424.677 48.530 438.661 48.530 438.661 77.176 424.677 77.176
424.262 48.771 438.250 48.771 438.250 77.432 424.262 77.432
423.695 49.313 437.807 49.313 437.807 77.743 423.695 77.743
423.490 49.556 437.615 49.556 437.615 77.723 423.490 77.723
423.206 49.946 437.393 49.946 437.393 77.937 423.206 77.937
422.844 48.917 436.935 48.917 436.935 76.776 422.844 76.776
422.584 49.299 436.760 49.299 436.760 77.044 422.584 77.044
422.321 49.518 436.475 49.518 436.475 77.158 422.321 77.158
421.751 49.555 435.928 49.555 435.928 77.195 421.751 77.195
421.319 50.276 435.495 50.276 435.495 77.824 421.319 77.824
421.220 49.484 435.399 49.484 435.399 77.005 421.220 77.005
421.098 50.487 435.327 50.487 435.327 77.831 421.098 77.831
420.862 50.121 435.026 50.121 435.026 77.468 420.862 77.468
420.573 49.807 434.548 49.807 434.548 77.425 420.573 77.425
420.648 49.899 434.517 49.899 434.517 77.485 420.648 77.485
420.562 48.358 434.264 48.358 434.264 75.983 420.562 75.983
420.350 47.894 434.031 47.894 434.031 75.517 420.350 75.517
419.803 48.538 433.437 48.538 433.437 76.134 419.803 76.134
419.772 48.866 433.316 48.866 433.316 76.506 419.772 76.506
419.749 49.190 433.265 49.190 433.265 76.959 419.749 76.959
419.656 49.052 433.075 49.052 433.075 76.834 419.656 76.834
419.548 48.838 432.880 48.838 432.880 76.603 419.548 76.603
419.737 48.723 433.097 48.723 433.097 76.385 419.737 76.385
419.507 48.906 432.955 48.906 432.955 76.555 419.507 76.555
419.396 48.543 432.878 48.543 432.878 76.069 419.396 76.069
419.556 48.143 432.954 48.143 432.954 75.779 419.556 75.779
419.318 48.312 432.646 48.312 432.646 76.108 419.318 76.108
419.038 48.442 432.462 48.442 432.462 76.051 419.038 76.051
418.775 48.742 432.206 48.742 432.206 76.438 418.775 76.438
418.360 48.915 431.836 48.915 431.836 76.667 418.360 76.667
418.028 48.749 431.559 48.749 431.559 76.497 418.028 76.497
417.716 47.952 431.209 47.952 431.209 75.816 417.716 75.816
417.332 47.969 430.930 47.969 430.930 75.776 417.332 75.776
417.167 48.046 430.765 48.046 430.765 75.839 417.167 75.839
416.973 48.136 430.714 48.136 430.714 75.817 416.973 75.817
416.761 47.098 430.653 47.098 430.653 74.672 416.761 74.672
416.833 47.833 430.772 47.833 430.772 75.474 416.833 75.474
416.541 48.635 430.452 48.635 430.452 76.212 416.541 76.212
416.238 49.138 430.071 49.138 430.071 76.825 416.238 76.825
416.159 48.349 429.940 48.349 429.940 76.177 416.159 76.177
415.781 48.485 429.600 48.485 429.600 76.269 415.781 76.269
415.673 48.173 429.523 48.173 429.523 75.931 415.673 75.931
416.039 47.706 429.885 47.706 429.885 75.703 416.039 75.703
415.817 46.552 429.759 46.552 429.759 74.412 415.817 74.412
415.429 47.138 429.336 47.138 429.336 74.866 415.429 74.866
415.491 48.400 429.543 48.400 429.543 76.039 415.491 76.039
414.970 48.452 429.129 48.452 429.129 75.988 414.970 75.988
415.088 48.304 429.182 48.304 429.182 75.996 415.088 75.996
415.153 48.393 429.134 48.393 429.134 76.348 415.153 76.348
415.091 47.947 429.074 47.947 429.074 75.942 415.091 75.942
414.959 47.858 428.906 47.858 428.906 75.822 414.959 75.822
414.738 46.234 428.656 46.234 428.656 74.140 414.738 74.140
414.540 47.031 428.460 47.031 428.460 74.929 414.540 74.929
414.679 47.279 428.641 47.279 428.641 75.111 414.679 75.111
414.587 47.396 428.561 47.396 428.561 75.125 414.587 75.125
414.445 48.072 428.321 48.072 428.321 75.919 414.445 75.919
414.839 47.481 428.669 47.481 428.669 75.479 414.839 75.479
414.507 47.073 428.356 47.073 428.356 74.968 414.507 74.968
414.438 47.082 428.322 47.082 428.322 74.951 414.438 74.951
414.491 46.756 428.320 46.756 428.320 74.726 414.491 74.726
414.744 46.759 428.598 46.759 428.598 74.694 414.744 74.694
414.365 46.341 428.247 46.341 428.247 74.104 414.365 74.104
414.484 47.193 428.318 47.193 428.318 75.011 414.484 75.011
414.002 48.198 427.835 48.198 427.835 76.101 414.002 76.101
414.070 47.439 427.865 47.439 427.865 75.351 414.070 75.351
412.066 46.868 425.865 46.868 425.865 74.726 412.066 74.726
412.190 47.221 426.166 47.221 426.166 74.859 412.190 74.859
412.106 46.952 426.189 46.952 426.189 74.475 412.106 74.475
409.995 46.126 424.066 46.126 424.066 73.691 409.995 73.691
410.162 46.192 424.180 46.192 424.180 73.773 410.162 73.773
410.200 46.486 424.166 46.486 424.166 74.114 410.200 74.114
410.162 46.290 423.937 46.290 423.937 73.964 410.162 73.964
409.977 46.484 423.695 46.484 423.695 74.050 409.977 74.050
410.285 46.718 423.967 46.718 423.967 74.260 410.285 74.260
410.014 47.761 423.721 47.761 423.721 75.117 410.014 75.117
409.976 45.953 423.671 45.953 423.671 73.296 409.976 73.296
409.627 46.797 423.304 46.797 423.304 74.150 409.627 74.150
409.596 46.174 423.260 46.174 423.260 73.460 409.596 73.460
409.297 47.058 422.769 47.058 422.769 74.382 409.297 74.382
409.434 47.472 422.804 47.472 422.804 74.797 409.434 74.797
409.359 47.446 422.662 47.446 422.662 74.826 409.359 74.826
409.286 46.796 422.533 46.796 422.533 74.169 409.286 74.169
409.036 47.662 422.193 47.662 422.193 74.976 409.036 74.976
408.920 47.590 422.078 47.590 422.078 74.822 408.920 74.822
409.039 46.568 422.097 46.568 422.097 73.846 409.039 73.846
409.072 47.201 422.015 47.201 422.015 74.549 409.072 74.549
409.135 47.118 421.995 47.118 421.995 74.455 409.135 74.455
407.339 45.959 420.100 45.959 420.100 73.313 407.339 73.313
407.345 46.084 420.068 46.084 420.068 73.467 407.345 73.467
407.227 46.450 419.947 46.450 419.947 73.785 407.227 73.785
405.882 45.937 418.575 45.937 418.575 73.225 405.882 73.225
406.738 44.857 419.507 44.857 419.507 71.973 406.738 71.973
406.809 46.840 419.607 46.840 419.607 73.788 406.809 73.788
406.960 47.230 419.764 47.230 419.764 74.129 406.960 74.129
405.235 46.464 417.984 46.464 417.984 73.364 405.235 73.364
405.546 46.146 418.280 46.146 418.280 73.078 405.546 73.078
404.037 46.454 416.747 46.454 416.747 73.341 404.037 73.341
404.278 44.948 417.104 44.948 417.104 71.449 404.278 71.449
404.593 44.129 417.393 44.129 417.393 70.482 404.593 70.482
404.600 46.108 417.404 46.108 417.404 72.242 404.600 72.242
404.695 46.613 417.456 46.613 417.456 72.711 404.695 72.711
404.886 46.827 417.539 46.827 417.539 72.995 404.886 72.995
405.131 47.804 417.728 47.804 417.728 74.023 405.131 74.023
403.676 46.062 416.244 46.062 416.244 72.317 403.676 72.317
404.033 45.300 416.592 45.300 416.592 71.499 404.033 71.499
404.216 44.602 416.673 44.602 416.673 70.736 404.216 70.736
404.678 46.254 417.103 46.254 417.103 72.401 404.678 72.401
404.867 45.504 417.276 45.504 417.276 71.581 404.867 71.581
404.695 45.124 417.054 45.124 417.054 71.252 404.695 71.252
404.689 44.576 416.938 44.576 416.938 70.759 404.689 70.759
404.712 45.902 416.943 45.902 416.943 72.047 404.712 72.047
402.935 46.063 415.173 46.063 415.173 72.133 402.935 72.133
403.167 45.272 415.418 45.272 415.418 71.165 403.167 71.165
403.179 44.779 415.474 44.779 415.474 70.525 403.179 70.525
401.666 45.844 413.768 45.844 413.768 71.832 401.666 71.832
401.791 45.234 413.946 45.234 413.946 71.085 401.791 71.085
402.179 45.485 414.326 45.485 414.326 71.328 402.179 71.328
402.542 46.044 414.789 46.044 414.789 71.614 402.542 71.614
402.630 46.663 414.925 46.663 414.925 72.264 402.630 72.264
402.446 45.891 414.680 45.891 414.680 71.447 402.446 71.447
402.605 44.420 414.827 44.420 414.827 69.940 402.605 69.940
402.519 45.409 414.704 45.409 414.704 70.893 402.519 70.893
402.707 45.300 414.842 45.300 414.842 70.747 402.707 70.747
402.492 44.090 414.640 44.090 414.640 69.271 402.492 69.271
402.384 45.942 414.586 45.942 414.586 71.064 402.384 71.064
402.146 45.273 414.360 45.273 414.360 70.304 402.146 70.304
402.216 45.238 414.411 45.238 414.411 70.117 402.216 70.117
402.064 46.176 414.291 46.176 414.291 70.836 402.064 70.836
402.246 46.716 414.286 46.716 414.286 71.500 402.246 71.500
401.921 45.727 413.944 45.727 413.944 70.495 401.921 70.495
401.858 44.832 413.788 44.832 413.788 69.733 401.858 69.733
401.840 43.551 413.700 43.551 413.700 68.311 401.840 68.311
401.708 45.009 413.503 45.009 413.503 69.745 401.708 69.745
401.433 42.413 413.301 42.413 413.301 67.031 401.433 67.031
400.988 44.472 412.874 44.472 412.874 69.090 400.988 69.090
400.812 45.646 412.711 45.646 412.711 70.183 400.812 70.183
400.861 45.883 412.638 45.883 412.638 70.583 400.861 70.583
399.230 45.759 411.017 45.759 411.017 70.508 399.230 70.508
399.749 45.711 411.497 45.711 411.497 70.479 399.749 70.479
399.828 45.962 411.657 45.962 411.657 70.440 399.828 70.440
397.976 46.219 409.771 46.219 409.771 70.772 397.976 70.772
398.183 45.940 410.071 45.940 410.071 70.505 398.183 70.505
