591.000 203.000 619.000 203.000 619.000 273.000 591.000 273.000
589.433 203.734 617.404 203.734 617.404 273.670 589.433 273.670
587.890 203.992 616.258 203.992 616.258 273.324 587.890 273.324
585.975 204.368 614.648 204.368 614.648 273.266 585.975 273.266
584.078 204.714 612.903 204.714 612.903 273.533 584.078 273.533
582.499 204.889 611.441 204.889 611.441 273.664 582.499 273.664
581.030 204.211 610.056 204.211 610.056 272.886 581.030 272.886
578.699 203.945 607.930 203.945 607.930 272.423 578.699 272.423
576.133 204.060 605.188 204.060 605.188 272.713 576.133 272.713
573.059 204.811 602.131 204.811 602.131 273.340 573.059 273.340
570.717 203.623 599.635 203.623 599.635 272.287 570.717 272.287
568.721 203.251 597.709 203.251 597.709 271.570 568.721 271.570
566.648 202.912 595.674 202.912 595.674 270.975 566.648 270.975
564.607 202.576 593.670 202.576 593.670 270.460 564.607 270.460
563.134 201.525 591.891 201.525 591.891 269.627 563.134 269.627
561.584 201.686 590.092 201.686 590.092 269.905 561.584 269.905
560.052 201.680 588.287 201.680 588.287 269.955 560.052 269.955
558.609 203.318 586.455 203.318 586.455 272.190 558.609 272.190
557.333 201.284 584.906 201.284 584.906 270.111 557.333 270.111
554.824 203.143 582.343 203.143 582.343 271.647 554.824 271.647
553.179 202.695 580.738 202.695 580.738 270.848 553.179 270.848
551.801 201.083 579.267 201.083 579.267 268.942 551.801 268.942
550.450 201.493 577.874 201.493 577.874 269.195 550.450 269.195
549.746 201.365 577.190 201.365 577.190 268.987 549.746 268.987
548.399 201.092 575.763 201.092 575.763 268.501 548.399 268.501
546.611 201.454 574.029 201.454 574.029 268.468 546.611 268.468
544.744 203.233 572.055 203.233 572.055 270.233 544.744 270.233
543.081 201.933 570.486 201.933 570.486 268.266 543.081 268.266
541.238 202.713 568.639 202.713 568.639 268.692 541.238 268.692
540.575 202.378 567.986 202.378 567.986 267.997 540.575 267.997
539.627 202.457 566.935 202.457 566.935 268.019 539.627 268.019
539.002 200.152 566.292 200.152 566.292 265.714 539.002 265.714
534.501 200.634 561.450 200.634 561.450 265.947 534.501 265.947
534.964 200.481 561.781 200.481 561.781 265.419 534.964 265.419
533.800 200.379 560.454 200.379 560.454 265.276 533.800 265.276
532.200 201.862 558.693 201.862 558.693 266.447 532.200 266.447
531.030 201.012 557.503 201.012 557.503 264.849 531.030 264.849
528.983 201.944 555.351 201.944 555.351 265.444 528.983 265.444
528.013 199.634 554.356 199.634 554.356 262.599 528.013 262.599
525.915 201.170 552.349 201.170 552.349 263.714 525.915 263.714
524.905 201.395 551.315 201.395 551.315 263.486 524.905 263.486
524.198 200.290 550.581 200.290 550.581 261.951 524.198 261.951
523.075 199.932 549.313 199.932 549.313 261.523 523.075 261.523
521.884 199.380 548.179 199.380 548.179 260.802 521.884 260.802
520.203 200.460 546.405 200.460 546.405 262.013 520.203 262.013
518.242 200.456 544.443 200.456 544.443 261.425 518.242 261.425
516.810 201.790 542.950 201.790 542.950 262.270 516.810 262.270
515.368 199.973 541.579 199.973 541.579 260.206 515.368 260.206
513.903 199.441 539.869 199.441 539.869 259.621 513.903 259.621
512.310 198.664 538.108 198.664 538.108 259.047 512.310 259.047
510.821 197.267 536.751 197.267 536.751 257.817 510.821 257.817
509.610 197.374 535.375 197.374 535.375 258.478 509.610 258.478
507.920 198.109 533.641 198.109 533.641 259.524 507.920 259.524
506.504 197.698 532.083 197.698 532.083 259.092 506.504 259.092
505.350 198.640 530.831 198.640 530.831 260.255 505.350 260.255
504.262 197.761 529.294 197.761 529.294 259.451 504.262 259.451
502.407 197.903 527.728 197.903 527.728 259.246 502.407 259.246
501.048 196.716 526.586 196.716 526.586 257.940 501.048 257.940
497.004 195.272 522.311 195.272 522.311 256.832 497.004 256.832
496.635 194.897 522.056 194.897 522.056 256.963 496.635 256.963
492.816 193.717 518.008 193.717 518.008 256.249 492.816 256.249
492.839 192.069 517.887 192.069 517.887 255.164 492.839 255.164
492.002 192.817 516.936 192.817 516.936 256.569 492.002 256.569
490.217 193.659 515.198 193.659 515.198 257.577 490.217 257.577
489.170 193.870 514.375 193.870 514.375 257.932 489.170 257.932
487.566 193.898 512.977 193.898 512.977 258.089 487.566 258.089
486.050 192.608 511.531 192.608 511.531 257.056 486.050 257.056
484.902 191.209 510.363 191.209 510.363 256.089 484.902 256.089
483.711 191.318 509.183 191.318 509.183 256.324 483.711 256.324
481.905 191.518 507.510 191.518 507.510 256.643 481.905 256.643
480.367 190.041 505.979 190.041 505.979 254.891 480.367 254.891
477.987 191.843 503.527 191.843 503.527 256.815 477.987 256.815
476.521 190.913 502.005 190.913 502.005 255.732 476.521 255.732
474.720 192.604 500.123 192.604 500.123 257.309 474.720 257.309
473.336 190.156 498.704 190.156 498.704 254.491 473.336 254.491
471.986 191.152 497.249 191.152 497.249 255.407 471.986 255.407
470.751 191.185 495.810 191.185 495.810 255.960 470.751 255.960
469.629 188.095 494.729 188.095 494.729 252.989 469.629 252.989
468.991 188.947 493.913 188.947 493.913 254.066 468.991 254.066
467.544 189.685 492.500 189.685 492.500 254.264 467.544 254.264
466.679 189.315 491.395 189.315 491.395 254.068 466.679 254.068
465.363 189.802 489.948 189.802 489.948 254.417 465.363 254.417
463.983 191.896 488.405 191.896 488.405 256.718 463.983 256.718
463.161 190.410 487.335 190.410 487.335 255.291 463.161 255.291
461.788 190.466 485.864 190.466 485.864 255.460 461.788 255.460
461.185 189.774 485.368 189.774 485.368 254.556 461.185 254.556
459.965 187.392 483.867 187.392 483.867 252.662 459.965 252.662
458.228 187.518 482.171 187.518 482.171 252.633 458.228 252.633
456.550 187.066 480.255 187.066 480.255 252.083 456.550 252.083
455.938 187.685 479.654 187.685 479.654 252.377 455.938 252.377
454.067 189.568 477.720 189.568 477.720 253.909 454.067 253.909
452.658 189.198 476.112 189.198 476.112 253.389 452.658 253.389
452.333 189.167 475.481 189.167 475.481 253.137 452.333 253.137
451.361 187.036 474.297 187.036 474.297 250.919 451.361 250.919
449.749 188.591 472.769 188.591 472.769 252.020 449.749 252.020
448.898 187.316 472.015 187.316 472.015 250.471 448.898 250.471
447.565 186.944 470.698 186.944 470.698 249.861 447.565 249.861
447.325 185.336 470.558 185.336 470.558 247.919 447.325 247.919
445.844 186.076 468.802 186.076 468.802 248.574 445.844 248.574
445.082 186.461 467.776 186.461 467.776 248.914 445.082 248.914
443.836 187.256 466.432 187.256 466.432 249.459 443.836 249.459
443.120 189.351 465.469 189.351 465.469 251.444 443.120 251.444
442.611 185.457 464.900 185.457 464.900 247.053 442.611 247.053
441.233 186.489 463.381 186.489 463.381 247.899 441.233 247.899
440.040 184.310 462.292 184.310 462.292 245.338 440.040 245.338
438.864 185.304 461.166 185.304 461.166 246.385 438.864 246.385
437.934 185.074 460.300 185.074 460.300 246.189 437.934 246.189
437.517 185.275 459.758 185.275 459.758 246.571 437.517 246.571
437.037 184.869 459.336 184.869 459.336 246.315 437.037 246.315
435.256 186.470 457.539 186.470 457.539 247.770 435.256 247.770
434.556 185.641 456.894 185.641 456.894 246.669 434.556 246.669
433.525 185.173 455.882 185.173 455.882 246.001 433.525 246.001
432.803 184.828 455.313 184.828 455.313 245.739 432.803 245.739
431.826 183.579 454.428 183.579 454.428 244.661 431.826 244.661
430.495 184.221 453.302 184.221 453.302 245.164 430.495 245.164
429.381 183.394 452.372 183.394 452.372 244.415 429.381 244.415
428.427 183.301 451.551 183.301 451.551 244.098 428.427 244.098
427.876 183.652 450.873 183.652 450.873 244.821 427.876 244.821
426.656 183.172 449.791 183.172 449.791 244.049 426.656 244.049
425.769 183.514 449.066 183.514 449.066 244.496 425.769 244.496
425.526 182.593 448.934 182.593 448.934 243.547 425.526 243.547
424.686 181.664 447.965 181.664 447.965 242.872 424.686 242.872
424.056 180.132 447.278 180.132 447.278 241.650 424.056 241.650
423.147 180.658 446.381 180.658 446.381 242.555 423.147 242.555
422.985 180.946 446.084 180.946 446.084 243.314 422.985 243.314
422.025 180.736 445.053 180.736 445.053 243.537 422.025 243.537
421.457 180.792 444.336 180.792 444.336 243.881 421.457 243.881
420.024 180.867 442.919 180.867 442.919 243.708 420.024 243.708
419.173 181.109 442.194 181.109 442.194 243.586 419.173 243.586
418.401 182.096 441.466 182.096 441.466 244.231 418.401 244.231
418.124 180.748 441.202 180.748 441.202 242.557 418.124 242.557
417.053 180.916 440.004 180.916 440.004 242.737 417.053 242.737
415.987 180.714 439.155 180.714 439.155 242.373 415.987 242.373
414.678 181.929 438.054 181.929 438.054 243.565 414.678 243.565
414.481 178.768 437.753 178.768 437.753 240.635 414.481 240.635
413.476 178.592 436.799 178.592 436.799 239.918 413.476 239.918
412.877 179.325 436.273 179.325 436.273 240.005 412.877 240.005
411.909 180.141 435.312 180.141 435.312 240.336 411.909 240.336
410.332 181.604 433.669 181.604 433.669 241.509 410.332 241.509
409.049 181.598 432.174 181.598 432.174 241.283 409.049 241.283
408.269 180.936 431.189 180.936 431.189 240.368 408.269 240.368
407.724 180.160 430.478 180.160 430.478 239.111 407.724 239.111
406.852 178.931 429.542 178.931 429.542 237.733 406.852 237.733
405.905 179.425 428.682 179.425 428.682 237.907 405.905 237.907
404.728 179.931 427.422 179.931 427.422 238.596 404.728 238.596
404.064 179.137 426.562 179.137 426.562 237.865 404.064 237.865
402.698 181.451 425.170 181.451 425.170 240.228 402.698 240.228
402.294 180.348 424.610 180.348 424.610 239.545 402.294 239.545
401.242 181.424 423.656 181.424 423.656 240.631 401.242 240.631
399.806 183.989 422.342 183.989 422.342 243.162 399.806 243.162
399.305 182.419 421.917 182.419 421.917 241.839 399.305 241.839
398.294 183.860 420.845 183.860 420.845 243.569 398.294 243.569
397.188 182.809 419.962 182.809 419.962 242.524 397.188 242.524
396.122 182.142 418.881 182.142 418.881 242.123 396.122 242.123
394.799 182.246 417.461 182.246 417.461 242.617 394.799 242.617
394.259 182.457 417.057 182.457 417.057 242.661 394.259 242.661
392.905 183.009 415.804 183.009 415.804 243.132 392.905 243.132
391.329 184.799 414.262 184.799 414.262 244.706 391.329 244.706
390.599 184.218 413.458 184.218 413.458 243.717 390.599 243.717
389.779 184.600 412.762 184.600 412.762 243.831 389.779 243.831
388.665 183.078 411.533 183.078 411.533 242.177 388.665 242.177
387.643 183.250 410.427 183.250 410.427 242.505 387.643 242.505
387.417 181.937 410.314 181.937 410.314 240.920 387.417 240.920
385.753 181.996 408.613 181.996 408.613 240.988 385.753 240.988
384.761 181.562 407.531 181.562 407.531 240.532 384.761 240.532
383.959 182.013 406.837 182.013 406.837 240.947 383.959 240.947
382.788 182.360 405.481 182.360 405.481 241.351 382.788 241.351
382.174 181.655 404.591 181.655 404.591 240.720 382.174 240.720
380.988 182.036 403.312 182.036 403.312 241.174 380.988 241.174
380.253 180.396 402.667 180.396 402.667 239.277 380.253 239.277
378.877 179.999 401.106 179.999 401.106 239.049 378.877 239.049
378.070 179.511 400.197 179.511 400.197 238.843 378.070 238.843
377.638 177.843 399.771 177.843 399.771 237.405 377.638 237.405
376.695 178.318 398.784 178.318 398.784 237.672 376.695 237.672
376.388 177.644 398.505 177.644 398.505 237.026 376.388 237.026
375.465 178.309 397.683 178.309 397.683 237.599 375.465 237.599
374.778 179.731 397.011 179.731 397.011 238.970 374.778 238.970
374.321 177.444 396.323 177.444 396.323 236.539 374.321 236.539
373.440 177.247 395.446 177.247 395.446 236.007 373.440 236.007
373.135 176.723 395.115 176.723 395.115 235.298 373.135 235.298
372.601 176.844 394.549 176.844 394.549 235.755 372.601 235.755
372.032 176.171 393.978 176.171 393.978 235.301 372.032 235.301
371.778 176.154 393.643 176.154 393.643 235.078 371.778 235.078
371.017 176.592 392.866 176.592 392.866 235.598 371.017 235.598
370.455 177.189 392.283 177.189 392.283 236.142 370.455 236.142
370.447 176.153 392.114 176.153 392.114 235.161 370.447 235.161
369.263 176.801 390.949 176.801 390.949 235.453 369.263 235.453
368.758 175.959 390.122 175.959 390.122 234.841 368.758 234.841
368.164 176.683 389.412 176.683 389.412 235.781 368.164 235.781
368.738 175.246 389.990 175.246 389.990 234.315 368.738 234.315
368.420 174.493 389.514 174.493 389.514 233.756 368.420 233.756
367.931 175.107 389.007 175.107 389.007 234.390 367.931 234.390
367.683 174.613 388.768 174.613 388.768 234.030 367.683 234.030
367.331 173.549 388.432 173.549 388.432 232.638 367.331 232.638
366.679 173.928 387.892 173.928 387.892 232.114 366.679 232.114
366.006 175.491 387.182 175.491 387.182 232.899 366.006 232.899
366.061 175.632 387.065 175.632 387.065 232.762 366.061 232.762
365.990 176.268 386.965 176.268 386.965 233.029 365.990 233.029
366.347 174.632 387.287 174.632 387.287 231.204 366.347 231.204
366.530 176.461 387.361 176.461 387.361 232.850 366.530 232.850
366.888 174.365 387.532 174.365 387.532 231.084 366.888 231.084
366.626 175.328 387.104 175.328 387.104 231.945 366.626 231.945
366.467 174.381 386.939 174.381 386.939 230.947 366.467 230.947
365.896 176.282 386.403 176.282 386.403 232.695 365.896 232.695
366.337 174.922 386.665 174.922 386.665 231.487 366.337 231.487
366.224 175.629 386.510 175.629 386.510 232.227 366.224 232.227
366.720 174.674 387.010 174.674 387.010 231.645 366.720 231.645
367.360 173.488 387.587 173.488 387.587 230.727 367.360 230.727
367.256 174.067 387.455 174.067 387.455 231.320 367.256 231.320
367.346 173.640 387.536 173.640 387.536 230.899 367.346 230.899
367.685 174.387 387.886 174.387 387.886 231.719 367.685 231.719
368.240 173.902 388.379 173.902 388.379 230.940 368.240 230.940
368.149 175.605 388.239 175.605 388.239 232.319 368.149 232.319
368.207 173.363 388.171 173.363 388.171 230.225 368.207 230.225
368.185 175.848 388.276 175.848 388.276 232.429 368.185 232.429
369.157 171.811 388.957 171.811 388.957 228.605 369.157 228.605
369.524 173.373 389.157 173.373 389.157 230.331 369.524 230.331
369.938 171.979 389.448 171.979 389.448 228.719 369.938 228.719
370.142 172.332 389.655 172.332 389.655 228.942 370.142 228.942
370.609 172.140 389.994 172.140 389.994 228.868 370.609 228.868
371.153 171.666 390.619 171.666 390.619 228.184 371.153 228.184
371.421 171.730 390.989 171.730 390.989 227.752 371.421 227.752
371.228 173.332 391.130 173.332 391.130 228.630 371.228 228.630
371.368 171.736 391.118 171.736 391.118 226.970 371.368 226.970
371.487 170.524 391.264 170.524 391.264 225.481 371.487 225.481
371.282 172.407 391.172 172.407 391.172 227.130 371.282 227.130
371.792 171.234 391.679 171.234 391.679 226.059 371.792 226.059
371.921 171.042 391.637 171.042 391.637 226.090 371.921 226.090
372.083 171.567 391.874 171.567 391.874 226.542 372.083 226.542
372.203 170.796 391.925 170.796 391.925 225.727 372.203 225.727
371.928 171.472 391.687 171.472 391.687 226.270 371.928 226.270
371.943 171.958 391.684 171.958 391.684 226.495 371.943 226.495
372.005 172.577 391.688 172.577 391.688 227.010 372.005 227.010
372.598 170.522 392.282 170.522 392.282 225.280 372.598 225.280
372.369 170.496 392.100 170.496 392.100 225.266 372.369 225.266
372.909 170.760 392.648 170.760 392.648 225.448 372.909 225.448
372.766 169.887 392.550 169.887 392.550 224.416 372.766 224.416
371.978 170.324 391.837 170.324 391.837 224.606 371.978 224.606
371.864 171.106 391.671 171.106 391.671 225.289 371.864 225.289
371.503 171.274 391.419 171.274 391.419 225.308 371.503 225.308
371.446 171.254 391.431 171.254 391.431 225.192 371.446 225.192
371.001 171.476 390.872 171.476 390.872 225.458 371.001 225.458
371.211 170.432 391.028 170.432 391.028 224.478 371.211 224.478
371.007 170.197 390.711 170.197 390.711 224.280 371.007 224.280
370.645 170.141 390.270 170.141 390.270 224.454 370.645 224.454
370.078 169.431 389.581 169.431 389.581 223.786 370.078 223.786
369.490 169.800 389.139 169.800 389.139 223.828 369.490 223.828
368.557 170.392 388.180 170.392 388.180 224.161 368.557 224.161
367.822 169.868 387.217 169.868 387.217 223.504 367.822 223.504
366.915 171.489 386.429 171.489 386.429 224.614 366.915 224.614
366.850 169.748 386.155 169.748 386.155 222.801 366.850 222.801
366.022 170.542 385.401 170.542 385.401 223.198 366.022 223.198
366.074 168.318 385.570 168.318 385.570 221.164 366.074 221.164
365.051 169.448 384.603 169.448 384.603 222.029 365.051 222.029
365.010 168.908 384.636 168.908 384.636 221.309 365.010 221.309
364.120 169.843 383.688 169.843 383.688 222.308 364.120 222.308
363.395 170.215 382.876 170.215 382.876 222.502 363.395 222.502
362.607 170.354 382.025 170.354 382.025 222.207 362.607 222.207
362.020 170.695 381.424 170.695 381.424 222.314 362.020 222.314
361.124 170.175 380.507 170.175 380.507 221.569 361.124 221.569
360.336 170.546 379.766 170.546 379.766 221.796 360.336 221.796
359.801 168.571 379.207 168.571 379.207 219.522 359.801 219.522
358.929 168.882 378.372 168.882 378.372 219.856 358.929 219.856
358.071 168.871 377.635 168.871 377.635 219.892 358.071 219.892
357.552 167.321 377.157 167.321 377.157 218.300 357.552 218.300
356.022 168.754 375.496 168.754 375.496 219.933 356.022 219.933
355.573 169.187 375.098 169.187 375.098 220.504 355.573 220.504
354.572 168.706 374.045 168.706 374.045 220.122 354.572 220.122
353.649 169.801 373.264 169.801 373.264 221.301 353.649 221.301
352.548 169.329 372.229 169.329 372.229 220.591 352.548 220.591
351.630 168.089 371.296 168.089 371.296 219.365 351.630 219.365
350.759 167.370 370.351 167.370 370.351 218.711 350.759 218.711
349.950 167.341 369.396 167.341 369.396 218.786 349.950 218.786
349.227 166.885 368.583 166.885 368.583 217.970 349.227 217.970
347.825 168.046 367.046 168.046 367.046 218.844 347.825 218.844
346.672 168.892 365.863 168.892 365.863 219.298 346.672 219.298
345.899 169.315 364.787 169.315 364.787 219.622 345.899 219.622
345.575 169.301 364.279 169.301 364.279 219.490 345.575 219.490
344.729 168.094 363.228 168.094 363.228 218.258 344.729 218.258
343.962 168.301 362.299 168.301 362.299 218.559 343.962 218.559
343.495 167.299 362.020 167.299 362.020 217.401 343.495 217.401
342.121 166.363 360.831 166.363 360.831 216.627 342.121 216.627
341.435 166.419 360.151 166.419 360.151 216.519 341.435 216.519
341.070 166.763 359.537 166.763 359.537 216.869 341.070 216.869
340.396 166.665 358.919 166.665 358.919 216.528 340.396 216.528
339.332 167.975 357.760 167.975 357.760 218.195 339.332 218.195
338.263 168.103 356.687 168.103 356.687 218.154 338.263 218.154
337.563 167.447 355.921 167.447 355.921 217.592 337.563 217.592
336.960 167.056 355.391 167.056 355.391 217.270 336.960 217.270
336.115 167.633 354.682 167.633 354.682 217.777 336.115 217.777
335.352 166.290 354.011 166.290 354.011 216.064 335.352 216.064
334.148 168.287 352.845 168.287 352.845 217.858 334.148 217.858
333.130 167.132 351.706 167.132 351.706 216.717 333.130 216.717
331.768 167.175 350.554 167.175 350.554 216.315 331.768 216.315
330.202 167.139 348.935 167.139 348.935 216.417 330.202 216.417
328.635 166.643 347.477 166.643 347.477 216.246 328.635 216.246
327.895 165.763 346.774 165.763 346.774 215.777 327.895 215.777
326.857 164.278 345.698 164.278 345.698 214.700 326.857 214.700
326.158 162.702 344.893 162.702 344.893 213.620 326.158 213.620
324.757 163.235 343.506 163.235 343.506 214.336 324.757 214.336
323.330 162.556 342.215 162.556 342.215 213.788 323.330 213.788
321.535 163.165 340.429 163.165 340.429 214.821 321.535 214.821
320.248 163.386 339.124 163.386 339.124 215.337 320.248 215.337
319.352 163.010 338.239 163.010 338.239 215.008 319.352 215.008
318.217 162.027 337.203 162.027 337.203 213.967 318.217 213.967
316.776 162.251 335.867 162.251 335.867 213.939 316.776 213.939
315.711 160.796 334.712 160.796 334.712 212.568 315.711 212.568
314.391 161.719 333.446 161.719 333.446 213.248 314.391 213.248
313.652 161.907 332.636 161.907 332.636 213.404 313.652 213.404
312.365 161.793 331.356 161.793 331.356 213.081 312.365 213.081
311.026 163.279 330.141 163.279 330.141 214.257 311.026 214.257
309.910 161.843 328.988 161.843 328.988 212.686 309.910 212.686
308.705 161.682 327.695 161.682 327.695 212.470 308.705 212.470
307.829 160.512 326.716 160.512 326.716 211.235 307.829 211.235
306.629 161.617 325.519 161.617 325.519 212.201 306.629 212.201
306.048 161.386 324.948 161.386 324.948 211.848 306.048 211.848
305.130 160.384 323.980 160.384 323.980 211.115 305.130 211.115
304.131 161.041 323.010 161.041 323.010 211.817 304.131 211.817
303.386 159.787 322.109 159.787 322.109 210.794 303.386 210.794
302.184 162.179 320.990 162.179 320.990 212.973 302.184 212.973
301.443 162.102 320.117 162.102 320.117 213.088 301.443 213.088
301.023 161.189 319.681 161.189 319.681 212.226 301.023 212.226
299.762 160.898 318.476 160.898 318.476 212.077 299.762 212.077
298.629 160.402 317.392 160.402 317.392 211.619 298.629 211.619
297.698 159.529 316.497 159.529 316.497 210.780 297.698 210.780
296.389 160.247 315.209 160.247 315.209 211.563 296.389 211.563
295.304 160.129 314.037 160.129 314.037 211.314 295.304 211.314
294.403 160.804 313.112 160.804 313.112 211.791 294.403 211.791
293.438 160.845 312.282 160.845 312.282 211.365 293.438 211.365
292.317 161.887 311.088 161.887 311.088 212.461 292.317 212.461
291.263 161.362 309.994 161.362 309.994 211.870 291.263 211.870
290.339 159.707 309.083 159.707 309.083 209.991 290.339 209.991
289.565 159.259 308.521 159.259 308.521 209.261 289.565 209.261
288.548 158.140 307.467 158.140 307.467 208.202 288.548 208.202
287.172 158.285 306.051 158.285 306.051 208.404 287.172 208.404
286.302 158.449 304.987 158.449 304.987 208.628 286.302 208.628
285.501 159.749 304.176 159.749 304.176 210.097 285.501 210.097
284.010 160.604 302.692 160.604 302.692 210.898 284.010 210.898
283.073 161.452 301.730 161.452 301.730 211.633 283.073 211.633
282.357 160.572 301.087 160.572 301.087 210.455 282.357 210.455
281.543 159.209 300.139 159.209 300.139 209.247 281.543 209.247
280.605 156.481 299.166 156.481 299.166 206.528 280.605 206.528
279.153 158.289 297.892 158.289 297.892 207.911 279.153 207.911
278.203 158.580 296.786 158.580 296.786 208.307 278.203 208.307
277.265 158.839 295.783 158.839 295.783 208.489 277.265 208.489
276.115 159.037 294.563 159.037 294.563 208.610 276.115 208.610
275.116 159.381 293.562 159.381 293.562 208.684 275.116 208.684
274.180 159.146 292.538 159.146 292.538 208.428 274.180 208.428
273.601 158.362 291.898 158.362 291.898 207.555 273.601 207.555
272.294 157.605 290.615 157.605 290.615 206.659 272.294 206.659
271.697 157.349 290.003 157.349 290.003 206.520 271.697 206.520
270.419 157.134 288.755 157.134 288.755 206.043 270.419 206.043
269.769 156.712 288.075 156.712 288.075 205.559 269.769 205.559
268.402 157.293 286.695 157.293 286.695 206.230 268.402 206.230
267.338 158.303 285.572 158.303 285.572 207.236 267.338 207.236
266.628 158.104 284.875 158.104 284.875 207.106 266.628 207.106
265.565 157.508 283.658 157.508 283.658 206.700 265.565 206.700
264.925 157.260 282.973 157.260 282.973 206.530 264.925 206.530
264.300 156.376 282.416 156.376 282.416 205.582 264.300 205.582
263.579 155.840 281.694 155.840 281.694 205.078 263.579 205.078
261.981 156.293 280.144 156.293 280.144 205.502 261.981 205.502
261.238 156.467 279.370 156.467 279.370 205.639 261.238 205.639
260.538 156.627 278.606 156.627 278.606 205.661 260.538 205.661
259.585 157.077 277.679 157.077 277.679 206.058 259.585 206.058
258.568 156.915 276.688 156.915 276.688 205.629 258.568 205.629
257.661 156.396 275.804 156.396 275.804 204.880 257.661 204.880
256.558 156.295 274.730 156.295 274.730 204.568 256.558 204.568
255.534 155.037 273.750 155.037 273.750 203.096 255.534 203.096
254.588 154.860 272.724 154.860 272.724 203.029 254.588 203.029
253.683 153.534 271.728 153.534 271.728 201.748 253.683 201.748
252.532 155.008 270.626 155.008 270.626 202.880 252.532 202.880
251.777 155.444 269.785 155.444 269.785 203.523 251.777 203.523
250.939 156.425 268.923 156.425 268.923 204.481 250.939 204.481
250.016 156.509 267.998 156.509 267.998 204.447 250.016 204.447
249.192 154.734 267.103 154.734 267.103 202.649 249.192 202.649
248.164 154.703 266.022 154.703 266.022 202.494 248.164 202.494
247.482 153.337 265.296 153.337 265.296 201.401 247.482 201.401
246.378 153.865 264.242 153.865 264.242 201.750 246.378 201.750
245.120 153.987 262.930 153.987 262.930 201.709 245.120 201.709
244.466 154.082 262.141 154.082 262.141 201.536 244.466 201.536
243.342 155.139 260.962 155.139 260.962 202.084 243.342 202.084
242.871 154.776 260.520 154.776 260.520 201.502 242.871 201.502
241.782 154.512 259.413 154.512 259.413 201.083 241.782 201.083
241.248 154.136 258.874 154.136 258.874 200.679 241.248 200.679
240.568 154.295 258.010 154.295 258.010 200.807 240.568 200.807
239.661 154.033 257.115 154.033 257.115 200.915 239.661 200.915
239.253 153.410 256.726 153.410 256.726 200.431 239.253 200.431
238.507 152.661 255.851 152.661 255.851 199.910 238.507 199.910
237.660 153.373 255.052 153.373 255.052 200.454 237.660 200.454
236.791 154.571 254.180 154.571 254.180 201.494 236.791 201.494
235.740 155.845 253.267 155.845 253.267 202.726 235.740 202.726
235.119 155.353 252.581 155.353 252.581 202.218 235.119 202.218
234.407 153.992 251.688 153.992 251.688 201.114 234.407 201.114
233.916 153.436 251.170 153.436 251.170 200.614 233.916 200.614
232.887 153.084 250.113 153.084 250.113 200.031 232.887 200.031
232.038 154.493 249.236 154.493 249.236 201.604 232.038 201.604
231.469 153.295 248.544 153.295 248.544 200.366 231.469 200.366
230.626 153.855 247.683 153.855 247.683 200.919 230.626 200.919
229.680 154.250 246.727 154.250 246.727 201.336 229.680 201.336
228.868 153.632 245.795 153.632 245.795 200.720 228.868 200.720
228.159 153.400 244.996 153.400 244.996 200.506 228.159 200.506
227.745 152.879 244.556 152.879 244.556 199.858 227.745 199.858
227.308 154.098 244.186 154.098 244.186 201.116 227.308 201.116
227.025 151.157 243.729 151.157 243.729 198.283 227.025 198.283
226.059 151.125 242.797 151.125 242.797 198.214 226.059 198.214
225.202 151.414 241.918 151.414 241.918 198.260 225.202 198.260
224.426 152.219 241.156 152.219 241.156 199.039 224.426 199.039
223.558 152.495 240.340 152.495 240.340 199.259 223.558 199.259
223.069 151.687 239.899 151.687 239.899 198.504 223.069 198.504
222.293 152.262 239.179 152.262 239.179 198.873 222.293 198.873
221.380 151.702 238.353 151.702 238.353 198.009 221.380 198.009
220.515 151.869 237.433 151.869 237.433 198.222 220.515 198.222
219.747 151.073 236.639 151.073 236.639 197.340 219.747 197.340
218.649 151.853 235.477 151.853 235.477 198.055 218.649 198.055
218.204 151.375 234.881 151.375 234.881 197.441 218.204 197.441
217.250 152.510 233.926 152.510 233.926 198.317 217.250 198.317
216.735 153.014 233.432 153.014 233.432 198.666 216.735 198.666
216.072 152.454 232.686 152.454 232.686 198.023 216.072 198.023
215.311 151.199 231.775 151.199 231.775 196.734 215.311 196.734
214.764 151.646 231.147 151.646 231.147 197.324 214.764 197.324
214.203 150.662 230.422 150.662 230.422 196.421 214.203 196.421
213.370 150.566 229.624 150.566 229.624 196.100 213.370 196.100
212.950 150.565 229.131 150.565 229.131 195.873 212.950 195.873
212.446 150.875 228.581 150.875 228.581 195.929 212.446 195.929
211.671 151.241 227.821 151.241 227.821 195.854 211.671 195.854
210.838 151.234 226.867 151.234 226.867 195.662 210.838 195.662
210.379 149.911 226.328 149.911 226.328 194.090 210.379 194.090
210.017 149.685 226.007 149.685 226.007 193.537 210.017 193.537
209.186 150.491 225.202 150.491 225.202 194.551 209.186 194.551
208.362 150.870 224.223 150.870 224.223 195.237 208.362 195.237
208.094 150.664 223.906 150.664 223.906 194.972 208.094 194.972
207.454 150.522 223.201 150.522 223.201 194.600 207.454 194.600
207.102 149.950 222.881 149.950 222.881 193.829 207.102 193.829
205.835 150.861 221.550 150.861 221.550 194.676 205.835 194.676
205.714 149.932 221.477 149.932 221.477 193.656 205.714 193.656
205.147 150.543 220.720 150.543 220.720 194.244 205.147 194.244
205.260 150.608 220.861 150.608 220.861 194.487 205.260 194.487
204.659 151.296 220.292 151.296 220.292 195.144 204.659 195.144
204.358 150.300 219.975 150.300 219.975 193.840 204.358 193.840
203.928 149.445 219.374 149.445 219.374 192.889 203.928 192.889
203.035 150.387 218.481 150.387 218.481 193.548 203.035 193.548
202.502 150.465 217.866 150.465 217.866 193.656 202.502 193.656
201.908 150.160 217.311 150.160 217.311 193.298 201.908 193.298
201.775 150.376 217.091 150.376 217.091 193.194 201.775 193.194
201.488 150.281 216.603 150.281 216.603 192.930 201.488 192.930
201.384 150.842 216.398 150.842 216.398 193.420 201.384 193.420
201.185 149.986 216.318 149.986 216.318 192.457 201.185 192.457
201.051 149.942 216.213 149.942 216.213 192.147 201.051 192.147
200.648 150.283 215.850 150.283 215.850 192.268 200.648 192.268
199.814 151.018 215.119 151.018 215.119 192.755 199.814 192.755
199.470 150.435 214.792 150.435 214.792 191.953 199.470 191.953
199.511 150.742 214.841 150.742 214.841 192.146 199.511 192.146
199.492 150.435 214.812 150.435 214.812 191.512 199.492 191.512
198.837 150.741 214.083 150.741 214.083 192.238 198.837 192.238
198.554 150.740 213.765 150.740 213.765 192.375 198.554 192.375
198.605 150.184 213.858 150.184 213.858 191.765 198.605 191.765
198.520 150.121 213.826 150.121 213.826 191.546 198.520 191.546
197.943 150.197 213.296 150.197 213.296 191.469 197.943 191.469
197.869 150.286 213.165 150.286 213.165 191.454 197.869 191.454
197.325 150.493 212.681 150.493 212.681 191.366 197.325 191.366
197.176 150.610 212.470 150.610 212.470 191.148 197.176 191.148
196.888 150.568 212.050 150.568 212.050 191.084 196.888 191.084
196.774 149.715 211.816 149.715 211.816 190.483 196.774 190.483
196.598 149.798 211.569 149.798 211.569 190.977 196.598 190.977
196.353 150.284 211.270 150.284 211.270 191.719 196.353 191.719
196.179 150.788 211.033 150.788 211.033 192.248 196.179 192.248
195.857 150.487 210.775 150.487 210.775 191.854 195.857 191.854
195.165 150.553 210.153 150.553 210.153 191.752 195.165 191.752
194.674 150.554 209.722 150.554 209.722 191.645 194.674 191.645
194.407 150.279 209.508 150.279 209.508 191.265 194.407 191.265
194.558 149.600 209.614 149.600 209.614 190.504 194.558 190.504
194.248 149.963 209.338 149.963 209.338 191.026 194.248 191.026
194.016 150.010 209.155 150.010 209.155 191.114 194.016 191.114
193.949 148.912 209.025 148.912 209.025 190.104 193.949 190.104
193.370 148.315 208.293 148.315 208.293 189.557 193.370 189.557
193.199 148.612 207.955 148.612 207.955 189.870 193.199 189.870
192.997 148.334 207.635 148.334 207.635 189.411 192.997 189.411
193.308 147.784 207.804 147.784 207.804 188.899 193.308 188.899
193.177 147.650 207.615 147.650 207.615 188.661 193.177 188.661
193.226 147.400 207.489 147.400 207.489 188.667 193.226 188.667
193.120 147.351 207.275 147.351 207.275 188.761 193.120 188.761
192.885 146.977 206.890 146.977 206.890 188.637 192.885 188.637
193.145 147.589 207.200 147.589 207.200 189.452 193.145 189.452
193.332 146.763 207.351 146.763 207.351 188.768 193.332 188.768
193.181 146.576 207.358 146.576 207.358 188.345 193.181 188.345
193.152 146.391 207.274 146.391 207.274 188.098 193.152 188.098
192.918 147.013 206.969 147.013 206.969 188.583 192.918 188.583
192.799 146.294 206.780 146.294 206.780 187.666 192.799 187.666
192.414 144.577 206.423 144.577 206.423 185.748 192.414 185.748
192.259 146.122 206.268 146.122 206.268 187.360 192.259 187.360
192.506 144.533 206.471 144.533 206.471 185.696 192.506 185.696
192.529 143.565 206.538 143.565 206.538 184.532 192.529 184.532
192.091 144.810 206.029 144.810 206.029 185.819 192.091 185.819
192.061 146.158 205.811 146.158 205.811 187.531 192.061 187.531
192.043 145.918 205.675 145.918 205.675 187.210 192.043 187.210
191.944 146.316 205.450 146.316 205.450 187.817 191.944 187.817
191.959 148.444 205.442 148.444 205.442 189.658 191.959 189.658
192.109 147.342 205.608 147.342 205.608 188.376 192.109 188.376
192.226 144.200 205.751 144.200 205.751 185.151 192.226 185.151
192.521 142.051 206.260 142.051 206.260 182.543 192.521 182.543
192.750 142.762 206.595 142.762 206.595 183.049 192.750 183.049
192.789 143.092 206.658 143.092 206.658 183.249 192.789 183.249
192.845 143.560 206.636 143.560 206.636 183.645 192.845 183.645
192.989 144.066 206.764 144.066 206.764 184.018 192.989 184.018
193.383 143.388 207.128 143.388 207.128 183.109 193.383 183.109
193.120 143.813 206.824 143.813 206.824 183.307 193.120 183.307
193.100 141.755 206.839 141.755 206.839 181.113 193.100 181.113
193.164 143.042 206.871 143.042 206.871 182.492 193.164 182.492
193.218 142.096 206.954 142.096 206.954 181.463 193.218 181.463
193.278 144.275 207.075 144.275 207.075 183.549 193.278 183.549
193.477 143.044 207.229 143.044 207.229 182.138 193.477 182.138
193.355 144.342 206.962 144.342 206.962 183.611 193.355 183.611
193.654 142.018 207.176 142.018 207.176 181.255 193.654 181.255
193.717 142.882 207.199 142.882 207.199 181.844 193.717 181.844
193.421 143.890 206.819 143.890 206.819 183.092 193.421 183.092
193.005 142.337 206.488 142.337 206.488 181.354 193.005 181.354
193.347 141.986 206.752 141.986 206.752 181.070 193.347 181.070
193.429 142.528 206.768 142.528 206.768 181.812 193.429 181.812
193.066 140.617 206.395 140.617 206.395 179.887 193.066 179.887
193.226 141.127 206.660 141.127 206.660 180.292 193.226 180.292
192.848 142.413 206.334 142.413 206.334 181.275 192.848 181.275
192.741 140.405 206.183 140.405 206.183 178.995 192.741 178.995
192.775 141.309 206.298 141.309 206.298 179.493 192.775 179.493
192.602 141.713 206.071 141.713 206.071 179.635 192.602 179.635
192.461 141.952 205.921 141.952 205.921 179.892 192.461 179.892
192.629 141.921 205.977 141.921 205.977 179.986 192.629 179.986
192.353 141.891 205.618 141.891 205.618 179.835 192.353 179.835
192.267 141.341 205.592 141.341 205.592 179.223 192.267 179.223
192.059 141.787 205.436 141.787 205.436 179.459 192.059 179.459
191.907 142.029 205.332 142.029 205.332 179.370 191.907 179.370
192.017 141.934 205.522 141.934 205.522 179.025 192.017 179.025
192.171 142.344 205.759 142.344 205.759 179.344 192.171 179.344
192.460 142.406 206.056 142.406 206.056 179.427 192.460 179.427
192.485 141.952 206.049 141.952 206.049 178.974 192.485 178.974
192.257 141.576 205.779 141.576 205.779 178.629 192.257 178.629
192.382 140.864 205.884 140.864 205.884 177.797 192.382 177.797
192.403 140.430 205.876 140.430 205.876 177.335 192.403 177.335
192.359 140.201 205.813 140.201 205.813 176.942 192.359 176.942
192.068 140.820 205.493 140.820 205.493 177.648 192.068 177.648
192.057 140.643 205.426 140.643 205.426 177.329 192.057 177.329
191.628 140.647 204.995 140.647 204.995 177.207 191.628 177.207
191.742 140.395 205.044 140.395 205.044 176.886 191.742 176.886
191.370 141.008 204.582 141.008 204.582 177.486 191.370 177.486
191.621 140.132 204.725 140.132 204.725 176.753 191.621 176.753
191.686 140.038 204.710 140.038 204.710 176.553 191.686 176.553
191.640 140.073 204.633 140.073 204.633 176.603 191.640 176.603
191.615 140.427 204.615 140.427 204.615 176.894 191.615 176.894
191.923 140.467 204.837 140.467 204.837 177.093 191.923 177.093
191.864 140.537 204.849 140.537 204.849 176.878 191.864 176.878
191.999 140.427 205.043 140.427 205.043 176.608 191.999 176.608
192.304 140.679 205.499 140.679 205.499 176.966 192.304 176.966
192.466 140.146 205.586 140.146 205.586 176.615 192.466 176.615
192.346 139.742 205.517 139.742 205.517 176.151 192.346 176.151
192.495 139.340 205.585 139.340 205.585 175.628 192.495 175.628
192.898 139.948 205.958 139.948 205.958 176.265 192.898 176.265
192.667 140.310 205.818 140.310 205.818 176.315 192.667 176.315
192.743 140.645 205.992 140.645 205.992 176.462 192.743 176.462
192.962 139.789 206.253 139.789 206.253 175.591 192.962 175.591
192.636 139.994 205.940 139.994 205.940 175.788 192.636 175.788
192.969 140.173 206.282 140.173 206.282 176.087 192.969 176.087
192.640 139.605 205.925 139.605 205.925 175.626 192.640 175.626
192.726 139.694 206.040 139.694 206.040 175.832 192.726 175.832
192.501 140.331 205.776 140.331 205.776 176.597 192.501 176.597
192.387 139.757 205.647 139.757 205.647 176.247 192.387 176.247
192.575 139.461 205.899 139.461 205.899 176.098 192.575 176.098
192.569 140.143 205.942 140.143 205.942 176.743 192.569 176.743
192.552 139.956 205.866 139.956 205.866 176.681 192.552 176.681
192.710 138.928 206.095 138.928 206.095 175.496 192.710 175.496
192.503 139.423 205.894 139.423 205.894 176.065 192.503 176.065
192.625 139.311 206.127 139.311 206.127 175.992 192.625 175.992
193.004 138.271 206.650 138.271 206.650 174.971 193.004 174.971
192.803 138.690 206.594 138.690 206.594 175.305 192.803 175.305
192.625 138.708 206.321 138.708 206.321 175.105 192.625 175.105
192.700 137.876 206.288 137.876 206.288 174.286 192.700 174.286
192.514 138.305 206.068 138.305 206.068 174.666 192.514 174.666
192.709 139.405 206.217 139.405 206.217 175.777 192.709 175.777
192.550 139.239 205.928 139.239 205.928 175.527 192.550 175.527
192.404 138.014 205.640 138.014 205.640 174.272 192.404 174.272
192.212 138.039 205.390 138.039 205.390 174.439 192.212 174.439
192.166 137.729 205.336 137.729 205.336 174.040 192.166 174.040
191.674 138.012 204.732 138.012 204.732 174.098 191.674 174.098
191.326 138.333 204.458 138.333 204.458 174.323 191.326 174.323
190.894 137.305 203.862 137.305 203.862 173.351 190.894 173.351
190.327 137.928 203.378 137.928 203.378 173.756 190.327 173.756
190.408 138.437 203.408 138.437 203.408 174.521 190.408 174.521
190.151 138.018 203.227 138.018 203.227 173.888 190.151 173.888
190.216 137.791 203.399 137.791 203.399 173.474 190.216 173.474
189.895 138.324 203.211 138.324 203.211 173.858 189.895 173.858
189.789 138.214 203.211 138.214 203.211 173.873 189.789 173.873
189.693 137.066 203.132 137.066 203.132 172.596 189.693 172.596
189.303 137.686 202.806 137.686 202.806 173.138 189.303 173.138
189.307 138.069 202.706 138.069 202.706 173.611 189.307 173.611
189.219 137.518 202.716 137.518 202.716 172.778 189.219 172.778
189.029 137.901 202.367 137.901 202.367 173.207 189.029 173.207
189.377 137.515 202.521 137.515 202.521 172.720 189.377 172.720
189.056 138.038 202.279 138.038 202.279 173.100 189.056 173.100
189.210 138.132 202.483 138.132 202.483 173.249 189.210 173.249
188.688 138.286 202.086 138.286 202.086 173.389 188.688 173.389
188.590 137.837 201.912 137.837 201.912 173.161 188.590 173.161
188.458 136.955 201.750 136.955 201.750 172.137 188.458 172.137
188.214 137.539 201.556 137.539 201.556 172.478 188.214 172.478
187.862 138.239 201.226 138.239 201.226 172.935 187.862 172.935
187.348 138.350 200.801 138.350 200.801 172.869 187.348 172.869
187.432 137.957 200.844 137.957 200.844 172.456 187.432 172.456
187.189 138.143 200.553 138.143 200.553 172.591 187.189 172.591
187.052 137.501 200.372 137.501 200.372 171.869 187.052 171.869
186.936 137.262 200.291 137.262 200.291 171.629 186.936 171.629
186.826 136.941 200.199 136.941 200.199 171.255 186.826 171.255
186.463 138.362 199.811 138.362 199.811 172.852 186.463 172.852
186.605 137.978 199.814 137.978 199.814 172.447 186.605 172.447
184.362 137.661 197.501 137.661 197.501 172.201 184.362 172.201
184.585 137.808 197.574 137.808 197.574 172.344 184.585 172.344
184.966 138.171 197.981 138.171 197.981 172.404 184.966 172.404
184.695 139.308 197.769 139.308 197.769 173.274 184.695 173.274
184.694 138.942 197.721 138.942 197.721 173.024 184.694 173.024
184.404 138.410 197.472 138.410 197.472 172.342 184.404 172.342
183.875 138.546 197.033 138.546 197.033 172.424 183.875 172.424
183.786 137.907 196.882 137.907 196.882 171.882 183.786 171.882
181.578 138.565 194.610 138.565 194.610 172.634 181.578 172.634
181.818 137.977 194.763 137.977 194.763 172.126 181.818 172.126
181.928 138.212 194.774 138.212 194.774 172.452 181.928 172.452
181.595 138.557 194.388 138.557 194.388 172.654 181.595 172.654
180.768 139.106 193.559 139.106 193.559 173.099 180.768 173.099
180.319 138.116 192.984 138.116 192.984 172.076 180.319 172.076
180.055 136.454 192.540 136.454 192.540 170.548 180.055 170.548
179.511 136.359 191.959 136.359 191.959 170.452 179.511 170.452
179.389 136.391 191.925 136.391 191.925 170.486 179.389 170.486
179.120 134.620 191.576 134.620 191.576 168.869 179.120 168.869
178.461 134.769 191.036 134.769 191.036 168.950 178.461 168.950
178.043 134.604 190.394 134.604 190.394 169.128 178.043 169.128
175.584 132.659 187.858 132.659 187.858 167.235 175.584 167.235
175.901 133.871 188.055 133.871 188.055 168.435 175.901 168.435
176.115 134.195 188.357 134.195 188.357 168.459 176.115 168.459
176.253 134.750 188.344 134.750 188.344 169.119 176.253 169.119
176.178 134.414 188.103 134.414 188.103 168.842 176.178 168.842
175.937 133.978 187.753 133.978 187.753 168.381 175.937 168.381
175.545 134.510 187.417 134.510 187.417 168.800 175.545 168.800
175.471 134.763 187.201 134.763 187.201 169.326 175.471 169.326
175.309 134.837 186.958 134.837 186.958 169.633 175.309 169.633
175.221 134.589 186.850 134.589 186.850 169.540 175.221 169.540
174.763 135.062 186.429 135.062 186.429 169.937 174.763 169.937
174.205 134.064 185.939 134.064 185.939 169.045 174.205 169.045
173.965 133.796 185.743 133.796 185.743 168.766 173.965 168.766
173.512 133.752 185.307 133.752 185.307 168.741 173.512 168.741
173.396 134.049 185.200 134.049 185.200 169.150 173.396 169.150
173.229 133.853 184.999 133.853 184.999 169.096 173.229 169.096
172.787 133.534 184.623 133.534 184.623 168.815 172.787 168.815
172.668 132.419 184.696 132.419 184.696 167.563 172.668 167.563
172.405 132.462 184.533 132.462 184.533 167.705 172.405 167.705
172.297 132.842 184.418 132.842 184.418 167.994 172.297 167.994
172.021 132.929 184.170 132.929 184.170 167.982 172.021 167.982
171.663 133.079 183.822 133.079 183.822 168.007 171.663 168.007
171.625 132.837 183.827 132.837 183.827 167.825 171.625 167.825
171.192 132.600 183.442 132.600 183.442 167.601 171.192 167.601
171.446 132.330 183.742 132.330 183.742 167.479 171.446 167.479
171.339 131.343 183.768 131.343 183.768 166.420 171.339 166.420
170.945 131.132 183.548 131.132 183.548 166.233 170.945 166.233
170.772 131.066 183.581 131.066 183.581 166.207 170.772 166.207
170.639 131.053 183.437 131.053 183.437 166.364 170.639 166.364
170.888 131.514 183.642 131.514 183.642 167.044 170.888 167.044
170.834 131.375 183.538 131.375 183.538 166.960 170.834 166.960
170.770 131.269 183.449 131.269 183.449 166.995 170.770 166.995
170.744 131.104 183.400 131.104 183.400 166.906 170.744 166.906
170.610 130.412 183.188 130.412 183.188 166.064 170.610 166.064
170.522 130.133 183.194 130.133 183.194 165.483 170.522 165.483
170.369 129.928 183.064 129.928 183.064 165.477 170.369 165.477
170.254 129.973 182.988 129.973 182.988 165.395 170.254 165.395
170.097 129.962 182.903 129.962 182.903 165.184 170.097 165.184
170.241 130.556 183.008 130.556 183.008 165.858 170.241 165.858
170.301 130.971 183.115 130.971 183.115 166.099 170.301 166.099
170.515 131.260 183.372 131.260 183.372 166.123 170.515 166.123
170.996 130.572 183.756 130.572 183.756 165.567 170.996 165.567
170.977 130.316 183.671 130.316 183.671 165.390 170.977 165.390
170.828 130.572 183.443 130.572 183.443 165.750 170.828 165.750
170.904 128.596 183.400 128.596 183.400 163.888 170.904 163.888
170.820 128.253 183.403 128.253 183.403 163.338 170.820 163.338
170.750 129.902 183.507 129.902 183.507 164.779 170.750 164.779
170.738 129.194 183.527 129.194 183.527 164.160 170.738 164.160
170.727 129.798 183.529 129.798 183.529 164.768 170.727 164.768
170.561 129.137 183.344 129.137 183.344 163.928 170.561 163.928
171.066 129.778 183.827 129.778 183.827 164.467 171.066 164.467
171.242 128.746 183.884 128.746 183.884 163.328 171.242 163.328
171.137 129.222 183.746 129.222 183.746 163.625 171.137 163.625
171.511 128.550 183.999 128.550 183.999 162.806 171.511 162.806
171.815 129.022 184.428 129.022 184.428 163.409 171.815 163.409
171.783 128.713 184.484 128.713 184.484 163.069 171.783 163.069
171.556 128.849 184.291 128.849 184.291 163.064 171.556 163.064
171.673 129.476 184.462 129.476 184.462 163.546 171.673 163.546
171.973 129.689 184.711 129.689 184.711 163.745 171.973 163.745
171.963 130.170 184.637 130.170 184.637 164.124 171.963 164.124
172.060 127.889 184.717 127.889 184.717 161.668 172.060 161.668
172.262 128.996 184.889 128.996 184.889 162.740 172.262 162.740
172.665 127.665 185.288 127.665 185.288 161.266 172.665 161.266
173.018 128.256 185.489 128.256 185.489 161.911 173.018 161.911
173.274 128.065 185.647 128.065 185.647 161.845 173.274 161.845
173.250 127.646 185.754 127.646 185.754 161.385 173.250 161.385
173.249 127.783 185.827 127.783 185.827 161.352 173.249 161.352
173.312 126.228 185.719 126.228 185.719 159.836 173.312 159.836
173.430 127.664 185.783 127.664 185.783 161.207 173.430 161.207
173.776 127.363 186.091 127.363 186.091 160.745 173.776 160.745
174.380 126.944 186.589 126.944 186.589 160.136 174.380 160.136
174.520 127.096 186.689 127.096 186.689 160.266 174.520 160.266
174.515 126.808 186.552 126.808 186.552 160.031 174.515 160.031
174.792 127.978 186.726 127.978 186.726 161.294 174.792 161.294
174.691 127.242 186.546 127.242 186.546 160.633 174.691 160.633
174.713 127.831 186.664 127.831 186.664 161.293 174.713 161.293
174.912 128.335 186.745 128.335 186.745 162.014 174.912 162.014
175.331 127.942 187.010 127.942 187.010 161.553 175.331 161.553
175.574 128.095 187.176 128.095 187.176 161.793 175.574 161.793
175.940 127.055 187.480 127.055 187.480 160.848 175.940 160.848
176.004 126.672 187.569 126.672 187.569 160.621 176.004 160.621
176.263 125.833 187.834 125.833 187.834 159.642 176.263 159.642
176.295 125.465 187.884 125.465 187.884 159.255 176.295 159.255
176.531 126.592 188.211 126.592 188.211 160.292 176.531 160.292
176.954 127.064 188.655 127.064 188.655 160.722 176.954 160.722
177.098 124.919 188.815 124.919 188.815 158.595 177.098 158.595
177.300 125.200 189.000 125.200 189.000 158.780 177.300 158.780
177.498 125.542 189.097 125.542 189.097 159.276 177.498 159.276
177.969 126.224 189.579 126.224 189.579 159.828 177.969 159.828
178.319 125.832 189.888 125.832 189.888 159.468 178.319 159.468
178.445 125.688 190.032 125.688 190.032 159.372 178.445 159.372
178.827 125.333 190.326 125.333 190.326 159.201 178.827 159.201
179.031 125.673 190.609 125.673 190.609 159.656 179.031 159.656
179.331 125.845 190.921 125.845 190.921 160.123 179.331 160.123
179.496 126.219 191.070 126.219 191.070 160.764 179.496 160.764
179.906 125.571 191.388 125.571 191.388 160.447 179.906 160.447
180.177 125.127 191.578 125.127 191.578 160.260 180.177 160.260
180.866 125.689 192.374 125.689 192.374 161.027 180.866 161.027
181.304 124.985 192.892 124.985 192.892 160.464 181.304 160.464
181.188 124.985 192.826 124.985 192.826 160.620 181.188 160.620
181.582 124.485 193.404 124.485 193.404 160.058 181.582 160.058
181.982 124.631 193.986 124.631 193.986 160.197 181.982 160.197
182.418 122.886 194.646 122.886 194.646 158.522 182.418 158.522
182.556 124.036 194.879 124.036 194.879 159.694 182.556 159.694
182.683 124.320 195.021 124.320 195.021 160.068 182.683 160.068
182.942 123.623 195.280 123.623 195.280 159.393 182.942 159.393
183.208 123.458 195.553 123.458 195.553 159.188 183.208 159.188
183.486 122.823 195.798 122.823 195.798 158.495 183.486 158.495
183.768 122.734 196.141 122.734 196.141 158.131 183.768 158.131
184.279 122.789 196.649 122.789 196.649 158.326 184.279 158.326
184.544 122.495 196.900 122.495 196.900 158.295 184.544 158.295
184.543 122.441 196.906 122.441 196.906 158.173 184.543 158.173
184.540 123.112 196.978 123.112 196.978 158.727 184.540 158.727
184.911 122.902 197.533 122.902 197.533 158.410 184.911 158.410
185.419 122.830 197.954 122.830 197.954 158.596 185.419 158.596
185.710 122.454 198.226 122.454 198.226 158.328 185.710 158.328
186.103 122.444 198.569 122.444 198.569 158.525 186.103 158.525
185.994 122.195 198.538 122.195 198.538 158.211 185.994 158.211
186.173 121.311 198.769 121.311 198.769 157.185 186.173 157.185
186.521 121.742 199.109 121.742 199.109 157.695 186.521 157.695
186.718 121.306 199.353 121.306 199.353 157.344 186.718 157.344
187.084 120.594 199.677 120.594 199.677 156.859 187.084 156.859
187.244 120.103 199.880 120.103 199.880 156.296 187.244 156.296
187.686 119.799 200.364 119.799 200.364 156.013 187.686 156.013
187.947 119.283 200.690 119.283 200.690 155.535 187.947 155.535
190.904 115.195 203.630 115.195 203.630 151.514 190.904 151.514
191.006 114.317 203.779 114.317 203.779 150.662 191.006 150.662
190.927 116.521 203.678 116.521 203.678 152.892 190.927 152.892
190.834 115.361 203.571 115.361 203.571 151.866 190.834 151.866
190.677 115.212 203.357 115.212 203.357 151.863 190.677 151.863
190.444 118.460 203.123 118.460 203.123 155.251 190.444 155.251
190.423 115.665 203.070 115.665 203.070 152.757 190.423 152.757
190.603 116.121 203.212 116.121 203.212 153.254 190.603 153.254
190.326 115.762 203.032 115.762 203.032 153.030 190.326 153.030
190.208 115.947 202.909 115.947 202.909 153.245 190.208 153.245
190.159 116.226 202.845 116.226 202.845 153.622 190.159 153.622
192.670 114.756 205.447 114.756 205.447 152.045 192.670 152.045
192.405 113.865 205.226 113.865 205.226 151.287 192.405 151.287
