338.000 84.000 382.000 84.000 382.000 115.000 338.000 115.000
334.884 83.922 378.260 83.922 378.260 115.173 334.884 115.173
333.403 84.896 376.583 84.896 376.583 116.172 333.403 116.172
329.384 85.303 372.364 85.303 372.364 116.670 329.384 116.670
327.146 86.058 369.748 86.058 369.748 117.460 327.146 117.460
324.709 86.789 367.081 86.789 367.081 118.213 324.709 118.213
321.740 87.782 364.096 87.782 364.096 119.189 321.740 119.189
320.705 88.038 363.020 88.038 363.020 119.457 320.705 119.457
317.662 88.557 359.985 88.557 359.985 120.126 317.662 120.126
314.452 88.784 356.824 88.784 356.824 120.395 314.452 120.395
311.679 89.522 354.071 89.522 354.071 121.206 311.679 121.206
308.205 90.334 350.648 90.334 350.648 121.911 308.205 121.911
305.652 91.683 348.266 91.683 348.266 123.404 305.652 123.404
302.395 92.124 345.085 92.124 345.085 123.941 302.395 123.941
299.398 92.970 341.911 92.970 341.911 124.866 299.398 124.866
296.348 93.662 339.030 93.662 339.030 125.369 296.348 125.369
292.493 94.673 335.361 94.673 335.361 126.392 292.493 126.392
290.739 95.254 333.691 95.254 333.691 127.093 290.739 127.093
287.844 95.249 331.002 95.249 331.002 127.042 287.844 127.042
280.999 98.717 323.992 98.717 323.992 130.743 280.999 130.743
274.576 99.256 318.115 99.256 318.115 130.823 274.576 130.823
268.534 101.548 312.320 101.548 312.320 133.034 268.534 133.034
266.319 101.878 310.184 101.878 310.184 133.597 266.319 133.597
262.088 102.885 306.185 102.885 306.185 134.663 262.088 134.663
258.675 103.463 302.853 103.463 302.853 135.417 258.675 135.417
256.387 104.391 300.736 104.391 300.736 136.585 256.387 136.585
252.473 104.529 297.059 104.529 297.059 136.885 252.473 136.885
250.475 104.400 295.101 104.400 295.101 137.135 250.475 137.135
248.266 106.259 293.157 106.259 293.157 139.406 248.266 139.406
243.064 106.693 288.466 106.693 288.466 139.813 243.064 139.813
241.264 106.571 286.779 106.571 286.779 139.998 241.264 139.998
237.881 107.712 283.647 107.712 283.647 141.426 237.881 141.426
235.629 107.353 282.100 107.353 282.100 141.064 235.629 141.064
231.670 109.184 278.462 109.184 278.462 143.154 231.670 143.154
228.343 109.508 275.297 109.508 275.297 143.891 228.343 143.891
225.775 109.677 273.195 109.677 273.195 144.133 225.775 144.133
221.622 110.790 269.342 110.790 269.342 145.471 221.622 145.471
218.719 111.367 266.671 111.367 266.671 146.286 218.719 146.286
215.167 112.085 263.411 112.085 263.411 147.124 215.167 147.124
211.727 113.101 260.288 113.101 260.288 148.312 211.727 148.312
209.803 113.117 258.599 113.117 258.599 148.653 209.803 148.653
204.402 114.951 253.752 114.951 253.752 150.703 204.402 150.703
198.791 116.452 248.505 116.452 248.505 152.437 198.791 152.437
194.604 116.920 244.435 116.920 244.435 153.186 194.604 153.186
190.898 117.880 240.903 117.880 240.903 154.511 190.898 154.511
186.069 119.158 236.306 119.158 236.306 155.961 186.069 155.961
183.059 119.731 233.745 119.731 233.745 156.684 183.059 156.684
180.705 119.988 231.611 119.988 231.611 157.254 180.705 157.254
177.252 121.288 228.545 121.288 228.545 158.803 177.252 158.803
174.585 121.208 226.030 121.208 226.030 159.102 174.585 159.102
170.779 123.014 222.780 123.014 222.780 160.992 170.779 160.992
167.476 123.848 219.959 123.848 219.959 162.204 167.476 162.204
163.641 125.150 216.340 125.150 216.340 164.032 163.641 164.032
160.629 125.765 213.485 125.765 213.485 165.053 160.629 165.053
156.860 127.434 209.768 127.434 209.768 167.039 156.860 167.039
155.132 127.793 208.247 127.793 208.247 167.709 155.132 167.709
152.633 130.510 205.634 130.510 205.634 170.445 152.633 170.445
148.953 130.841 201.910 130.841 201.910 171.043 148.953 171.043
147.215 131.183 200.385 131.183 200.385 171.209 147.215 171.209
145.166 132.193 198.619 132.193 198.619 172.338 145.166 172.338
142.387 133.177 196.047 133.177 196.047 173.205 142.387 173.205
135.922 135.165 189.297 135.165 189.297 175.741 135.922 175.741
132.278 136.711 186.238 136.711 186.238 176.715 132.278 176.715
128.541 139.337 181.219 139.337 181.219 180.283 128.541 180.283
125.779 140.331 177.348 140.331 177.348 182.157 125.779 182.157
122.652 141.637 173.496 141.637 173.496 184.151 122.652 184.151
119.722 142.856 170.447 142.856 170.447 185.785 119.722 185.785
116.465 143.270 167.172 143.270 167.172 186.908 116.465 186.908
113.216 143.761 164.260 143.761 164.260 187.729 113.216 187.729
110.146 144.507 162.032 144.507 162.032 188.682 110.146 188.682
107.283 145.120 160.429 145.120 160.429 189.314 107.283 189.314
109.339 145.572 162.813 145.572 162.813 190.242 109.339 190.242
106.989 146.398 161.064 146.398 161.064 191.375 106.989 191.375
105.727 147.220 159.696 147.220 159.696 192.693 105.727 192.693
104.189 148.318 158.544 148.318 158.544 194.110 104.189 194.110
102.056 149.479 156.728 149.479 156.728 195.666 102.056 195.666
100.266 150.230 155.699 150.230 155.699 196.477 100.266 196.477
99.164 151.308 155.116 151.308 155.116 197.681 99.164 197.681
97.629 152.952 153.997 152.952 153.997 199.494 97.629 199.494
97.551 153.569 154.372 153.569 154.372 200.354 97.551 200.354
96.563 155.224 153.673 155.224 153.673 202.199 96.563 202.199
96.079 155.753 153.554 155.753 153.554 203.310 96.079 203.310
95.690 157.122 153.297 157.122 153.297 205.045 95.690 205.045
95.241 152.228 154.416 152.228 154.416 198.734 95.241 198.734
95.345 159.365 154.460 159.365 154.460 206.541 95.345 206.541
94.898 159.904 155.296 159.904 155.296 206.572 94.898 206.572
94.694 160.135 156.031 160.135 156.031 206.515 94.694 206.515
93.346 160.631 155.481 160.631 155.481 206.735 93.346 206.735
93.151 161.240 155.713 161.240 155.713 207.153 93.151 207.153
93.154 168.561 155.413 168.561 155.413 215.209 93.154 215.209
94.158 169.314 156.158 169.314 156.158 216.989 94.158 216.989
93.508 163.948 156.648 163.948 156.648 210.900 93.508 210.900
99.666 179.157 162.739 179.157 162.739 226.505 99.666 226.505
94.864 179.648 157.872 179.648 157.872 227.124 94.864 227.124
97.247 180.124 160.158 180.124 160.158 227.833 97.247 227.833
100.116 185.749 162.740 185.749 162.740 234.494 100.116 234.494
101.484 184.959 164.093 184.959 164.093 234.815 101.484 234.815
103.691 184.284 166.217 184.284 166.217 234.931 103.691 234.931
104.128 183.966 166.761 183.966 166.761 234.826 104.128 234.826
110.488 191.992 173.391 191.992 173.391 243.838 110.488 243.838
110.206 192.747 173.445 192.747 173.445 244.954 110.206 244.954
110.504 193.670 174.122 193.670 174.122 246.597 110.504 246.597
110.735 193.722 174.710 193.722 174.710 247.433 110.735 247.433
112.339 193.659 176.903 193.659 176.903 247.947 112.339 247.947
114.121 194.379 179.022 194.379 179.022 248.789 114.121 248.789
120.265 187.010 186.662 187.010 186.662 240.495 120.265 240.495
118.426 195.559 185.843 195.559 185.843 249.283 118.426 249.283
118.472 196.287 186.438 196.287 186.438 250.235 118.472 250.235
120.350 204.461 188.611 204.461 188.611 258.895 120.350 258.895
130.320 198.423 199.680 198.423 199.680 251.620 130.320 251.620
135.565 206.182 205.220 206.182 205.220 259.202 135.565 259.202
202.379 230.724 269.068 230.724 269.068 285.822 202.379 285.822
207.169 233.146 271.174 233.146 271.174 290.020 207.169 290.020
217.209 236.145 280.231 236.145 280.231 294.019 217.209 294.019
223.807 239.532 285.840 239.532 285.840 298.254 223.807 298.254
231.711 242.623 293.573 242.623 293.573 301.482 231.711 301.482
240.783 244.780 302.751 244.780 302.751 303.655 240.783 303.655
247.448 249.563 309.824 249.563 309.824 308.354 247.448 308.354
256.249 252.540 319.009 252.540 319.009 311.133 256.249 311.133
260.063 255.099 323.604 255.099 323.604 313.445 260.063 313.445
269.697 257.895 334.134 257.895 334.134 316.120 269.697 316.120
279.283 261.511 344.668 261.511 344.668 319.755 279.283 319.755
286.924 270.808 353.142 270.808 353.142 327.761 286.924 327.761
303.336 272.593 369.419 272.593 369.419 329.401 303.336 329.401
310.459 274.469 376.694 274.469 376.694 331.632 310.459 331.632
319.301 276.550 385.536 276.550 385.536 334.330 319.301 334.330
333.814 286.080 400.031 286.080 400.031 343.446 333.814 343.446
341.619 287.237 406.979 287.237 406.979 345.027 341.619 345.027
355.560 289.602 420.666 289.602 420.666 347.623 355.560 347.623
363.075 284.069 428.573 284.069 428.573 342.142 363.075 342.142
370.940 287.345 436.763 287.345 436.763 345.142 370.940 345.142
379.430 296.586 445.268 296.586 445.268 354.400 379.430 354.400
377.763 295.863 443.598 295.863 443.598 353.680 377.763 353.680
392.481 279.980 458.209 279.980 458.209 337.722 392.481 337.722
400.323 281.102 466.076 281.102 466.076 338.755 400.323 338.755
417.308 289.559 483.058 289.559 483.058 346.872 417.308 346.872
429.926 290.396 495.621 290.396 495.621 347.503 429.926 347.503
447.457 292.196 512.577 292.196 512.577 349.291 447.457 349.291
455.350 300.416 520.109 300.416 520.109 357.326 455.350 357.326
478.300 307.992 542.945 307.992 542.945 364.634 478.300 364.634
494.677 315.674 559.159 315.674 559.159 372.360 494.677 372.360
518.383 323.530 582.682 323.530 582.682 380.194 518.383 380.194
531.745 330.503 596.102 330.503 596.102 386.917 531.745 386.917
557.122 338.277 621.579 338.277 621.579 394.440 557.122 394.440
569.771 338.727 633.751 338.727 633.751 394.987 569.771 394.987
573.227 341.400 637.205 341.400 637.205 397.661 573.227 397.661
575.640 343.594 639.617 343.594 639.617 399.855 575.640 399.855
