545.000 312.000 561.000 312.000 561.000 362.000 545.000 362.000
545.234 311.998 561.350 311.998 561.350 362.023 545.234 362.023
546.070 312.784 562.161 312.784 562.161 363.090 546.070 363.090
546.794 313.531 562.913 313.531 562.913 363.830 546.794 363.830
547.552 312.591 563.839 312.591 563.839 362.772 547.552 362.772
548.207 313.192 564.645 313.192 564.645 363.231 548.207 363.231
548.620 312.849 564.815 312.849 564.815 362.922 548.620 362.922
552.302 314.188 568.646 314.188 568.646 364.036 552.302 364.036
552.266 313.568 568.610 313.568 568.610 363.415 552.266 363.415
552.229 312.313 568.574 312.313 568.574 362.158 552.229 362.158
552.541 311.971 568.887 311.971 568.887 361.815 552.541 361.815
552.637 310.734 568.984 310.734 568.984 360.576 552.637 360.576
553.095 309.857 569.444 309.857 569.444 359.697 553.095 359.697
553.410 308.584 569.759 308.584 569.759 358.423 553.410 358.423
553.757 307.666 570.107 307.666 570.107 357.504 553.757 357.504
554.060 306.877 570.412 306.877 570.412 356.714 554.060 356.714
554.509 305.464 570.861 305.464 570.861 355.300 554.509 355.300
554.744 304.286 571.097 304.286 571.097 354.121 554.744 354.121
555.087 302.718 571.442 302.718 571.442 352.550 555.087 352.550
555.123 301.674 571.479 301.674 571.479 351.504 555.123 351.504
555.345 300.727 571.703 300.727 571.703 350.554 555.345 350.554
555.771 299.673 572.131 299.673 572.131 349.498 555.771 349.498
556.151 299.427 572.514 299.427 572.514 349.247 556.151 349.247
556.413 298.036 572.778 298.036 572.778 347.854 556.413 347.854
556.859 297.224 573.225 297.224 573.225 347.040 556.859 347.040
557.108 296.935 573.475 296.935 573.475 346.749 557.108 346.749
557.398 296.259 573.769 296.259 573.769 346.069 557.398 346.069
557.689 295.644 574.062 295.644 574.062 345.450 557.689 345.450
558.020 295.044 574.395 295.044 574.395 344.847 558.020 344.847
558.407 293.999 574.785 293.999 574.785 343.797 558.407 343.797
558.691 293.444 575.071 293.444 575.071 343.240 558.691 343.240
558.855 293.270 575.236 293.270 575.236 343.064 558.855 343.064
559.180 293.448 575.562 293.448 575.562 343.241 559.180 343.241
559.664 293.374 576.048 293.374 576.048 343.165 559.664 343.165
560.141 293.758 576.527 293.758 576.527 343.547 560.141 343.547
560.558 293.922 576.945 293.922 576.945 343.709 560.558 343.709
561.029 293.612 577.418 293.612 577.418 343.397 561.029 343.397
561.548 293.578 577.938 293.578 577.938 343.361 561.548 343.361
562.027 293.365 578.420 293.365 578.420 343.146 562.027 343.146
562.462 293.413 578.858 293.413 578.858 343.190 562.462 343.190
562.960 293.463 579.358 293.463 579.358 343.237 562.960 343.237
563.617 293.362 580.017 293.362 580.017 343.134 563.617 343.134
564.180 293.530 580.582 293.530 580.582 343.300 564.180 343.300
564.806 293.698 581.210 293.698 581.210 343.466 564.806 343.466
565.475 293.730 581.882 293.730 581.882 343.493 565.475 343.493
566.031 293.744 582.440 293.744 582.440 343.505 566.031 343.505
566.308 293.726 582.719 293.726 582.719 343.484 566.308 343.484
566.638 294.111 583.052 294.111 583.052 343.866 566.638 343.866
567.048 294.042 583.463 294.042 583.463 343.795 567.048 343.795
567.460 294.644 583.878 294.644 583.878 344.393 567.460 344.393
567.904 294.761 584.324 294.761 584.324 344.507 567.904 344.507
568.312 295.090 584.734 295.090 584.734 344.834 568.312 344.834
568.673 295.048 585.097 295.048 585.097 344.789 568.673 344.789
569.070 295.037 585.495 295.037 585.495 344.777 569.070 344.777
569.326 294.689 585.752 294.689 585.752 344.426 569.326 344.426
569.487 294.953 585.916 294.953 585.916 344.687 569.487 344.687
569.595 295.204 586.028 295.204 586.028 344.933 569.595 344.933
569.816 295.198 586.252 295.198 586.252 344.922 569.816 344.922
570.019 295.312 586.456 295.312 586.456 345.034 570.019 345.034
570.290 295.436 586.729 295.436 586.729 345.156 570.290 345.156
570.485 295.988 586.926 295.988 586.926 345.705 570.485 345.705
570.747 296.292 587.190 296.292 587.190 346.007 570.747 346.007
571.276 296.914 587.720 296.914 587.720 346.627 571.276 346.627
571.545 296.820 587.991 296.820 587.991 346.530 571.545 346.530
571.809 296.887 588.256 296.887 588.256 346.595 571.809 346.595
572.167 297.817 588.616 297.817 588.616 347.524 572.167 347.524
572.530 298.047 588.981 298.047 588.981 347.750 572.530 347.750
572.926 298.670 589.378 298.670 589.378 348.371 572.926 348.371
573.213 298.532 589.667 298.532 589.667 348.231 573.213 348.231
573.406 298.334 589.861 298.334 589.861 348.031 573.406 348.031
573.740 297.910 590.196 297.910 590.196 347.605 573.740 347.605
573.988 297.665 590.445 297.665 590.445 347.358 573.988 347.358
573.833 297.889 590.295 297.889 590.295 347.576 573.833 347.576
574.079 294.762 590.543 294.762 590.543 344.446 574.079 344.446
574.556 294.499 591.028 294.499 591.028 344.174 574.556 344.174
574.881 293.520 591.361 293.520 591.361 343.187 574.881 343.187
574.737 291.011 591.219 291.011 591.219 340.676 574.737 340.676
574.329 291.453 590.817 291.453 590.817 341.112 574.329 341.112
574.286 290.205 590.776 290.205 590.776 339.862 574.286 339.862
574.166 289.006 590.658 289.006 590.658 338.660 574.166 338.660
574.223 288.945 590.717 288.945 590.717 338.597 574.223 338.597
574.038 288.194 590.533 288.194 590.533 337.844 574.038 337.844
573.998 287.796 590.495 287.796 590.495 337.445 573.998 337.445
573.731 287.936 590.229 287.936 590.229 337.583 573.731 337.583
573.489 287.761 589.988 287.761 589.988 337.407 573.489 337.407
573.266 287.470 589.768 287.470 589.768 337.113 573.266 337.113
573.134 287.026 589.637 287.026 589.637 336.667 573.134 336.667
572.850 286.955 589.354 286.955 589.354 336.595 572.850 336.595
572.728 286.907 589.234 286.907 589.234 336.546 572.728 336.546
572.646 287.157 589.153 287.157 589.153 336.795 572.646 336.795
572.570 287.080 589.078 287.080 589.078 336.717 572.570 336.717
572.275 286.648 588.785 286.648 588.785 336.283 572.275 336.283
572.427 286.974 588.937 286.974 588.937 336.608 572.427 336.608
572.376 286.954 588.888 286.954 588.888 336.586 572.376 336.586
572.302 286.580 588.816 286.580 588.816 336.210 572.302 336.210
572.398 286.672 588.913 286.672 588.913 336.300 572.398 336.300
572.060 286.822 588.577 286.822 588.577 336.449 572.060 336.449
572.059 286.970 588.578 286.970 588.578 336.594 572.059 336.594
572.090 287.071 588.611 287.071 588.611 336.694 572.090 336.694
571.973 286.994 588.495 286.994 588.495 336.616 571.973 336.616
571.965 286.832 588.489 286.832 588.489 336.452 571.965 336.452
571.734 287.148 588.260 287.148 588.260 336.765 571.734 336.765
571.701 286.104 588.229 286.104 588.229 335.719 571.701 335.719
571.728 286.135 588.258 286.135 588.258 335.748 571.728 335.748
571.702 286.256 588.234 286.256 588.234 335.867 571.702 335.867
571.450 286.900 587.983 286.900 587.983 336.509 571.450 336.509
571.440 286.783 587.975 286.783 587.975 336.391 571.440 336.391
571.364 287.045 587.902 287.045 587.902 336.649 571.364 336.649
571.348 286.716 587.888 286.716 587.888 336.318 571.348 336.318
571.178 288.115 587.722 288.115 587.722 337.712 571.178 337.712
571.306 287.100 587.852 287.100 587.852 336.695 571.306 336.695
571.144 286.273 587.693 286.273 587.693 335.866 571.144 335.866
571.217 286.187 587.768 286.187 587.768 335.777 571.217 335.777
571.375 286.104 587.928 286.104 587.928 335.692 571.375 335.692
571.429 286.388 587.984 286.388 587.984 335.973 571.429 335.973
571.570 287.005 588.128 287.005 588.128 336.588 571.570 336.588
571.446 287.135 588.009 287.135 588.009 336.714 571.446 336.714
571.524 286.737 588.094 286.737 588.094 336.308 571.524 336.308
571.706 286.850 588.278 286.850 588.278 336.421 571.706 336.421
572.335 286.614 588.907 286.614 588.907 336.185 572.335 336.185
584.818 288.139 601.709 288.139 601.709 337.178 584.818 337.178
584.717 285.886 601.987 285.886 601.987 334.389 584.717 334.389
580.707 287.052 598.260 287.052 598.260 335.070 580.707 335.070
576.646 286.815 594.391 286.815 594.391 334.521 576.646 334.521
572.879 286.159 590.567 286.159 590.567 333.921 572.879 333.921
569.464 285.870 587.232 285.870 587.232 333.537 569.464 333.537
569.518 282.689 587.443 282.689 587.443 330.126 569.518 330.126
569.027 284.791 587.175 284.791 587.175 331.824 569.027 331.824
565.328 279.548 583.669 279.548 583.669 326.014 565.328 326.014
565.508 284.341 583.983 284.341 583.983 330.737 565.508 330.737
565.866 284.860 584.288 284.860 584.288 331.354 565.866 331.354
561.812 280.682 580.291 280.682 580.291 327.106 561.812 327.106
561.784 282.364 580.248 282.364 580.248 328.797 561.784 328.797
549.551 279.935 568.130 279.935 568.130 326.170 549.551 326.170
545.297 279.856 564.080 279.856 564.080 325.877 545.297 325.877
541.953 280.101 560.795 280.101 560.795 325.878 541.953 325.878
542.234 279.935 561.164 279.935 561.164 325.451 542.234 325.451
538.288 280.901 557.087 280.901 557.087 326.598 538.288 326.598
534.759 281.030 553.567 281.030 553.567 326.742 534.759 326.742
534.626 278.127 553.437 278.127 553.437 323.851 534.626 323.851
530.493 277.034 549.391 277.034 549.391 322.502 530.493 322.502
526.490 275.364 545.464 275.364 545.464 320.630 526.490 320.630
526.201 277.120 545.120 277.120 545.120 322.512 526.201 322.512
522.694 277.314 541.583 277.314 541.583 322.732 522.694 322.732
523.249 277.957 542.109 277.957 542.109 323.412 523.249 323.412
519.782 278.188 538.625 278.188 538.625 323.692 519.782 323.692
520.399 287.298 539.137 287.298 539.137 333.088 520.399 333.088
517.178 284.761 535.881 284.761 535.881 330.682 517.178 330.682
517.625 287.141 536.315 287.141 536.315 333.117 517.625 333.117
517.621 288.795 536.294 288.795 536.294 334.813 517.621 334.813
513.514 286.202 532.183 286.202 532.183 332.278 513.514 332.278
513.092 286.810 531.756 286.810 531.756 332.900 513.092 332.900
509.148 287.134 527.786 287.134 527.786 333.282 509.148 333.282
508.700 286.897 527.337 286.897 527.337 333.066 508.700 333.066
508.320 287.325 526.953 287.325 526.953 333.506 508.320 333.506
508.088 287.031 526.717 287.031 526.717 333.220 508.088 333.220
507.644 286.644 526.272 286.644 526.272 332.834 507.644 332.834
507.228 287.145 525.854 287.145 525.854 333.338 507.228 333.338
506.485 287.752 525.110 287.752 525.110 333.945 506.485 333.945
505.846 288.504 524.471 288.504 524.471 334.697 505.846 334.697
505.160 289.124 523.785 289.124 523.785 335.318 505.160 335.318
504.644 289.747 523.269 289.747 523.269 335.941 504.644 335.941
504.073 289.785 522.698 289.785 522.698 335.979 504.073 335.979
503.731 290.511 522.356 290.511 522.356 336.705 503.731 336.705
503.448 290.121 522.073 290.121 522.073 336.315 503.448 336.315
503.461 290.596 522.086 290.596 522.086 336.790 503.461 336.790
503.385 290.788 522.010 290.788 522.010 336.981 503.385 336.981
503.376 291.525 522.002 291.525 522.002 337.718 503.376 337.718
503.623 292.302 522.249 292.302 522.249 338.495 503.623 338.495
504.158 292.519 522.784 292.519 522.784 338.712 504.158 338.712
504.487 293.080 523.113 293.080 523.113 339.272 504.487 339.272
504.691 293.537 523.318 293.537 523.318 339.729 504.691 339.729
505.006 294.295 523.633 294.295 523.633 340.487 505.006 340.487
505.338 294.818 523.965 294.818 523.965 341.009 505.338 341.009
505.742 294.976 524.370 294.976 524.370 341.167 505.742 341.167
506.150 295.147 524.778 295.147 524.778 341.337 506.150 341.337
506.306 295.103 524.935 295.103 524.935 341.293 506.306 341.293
506.665 295.081 525.295 295.081 525.295 341.270 506.665 341.270
507.060 294.795 525.690 294.795 525.690 340.984 507.060 340.984
507.436 295.012 526.066 295.012 526.066 341.201 507.436 341.201
507.818 295.058 526.449 295.058 526.449 341.246 507.818 341.246
508.176 294.820 526.807 294.820 526.807 341.007 508.176 341.007
508.316 295.043 526.948 295.043 526.948 341.230 508.316 341.230
508.978 294.680 527.613 294.680 527.613 340.863 508.978 340.863
509.348 294.080 527.984 294.080 527.984 340.262 509.348 340.262
509.880 294.081 528.516 294.081 528.516 340.263 509.880 340.263
510.087 294.050 528.723 294.050 528.723 340.232 510.087 340.232
510.286 294.096 528.923 294.096 528.923 340.277 510.286 340.277
510.626 294.078 529.263 294.078 529.263 340.259 510.626 340.259
510.776 294.232 529.414 294.232 529.414 340.412 510.776 340.412
511.086 294.300 529.724 294.300 529.724 340.480 511.086 340.480
511.594 294.483 530.232 294.483 530.232 340.663 511.594 340.663
511.788 294.624 530.427 294.624 530.427 340.803 511.788 340.803
511.929 294.713 530.568 294.713 530.568 340.892 511.929 340.892
512.279 294.989 530.919 294.989 530.919 341.167 512.279 341.167
512.464 294.709 531.104 294.709 531.104 340.887 512.464 340.887
512.799 294.503 531.439 294.503 531.439 340.681 512.799 340.681
513.244 294.080 531.885 294.080 531.885 340.257 513.244 340.257
513.430 294.228 532.071 294.228 532.071 340.405 513.430 340.405
513.560 293.370 532.202 293.370 532.202 339.547 513.560 339.547
513.686 293.790 532.328 293.790 532.328 339.966 513.686 339.966
513.917 294.065 532.559 294.065 532.559 340.241 513.917 340.241
514.109 294.258 532.752 294.258 532.752 340.434 514.109 340.434
514.281 294.128 532.924 294.128 532.924 340.303 514.281 340.303
514.522 293.984 533.165 293.984 533.165 340.159 514.522 340.159
514.759 293.905 533.403 293.905 533.403 340.080 514.759 340.080
515.168 293.920 533.812 293.920 533.812 340.095 515.168 340.095
515.350 293.722 533.994 293.722 533.994 339.896 515.350 339.896
515.396 293.401 534.041 293.401 534.041 339.575 515.396 339.575
515.644 292.935 534.289 292.935 534.289 339.109 515.644 339.109
515.705 292.784 534.350 292.784 534.350 338.958 515.705 338.958
516.052 293.207 534.698 293.207 534.698 339.380 516.052 339.380
516.251 292.620 534.897 292.620 534.897 338.793 516.251 338.793
516.590 292.652 535.236 292.652 535.236 338.825 516.590 338.825
516.743 292.667 535.389 292.667 535.389 338.840 516.743 338.840
516.926 292.375 535.573 292.375 535.573 338.547 516.926 338.547
517.039 292.460 535.686 292.460 535.686 338.632 517.039 338.632
517.235 292.333 535.883 292.333 535.883 338.505 517.235 338.505
517.636 292.445 536.284 292.445 536.284 338.616 517.636 338.616
517.893 292.474 536.541 292.474 536.541 338.645 517.893 338.645
518.213 292.293 536.862 292.293 536.862 338.464 518.213 338.464
518.490 292.023 537.139 292.023 537.139 338.194 518.490 338.194
518.871 291.910 537.520 291.910 537.520 338.080 518.871 338.080
519.309 291.894 537.958 291.894 537.958 338.064 519.309 338.064
519.455 291.891 538.105 291.891 538.105 338.061 519.455 338.061
519.563 292.036 538.213 292.036 538.213 338.206 519.563 338.206
519.795 291.861 538.445 291.861 538.445 338.031 519.795 338.031
520.118 291.775 538.768 291.775 538.768 337.945 520.118 337.945
520.442 291.992 539.092 291.992 539.092 338.161 520.442 338.161
