469.000 153.000 487.000 153.000 487.000 187.000 469.000 187.000
470.856 154.886 488.826 154.886 488.826 188.855 470.856 188.855
472.054 154.455 489.931 154.455 489.931 188.677 472.054 188.677
473.133 157.246 490.920 157.246 490.920 191.454 473.133 191.454
474.587 155.308 492.177 155.308 492.177 189.776 474.587 189.776
474.797 157.257 492.336 157.257 492.336 191.622 474.797 191.622
476.466 155.816 493.853 155.816 493.853 190.324 476.466 190.324
476.674 158.269 494.136 158.269 494.136 192.909 476.674 192.909
478.331 156.630 495.616 156.630 495.616 191.304 478.331 191.304
478.924 156.620 496.164 156.620 496.164 191.223 478.924 191.223
479.361 157.569 496.575 157.569 496.575 192.101 479.361 192.101
479.619 158.375 496.808 158.375 496.808 192.911 479.619 192.911
479.186 158.243 496.417 158.243 496.417 192.879 479.186 192.879
480.057 157.494 497.110 157.494 497.110 192.132 480.057 192.132
479.391 158.550 496.436 158.550 496.436 193.372 479.391 193.372
479.497 160.034 496.404 160.034 496.404 194.991 479.497 194.991
479.385 158.250 496.235 158.250 496.235 193.334 479.385 193.334
479.252 159.336 496.120 159.336 496.120 194.592 479.252 194.592
479.015 158.433 495.976 158.433 495.976 193.738 479.015 193.738
478.761 159.956 495.767 159.956 495.767 195.402 478.761 195.402
478.118 159.889 495.304 159.889 495.304 195.218 478.118 195.218
477.649 160.142 494.762 160.142 494.762 195.782 477.649 195.782
477.433 160.591 494.373 160.591 494.373 196.407 477.433 196.407
477.224 161.228 494.376 161.228 494.376 197.048 477.224 197.048
478.327 160.377 495.576 160.377 495.576 196.125 478.327 196.125
477.482 161.391 494.832 161.391 494.832 197.098 477.482 197.098
476.759 162.582 494.347 162.582 494.347 198.152 476.759 198.152
476.478 164.077 493.863 164.077 493.863 199.777 476.478 199.777
477.874 161.321 494.960 161.321 494.960 197.299 477.874 197.299
477.552 163.995 494.763 163.995 494.763 199.844 477.552 199.844
478.173 165.011 495.415 165.011 495.415 201.070 478.173 201.070
478.708 165.079 495.868 165.079 495.868 201.312 478.708 201.312
479.234 165.502 496.329 165.502 496.329 201.829 479.234 201.829
479.441 165.834 496.531 165.834 496.531 202.006 479.441 202.006
482.502 168.659 499.490 168.659 499.490 204.965 482.502 204.965
484.483 169.396 501.525 169.396 501.525 205.754 484.483 205.754
485.374 169.824 502.324 169.824 502.324 206.424 485.374 206.424
485.813 170.721 502.763 170.721 502.763 207.433 485.813 207.433
485.996 170.913 502.895 170.913 502.895 207.859 485.996 207.859
486.233 171.483 503.269 171.483 503.269 208.211 486.233 208.211
486.977 171.908 503.955 171.908 503.955 208.897 486.977 208.897
486.965 171.138 504.002 171.138 504.002 208.330 486.965 208.330
487.193 172.057 504.235 172.057 504.235 209.483 487.193 209.483
487.658 172.777 504.607 172.777 504.607 210.292 487.658 210.292
488.274 173.671 505.332 173.671 505.332 211.152 488.274 211.152
488.984 173.810 506.031 173.810 506.031 211.561 488.984 211.561
489.468 173.516 506.510 173.516 506.510 211.372 489.468 211.372
490.774 174.492 507.815 174.492 507.815 212.506 490.774 212.506
490.205 174.666 507.361 174.666 507.361 212.649 490.205 212.649
491.321 175.406 508.412 175.406 508.412 213.536 491.321 213.536
492.090 176.351 509.030 176.351 509.030 214.521 492.090 214.521
492.994 176.382 509.946 176.382 509.946 214.693 492.994 214.693
493.645 176.564 510.543 176.564 510.543 214.860 493.645 214.860
493.801 177.755 510.757 177.755 510.757 216.076 493.801 216.076
495.038 178.109 511.893 178.109 511.893 216.565 495.038 216.565
495.919 178.482 512.737 178.482 512.737 217.221 495.919 217.221
497.623 177.635 514.315 177.635 514.315 216.494 497.623 216.494
499.190 179.665 515.854 179.665 515.854 218.613 499.190 218.613
502.746 180.561 519.426 180.561 519.426 219.665 502.746 219.665
504.867 181.868 521.570 181.868 521.570 221.275 504.867 221.275
505.299 182.769 521.996 182.769 521.996 222.719 505.299 222.719
506.833 182.381 523.585 182.381 523.585 222.608 506.833 222.608
506.726 181.954 523.766 181.954 523.766 222.282 506.726 222.282
508.219 182.977 525.498 182.977 525.498 223.715 508.219 223.715
509.459 182.640 526.744 182.640 526.744 223.827 509.459 223.827
509.263 183.473 526.725 183.473 526.725 225.202 509.263 225.202
510.341 183.120 527.954 183.120 527.954 225.378 510.341 225.378
510.459 184.381 528.320 184.381 528.320 226.852 510.459 226.852
512.979 185.269 530.997 185.269 530.997 228.182 512.979 228.182
514.403 187.989 532.605 187.989 532.605 231.182 514.403 231.182
515.777 188.933 534.206 188.933 534.206 232.590 515.777 232.590
516.880 189.592 535.601 189.592 535.601 233.436 516.880 233.436
517.540 189.100 536.701 189.100 536.701 233.202 517.540 233.202
518.978 191.564 538.304 191.564 538.304 235.955 518.978 235.955
519.607 190.496 539.365 190.496 539.365 235.147 519.607 235.147
519.277 192.176 539.206 192.176 539.206 237.237 519.277 237.237
520.771 191.442 540.625 191.442 540.625 237.240 520.771 237.240
521.243 190.171 541.408 190.171 541.408 236.476 521.243 236.476
521.985 193.618 542.327 193.618 542.327 239.976 521.985 239.976
523.042 193.502 543.397 193.502 543.397 240.217 523.042 240.217
523.754 193.126 544.342 193.126 544.342 240.155 523.754 240.155
525.526 195.100 546.118 195.100 546.118 242.610 525.526 242.610
526.845 194.607 547.677 194.607 547.677 242.195 526.845 242.195
526.723 196.677 547.976 196.677 547.976 244.256 526.723 244.256
528.825 197.469 550.215 197.469 550.215 245.413 528.825 245.413
530.478 198.057 552.251 198.057 552.251 246.093 530.478 246.093
530.699 199.505 552.924 199.505 552.924 247.463 530.699 247.463
533.110 199.565 555.421 199.565 555.421 247.809 533.110 247.809
533.972 200.097 556.381 200.097 556.381 248.677 533.972 248.677
535.154 200.809 557.872 200.809 557.872 249.687 535.154 249.687
536.660 202.626 559.539 202.626 559.539 251.648 536.660 251.648
536.735 201.363 559.761 201.363 559.761 250.708 536.735 250.708
539.497 202.326 562.685 202.326 562.685 251.950 539.497 251.950
539.682 201.827 562.942 201.827 562.942 251.718 539.682 251.718
542.088 203.264 565.565 203.264 565.565 253.481 542.088 253.481
544.715 205.366 568.330 205.366 568.330 255.832 544.715 255.832
547.513 205.791 571.404 205.791 571.404 256.359 547.513 256.359
549.575 206.294 573.800 206.294 573.800 256.968 549.575 256.968
552.055 207.631 576.509 207.631 576.509 258.393 552.055 258.393
554.118 209.383 578.744 209.383 578.744 260.347 554.118 260.347
554.937 210.666 579.612 210.666 579.612 262.017 554.937 262.017
557.350 209.376 582.052 209.376 582.052 261.231 557.350 261.231
558.166 210.646 583.046 210.646 583.046 262.771 558.166 262.771
560.379 212.001 585.314 212.001 585.314 264.267 560.379 264.267
561.458 213.997 586.640 213.997 586.640 266.565 561.458 266.565
563.539 213.336 588.653 213.336 588.653 266.135 563.539 266.135
564.117 216.203 589.388 216.203 589.388 269.042 564.117 269.042
565.086 216.699 590.508 216.699 590.508 270.031 565.086 270.031
566.236 217.284 591.749 217.284 591.749 270.873 566.236 270.873
566.128 218.393 591.500 218.393 591.500 272.610 566.128 272.610
566.535 219.074 591.924 219.074 591.924 273.635 566.535 273.635
566.774 219.802 592.157 219.802 592.157 274.631 566.774 274.631
566.629 221.215 592.088 221.215 592.088 276.219 566.629 276.219
566.752 221.309 592.286 221.309 592.286 276.542 566.752 276.542
565.896 220.814 591.617 220.814 591.617 276.449 565.896 276.449
544.167 225.042 570.590 225.042 570.590 279.393 544.167 279.393
510.672 223.370 536.863 223.370 536.863 278.143 510.672 278.143
464.657 226.696 490.747 226.696 490.747 281.121 464.657 281.121
457.278 228.735 483.533 228.735 483.533 283.490 457.278 283.490
458.035 230.147 484.582 230.147 484.582 285.299 458.035 285.299
457.013 229.657 484.119 229.657 484.119 284.919 457.013 284.919
456.368 231.822 483.880 231.822 483.880 287.308 456.368 287.308
456.301 233.886 484.260 233.886 484.260 289.858 456.301 289.858
455.279 233.775 483.600 233.775 483.600 290.174 455.279 290.174
455.906 235.632 484.486 235.632 484.486 292.334 455.906 292.334
453.846 239.135 483.118 239.135 483.118 296.234 453.846 296.234
451.886 243.918 481.611 243.918 481.611 301.530 451.886 301.530
450.431 244.292 480.280 244.292 480.280 302.516 450.431 302.516
449.419 242.334 478.884 242.334 478.884 301.178 449.419 301.178
448.630 241.528 478.095 241.528 478.095 300.372 448.630 300.372
447.988 241.867 477.453 241.867 477.453 300.710 447.988 300.710
447.647 242.822 477.112 242.822 477.112 301.665 447.647 301.665
447.339 243.077 476.804 243.077 476.804 301.920 447.339 301.920
446.978 245.414 476.443 245.414 476.443 304.257 446.978 304.257
446.747 248.017 476.212 248.017 476.212 306.860 446.747 306.860
446.490 249.388 475.955 249.388 475.955 308.230 446.490 308.230
445.770 251.345 475.235 251.345 475.235 310.187 445.770 310.187
444.801 252.728 474.266 252.728 474.266 311.570 444.801 311.570
444.263 253.490 473.728 253.490 473.728 312.332 444.263 312.332
443.381 253.103 472.846 253.103 472.846 311.945 443.381 311.945
442.358 254.164 471.823 254.164 471.823 313.006 442.358 313.006
391.232 240.230 420.204 240.230 420.204 299.054 391.232 299.054
386.550 236.901 415.364 236.901 415.364 295.314 386.550 295.314
392.211 229.977 420.703 229.977 420.703 288.217 392.211 288.217
397.986 227.421 426.052 227.421 426.052 285.385 397.986 285.385
398.703 226.057 426.398 226.057 426.398 283.422 398.703 283.422
405.322 223.474 432.814 223.474 432.814 280.271 405.322 280.271
406.936 221.973 434.146 221.973 434.146 278.223 406.936 278.223
413.405 221.065 440.690 221.065 440.690 276.672 413.405 276.672
418.731 219.189 445.962 219.189 445.962 274.496 418.731 274.496
419.975 218.076 446.820 218.076 446.820 273.372 419.975 273.372
426.740 214.526 453.300 214.526 453.300 269.854 426.740 269.854
427.259 212.041 453.663 212.041 453.663 266.984 427.259 266.984
433.076 209.896 459.057 209.896 459.057 264.958 433.076 264.958
435.906 206.195 461.553 206.195 461.553 261.096 435.906 261.096
438.797 204.645 464.090 204.645 464.090 259.297 438.797 259.297
445.114 200.127 469.917 200.127 469.917 254.654 445.114 254.654
446.913 196.272 471.421 196.272 471.421 250.530 446.913 250.530
449.863 194.571 474.224 194.571 474.224 248.370 449.863 248.370
455.924 191.332 480.303 191.332 480.303 244.378 455.924 244.378
458.602 187.929 482.677 187.929 482.677 240.709 458.602 240.709
464.061 187.167 488.141 187.167 488.141 239.754 464.061 239.754
465.804 181.664 489.597 181.664 489.597 234.198 465.804 234.198
468.007 180.736 491.775 180.736 491.775 232.727 468.007 232.727
474.820 180.146 498.501 180.146 498.501 231.986 474.820 231.986
475.996 182.715 499.655 182.715 499.655 234.388 475.996 234.388
480.743 180.903 504.413 180.903 504.413 232.487 480.743 232.487
486.787 180.259 510.462 180.259 510.462 231.773 486.787 231.773
488.190 173.076 511.921 173.076 511.921 224.126 488.190 224.126
493.825 177.065 517.760 177.065 517.760 227.670 493.825 227.670
499.288 174.905 523.310 174.905 523.310 225.141 499.288 225.141
505.672 166.547 529.375 166.547 529.375 216.697 505.672 216.697
510.955 163.070 534.512 163.070 534.512 212.921 510.955 212.921
512.767 159.217 536.168 159.217 536.168 208.872 512.767 208.872
518.029 157.507 541.426 157.507 541.426 207.207 518.029 207.207
527.726 153.318 551.177 153.318 551.177 202.853 527.726 202.853
524.412 154.692 547.762 154.692 547.762 204.443 524.412 204.443
530.293 152.884 553.490 152.884 553.490 202.664 530.293 202.664
531.375 155.179 554.516 155.179 554.516 204.850 531.375 204.850
535.919 154.417 559.406 154.417 559.406 203.363 535.919 203.363
540.795 148.546 564.517 148.546 564.517 196.941 540.795 196.941
547.008 145.719 570.766 145.719 570.766 193.804 547.008 193.804
547.697 147.913 571.434 147.913 571.434 196.004 547.697 196.004
553.461 142.129 577.222 142.129 577.222 189.977 553.461 189.977
558.420 140.331 582.248 140.331 582.248 188.018 558.420 188.018
558.848 143.293 582.640 143.293 582.640 190.874 558.848 190.874
560.487 142.410 584.065 142.410 584.065 189.646 560.487 189.646
573.910 136.781 597.527 136.781 597.527 183.989 573.910 183.989
573.673 138.368 597.190 138.368 597.190 185.463 573.673 185.463
577.759 137.649 601.355 137.649 601.355 184.420 577.759 184.420
582.261 135.766 605.973 135.766 605.973 182.349 582.261 182.349
587.280 133.849 610.946 133.849 610.946 180.411 587.280 180.411
588.023 134.006 611.851 134.006 611.851 180.295 588.023 180.295
592.761 133.059 616.521 133.059 616.521 179.398 592.761 179.398
587.776 123.167 611.710 123.167 611.710 169.218 587.776 169.218
588.777 121.144 612.603 121.144 612.603 167.227 588.777 167.227
593.373 124.355 617.154 124.355 617.154 170.419 593.373 170.419
594.383 123.315 618.158 123.315 618.158 169.376 594.383 169.376
594.652 123.766 618.421 123.766 618.421 169.828 594.652 169.828
594.966 123.780 618.734 123.780 618.734 169.844 594.966 169.844
595.351 123.880 619.119 123.880 619.119 169.944 595.351 169.944
596.001 123.344 619.767 123.344 619.767 169.411 596.001 169.411
596.339 123.655 620.105 123.655 620.105 169.722 596.339 169.722
596.290 124.397 620.055 124.397 620.055 170.468 596.290 170.468
595.781 125.715 619.545 125.715 619.545 171.788 595.781 171.788
595.634 126.748 619.398 126.748 619.398 172.824 595.634 172.824
595.736 127.160 619.498 127.160 619.498 173.241 595.736 173.241
596.199 126.696 619.960 126.696 619.960 172.779 596.199 172.779
