303.000 330.000 342.000 330.000 342.000 429.000 303.000 429.000
301.284 332.716 340.250 332.716 340.250 431.729 301.284 431.729
301.197 331.454 339.967 331.454 339.967 430.668 301.197 430.668
301.297 334.033 339.887 334.033 339.887 433.469 301.297 433.469
299.936 332.231 338.211 332.231 338.211 431.801 299.936 431.801
299.580 332.737 337.636 332.737 337.636 432.242 299.580 432.242
296.957 332.825 335.046 332.825 335.046 432.429 296.957 432.429
297.069 333.989 335.131 333.989 335.131 433.770 297.069 433.770
296.425 334.180 334.356 334.180 334.356 434.383 296.425 434.383
294.981 334.325 333.009 334.325 333.009 434.459 294.981 434.459
294.145 334.282 332.145 334.282 332.145 434.463 294.145 434.463
293.725 333.694 331.460 333.694 331.460 434.253 293.725 434.253
293.351 334.753 331.030 334.753 331.030 435.453 293.351 435.453
293.091 335.118 330.882 335.118 330.882 435.771 293.091 435.771
291.913 334.899 329.834 334.899 329.834 435.177 291.913 435.177
292.000 334.445 329.769 334.445 329.769 434.867 292.000 434.867
291.840 334.583 329.640 334.583 329.640 434.958 291.840 434.958
291.523 334.729 329.332 334.729 329.332 435.156 291.523 435.156
290.906 334.415 328.761 334.415 328.761 434.663 290.906 434.663
290.892 334.595 328.500 334.595 328.500 435.400 290.892 435.400
290.747 335.610 328.184 335.610 328.184 436.292 290.747 436.292
289.918 335.096 327.186 335.096 327.186 435.778 289.918 435.778
289.775 333.354 327.100 333.354 327.100 434.470 289.775 434.470
289.248 334.529 326.703 334.529 326.703 435.551 289.248 435.551
289.125 335.216 326.682 335.216 326.682 436.309 289.125 436.309
288.660 333.609 326.295 333.609 326.295 434.785 288.660 434.785
288.742 332.764 326.196 332.764 326.196 434.504 288.742 434.504
288.591 332.903 325.788 332.903 325.788 435.243 288.591 435.243
288.946 331.665 326.181 331.665 326.181 434.363 288.946 434.363
289.035 331.871 326.220 331.871 326.220 434.348 289.035 434.348
287.542 331.558 324.895 331.558 324.895 433.999 287.542 433.999
288.192 331.378 325.610 331.378 325.610 433.765 288.192 433.765
288.763 332.089 326.154 332.089 326.154 434.860 288.763 434.860
289.148 332.223 326.493 332.223 326.493 435.441 289.148 435.441
288.905 331.731 326.199 331.731 326.199 435.420 288.905 435.420
289.972 332.736 327.124 332.736 327.124 436.569 289.972 436.569
290.279 333.383 327.377 333.383 327.377 437.472 290.279 437.472
290.565 333.521 327.925 333.521 327.925 437.202 290.565 437.202
290.355 333.233 327.723 333.233 327.723 436.936 290.355 436.936
290.715 333.293 328.060 333.293 328.060 436.641 290.715 436.641
291.289 332.878 328.882 332.878 328.882 435.504 291.289 435.504
289.321 332.242 327.024 332.242 327.024 434.765 289.321 434.765
290.291 332.347 327.861 332.347 327.861 435.196 290.291 435.196
291.648 331.282 328.986 331.282 328.986 434.490 291.648 434.490
293.502 330.950 330.625 330.950 330.625 434.734 293.502 434.734
295.191 329.532 332.199 329.532 332.199 433.744 295.191 433.744
294.993 330.971 332.290 330.971 332.290 435.229 294.993 435.229
294.122 330.183 331.618 330.183 331.618 434.367 294.122 434.367
294.867 330.232 332.346 330.232 332.346 434.589 294.867 434.589
294.494 330.516 331.941 330.516 331.941 434.880 294.494 434.880
295.024 329.202 332.424 329.202 332.424 433.531 295.024 433.531
294.498 331.499 331.965 331.499 331.965 435.446 294.498 435.446
294.295 329.600 331.605 329.600 331.605 433.272 294.295 433.272
294.925 329.613 332.089 329.613 332.089 433.348 294.925 433.348
294.761 330.849 331.942 330.849 331.942 434.567 294.761 434.567
294.940 329.769 331.996 329.769 331.996 433.462 294.940 433.462
294.917 330.140 331.894 330.140 331.894 433.731 294.917 433.731
294.492 329.904 331.415 329.904 331.415 433.820 294.492 433.820
293.697 328.790 330.546 328.790 330.546 432.912 293.697 432.912
294.240 330.177 331.231 330.177 331.231 433.979 294.240 433.979
294.207 330.143 331.042 330.143 331.042 433.926 294.207 433.926
295.180 329.822 332.043 329.822 332.043 433.709 295.180 433.709
295.013 328.948 331.821 328.948 331.821 432.891 295.013 432.891
295.436 330.765 332.104 330.765 332.104 434.814 295.436 434.814
295.600 330.663 332.343 330.663 332.343 434.495 295.600 434.495
295.792 330.966 332.341 330.966 332.341 435.492 295.792 435.492
295.915 331.112 332.294 331.112 332.294 436.348 295.915 436.348
295.270 331.010 331.711 331.010 331.711 436.444 295.270 436.444
296.441 330.284 332.871 330.284 332.871 435.738 296.441 435.738
297.448 332.043 333.881 332.043 333.881 437.158 297.448 437.158
297.376 332.421 333.925 332.421 333.925 437.123 297.376 437.123
298.375 332.170 334.975 332.170 334.975 436.492 298.375 436.492
298.679 333.671 335.035 333.671 335.035 437.890 298.679 437.890
299.840 332.795 336.211 332.795 336.211 436.860 299.840 436.860
300.294 332.337 336.603 332.337 336.603 436.055 300.294 436.055
302.765 332.254 339.023 332.254 339.023 435.510 302.765 435.510
303.809 332.833 339.851 332.833 339.851 436.432 303.809 436.432
305.287 329.345 341.318 329.345 341.318 433.890 305.287 433.890
306.511 329.065 342.849 329.065 342.849 433.714 306.511 433.714
308.318 329.686 344.806 329.686 344.806 434.171 308.318 434.171
309.671 329.398 346.142 329.398 346.142 434.038 309.671 434.038
310.133 328.193 346.651 328.193 346.651 432.700 310.133 432.700
312.503 328.895 349.114 328.895 349.114 432.952 312.503 432.952
313.774 328.844 350.314 328.844 350.314 432.677 313.774 432.677
315.432 329.500 351.725 329.500 351.725 433.406 315.432 433.406
316.344 330.992 352.853 330.992 352.853 434.932 316.344 434.932
317.647 329.834 354.439 329.834 354.439 433.606 317.647 433.606
319.973 330.912 356.639 330.912 356.639 434.561 319.973 434.561
320.597 330.177 357.521 330.177 357.521 433.183 320.597 433.183
322.021 328.316 358.971 328.316 358.971 431.170 322.021 431.170
323.651 326.747 360.669 326.747 360.669 429.343 323.651 429.343
325.422 326.847 362.443 326.847 362.443 429.192 325.422 429.192
327.610 327.115 364.698 327.115 364.698 429.341 327.610 429.341
327.306 328.211 364.648 328.211 364.648 429.507 327.306 429.507
327.997 328.877 365.218 328.877 365.218 430.230 327.997 430.230
329.328 329.542 366.396 329.542 366.396 430.702 329.328 430.702
330.226 328.456 367.041 328.456 367.041 429.591 330.226 429.591
336.461 327.991 373.678 327.991 373.678 428.660 336.461 428.660
335.424 328.352 372.883 328.352 372.883 428.432 335.424 428.432
335.106 328.293 372.728 328.293 372.728 427.711 335.106 427.711
341.623 327.180 379.562 327.180 379.562 425.972 341.623 425.972
340.966 328.014 378.636 328.014 378.636 426.644 340.966 426.644
341.954 326.191 378.915 326.191 378.915 425.248 341.954 425.248
348.819 324.598 385.551 324.598 385.551 424.078 348.819 424.078
347.943 325.997 384.828 325.997 384.828 425.147 347.943 425.147
347.268 324.774 384.200 324.774 384.200 424.007 347.268 424.007
353.959 323.756 390.862 323.756 390.862 423.758 353.959 423.758
352.657 321.909 389.439 321.909 389.439 422.683 352.657 422.683
352.371 320.947 389.116 320.947 389.116 422.060 352.371 422.060
352.985 320.154 389.338 320.154 389.338 422.386 352.985 422.386
353.482 319.351 389.556 319.351 389.556 422.297 353.482 422.297
354.231 318.819 390.042 318.819 390.042 422.545 354.231 422.545
354.933 319.500 390.563 319.500 390.563 423.849 354.933 423.849
355.347 318.989 390.800 318.989 390.800 423.945 355.347 423.945
356.165 317.519 391.446 317.519 391.446 423.307 356.165 423.307
355.769 316.472 391.176 316.472 391.176 423.022 355.769 423.022
355.904 317.702 391.368 317.702 391.368 424.476 355.904 424.476
355.532 318.019 391.306 318.019 391.306 424.606 355.532 424.606
355.735 317.173 391.685 317.173 391.685 423.788 355.735 423.788
356.515 315.754 392.562 315.754 392.562 422.692 356.515 422.692
357.048 316.937 393.101 316.937 393.101 424.134 357.048 424.134
356.807 316.446 393.260 316.446 393.260 423.466 356.807 423.466
356.077 315.425 392.554 315.425 392.554 422.627 356.077 422.627
355.516 316.564 392.079 316.564 392.079 423.737 355.516 423.737
355.635 316.963 392.330 316.963 392.330 424.068 355.635 424.068
354.775 316.308 391.618 316.308 391.618 423.443 354.775 423.443
353.606 316.947 390.543 316.947 390.543 424.146 353.606 424.146
352.461 316.551 389.505 316.551 389.505 423.580 352.461 423.580
352.012 314.505 389.081 314.505 389.081 421.369 352.012 421.369
345.083 318.642 381.902 318.642 381.902 424.765 345.083 424.765
345.455 317.376 382.401 317.376 382.401 422.296 345.455 422.296
344.360 315.793 381.517 315.793 381.517 419.875 344.360 419.875
338.065 316.789 374.759 316.789 374.759 420.742 338.065 420.742
337.783 315.734 374.373 315.734 374.373 419.691 337.783 419.691
330.717 317.612 366.826 317.612 366.826 421.993 330.717 421.993
323.461 313.635 359.517 313.635 359.517 417.888 323.461 417.888
322.919 315.793 359.004 315.793 359.004 419.667 322.919 419.667
321.665 317.336 358.115 317.336 358.115 420.071 321.665 420.071
320.147 316.485 357.000 316.485 357.000 417.767 320.147 417.767
317.132 319.961 354.469 319.961 354.469 419.414 317.132 419.414
308.454 319.632 346.221 319.632 346.221 417.809 308.454 417.809
306.940 316.868 344.907 316.868 344.907 414.290 306.940 414.290
298.878 319.858 337.503 319.858 337.503 415.732 298.878 415.732
300.160 322.849 338.243 322.849 338.243 418.150 300.160 418.150
300.836 319.542 338.453 319.542 338.453 414.848 300.836 414.848
301.048 323.182 338.398 323.182 338.398 417.834 301.048 417.834
293.533 324.288 330.470 324.288 330.470 418.724 293.533 418.724
286.726 321.481 323.271 321.481 323.271 415.058 286.726 415.058
286.249 323.983 322.933 323.983 322.933 416.098 286.249 416.098
284.944 319.807 321.606 319.807 321.606 411.190 284.944 411.190
283.820 322.071 320.345 322.071 320.345 412.962 283.820 412.962
282.729 323.664 318.965 323.664 318.965 414.436 282.729 414.436
281.588 322.502 317.620 322.502 317.620 412.933 281.588 412.933
274.342 318.928 309.927 318.928 309.927 409.023 274.342 409.023
274.304 322.354 309.521 322.354 309.521 412.309 274.304 412.309
266.779 323.398 301.655 323.398 301.655 413.401 266.779 413.401
259.039 322.156 294.460 322.156 294.460 410.444 259.039 410.444
259.418 322.647 294.435 322.647 294.435 410.869 259.418 410.869
252.454 321.549 287.773 321.549 287.773 408.450 252.454 408.450
252.155 325.396 287.646 325.396 287.646 411.163 252.155 411.163
252.220 322.740 287.514 322.740 287.514 408.069 252.220 408.069
251.821 325.302 286.522 325.302 286.522 410.758 251.821 410.758
250.623 326.957 284.754 326.957 284.754 412.923 250.623 412.923
250.402 324.163 284.095 324.163 284.095 410.239 250.402 410.239
249.170 326.604 282.331 326.604 282.331 412.801 249.170 412.801
248.828 328.337 281.588 328.337 281.588 414.672 248.828 414.672
248.298 329.621 280.544 329.621 280.544 415.692 248.298 415.692
247.456 330.591 280.001 330.591 280.001 415.721 247.456 415.721
247.480 328.698 280.003 328.698 280.003 413.314 247.480 413.314
247.306 332.834 279.977 332.834 279.977 416.947 247.306 416.947
247.210 335.870 280.142 335.870 280.142 419.694 247.210 419.694
248.134 332.684 281.044 332.684 281.044 416.639 248.134 416.639
249.170 334.607 281.969 334.607 281.969 418.878 249.170 418.878
250.718 331.861 283.440 331.861 283.440 416.197 250.718 416.197
250.695 333.862 283.020 333.862 283.020 419.077 250.695 419.077
250.321 336.016 282.609 336.016 282.609 421.865 250.321 421.865
250.802 335.587 282.923 335.587 282.923 421.983 250.802 421.983
250.580 334.282 282.874 334.282 282.874 420.556 250.580 420.556
251.070 333.315 283.362 333.315 283.362 419.464 251.070 419.464
252.143 332.892 284.285 332.892 284.285 418.704 252.143 418.704
253.387 333.033 285.392 333.033 285.392 418.477 253.387 418.477
255.316 334.323 287.446 334.323 287.446 419.018 255.316 419.018
257.355 337.049 289.504 337.049 289.504 421.329 257.355 421.329
260.000 337.322 292.349 337.322 292.349 421.102 260.000 421.102
262.184 338.264 294.408 338.264 294.408 421.779 262.184 421.779
264.505 338.744 296.949 338.744 296.949 421.659 264.505 421.659
266.445 340.348 299.154 340.348 299.154 422.650 266.445 422.650
273.754 340.662 306.384 340.662 306.384 423.175 273.754 423.175
280.763 340.819 313.202 340.819 313.202 423.305 280.763 423.305
281.869 340.779 314.577 340.779 314.577 423.323 281.869 423.323
283.389 340.132 316.068 340.132 316.068 422.804 283.389 422.804
291.470 337.764 324.222 337.764 324.222 420.868 291.470 420.868
293.218 338.344 326.364 338.344 326.364 420.907 293.218 420.907
301.783 339.369 335.083 339.369 335.083 421.366 301.783 421.366
301.889 338.565 335.894 338.565 335.894 419.802 301.889 419.802
301.302 339.713 335.786 339.713 335.786 420.720 301.302 420.720
308.962 342.084 343.197 342.084 343.197 423.345 308.962 423.345
310.000 340.017 344.291 340.017 344.291 421.397 310.000 421.397
317.128 338.477 351.294 338.477 351.294 420.115 317.128 420.115
318.409 338.226 352.278 338.226 352.278 420.167 318.409 420.167
325.116 336.422 358.358 336.422 358.358 419.465 325.116 419.465
324.884 335.035 357.872 335.035 357.872 418.476 324.884 418.476
325.833 338.424 358.723 338.424 358.723 422.038 325.833 422.038
330.385 337.275 363.558 337.275 363.558 420.730 330.385 420.730
331.412 335.807 364.446 335.807 364.446 419.638 331.412 419.638
337.294 335.047 370.212 335.047 370.212 419.448 337.294 419.448
336.911 333.551 369.806 333.551 369.806 417.849 336.911 417.849
342.961 329.265 375.860 329.265 375.860 413.832 342.961 413.832
348.981 328.177 381.415 328.177 381.415 414.357 348.981 414.357
347.904 325.536 380.352 325.536 380.352 413.014 347.904 413.014
354.126 322.125 386.496 322.125 386.496 411.069 354.126 411.069
353.479 321.361 385.640 321.361 385.640 411.773 353.479 411.773
359.536 320.283 391.482 320.283 391.482 412.466 359.536 412.466
357.840 320.297 389.696 320.297 389.696 414.004 357.840 414.004
358.383 321.119 389.968 321.119 389.968 416.178 358.383 416.178
358.992 322.417 390.366 322.417 390.366 418.564 358.992 418.564
359.719 322.728 390.914 322.728 390.914 419.560 359.719 419.560
366.957 321.819 398.254 321.819 398.254 419.853 366.957 419.853
366.929 320.646 398.322 320.646 398.322 419.493 366.929 419.493
367.286 319.432 398.621 319.432 398.621 419.337 367.286 419.337
367.345 319.086 398.900 319.086 398.900 419.527 367.345 419.527
367.581 318.641 399.152 318.641 399.152 419.794 367.581 419.794
367.648 317.866 399.388 317.866 399.388 419.339 367.648 419.339
367.712 316.931 399.644 316.931 399.644 418.840 367.712 418.840
367.539 309.109 399.642 309.109 399.642 411.057 367.539 411.057
367.809 309.945 399.987 309.945 399.987 411.795 367.809 411.795
368.213 310.146 400.387 310.146 400.387 412.055 368.213 412.055
368.442 309.927 400.649 309.927 400.649 411.884 368.442 411.884
369.104 309.672 401.363 309.672 401.363 411.629 369.104 411.629
369.610 317.006 401.900 317.006 401.900 419.080 369.610 419.080
370.078 317.103 402.374 317.103 402.374 419.220 370.078 419.220
370.410 316.486 402.709 316.486 402.709 418.623 370.410 418.623
370.515 316.630 402.814 316.630 402.814 418.769 370.515 418.769
370.947 316.839 403.250 316.839 403.250 418.979 370.947 418.979
370.832 316.579 403.133 316.579 403.133 418.739 370.832 418.739
370.701 316.975 403.002 316.975 403.002 419.139 370.701 419.139
371.123 316.766 403.429 316.766 403.429 418.938 371.123 418.938
370.933 316.513 403.240 316.513 403.240 418.692 370.933 418.692
370.707 315.509 403.010 315.509 403.010 417.720 370.707 417.720
370.761 314.413 403.090 314.413 403.090 416.656 370.761 416.656
370.419 314.355 402.755 314.355 402.755 416.620 370.419 416.620
370.817 314.063 403.168 314.063 403.168 416.319 370.817 416.319
370.633 314.209 402.987 314.209 402.987 416.467 370.633 416.467
370.525 314.856 402.888 314.856 402.888 417.121 370.525 417.121
362.748 314.686 395.150 314.686 395.150 416.885 362.748 416.885
370.904 314.938 403.318 314.938 403.318 417.153 370.904 417.153
370.857 314.992 403.348 314.992 403.348 417.237 370.857 417.237
370.976 315.455 403.566 315.455 403.566 417.680 370.976 417.680
371.671 306.838 404.306 306.838 404.306 409.022 371.671 409.022
372.647 296.268 405.251 296.268 405.251 398.427 372.647 398.427
374.541 285.231 407.139 285.231 407.139 387.324 374.541 387.324
376.046 264.146 408.718 264.146 408.718 366.558 376.046 366.558
376.655 286.977 409.337 286.977 409.337 389.134 376.655 389.134
377.043 292.427 409.690 292.427 409.690 394.403 377.043 394.403
376.301 307.590 408.937 307.590 408.937 409.910 376.301 409.910
376.271 305.112 408.863 305.112 408.863 407.680 376.271 407.680
375.770 310.582 408.443 310.582 408.443 413.846 375.770 413.846
376.169 308.340 408.917 308.340 408.917 412.234 376.169 412.234
376.823 306.831 409.917 306.831 409.917 410.603 376.823 410.603
377.883 304.414 411.086 304.414 411.086 408.572 377.883 408.572
383.859 301.471 417.331 301.471 417.331 405.101 383.859 405.101
382.902 297.416 416.498 297.416 416.498 400.524 382.902 400.524
382.015 301.540 415.940 301.540 415.940 404.448 382.015 404.448
383.159 298.049 417.176 298.049 417.176 400.589 383.159 400.589
383.717 303.435 418.134 303.435 418.134 405.795 383.717 405.795
384.679 300.268 419.397 300.268 419.397 401.966 384.679 401.966
393.418 294.601 427.793 294.601 427.793 396.012 393.418 396.012
393.480 298.260 427.959 298.260 427.959 398.924 393.480 398.924
394.138 294.823 428.603 294.823 428.603 394.082 394.138 394.082
396.079 292.056 430.516 292.056 430.516 390.170 396.079 390.170
397.446 291.425 431.866 291.425 431.866 387.944 397.446 387.944
398.345 290.509 432.608 290.509 432.608 384.994 398.345 384.994
399.033 290.828 433.227 290.828 433.227 384.079 399.033 384.079
399.407 291.023 433.475 291.023 433.475 383.576 399.407 383.576
400.453 291.178 434.300 291.178 434.300 382.851 400.453 382.851
401.080 290.683 434.761 290.683 434.761 381.347 401.080 381.347
401.760 291.141 435.332 291.141 435.332 380.878 401.760 380.878
402.605 291.859 436.051 291.859 436.051 380.738 402.605 380.738
403.308 291.595 436.625 291.595 436.625 379.794 403.308 379.794
403.489 290.314 436.722 290.314 436.722 378.306 403.489 378.306
403.987 288.178 437.278 288.178 437.278 375.544 403.987 375.544
404.784 286.597 437.954 286.597 437.954 373.957 404.784 373.957
404.942 286.451 438.221 286.451 438.221 373.513 404.942 373.513
405.858 286.146 439.072 286.146 439.072 372.946 405.858 372.946
406.156 290.127 439.324 290.127 439.324 376.466 406.156 376.466
408.055 289.388 441.074 289.388 441.074 375.392 408.055 375.392
409.728 290.587 442.599 290.587 442.599 375.978 409.728 375.978
411.321 291.728 444.200 291.728 444.200 376.094 411.321 376.094
413.227 292.317 446.030 292.317 446.030 375.755 413.227 375.755
415.344 292.452 447.995 292.452 447.995 375.226 415.344 375.226
417.343 290.512 449.622 290.512 449.622 373.102 417.343 373.102
417.757 289.345 449.835 289.345 449.835 371.510 417.757 371.510
418.069 288.794 449.837 288.794 449.837 370.551 418.069 370.551
419.098 288.884 450.654 288.884 450.654 370.052 419.098 370.052
419.512 289.402 450.740 289.402 450.740 370.387 419.512 370.387
420.745 289.386 451.606 289.386 451.606 370.077 420.745 370.077
421.885 290.367 452.436 290.367 452.436 370.943 421.885 370.943
422.883 290.794 453.342 290.794 453.342 370.839 422.883 370.839
424.641 289.751 454.683 289.751 454.683 370.102 424.641 370.102
426.439 289.121 455.916 289.121 455.916 370.287 426.439 370.287
428.574 286.979 457.380 286.979 457.380 369.080 428.574 369.080
430.015 286.939 458.558 286.939 458.558 368.923 430.015 368.923
431.407 289.067 459.825 289.067 459.825 370.463 431.407 370.463
433.267 290.483 461.859 290.483 461.859 371.303 433.267 371.303
437.851 290.882 466.617 290.882 466.617 371.125 437.851 371.125
438.960 291.759 467.803 291.759 467.803 371.653 438.960 371.653
443.973 290.605 472.877 290.605 472.877 370.516 443.973 370.516
445.715 289.711 474.469 289.711 474.469 369.519 445.715 369.519
447.560 287.110 476.213 287.110 476.213 367.080 447.560 367.080
449.844 284.615 478.397 284.615 478.397 364.939 449.844 364.939
451.917 283.832 480.315 283.832 480.315 364.125 451.917 364.125
452.401 283.168 480.824 283.168 480.824 363.208 452.401 363.208
453.613 283.635 481.975 283.635 481.975 363.090 453.613 363.090
454.111 283.690 482.559 283.690 482.559 362.716 454.111 362.716
455.241 282.985 483.676 282.985 483.676 362.048 455.241 362.048
456.692 283.056 485.190 283.056 485.190 361.940 456.692 361.940
457.468 281.878 485.801 281.878 485.801 361.035 457.468 361.035
458.824 281.777 486.921 281.777 486.921 361.416 458.824 361.416
460.489 281.624 488.503 281.624 488.503 361.536 460.489 361.536
461.528 280.603 489.557 280.603 489.557 360.669 461.528 360.669
462.946 280.547 490.998 280.547 490.998 360.824 462.946 360.824
464.379 279.721 492.550 279.721 492.550 359.838 464.379 359.838
465.375 280.441 493.583 280.441 493.583 360.560 465.375 360.560
466.291 279.147 494.559 279.147 494.559 359.824 466.291 359.824
466.791 279.239 495.171 279.239 495.171 360.029 466.791 360.029
467.933 279.347 496.302 279.347 496.302 360.518 467.933 360.518
468.409 278.532 496.900 278.532 496.900 359.706 468.409 359.706
469.317 278.461 497.820 278.461 497.820 359.659 469.317 359.659
470.522 279.011 499.155 279.011 499.155 359.930 470.522 359.930
471.269 278.931 500.055 278.931 500.055 359.630 471.269 359.630
472.085 279.796 500.765 279.796 500.765 360.406 472.085 360.406
472.514 279.384 501.110 279.384 501.110 360.135 472.514 360.135
473.096 278.777 501.805 278.777 501.805 358.971 473.096 358.971
474.380 278.424 502.929 278.424 502.929 358.608 474.380 358.608
475.375 278.411 503.742 278.411 503.742 358.636 475.375 358.636
476.324 277.328 504.691 277.328 504.691 357.238 476.324 357.238
477.550 278.030 505.967 278.030 505.967 357.559 477.550 357.559
478.622 277.089 506.990 277.089 506.990 356.078 478.622 356.078
479.702 276.440 507.943 276.440 507.943 355.439 479.702 355.439
480.065 276.146 508.296 276.146 508.296 354.829 480.065 354.829
480.863 276.816 509.006 276.816 509.006 355.327 480.863 355.327
481.329 276.269 509.501 276.269 509.501 354.576 481.329 354.576
481.114 275.334 509.550 275.334 509.550 352.996 481.114 352.996
481.648 275.849 509.988 275.849 509.988 353.029 481.648 353.029
481.855 275.963 510.219 275.963 510.219 352.651 481.855 352.651
481.713 276.917 510.128 276.917 510.128 353.166 481.713 353.166
481.558 276.598 509.879 276.598 509.879 352.631 481.558 352.631
482.202 276.303 510.591 276.303 510.591 351.561 482.202 351.561
481.719 274.784 510.136 274.784 510.136 349.703 481.719 349.703
482.175 273.522 510.415 273.522 510.415 348.285 482.175 348.285
483.220 273.000 511.333 273.000 511.333 347.928 483.220 347.928
483.631 273.483 511.729 273.483 511.729 348.425 483.631 348.425
483.254 273.101 511.308 273.101 511.308 347.958 483.254 347.958
483.760 274.226 511.834 274.226 511.834 348.660 483.760 348.660
484.016 273.581 512.098 273.581 512.098 347.783 484.016 347.783
485.061 273.043 513.144 273.043 513.144 347.123 485.061 347.123
485.079 272.641 513.214 272.641 513.214 346.474 485.079 346.474
485.333 271.240 513.433 271.240 513.433 345.110 485.333 345.110
484.569 271.565 512.692 271.565 512.692 345.419 484.569 345.419
483.702 271.354 511.863 271.354 511.863 345.017 483.702 345.017
483.555 271.876 511.668 271.876 511.668 345.282 483.555 345.282
483.832 272.551 511.868 272.551 511.868 345.833 483.832 345.833
484.446 270.896 512.521 270.896 512.521 343.740 484.446 343.740
484.056 270.689 512.258 270.689 512.258 343.160 484.056 343.160
484.526 268.624 512.700 268.624 512.700 341.175 484.526 341.175
485.018 267.951 513.161 267.951 513.161 340.725 485.018 340.725
485.800 268.583 513.915 268.583 513.915 341.255 485.800 341.255
485.647 268.069 513.752 268.069 513.752 340.831 485.647 340.831
485.765 267.235 513.708 267.235 513.708 340.108 485.765 340.108
486.120 266.847 514.131 266.847 514.131 339.774 486.120 339.774
486.540 266.290 514.427 266.290 514.427 339.129 486.540 339.129
487.444 266.422 515.178 266.422 515.178 339.186 487.444 339.186
487.669 266.124 515.485 266.124 515.485 338.959 487.669 338.959
488.379 264.861 515.967 264.861 515.967 337.917 488.379 337.917
487.898 264.366 515.373 264.366 515.373 337.469 487.898 337.469
488.075 265.419 515.553 265.419 515.553 338.426 488.075 338.426
488.586 265.235 516.076 265.235 516.076 337.995 488.586 337.995
488.380 264.673 515.923 264.673 515.923 337.452 488.380 337.452
489.195 264.009 516.565 264.009 516.565 336.764 489.195 336.764
488.787 263.394 516.153 263.394 516.153 336.016 488.787 336.016
490.767 262.893 518.011 262.893 518.011 335.491 490.767 335.491
492.224 260.917 519.349 260.917 519.349 333.461 492.224 333.461
493.204 259.211 520.178 259.211 520.178 331.926 493.204 331.926
493.250 260.218 520.362 260.218 520.362 332.555 493.250 332.555
493.690 259.324 520.705 259.324 520.705 331.770 493.690 331.770
493.388 259.526 520.421 259.526 520.421 331.865 493.388 331.865
493.578 260.009 520.496 260.009 520.496 332.058 493.578 332.058
493.991 259.153 520.932 259.153 520.932 330.955 493.991 330.955
494.490 259.665 521.468 259.665 521.468 331.407 494.490 331.407
494.535 259.291 521.533 259.291 521.533 330.706 494.535 330.706
494.766 259.276 521.602 259.276 521.602 330.847 494.766 330.847
495.572 258.252 522.410 258.252 522.410 329.799 495.572 329.799
495.600 258.252 522.292 258.252 522.292 329.969 495.600 329.969
495.989 258.483 522.650 258.483 522.650 330.089 495.989 330.089
497.729 258.862 524.225 258.862 524.225 330.755 497.729 330.755
498.129 256.406 524.630 256.406 524.630 328.250 498.129 328.250
499.156 256.172 525.592 256.172 525.592 328.094 499.156 328.094
499.959 255.481 526.345 255.481 526.345 327.510 499.959 327.510
499.613 254.635 526.215 254.635 526.215 326.408 499.613 326.408
499.195 253.769 525.756 253.769 525.756 325.797 499.195 325.797
500.407 254.154 526.793 254.154 526.793 326.248 500.407 326.248
500.567 254.092 526.935 254.092 526.935 325.963 500.567 325.963
500.382 254.058 526.729 254.058 526.729 325.913 500.382 325.913
501.135 253.619 527.417 253.619 527.417 325.454 501.135 325.454
501.385 253.420 527.679 253.420 527.679 325.066 501.385 325.066
501.579 252.868 527.806 252.868 527.806 324.627 501.579 324.627
502.232 252.275 528.401 252.275 528.401 324.169 502.232 324.169
502.278 251.826 528.558 251.826 528.558 323.757 502.278 323.757
503.766 251.478 529.921 251.478 529.921 323.477 503.766 323.477
503.805 252.744 529.904 252.744 529.904 324.554 503.805 324.554
505.057 253.147 531.251 253.147 531.251 324.625 505.057 324.625
505.389 251.191 531.576 251.191 531.576 322.572 505.389 322.572
506.248 250.183 532.206 250.183 532.206 321.834 506.248 321.834
506.878 249.098 532.728 249.098 532.728 320.785 506.878 320.785
507.210 248.363 532.949 248.363 532.949 320.273 507.210 320.273
508.150 248.123 533.802 248.123 533.802 319.937 508.150 319.937
508.948 248.666 534.662 248.666 534.662 320.321 508.948 320.321
509.068 247.818 534.686 247.818 534.686 319.449 509.068 319.449
509.409 247.122 535.057 247.122 535.057 318.714 509.409 318.714
509.722 245.912 535.408 245.912 535.408 317.630 509.722 317.630
509.603 247.679 535.324 247.679 535.324 319.400 509.603 319.400
510.744 246.963 536.572 246.963 536.572 318.497 510.744 318.497
510.172 248.287 536.144 248.287 536.144 319.616 510.172 319.616
510.968 247.202 536.965 247.202 536.965 318.580 510.968 318.580
512.189 247.510 538.279 247.510 538.279 318.648 512.189 318.648
513.916 246.482 539.810 246.482 539.810 318.149 513.916 318.149
513.972 245.627 539.988 245.627 539.988 317.446 513.972 317.446
514.850 245.038 540.933 245.038 540.933 316.870 514.850 316.870
515.954 245.001 542.195 245.001 542.195 316.886 515.954 316.886
515.946 244.864 542.249 244.864 542.249 316.715 515.946 316.715
516.511 245.666 542.778 245.666 542.778 317.443 516.511 317.443
517.484 243.797 543.577 243.797 543.577 315.461 517.484 315.461
517.502 243.803 543.516 243.803 543.516 315.182 517.502 315.182
517.230 243.336 543.223 243.336 543.223 314.583 517.230 314.583
518.409 243.175 544.379 243.175 544.379 314.375 518.409 314.375
518.630 242.433 544.652 242.433 544.652 313.144 518.630 313.144
519.309 241.687 545.317 241.687 545.317 312.362 519.309 312.362
519.367 241.827 545.494 241.827 545.494 312.184 519.367 312.184
520.207 243.251 546.284 243.251 546.284 313.592 520.207 313.592
520.872 243.227 546.967 243.227 546.967 313.621 520.872 313.621
520.867 242.870 546.973 242.870 546.973 313.273 520.867 313.273
522.052 243.668 548.138 243.668 548.138 313.897 522.052 313.897
522.895 241.977 548.761 241.977 548.761 312.528 522.895 312.528
523.180 242.876 548.964 242.876 548.964 313.442 523.180 313.442
523.469 241.415 549.168 241.415 549.168 311.921 523.469 311.921
523.723 241.475 549.449 241.475 549.449 311.923 523.723 311.923
523.858 242.357 549.432 242.357 549.432 312.898 523.858 312.898
524.184 241.682 549.622 241.682 549.622 312.335 524.184 312.335
524.149 240.914 549.715 240.914 549.715 311.352 524.149 311.352
524.446 238.950 549.809 238.950 549.809 309.541 524.446 309.541
524.478 239.522 549.841 239.522 549.841 310.163 524.478 310.163
523.751 240.385 549.064 240.385 549.064 311.049 523.751 311.049
524.194 239.038 549.385 239.038 549.385 309.752 524.194 309.752
524.806 239.193 549.957 239.193 549.957 309.992 524.806 309.992
524.760 238.204 550.088 238.204 550.088 308.644 524.760 308.644
524.546 238.353 549.911 238.353 549.911 308.643 524.546 308.643
524.723 238.365 550.101 238.365 550.101 308.711 524.723 308.711
524.910 238.387 550.171 238.387 550.171 308.968 524.910 308.968
525.330 238.073 550.522 238.073 550.522 308.752 525.330 308.752
526.197 237.484 551.366 237.484 551.366 307.874 526.197 307.874
526.071 237.948 551.256 237.948 551.256 308.168 526.071 308.168
525.961 236.925 551.088 236.925 551.088 307.096 525.961 307.096
526.726 236.010 551.799 236.010 551.799 306.145 526.726 306.145
527.680 231.531 552.532 231.531 552.532 301.883 527.680 301.883
527.848 232.170 552.573 232.170 552.573 302.662 527.848 302.662
523.632 238.456 548.357 238.456 548.357 308.850 523.632 308.850
528.442 233.077 553.096 233.077 553.096 303.498 528.442 303.498
528.089 233.136 552.702 233.136 552.702 303.553 528.089 303.553
527.878 232.878 552.440 232.878 552.440 303.304 527.878 303.304
528.105 232.377 552.548 232.377 552.548 302.758 528.105 302.758
528.027 236.797 552.486 236.797 552.486 306.957 528.027 306.957
528.023 236.855 552.452 236.855 552.452 306.946 528.023 306.946
528.808 237.039 553.203 237.039 553.203 307.106 528.808 307.106
529.412 236.794 553.790 236.794 553.790 306.819 529.412 306.819
530.037 236.337 554.404 236.337 554.404 306.317 530.037 306.317
530.334 236.420 554.737 236.420 554.737 306.317 530.334 306.317
531.023 236.907 555.422 236.907 555.422 306.743 531.023 306.743
530.993 238.062 555.423 238.062 555.423 307.830 530.993 307.830
532.335 232.049 556.724 232.049 556.724 301.827 532.335 301.827
532.588 231.714 556.909 231.714 556.909 301.569 532.588 301.569
533.168 231.180 557.430 231.180 557.430 301.098 533.168 301.098
533.548 230.624 557.790 230.624 557.790 300.489 533.548 300.489
534.589 229.967 558.824 229.967 558.824 299.726 534.589 299.726
535.273 230.461 559.449 230.461 559.449 300.220 535.273 300.220
535.608 230.582 559.765 230.582 559.765 300.316 535.608 300.316
535.477 229.776 559.620 229.776 559.620 299.420 535.477 299.420
535.983 230.058 560.085 230.058 560.085 299.759 535.983 299.759
536.437 230.732 560.479 230.732 560.479 300.404 536.437 300.404
540.818 229.915 564.936 229.915 564.936 299.520 540.818 299.520
540.326 229.432 564.445 229.432 564.445 299.031 540.326 299.031
540.762 228.204 564.869 228.204 564.869 297.617 540.762 297.617
545.409 227.299 569.658 227.299 569.658 296.845 545.409 296.845
544.683 225.813 568.906 225.813 568.906 295.574 544.683 295.574
544.644 226.441 568.795 226.441 568.795 296.367 544.644 296.367
544.452 226.434 568.343 226.434 568.343 297.143 544.452 297.143
544.257 226.581 568.191 226.581 568.191 297.425 544.257 297.425
543.720 225.661 567.609 225.661 567.609 296.700 543.720 296.700
544.030 225.435 567.871 225.435 567.871 296.593 544.030 296.593
549.078 223.516 573.040 223.516 573.040 295.008 549.078 295.008
548.828 222.597 572.902 222.597 572.902 294.425 548.828 294.425
548.259 222.369 572.439 222.369 572.439 294.722 548.259 294.722
546.934 225.905 571.049 225.905 571.049 298.801 546.934 298.801
546.355 224.681 570.591 224.681 570.591 297.750 546.355 297.750
546.349 226.950 570.561 226.950 570.561 300.099 546.349 300.099
547.029 225.534 571.175 225.534 571.175 298.742 547.029 298.742
547.370 223.180 571.495 223.180 571.495 296.657 547.370 296.657
548.336 222.254 572.478 222.254 572.478 295.748 548.336 295.748
548.962 220.966 573.111 220.966 573.111 294.661 548.962 294.661
548.823 223.280 572.970 223.280 572.970 297.099 548.823 297.099
549.609 222.028 573.779 222.028 573.779 296.283 549.609 296.283
549.894 221.150 574.040 221.150 574.040 295.577 549.894 295.577
549.710 223.216 573.776 223.216 573.776 298.018 549.710 298.018
549.923 220.819 573.941 220.819 573.941 296.054 549.923 296.054
549.630 222.544 573.665 222.544 573.665 297.873 549.630 297.873
549.841 220.236 573.844 220.236 573.844 295.744 549.841 295.744
555.051 218.009 579.049 218.009 579.049 293.649 555.051 293.649
554.507 219.900 578.454 219.900 578.454 296.039 554.507 296.039
554.275 218.758 578.208 218.758 578.208 295.027 554.275 295.027
553.921 221.749 577.795 221.749 577.795 298.707 553.921 298.707
553.877 219.002 577.803 219.002 577.803 296.104 553.877 296.104
553.757 221.442 577.674 221.442 577.674 298.680 553.757 298.680
553.800 218.788 577.696 218.788 577.696 296.165 553.800 296.165
553.904 216.990 577.794 216.990 577.794 294.413 553.904 294.413
554.221 215.217 578.091 215.217 578.091 292.765 554.221 292.765
554.558 213.693 578.424 213.693 578.424 291.319 554.558 291.319
555.320 212.255 579.186 212.255 579.186 289.889 555.320 289.889
555.754 210.611 579.622 210.611 579.622 288.246 555.754 288.246
555.674 210.018 579.544 210.018 579.544 287.654 555.674 287.654
556.092 210.869 579.970 210.869 579.970 288.491 556.092 288.491
556.626 210.712 580.506 210.712 580.506 288.332 556.626 288.332
556.870 209.850 580.754 209.850 580.754 287.466 556.870 287.466
557.101 209.130 580.989 209.130 580.989 286.742 557.101 286.742
557.365 207.184 581.255 207.184 581.255 284.796 557.365 284.796
557.972 206.822 581.864 206.822 581.864 284.429 557.972 284.429
558.990 206.354 582.884 206.354 582.884 283.958 558.990 283.958
559.763 205.971 583.659 205.971 583.659 283.571 559.763 283.571
560.949 206.399 584.852 206.399 584.852 283.984 560.949 283.984
561.832 205.415 585.737 205.415 585.737 282.992 561.832 282.992
563.067 204.867 586.973 204.867 586.973 282.436 563.067 282.436
564.062 203.088 587.970 203.088 587.970 280.647 564.062 280.647
570.965 203.160 594.900 203.160 594.900 280.604 570.965 280.604
571.960 202.019 595.915 202.019 595.915 279.369 571.960 279.369
573.249 200.919 597.211 200.919 597.211 278.205 573.249 278.205
574.257 200.490 598.231 200.490 598.231 277.696 574.257 277.696
575.051 205.797 599.101 205.797 599.101 282.649 575.051 282.649
575.516 205.369 599.604 205.369 599.604 282.082 575.516 282.082
575.529 205.165 599.649 205.165 599.649 281.745 575.529 281.745
576.248 205.476 600.399 205.476 600.399 281.902 576.248 281.902
576.973 205.007 601.184 205.007 601.184 281.176 576.973 281.176
576.609 211.695 601.139 211.695 601.139 287.228 576.609 287.228
575.988 211.211 600.800 211.211 600.800 286.173 575.988 286.173
575.440 211.399 600.363 211.399 600.363 286.060 575.440 286.060
575.444 212.169 600.482 212.169 600.482 286.545 575.444 286.545
575.260 212.853 600.378 212.853 600.378 286.817 575.260 286.817
575.062 212.621 600.687 212.621 600.687 285.338 575.062 285.338
575.145 211.429 601.020 211.429 601.020 283.688 575.145 283.688
574.842 211.051 600.832 211.051 600.832 282.928 574.842 282.928
575.311 210.971 601.553 210.971 601.553 282.005 575.311 282.005
576.207 209.901 602.453 209.901 602.453 280.659 576.207 280.659
576.029 210.052 602.160 210.052 602.160 280.508 576.029 280.508
576.457 209.204 602.522 209.204 602.522 279.172 576.457 279.172
577.240 208.378 603.119 208.378 603.119 278.105 577.240 278.105
577.317 213.313 603.068 213.313 603.068 283.018 577.317 283.018
576.832 212.700 602.874 212.700 602.874 281.589 576.832 281.589
577.332 212.985 603.654 212.985 603.654 280.935 577.332 280.935
578.028 212.562 604.345 212.562 604.345 280.044 578.028 280.044
577.384 211.401 603.689 211.401 603.689 278.482 577.384 278.482
578.090 211.329 604.163 211.329 604.163 278.394 578.090 278.394
578.996 211.507 605.072 211.507 605.072 278.259 578.996 278.259
579.815 212.376 605.842 212.376 605.842 279.116 579.815 279.116
579.553 215.551 605.794 215.551 605.794 281.524 579.553 281.524
579.408 215.494 605.758 215.494 605.758 280.889 579.408 280.889
580.348 211.466 606.670 211.466 606.670 276.549 580.348 276.549
580.943 213.215 607.112 213.215 607.112 278.113 580.943 278.113
581.422 214.518 607.589 214.518 607.589 279.204 581.422 279.204
581.398 215.695 607.740 215.695 607.740 279.803 581.398 279.803
581.661 215.487 608.038 215.487 608.038 279.094 581.661 279.094
581.767 215.445 608.180 215.445 608.180 278.811 581.767 278.811
582.613 214.939 608.906 214.939 608.906 278.295 582.613 278.295
583.369 214.824 609.379 214.824 609.379 278.416 583.369 278.416
583.381 211.547 609.473 211.547 609.473 274.986 583.381 274.986
583.956 213.138 609.842 213.138 609.842 276.846 583.956 276.846
585.255 213.760 611.000 213.760 611.000 277.434 585.255 277.434
586.046 212.944 611.842 212.944 611.842 276.273 586.046 276.273
586.621 212.492 612.383 212.492 612.383 275.684 586.621 275.684
587.854 212.965 613.626 212.965 613.626 275.905 587.854 275.905
588.684 212.608 614.372 212.608 614.372 275.342 588.684 275.342
588.708 211.632 614.393 211.632 614.393 273.966 588.708 273.966
589.322 210.343 614.907 210.343 614.907 272.632 589.322 272.632
589.763 210.224 615.272 210.224 615.272 272.393 589.763 272.393
589.563 210.202 615.079 210.202 615.079 272.131 589.563 272.131
589.537 210.548 614.935 210.548 614.935 272.460 589.537 272.460
589.877 210.909 615.327 210.909 615.327 272.712 589.877 272.712
590.418 210.264 615.880 210.264 615.880 271.936 590.418 271.936
591.202 211.555 616.682 211.555 616.682 273.292 591.202 273.292
591.826 211.846 617.198 211.846 617.198 273.749 591.826 273.749
592.348 212.570 617.646 212.570 617.646 274.366 592.348 274.366
593.042 212.730 618.234 212.730 618.234 274.094 593.042 274.094
593.740 213.265 618.892 213.265 618.892 274.679 593.740 274.679
594.528 212.052 619.543 212.052 619.543 273.462 594.528 273.462
595.306 211.648 620.013 211.648 620.013 273.304 595.306 273.304
595.566 211.949 620.322 211.949 620.322 273.171 595.566 273.171
596.107 211.200 620.739 211.200 620.739 271.982 596.107 271.982
596.732 210.933 621.340 210.933 621.340 271.317 596.732 271.317
597.280 212.444 621.841 212.444 621.841 272.315 597.280 272.315
597.572 212.621 621.977 212.621 621.977 272.108 597.572 272.108
593.454 211.208 617.923 211.208 617.923 270.443 593.454 270.443
594.615 212.382 619.154 212.382 619.154 271.355 594.615 271.355
595.747 211.947 620.129 211.947 620.129 270.700 595.747 270.700
596.407 211.890 620.690 211.890 620.690 270.413 596.407 270.413
597.300 211.858 621.470 211.858 621.470 270.175 597.300 270.175
597.776 212.980 621.916 212.980 621.916 270.838 597.776 270.838
598.305 212.778 622.318 212.778 622.318 270.470 598.305 270.470
598.314 211.963 622.135 211.963 622.135 269.825 598.314 269.825
598.549 212.155 622.208 212.155 622.208 269.817 598.549 269.817
598.462 212.465 621.945 212.465 621.945 269.904 598.462 269.904
598.913 212.210 622.197 212.210 622.197 269.493 598.913 269.493
599.275 211.156 622.391 211.156 622.391 268.345 599.275 268.345
599.744 212.017 622.726 212.017 622.726 268.967 599.744 268.967
600.536 210.942 623.308 210.942 623.308 268.017 600.536 268.017
601.034 210.704 623.729 210.704 623.729 267.898 601.034 267.898
601.725 211.235 624.321 211.235 624.321 268.480 601.725 268.480
602.591 210.973 625.087 210.973 625.087 268.262 602.591 268.262
602.993 210.955 625.494 210.955 625.494 268.013 602.993 268.013
603.028 211.006 625.561 211.006 625.561 267.904 603.028 267.904
603.749 211.359 626.206 211.359 626.206 268.264 603.749 268.264
604.547 212.339 626.757 212.339 626.757 269.542 604.547 269.542
605.262 212.283 627.115 212.283 627.115 270.049 605.262 270.049
606.101 211.798 627.591 211.798 627.591 269.999 606.101 269.999
607.304 210.834 628.344 210.834 628.344 269.546 607.304 269.546
608.467 209.355 629.106 209.355 629.106 268.733 608.467 268.733
609.057 209.179 629.522 209.179 629.522 268.989 609.057 268.989
609.793 209.862 630.171 209.862 630.171 269.881 609.793 269.881
609.731 210.285 629.941 210.285 629.941 270.571 609.731 270.571
609.488 209.838 629.481 209.838 629.481 270.568 609.488 270.568
609.254 209.304 629.130 209.304 629.130 270.418 609.254 270.418
608.921 210.704 628.867 210.704 628.867 271.832 608.921 271.832
608.769 209.837 628.596 209.837 628.596 271.250 608.769 271.250
608.504 210.558 628.392 210.558 628.392 271.966 608.504 271.966
608.008 212.448 627.786 212.448 627.786 274.189 608.008 274.189
607.112 210.770 626.996 210.770 626.996 272.465 607.112 272.465
606.592 210.659 626.835 210.659 626.835 271.822 606.592 271.822
601.866 211.763 622.618 211.763 622.618 272.115 601.866 272.115
602.118 212.457 623.431 212.457 623.431 271.741 602.118 271.741
602.253 212.603 623.738 212.603 623.738 271.304 602.253 271.304
602.204 212.806 623.781 212.806 623.781 271.130 602.204 271.130
598.603 212.500 620.465 212.500 620.465 270.361 598.603 270.361
598.989 214.549 621.164 214.549 621.164 271.730 598.989 271.730
599.859 214.252 622.057 214.252 622.057 271.105 599.859 271.105
599.627 215.308 621.680 215.308 621.680 272.189 599.627 272.189
599.295 213.818 621.194 213.818 621.194 270.815 599.295 270.815
599.077 214.901 620.888 214.901 620.888 271.860 599.077 271.860
598.562 215.524 620.177 215.524 620.177 272.741 598.562 272.741
597.858 216.284 619.495 216.284 619.495 273.524 597.858 273.524
594.395 215.049 616.015 215.049 616.015 272.411 594.395 272.411
594.111 214.478 615.949 214.478 615.949 271.399 594.111 271.399
594.019 214.882 615.856 214.882 615.856 271.889 594.019 271.889
593.263 216.838 615.271 216.838 615.271 273.678 593.263 273.678
592.576 216.125 614.824 216.125 614.824 272.422 592.576 272.422
591.658 216.403 614.154 216.403 614.154 272.364 591.658 272.364
591.262 215.893 613.809 215.893 613.809 271.546 591.262 271.546
587.959 217.312 610.657 217.312 610.657 272.839 587.959 272.839
588.704 217.720 611.422 217.720 611.422 273.084 588.704 273.084
585.522 218.287 608.180 218.287 608.180 273.665 585.522 273.665
586.788 217.953 609.279 217.953 609.279 273.329 586.788 273.329
587.872 216.765 610.346 216.765 610.346 272.270 587.872 272.270
588.252 216.791 610.747 216.791 610.747 272.460 588.252 272.460
584.857 217.264 607.356 217.264 607.356 273.085 584.857 273.085
585.038 216.966 607.572 216.966 607.572 272.929 585.038 272.929
585.188 219.530 607.720 219.530 607.720 275.478 585.188 275.478
584.357 218.193 606.915 218.193 606.915 274.250 584.357 274.250
582.919 219.217 605.494 219.217 605.494 275.188 582.919 275.188
581.993 219.425 604.632 219.425 604.632 275.449 581.993 275.449
581.436 217.942 604.081 217.942 604.081 274.108 581.436 274.108
581.164 216.169 603.751 216.169 603.751 272.427 581.164 272.427
580.313 218.498 602.963 218.498 602.963 274.465 580.313 274.465
580.031 217.277 602.612 217.277 602.612 273.253 580.031 273.253
579.136 218.694 601.640 218.694 601.640 274.766 579.136 274.766
583.369 215.835 605.888 215.835 605.888 271.860 583.369 271.860
582.804 218.013 605.321 218.013 605.321 274.056 582.804 274.056
582.143 216.208 604.681 216.208 604.681 272.281 582.143 272.281
581.388 215.229 603.963 215.229 603.963 271.292 581.388 271.292
576.517 215.469 599.028 215.469 599.028 271.582 576.517 271.582
576.472 213.661 598.736 213.661 598.736 270.031 576.472 270.031
576.218 212.625 598.360 212.625 598.360 269.171 576.218 269.171
575.813 216.669 597.761 216.669 597.761 273.488 575.813 273.488
575.652 216.507 597.541 216.507 597.541 273.373 575.652 273.373
571.094 219.541 592.878 219.541 592.878 276.530 571.094 276.530
571.628 218.301 593.348 218.301 593.348 275.353 571.628 275.353
576.375 216.387 598.065 216.387 598.065 273.471 576.375 273.471
576.228 216.613 597.849 216.613 597.849 273.741 576.228 273.741
571.761 219.370 593.265 219.370 593.265 276.624 571.761 276.624
572.081 218.364 593.530 218.364 593.530 275.677 572.081 275.677
572.493 217.045 593.914 217.045 593.914 274.364 572.493 274.364
572.963 216.518 594.313 216.518 594.313 273.880 572.963 273.880
572.926 215.656 594.203 215.656 594.203 273.073 572.926 273.073
572.947 215.035 594.172 215.035 594.172 272.496 572.947 272.496
572.923 219.271 594.062 219.271 594.062 276.834 572.923 276.834
572.965 218.363 594.032 218.363 594.032 276.043 572.965 276.043
573.134 212.576 594.148 212.576 594.148 270.326 573.134 270.326
573.639 211.510 594.657 211.510 594.657 269.247 573.639 269.247
574.152 210.810 595.162 210.810 595.162 268.555 574.152 268.555
574.633 210.903 595.645 210.903 595.645 268.645 574.633 268.645
612.912 190.602 633.659 190.602 633.659 248.437 612.912 248.437
611.842 189.128 632.622 189.128 632.622 246.733 611.842 246.733
610.598 187.658 631.322 187.658 631.322 245.133 610.598 245.133
606.440 188.249 627.754 188.249 627.754 244.738 606.440 244.738
605.595 187.654 627.393 187.654 627.393 243.246 605.595 243.246
602.129 188.074 624.064 188.074 624.064 243.262 602.129 243.262
602.022 188.009 624.060 188.009 624.060 242.849 602.022 242.849
597.963 188.342 620.341 188.342 620.341 242.600 597.963 242.600
597.781 187.350 620.026 187.350 620.026 241.639 597.781 241.639
593.808 187.810 615.993 187.810 615.993 242.145 593.808 242.145
594.226 186.665 616.026 186.665 616.026 241.549 594.226 241.549
593.268 185.646 614.750 185.646 614.750 240.906 593.268 240.906
592.675 185.012 613.832 185.012 613.832 240.629 592.675 240.629
588.539 184.786 609.540 184.786 609.540 240.893 588.539 240.893
588.669 185.190 609.472 185.190 609.472 241.542 588.669 241.542
584.630 185.263 605.490 185.263 605.490 242.219 584.630 242.219
583.986 180.736 604.943 180.736 604.943 238.387 583.986 238.387
583.123 180.469 604.095 180.469 604.095 238.429 583.123 238.429
578.637 176.491 599.589 176.491 599.589 234.845 578.637 234.845
578.381 180.583 599.333 180.583 599.333 239.053 578.381 239.053
577.923 179.932 598.855 179.932 598.855 238.628 577.923 238.628
577.884 179.777 598.796 179.777 598.796 238.617 577.884 238.617
577.139 179.216 598.042 179.216 598.042 238.157 577.139 238.157
573.292 173.769 594.093 173.769 594.093 233.043 573.292 233.043
573.589 173.687 594.370 173.687 594.370 233.087 573.589 233.087
574.095 173.044 594.862 173.044 594.862 232.516 574.095 232.516
574.444 171.835 595.200 171.835 595.200 231.357 574.444 231.357
574.795 171.768 595.543 171.768 595.543 231.369 574.795 231.369
575.158 170.857 595.900 170.857 595.900 230.503 575.158 230.503
575.693 171.068 596.428 171.068 596.428 230.773 575.693 230.773
576.065 171.294 596.794 171.294 596.794 231.031 576.065 231.031
576.326 172.110 597.046 172.110 597.046 231.921 576.326 231.921
576.813 171.839 597.528 171.839 597.528 231.690 576.813 231.690
577.281 176.331 597.994 176.331 597.994 236.373 577.281 236.373
577.632 175.521 598.350 175.521 598.350 235.677 577.632 235.677
577.979 174.684 598.693 174.684 598.693 234.888 577.979 234.888
578.355 174.298 599.069 174.298 599.069 234.549 578.355 234.549
578.758 174.085 599.465 174.085 599.465 234.414 578.758 234.414
579.274 173.797 599.982 173.797 599.982 234.172 579.274 234.172
579.761 173.523 600.468 173.523 600.468 233.943 579.761 233.943
579.923 173.732 600.633 173.732 600.633 234.250 579.923 234.250
580.206 173.421 600.916 173.421 600.916 233.979 580.206 233.979
580.891 173.365 601.600 173.365 601.600 233.951 580.891 233.951
581.056 173.026 601.766 173.026 601.766 233.639 581.056 233.639
581.387 173.167 602.097 173.167 602.097 233.815 581.387 233.815
581.478 173.388 602.192 173.388 602.192 234.071 581.478 234.071
581.395 173.885 602.110 173.885 602.110 234.586 581.395 234.586
581.525 174.901 602.240 174.901 602.240 235.635 581.525 235.635
581.462 174.783 602.183 174.783 602.183 235.604 581.462 235.604
581.641 174.903 602.363 174.903 602.363 235.768 581.641 235.768
581.675 174.690 602.406 174.690 602.406 235.619 581.675 235.619
581.642 175.013 602.380 175.013 602.380 236.008 581.642 236.008
581.411 174.894 602.154 174.894 602.154 235.977 581.411 235.977
581.364 174.820 602.111 174.820 602.111 235.959 581.364 235.959
581.035 175.545 601.781 175.545 601.781 236.705 581.035 236.705
576.618 175.240 597.369 175.240 597.369 236.463 576.618 236.463
577.341 174.698 598.100 174.698 598.100 235.986 577.341 235.986
577.675 173.676 598.441 173.676 598.441 235.072 577.675 235.072
578.064 173.664 598.835 173.664 598.835 235.142 578.064 235.142
578.625 173.753 599.392 173.753 599.392 235.322 578.625 235.322
578.675 173.094 599.443 173.094 599.443 234.690 578.675 234.690
578.887 172.895 599.659 172.895 599.659 234.518 578.887 234.518
578.920 177.523 599.699 177.523 599.699 239.197 578.920 239.197
578.580 176.975 599.362 176.975 599.362 238.666 578.580 238.666
578.924 176.811 599.708 176.811 599.708 238.517 578.924 238.517
578.693 175.332 599.483 175.332 599.483 237.047 578.693 237.047
578.717 173.816 599.515 173.816 599.515 235.556 578.717 235.556
578.672 173.034 599.474 173.034 599.474 234.796 578.672 234.796
578.698 172.549 599.505 172.549 599.505 234.325 578.698 234.325
578.884 172.340 599.692 172.340 599.692 234.135 578.884 234.135
578.868 172.188 599.679 172.188 599.679 234.006 578.868 234.006
574.189 170.847 595.003 170.847 595.003 232.726 574.189 232.726
574.631 170.371 595.446 170.371 595.446 232.289 574.631 232.289
575.093 170.769 595.907 170.769 595.907 232.710 575.093 232.710
570.095 169.487 590.900 169.487 590.900 231.557 570.095 231.557
565.111 163.316 585.897 163.316 585.897 225.577 565.111 225.577
564.993 162.146 585.762 162.146 585.762 224.518 564.993 224.518
565.066 160.432 585.832 160.432 585.832 222.823 565.066 222.823
564.881 153.189 585.633 153.189 585.633 215.682 564.881 215.682
564.810 146.154 585.522 146.154 585.522 208.838 564.810 208.838
564.548 143.966 585.248 143.966 585.248 206.735 564.548 206.735
564.309 142.150 584.998 142.150 584.998 204.990 564.309 204.990
564.338 139.969 584.997 139.969 584.997 202.973 564.338 202.973
564.382 138.736 585.031 138.736 585.031 201.793 564.382 201.793
564.659 137.843 585.292 137.843 585.292 200.989 564.659 200.989
565.057 136.105 585.664 136.105 585.664 199.406 565.057 199.406
564.942 133.791 585.528 133.791 585.528 197.227 564.942 197.227
564.800 132.582 585.378 132.582 585.378 196.072 564.800 196.072
564.930 132.065 585.503 132.065 585.503 195.590 564.930 195.590
565.159 130.847 585.725 130.847 585.725 194.410 565.159 194.410
565.318 134.442 585.870 134.442 585.870 198.094 565.318 198.094
565.519 137.553 586.059 137.553 586.059 201.332 565.519 201.332
565.672 135.423 586.204 135.423 586.204 199.264 565.672 199.264
565.709 133.909 586.236 133.909 586.236 197.805 565.709 197.805
565.908 137.412 586.424 137.412 586.424 201.397 565.908 201.397
565.812 135.066 586.324 135.066 586.324 199.085 565.812 199.085
565.816 133.286 586.327 133.286 586.327 197.314 565.816 197.314
566.054 132.476 586.564 132.476 586.564 196.519 566.054 196.519
566.206 131.523 586.715 131.523 586.715 195.577 566.206 195.577
566.491 130.470 586.995 130.470 586.995 194.562 566.491 194.562
566.434 133.660 586.927 133.660 586.927 197.838 566.434 197.838
566.964 136.495 587.443 136.495 587.443 200.807 566.964 200.807
571.721 135.640 592.179 135.640 592.179 200.093 571.721 200.093
571.566 138.343 592.024 138.343 592.024 202.878 571.566 202.878
571.505 135.639 591.961 135.639 591.961 200.217 571.505 200.217
576.590 135.111 597.055 135.111 597.055 199.771 576.590 199.771
576.548 134.993 597.014 134.993 597.014 199.757 576.548 199.757
581.407 130.793 601.894 130.793 601.894 195.676 581.407 195.676
581.290 131.790 601.801 131.790 601.801 196.779 581.290 196.779
585.538 133.256 606.073 133.256 606.073 198.349 585.538 198.349
584.598 134.868 605.185 134.868 605.185 200.163 584.598 200.163
583.731 135.575 604.369 135.575 604.369 200.945 583.731 200.945
582.716 131.508 603.373 131.508 603.373 196.996 582.716 196.996
586.649 132.829 607.337 132.829 607.337 198.371 586.649 198.371
585.831 138.837 606.626 138.837 606.626 204.498 585.831 204.498
585.098 139.813 605.944 139.813 605.944 205.505 585.098 205.505
579.188 134.643 600.073 134.643 600.073 200.426 579.188 200.426
583.920 136.186 604.846 136.186 604.846 202.141 583.920 202.141
582.916 137.467 603.858 137.467 603.858 203.483 582.916 203.483
582.041 138.327 602.989 138.327 602.989 204.374 582.041 204.374
581.652 138.443 602.613 138.443 602.613 204.537 581.652 204.537
581.105 134.410 602.081 134.410 602.081 200.560 581.105 200.560
585.521 134.986 606.520 134.986 606.520 201.232 585.521 201.232
584.226 130.073 605.233 130.073 605.233 196.452 584.226 196.452
583.258 136.451 604.286 136.451 604.286 202.920 583.258 202.920
582.665 131.923 603.738 131.923 603.738 198.535 582.665 198.535
581.763 132.784 602.860 132.784 602.860 199.471 581.763 199.471
580.992 133.842 602.102 133.842 602.102 200.617 580.992 200.617
585.214 129.435 606.343 129.435 606.343 196.339 585.214 196.339
584.193 135.028 605.409 135.028 605.409 202.148 584.193 202.148
583.468 135.490 604.688 135.490 604.688 202.678 583.468 202.678
582.584 136.915 603.810 136.915 603.810 204.154 582.584 204.154
581.923 137.113 603.164 137.113 603.164 204.392 581.923 204.392
581.136 132.902 602.389 132.902 602.389 200.248 581.136 200.248
585.510 134.425 606.771 134.425 606.771 201.913 585.510 201.913
584.657 134.664 605.958 134.664 605.958 202.260 584.657 202.260
583.938 135.457 605.261 135.457 605.261 203.119 583.938 203.119
588.110 130.909 609.461 130.909 609.461 198.679 588.110 198.679
581.561 131.833 602.924 131.833 602.924 199.694 581.561 199.694
586.019 121.760 607.433 121.760 607.433 189.788 586.019 189.788
585.437 129.072 606.863 129.072 606.863 197.238 585.437 197.238
584.456 136.152 605.901 136.152 605.901 204.381 584.456 204.381
583.761 137.700 605.247 137.700 605.247 205.982 583.761 205.982
582.984 138.230 604.485 138.230 604.485 206.546 582.984 206.546
582.053 133.812 603.574 133.812 603.574 202.208 582.053 202.208
586.304 129.621 607.844 129.621 607.844 198.144 586.304 198.144
584.839 130.044 606.450 130.044 606.450 198.745 584.839 198.745
583.590 131.239 605.217 131.239 605.217 200.003 583.590 200.003
582.352 131.898 603.982 131.898 603.982 200.777 582.352 200.777
586.787 133.758 608.427 133.758 608.427 202.702 586.787 202.702
585.681 130.295 607.335 130.295 607.335 199.329 585.681 199.329
584.421 132.251 606.086 132.251 606.086 201.367 584.421 201.367
583.235 133.551 604.907 133.551 604.907 202.726 583.235 202.726
582.405 129.520 604.083 129.520 604.083 198.802 582.405 198.802
581.505 135.806 603.216 135.806 603.216 205.124 581.505 205.124
585.743 137.136 607.608 137.136 607.608 206.379 585.743 206.379
584.699 132.958 606.590 132.958 606.590 202.331 584.699 202.331
583.412 133.672 605.317 133.672 605.317 203.073 583.412 203.073
582.650 133.963 604.569 133.963 604.569 203.392 582.650 203.392
581.879 133.806 603.817 133.806 603.817 203.280 581.879 203.280
586.210 135.610 608.214 135.610 608.214 205.170 586.210 205.170
584.769 130.897 606.816 130.897 606.816 200.521 584.769 200.521
583.458 132.195 605.522 132.195 605.522 201.845 583.458 201.845
582.658 132.742 604.742 132.742 604.742 202.435 582.658 202.435
581.635 133.374 603.732 133.374 603.732 203.141 581.635 203.141
586.198 134.471 608.320 134.471 608.320 204.264 586.198 204.264
585.194 135.060 607.361 135.060 607.361 204.844 585.194 204.844
583.832 130.092 606.012 130.092 606.012 199.935 583.832 199.935
582.312 130.902 604.536 130.902 604.536 200.934 582.312 200.934
581.328 131.618 603.549 131.618 603.549 201.816 581.328 201.816
580.780 132.697 602.999 132.697 602.999 203.004 580.780 203.004
580.046 127.822 602.289 127.822 602.289 198.332 580.046 198.332
584.372 129.276 606.641 129.276 606.641 200.102 584.372 200.102
582.988 130.145 605.260 130.145 605.260 201.060 582.988 201.060
581.977 130.292 604.251 130.292 604.251 201.296 581.977 201.296
580.966 130.720 603.263 130.720 603.263 201.859 580.966 201.859
585.263 131.035 607.644 131.035 607.644 202.253 585.263 202.253
583.793 132.704 606.212 132.704 606.212 204.073 583.793 204.073
582.334 133.302 604.791 133.302 604.791 204.755 582.334 204.755
581.239 133.293 603.729 133.293 603.729 204.851 581.239 204.851
585.017 128.662 607.543 128.662 607.543 200.326 585.017 200.326
583.714 129.738 606.260 129.738 606.260 201.547 583.714 201.547
582.804 130.412 605.378 130.412 605.378 202.311 582.804 202.311
581.692 130.777 604.283 130.777 604.283 202.749 581.692 202.749
580.695 130.717 603.289 130.717 603.289 202.803 580.695 202.803
585.096 131.764 607.719 131.764 607.719 203.919 585.096 203.919
583.905 133.354 606.538 133.354 606.538 205.592 583.905 205.592
582.543 133.283 605.193 133.283 605.193 205.545 582.543 205.545
581.184 129.324 603.816 129.324 603.816 201.792 581.184 201.792
580.449 130.082 603.084 130.082 603.084 202.587 580.449 202.587
584.851 131.383 607.508 131.383 607.508 203.913 584.851 203.913
583.531 127.250 606.211 127.250 606.211 199.906 583.531 199.906
582.187 129.677 604.871 129.677 604.871 202.416 582.187 202.416
581.198 130.576 603.878 130.576 603.878 203.393 581.198 203.393
580.194 129.939 602.889 129.939 602.889 202.791 580.194 202.791
584.916 132.018 607.634 132.018 607.634 204.903 584.916 204.903
583.708 127.647 606.453 127.647 606.453 200.659 583.708 200.659
582.168 129.180 604.921 129.180 604.921 202.248 582.168 202.248
581.008 130.008 603.781 130.008 603.781 203.136 581.008 203.136
580.205 131.286 602.992 131.286 602.992 204.451 580.205 204.451
584.897 132.697 607.714 132.697 607.714 205.905 584.897 205.905
583.317 133.060 606.175 133.060 606.175 206.295 583.317 206.295
581.540 128.002 604.440 128.002 604.440 201.380 581.540 201.380
580.492 128.355 603.401 128.355 603.401 201.823 580.492 201.823
584.717 129.026 607.709 129.026 607.709 202.564 584.717 202.564
583.298 129.598 606.338 129.598 606.338 203.220 583.298 203.220
582.039 130.409 605.097 130.409 605.097 204.086 582.039 204.086
586.441 130.588 609.594 130.588 609.594 204.366 586.441 204.366
584.862 125.775 608.042 125.775 608.042 199.708 584.862 199.708
589.407 126.863 612.721 126.863 612.721 201.048 589.407 201.048
588.073 127.113 611.409 127.113 611.409 201.372 588.073 201.372
586.802 127.635 610.144 127.635 610.144 202.036 586.802 202.036
579.470 128.202 602.822 128.202 602.822 202.777 579.470 202.777
584.027 129.718 607.386 129.718 607.386 204.418 584.027 204.418
582.444 130.092 605.819 130.092 605.819 204.878 582.444 204.878
581.708 130.724 605.082 130.724 605.082 205.568 581.708 205.568
580.694 124.491 604.057 124.491 604.057 199.546 580.694 199.546
579.473 125.918 602.831 125.918 602.831 201.040 579.473 201.040
578.513 126.500 601.876 126.500 601.876 201.840 578.513 201.840
577.346 127.151 600.704 127.151 600.704 202.661 577.346 202.661
581.724 127.459 605.084 127.459 605.084 203.174 581.724 203.174
580.349 127.283 603.728 127.283 603.728 203.212 580.349 203.212
584.651 127.839 608.080 127.839 608.080 203.886 584.651 203.886
583.463 128.595 606.914 128.595 606.914 204.736 583.463 204.736
581.564 128.753 605.088 128.753 605.088 205.086 581.564 205.086
579.971 124.212 603.517 124.212 603.517 200.725 579.971 200.725
578.691 125.748 602.258 125.748 602.258 202.377 578.691 202.377
577.807 126.120 601.418 126.120 601.418 202.965 577.807 202.965
582.378 126.657 606.035 126.657 606.035 203.698 582.378 203.698
580.948 127.584 604.624 127.584 604.624 204.797 580.948 204.797
579.769 128.129 603.461 128.129 603.461 205.413 579.769 205.413
578.756 127.813 602.467 127.813 602.467 205.175 578.756 205.175
577.807 127.855 601.543 127.855 601.543 205.347 577.807 205.347
577.143 128.441 600.900 128.441 600.900 206.033 577.143 206.033
576.994 123.898 600.768 123.898 600.768 201.824 576.994 201.824
576.389 124.552 600.140 124.552 600.140 202.801 576.389 202.801
580.921 125.413 604.719 125.413 604.719 203.796 580.921 203.796
585.698 126.521 609.565 126.521 609.565 204.978 585.698 204.978
584.209 127.181 608.128 127.181 608.128 205.675 584.209 205.675
582.514 128.837 606.524 128.837 606.524 207.318 582.514 207.318
581.145 124.296 605.189 124.296 605.189 202.880 581.145 202.880
579.819 125.246 603.909 125.246 603.909 203.993 579.819 203.993
578.498 127.261 602.611 127.261 602.611 206.222 578.498 206.222
577.509 127.376 601.622 127.376 601.622 206.402 577.509 206.402
582.177 128.444 606.471 128.444 606.471 207.629 582.177 207.629
580.721 124.792 605.104 124.792 605.104 204.186 580.721 204.186
584.953 125.505 609.474 125.505 609.474 204.960 584.953 204.960
583.354 126.799 607.978 126.799 607.978 206.381 583.354 206.381
581.485 123.465 606.149 123.465 606.149 203.233 581.485 203.233
585.801 124.847 610.617 124.847 610.617 204.734 585.801 204.734
584.070 126.017 608.964 126.017 608.964 205.954 584.070 205.954
577.217 121.985 602.109 121.985 602.109 202.177 577.217 202.177
576.654 124.228 601.535 124.228 601.535 204.584 576.654 204.584
581.426 126.188 606.444 126.188 606.444 206.653 581.426 206.653
579.484 122.362 604.537 122.362 604.537 202.982 579.484 202.982
578.168 124.397 603.238 124.397 603.238 205.221 578.168 205.221
577.050 124.894 602.154 124.894 602.154 205.800 577.050 205.800
581.726 126.645 607.042 126.645 607.042 207.580 581.726 207.580
580.232 126.197 605.679 126.197 605.679 207.242 580.232 207.242
578.729 126.606 604.184 126.606 604.184 207.949 578.729 207.949
577.988 125.569 603.439 125.569 603.439 206.984 577.988 206.984
577.569 121.011 603.034 121.011 603.034 202.546 577.569 202.546
577.045 122.468 602.497 122.468 602.497 204.312 577.045 204.312
576.569 124.219 601.976 124.219 601.976 206.357 576.569 206.357
581.495 126.485 606.998 126.485 606.998 208.810 581.495 208.810
580.288 123.093 605.842 123.093 605.842 205.541 580.288 205.541
578.815 124.106 604.449 124.106 604.449 206.924 578.815 206.924
577.866 124.890 603.554 124.890 603.554 207.948 577.866 207.948
577.176 121.118 602.849 121.118 602.849 204.316 577.176 204.316
582.133 123.088 607.884 123.088 607.884 206.333 582.133 206.333
580.548 124.841 606.445 124.841 606.445 208.044 580.548 208.044
579.173 126.595 605.237 126.595 605.237 209.875 579.173 209.875
578.254 121.842 604.351 121.842 604.351 205.214 578.254 205.214
577.431 122.916 603.541 122.916 603.541 206.406 577.431 206.406
576.764 124.460 602.893 124.460 602.893 208.164 576.764 208.164
576.096 119.943 602.193 119.943 602.193 203.892 576.096 203.892
580.806 122.458 606.965 122.458 606.965 206.448 580.806 206.448
579.049 123.262 605.234 123.262 605.234 207.343 579.049 207.343
577.639 119.471 603.866 119.471 603.866 203.677 577.639 203.677
577.069 120.996 603.305 120.996 603.305 205.376 577.069 205.376
581.908 122.851 608.203 122.851 608.203 207.295 581.908 207.295
580.453 124.408 606.851 124.408 606.851 209.005 580.453 209.005
579.080 125.884 605.505 125.884 605.505 210.602 579.080 210.602
577.548 120.973 604.016 120.973 604.016 205.799 577.548 205.799
576.906 123.208 603.390 123.208 603.390 208.167 576.906 208.167
576.424 123.781 602.893 123.781 602.893 208.834 576.424 208.834
581.646 124.963 608.187 124.963 608.187 210.137 581.646 210.137
580.220 125.067 606.834 125.067 606.834 210.348 580.220 210.348
579.433 125.088 606.062 125.088 606.062 210.449 579.433 210.449
578.510 120.488 605.171 120.488 605.171 205.927 578.510 205.927
577.377 122.736 604.056 122.736 604.056 208.286 577.377 208.286
577.165 123.243 603.841 123.243 603.841 208.966 577.165 208.966
576.532 117.857 603.200 117.857 603.200 203.814 576.532 203.814
582.044 119.075 608.764 119.075 608.764 205.187 582.044 205.187
580.596 120.639 607.365 120.639 607.365 206.765 580.596 206.765
578.869 121.506 605.760 121.506 605.760 207.862 578.869 207.862
577.599 122.107 604.535 122.107 604.535 208.543 577.599 208.543
576.545 117.755 603.507 117.755 603.507 204.397 576.545 204.397
576.061 120.789 603.024 120.789 603.024 207.749 576.061 207.749
575.445 115.757 602.381 115.757 602.381 203.152 575.445 203.152
580.562 118.370 607.541 118.370 607.541 205.839 580.562 205.839
579.301 120.527 606.349 120.527 606.349 208.064 579.301 208.064
577.800 122.149 604.880 122.149 604.880 209.722 577.800 209.722
577.373 122.826 604.465 122.826 604.465 210.485 577.373 210.485
576.771 118.107 603.905 118.107 603.905 205.877 576.771 205.877
576.215 119.798 603.369 119.798 603.369 207.747 576.215 207.747
