472.000 194.000 486.000 194.000 486.000 231.000 472.000 231.000
471.787 194.308 486.079 194.308 486.079 230.901 471.787 230.901
471.029 193.185 485.294 193.185 485.294 229.854 471.029 229.854
470.480 193.835 484.673 193.835 484.673 230.330 470.480 230.330
469.401 194.170 483.509 194.170 483.509 230.855 469.401 230.855
468.389 193.059 482.352 193.059 482.352 229.837 468.389 229.837
466.785 193.256 480.872 193.256 480.872 229.900 466.785 229.900
465.838 193.422 479.874 193.422 479.874 230.130 465.838 230.130
464.549 193.702 478.653 193.702 478.653 230.359 464.549 230.359
463.511 194.889 477.618 194.889 477.618 231.476 463.511 231.476
462.334 193.684 476.571 193.684 476.571 230.199 462.334 230.199
461.340 194.690 475.716 194.690 475.716 231.055 461.340 231.055
460.273 193.155 474.752 193.155 474.752 229.212 460.273 229.212
459.457 194.031 473.971 194.031 473.971 229.942 459.457 229.942
455.940 194.703 470.438 194.703 470.438 230.582 455.940 230.582
454.717 194.175 469.127 194.175 469.127 230.032 454.717 230.032
451.837 195.075 466.186 195.075 466.186 230.852 451.837 230.852
451.591 194.765 465.723 194.765 465.723 230.759 451.591 230.759
450.897 195.127 464.845 195.127 464.845 231.083 450.897 231.083
449.843 195.170 463.775 195.170 463.775 230.873 449.843 230.873
448.838 194.976 462.882 194.976 462.882 230.403 448.838 230.403
445.646 193.695 459.722 193.695 459.722 229.033 445.646 229.033
445.172 194.017 459.211 194.017 459.211 229.293 445.172 229.293
444.115 194.445 458.108 194.445 458.108 229.646 444.115 229.646
443.243 195.306 457.256 195.306 457.256 230.107 443.243 230.107
442.316 194.465 456.327 194.465 456.327 229.127 442.316 229.127
440.933 195.217 454.954 195.217 454.954 229.825 440.933 229.825
439.877 195.205 453.881 195.205 453.881 229.612 439.877 229.612
439.015 194.976 453.061 194.976 453.061 229.354 439.015 229.354
435.840 194.082 449.983 194.082 449.983 228.531 435.840 228.531
435.127 192.782 449.344 192.782 449.344 227.225 435.127 227.225
434.568 193.452 448.782 193.452 448.782 227.877 434.568 227.877
431.725 194.206 445.908 194.206 445.908 228.530 431.725 228.530
431.211 194.396 445.263 194.396 445.263 228.630 431.211 228.630
428.093 193.715 442.105 193.715 442.105 227.969 428.093 227.969
425.222 193.341 439.075 193.341 439.075 227.979 425.222 227.979
423.932 193.434 437.915 193.434 437.915 227.790 423.932 227.790
423.228 194.032 437.223 194.032 437.223 228.405 423.228 228.405
422.319 194.232 436.330 194.232 436.330 228.632 422.319 228.632
421.184 194.815 435.351 194.815 435.351 229.068 421.184 229.068
420.287 195.252 434.489 195.252 434.489 229.434 420.287 229.434
417.196 194.080 431.289 194.080 431.289 228.235 417.196 228.235
414.458 193.448 428.618 193.448 428.618 227.657 414.458 227.657
413.639 193.855 427.780 193.855 427.780 227.951 413.639 227.951
412.806 194.108 426.806 194.108 426.806 228.332 412.806 228.332
411.608 194.710 425.644 194.710 425.644 228.868 411.608 228.868
410.585 195.213 424.514 195.213 424.514 229.613 410.585 229.613
409.326 194.607 423.281 194.607 423.281 228.938 409.326 228.938
407.630 194.956 421.692 194.956 421.692 229.176 407.630 229.176
406.678 194.862 420.654 194.862 420.654 229.235 406.678 229.235
405.681 195.157 419.495 195.157 419.495 229.689 405.681 229.689
404.732 194.857 418.441 194.857 418.441 229.673 404.732 229.673
403.554 194.512 417.331 194.512 417.331 229.296 403.554 229.296
401.864 193.821 415.678 193.821 415.678 228.478 401.864 228.478
399.906 192.777 413.649 192.777 413.649 227.380 399.906 227.380
395.513 191.765 409.165 191.765 409.165 226.275 395.513 226.275
394.042 191.535 407.587 191.535 407.587 225.924 394.042 225.924
392.165 191.067 405.676 191.067 405.676 225.431 392.165 225.431
390.885 192.238 404.368 192.238 404.368 226.787 390.885 226.787
388.743 192.554 402.137 192.554 402.137 227.005 388.743 227.005
387.034 192.499 400.338 192.499 400.338 226.931 387.034 226.931
385.632 193.192 398.828 193.192 398.828 227.670 385.632 227.670
383.865 193.751 396.945 193.751 396.945 228.228 383.865 228.228
382.233 195.087 395.176 195.087 395.176 229.390 382.233 229.390
380.416 194.887 393.369 194.887 393.369 229.159 380.416 229.159
378.624 194.591 391.539 194.591 391.539 228.752 378.624 228.752
377.006 194.661 389.855 194.661 389.855 228.831 377.006 228.831
374.860 194.110 387.702 194.110 387.702 228.040 374.860 228.040
373.553 194.402 386.379 194.402 386.379 228.344 373.553 228.344
371.715 193.141 384.546 193.141 384.546 227.062 371.715 227.062
369.935 193.501 382.745 193.501 382.745 227.337 369.935 227.337
368.773 194.645 381.556 194.645 381.556 228.518 368.773 228.518
366.960 194.180 379.778 194.180 379.778 227.950 366.960 227.950
366.264 194.632 379.073 194.632 379.073 228.133 366.264 228.133
364.953 193.764 377.790 193.764 377.790 227.204 364.953 227.204
364.476 194.015 377.442 194.015 377.442 227.262 364.476 227.262
363.492 193.408 376.509 193.408 376.509 226.454 363.492 226.454
362.195 194.262 375.370 194.262 375.370 227.038 362.195 227.038
361.007 193.853 374.197 193.853 374.197 226.465 361.007 226.465
360.323 194.477 373.711 194.477 373.711 226.631 360.323 226.631
359.299 194.577 372.680 194.577 372.680 226.274 359.299 226.274
358.724 193.623 372.030 193.623 372.030 225.236 358.724 225.236
357.785 194.898 371.036 194.898 371.036 226.066 357.785 226.066
356.235 194.524 369.395 194.524 369.395 225.683 356.235 225.683
355.422 193.911 368.484 193.911 368.484 224.825 355.422 224.825
354.408 194.372 367.337 194.372 367.337 225.161 354.408 225.161
352.817 194.129 365.698 194.129 365.698 224.644 352.817 224.644
351.511 194.695 364.306 194.695 364.306 225.010 351.511 225.010
350.248 195.044 362.931 195.044 362.931 225.074 350.248 225.074
349.575 195.471 362.208 195.471 362.208 225.313 349.575 225.313
348.860 195.072 361.382 195.072 361.382 224.810 348.860 224.810
347.939 195.521 360.345 195.521 360.345 225.113 347.939 225.113
346.967 195.554 359.372 195.554 359.372 224.898 346.967 224.898
336.893 195.154 349.295 195.154 349.295 224.134 336.893 224.134
333.101 195.523 345.455 195.523 345.455 224.463 333.101 224.463
326.942 195.858 339.173 195.858 339.173 225.147 326.942 225.147
324.093 196.946 336.276 196.946 336.276 226.511 324.093 226.511
321.186 195.680 333.431 195.680 333.431 225.113 321.186 225.113
318.611 197.995 330.830 197.995 330.830 227.463 318.611 227.463
318.755 193.666 331.002 193.666 331.002 223.075 318.755 223.075
324.002 193.942 336.028 193.942 336.028 223.761 324.002 223.761
326.832 194.844 338.873 194.844 338.873 224.705 326.832 224.705
326.894 197.468 338.818 197.468 338.818 227.548 326.894 227.548
