64.000 63.000 82.000 63.000 82.000 113.000 64.000 113.000
67.344 64.873 86.102 64.873 86.102 113.478 67.344 113.478
70.258 65.940 89.393 65.940 89.393 113.423 70.258 113.423
72.499 63.896 91.939 63.896 91.939 110.544 72.499 110.544
73.449 65.536 93.329 65.536 93.329 111.089 73.449 111.089
77.391 63.601 97.438 63.601 97.438 108.601 77.391 108.601
80.543 63.902 100.589 63.902 100.589 108.235 80.543 108.235
83.808 63.618 103.658 63.618 103.658 107.584 83.808 107.584
87.032 64.716 106.714 64.716 106.714 107.894 87.032 107.894
91.244 64.321 110.747 64.321 110.747 107.027 91.244 107.027
95.447 62.993 114.866 62.993 114.866 105.150 95.447 105.150
96.908 63.433 116.143 63.433 116.143 105.130 96.908 105.130
101.578 63.174 120.781 63.174 120.781 104.506 101.578 104.506
105.328 63.724 124.370 63.724 124.370 104.687 105.328 104.687
105.673 63.583 125.085 63.583 125.085 103.863 105.673 103.863
109.774 62.737 129.210 62.737 129.210 102.650 109.774 102.650
114.095 61.647 133.549 61.647 133.549 101.392 114.095 101.392
118.310 60.307 137.513 60.307 137.513 100.316 118.310 100.316
118.810 60.212 137.399 60.212 137.399 100.869 118.810 100.869
119.239 61.297 137.821 61.297 137.821 102.005 119.239 102.005
119.522 60.793 138.106 60.793 138.106 101.499 119.522 101.499
134.466 64.261 152.986 64.261 152.986 105.011 134.466 105.011
134.115 60.333 152.588 60.333 152.588 101.352 134.115 101.352
134.193 61.380 152.690 61.380 152.690 102.378 134.193 102.378
138.267 61.915 156.880 61.915 156.880 102.690 138.267 102.690
142.822 62.321 161.353 62.321 161.353 103.242 142.822 103.242
146.964 60.651 165.471 60.651 165.471 101.406 146.964 101.406
150.490 59.842 169.254 59.842 169.254 100.240 150.490 100.240
154.469 62.733 173.485 62.733 173.485 102.780 154.469 102.780
157.847 59.805 176.870 59.805 176.870 99.892 157.847 99.892
158.482 60.980 177.498 60.980 177.498 100.979 158.482 100.979
162.987 61.131 181.811 61.131 181.811 101.228 162.987 101.228
167.642 60.195 186.792 60.195 186.792 99.729 167.642 99.729
172.582 59.324 192.213 59.324 192.213 98.344 172.582 98.344
176.762 59.994 196.410 59.994 196.410 98.781 176.762 98.781
180.342 60.677 199.829 60.677 199.829 99.466 180.342 99.466
183.710 60.364 202.926 60.364 202.926 99.060 183.710 99.060
187.465 59.689 206.872 59.689 206.872 98.155 187.465 98.155
188.574 60.694 207.950 60.694 207.950 99.003 188.574 99.003
192.962 58.785 212.037 58.785 212.037 97.828 192.962 97.828
196.714 61.332 215.448 61.332 215.448 101.263 196.714 101.263
197.372 59.759 216.094 59.759 216.094 100.022 197.372 100.022
198.123 62.200 216.729 62.200 216.729 102.632 198.123 102.632
201.713 61.088 220.292 61.088 220.292 101.550 201.713 101.550
202.053 58.359 220.626 58.359 220.626 98.843 202.053 98.843
213.241 57.667 231.823 57.667 231.823 98.380 213.241 98.380
217.189 54.849 235.701 54.849 235.701 95.570 217.189 95.570
221.305 57.526 240.038 57.526 240.038 97.857 221.305 97.857
226.032 54.039 244.391 54.039 244.391 94.920 226.032 94.920
230.010 54.413 248.248 54.413 248.248 95.454 230.010 95.454
233.651 54.615 251.820 54.615 251.820 95.441 233.651 95.441
234.265 55.511 252.454 55.511 252.454 96.190 234.265 96.190
241.834 55.955 259.744 55.955 259.744 96.889 241.834 96.889
245.471 58.123 263.456 58.123 263.456 99.088 245.471 99.088
245.956 57.155 264.131 57.155 264.131 97.858 245.956 97.858
249.138 53.434 267.633 53.434 267.633 93.596 249.138 93.596
249.307 53.336 267.957 53.336 267.957 93.425 249.307 93.425
253.309 51.421 271.785 51.421 271.785 91.656 253.309 91.656
264.216 54.197 282.693 54.197 282.693 94.466 264.216 94.466
267.883 55.416 286.507 55.416 286.507 95.747 267.883 95.747
268.274 56.446 286.859 56.446 286.859 96.913 268.274 96.913
272.486 51.494 291.120 51.494 291.120 91.944 272.486 91.944
280.285 51.296 298.966 51.296 298.966 91.644 280.285 91.644
283.994 54.134 302.554 54.134 302.554 94.589 283.994 94.589
280.938 49.906 299.526 49.906 299.526 90.385 280.938 90.385
295.502 48.260 313.995 48.260 313.995 88.816 295.502 88.816
298.926 48.197 317.437 48.197 317.437 88.615 298.926 88.615
299.314 46.490 317.918 46.490 317.918 86.716 299.314 86.716
303.509 45.066 322.165 45.066 322.165 85.176 303.509 85.176
307.093 51.374 325.744 51.374 325.744 91.513 307.093 91.513
309.767 50.865 328.503 50.865 328.503 90.487 309.767 90.487
313.205 55.838 331.983 55.838 331.983 95.719 313.205 95.719
316.856 58.030 335.683 58.030 335.683 97.981 316.856 97.981
319.926 55.784 338.863 55.784 338.863 95.923 319.926 95.923
323.167 54.420 342.214 54.420 342.214 94.649 323.167 94.649
326.282 53.671 345.178 53.671 345.178 93.840 326.282 93.840
329.326 53.546 348.156 53.546 348.156 93.405 329.326 93.405
332.632 53.273 351.471 53.273 351.471 92.576 332.632 92.576
335.698 52.562 354.364 52.562 354.364 91.391 335.698 91.391
338.733 52.721 357.243 52.721 357.243 91.250 338.733 91.250
342.117 54.137 360.279 54.137 360.279 93.185 342.117 93.185
345.309 53.908 363.327 53.908 363.327 93.218 345.309 93.218
348.987 56.587 367.096 56.587 367.096 96.220 348.987 96.220
349.467 54.939 367.944 54.939 367.944 94.625 349.467 94.625
352.915 54.825 371.282 54.825 371.282 95.000 352.915 95.000
356.724 54.368 374.988 54.368 374.988 94.789 356.724 94.789
360.666 52.809 379.089 52.809 379.089 93.176 360.666 93.176
365.091 54.460 383.518 54.460 383.518 95.006 365.091 95.006
368.048 55.223 386.361 55.223 386.361 96.122 368.048 96.122
370.934 54.414 389.440 54.414 389.440 95.176 370.934 95.176
373.923 52.423 392.575 52.423 392.575 92.915 373.923 92.915
369.933 51.715 388.779 51.715 388.779 91.856 369.933 91.856
373.600 51.742 392.754 51.742 392.754 91.448 373.600 91.448
381.253 53.188 400.679 53.188 400.679 92.785 381.253 92.785
384.771 52.247 404.486 52.247 404.486 91.826 384.771 91.826
388.920 52.156 408.776 52.156 408.776 91.719 388.920 91.719
392.580 52.547 412.207 52.547 412.207 92.472 392.580 92.472
393.212 50.318 412.850 50.318 412.850 90.627 393.212 90.627
397.761 52.471 417.432 52.471 417.432 92.689 397.761 92.689
402.141 51.841 421.492 51.841 421.492 93.007 402.141 93.007
403.295 49.930 422.412 49.930 422.412 91.538 403.295 91.538
403.484 50.531 422.716 50.531 422.716 92.359 403.484 92.359
404.150 49.841 423.383 49.841 423.383 92.082 404.150 92.082
404.317 49.960 423.543 49.960 423.543 92.237 404.317 92.237
408.049 50.638 427.286 50.638 427.286 92.930 408.049 92.930
419.143 49.890 438.483 49.890 438.483 92.285 419.143 92.285
421.954 48.958 441.280 48.958 441.280 91.823 421.954 91.823
421.849 45.364 441.445 45.364 441.445 88.204 421.849 88.204
421.954 46.261 441.849 46.261 441.849 88.812 421.954 88.812
422.972 46.215 443.016 46.215 443.016 89.059 422.972 89.059
426.503 47.420 447.031 47.420 447.031 89.724 426.503 89.724
430.371 47.191 451.119 47.191 451.119 89.197 430.371 89.197
430.963 47.555 451.802 47.555 451.802 89.302 430.963 89.302
434.750 46.544 455.605 46.544 455.605 88.064 434.750 88.064
435.461 46.840 456.262 46.840 456.262 88.059 435.461 88.059
439.602 48.611 460.352 48.611 460.352 89.580 439.602 89.580
443.999 49.466 464.804 49.466 464.804 90.237 443.999 90.237
451.936 48.786 472.823 48.786 472.823 89.506 451.936 89.506
456.489 48.235 477.316 48.235 477.316 89.269 456.489 89.269
460.463 48.905 481.028 48.905 481.028 90.267 460.463 90.267
461.629 47.875 482.191 47.875 482.191 89.385 461.629 89.385
466.679 49.778 487.090 49.778 487.090 91.431 466.679 91.431
470.347 46.565 490.593 46.565 490.593 88.312 470.347 88.312
474.033 46.683 494.015 46.683 494.015 88.922 474.033 88.922
478.628 45.443 498.310 45.443 498.310 87.811 478.628 87.811
479.718 47.080 499.090 47.080 499.090 89.686 479.718 89.686
483.705 45.785 502.742 45.785 502.742 88.624 483.705 88.624
