396.000 322.000 501.000 322.000 501.000 456.000 396.000 456.000
401.903 316.876 504.435 316.876 504.435 452.635 401.903 452.635
402.824 318.313 503.561 318.313 503.561 455.089 402.824 455.089
405.014 313.777 504.779 313.777 504.779 451.225 405.014 451.225
408.529 314.169 507.092 314.169 507.092 452.132 408.529 452.132
410.412 309.656 507.930 309.656 507.930 448.082 410.412 448.082
414.033 310.789 510.893 310.789 510.893 449.013 414.033 449.013
414.656 308.883 510.667 308.883 510.667 447.719 414.656 447.719
416.168 305.736 511.835 305.736 511.835 444.571 416.168 444.571
419.096 308.006 514.384 308.006 514.384 446.766 419.096 446.766
420.343 304.914 514.922 304.914 514.922 444.154 420.343 444.154
422.398 301.739 516.682 301.739 516.682 440.736 422.398 440.736
423.775 300.878 517.978 300.878 517.978 439.628 423.775 439.628
427.432 298.035 521.186 298.035 521.186 436.321 427.432 436.321
428.048 298.656 521.230 298.656 521.230 436.255 428.048 436.255
430.839 296.959 523.812 296.959 523.812 433.433 430.839 433.433
431.647 297.079 524.236 297.079 524.236 433.125 431.647 433.125
434.486 296.179 526.305 296.179 526.305 432.414 434.486 432.414
435.078 295.078 526.479 295.078 526.479 431.293 435.078 431.293
439.247 288.799 530.224 288.799 530.224 424.876 439.247 424.876
439.320 292.986 529.557 292.986 529.557 428.398 439.320 428.398
442.665 288.704 532.525 288.704 532.525 423.913 442.665 423.913
443.530 289.961 533.049 289.961 533.049 424.439 443.530 424.439
445.571 286.233 534.867 286.233 534.867 420.077 445.571 420.077
447.469 288.567 536.466 288.567 536.466 421.233 447.469 421.233
447.864 285.828 536.450 285.828 536.450 418.432 447.864 418.432
451.290 285.318 539.218 285.318 539.218 417.887 451.290 417.887
451.690 281.887 539.254 281.887 539.254 413.912 451.690 413.912
454.509 282.262 542.196 282.262 542.196 412.639 454.509 412.639
454.491 281.751 541.745 281.751 541.745 411.290 454.491 411.290
457.460 280.631 544.247 280.631 544.247 409.113 457.460 409.113
459.715 283.829 546.242 283.829 546.242 411.262 459.715 411.262
459.912 278.671 546.096 278.671 546.096 405.987 459.912 405.987
462.001 279.311 547.771 279.311 547.771 405.777 462.001 405.777
463.936 277.626 549.266 277.626 549.266 402.937 463.936 402.937
466.122 274.575 551.034 274.575 551.034 399.761 466.122 399.761
466.978 275.827 551.256 275.827 551.256 399.952 466.978 399.952
468.282 275.097 552.225 275.097 552.225 398.391 468.282 398.391
471.441 273.139 555.002 273.139 555.002 395.621 471.441 395.621
471.902 273.103 554.866 273.103 554.866 395.123 471.902 395.123
473.701 273.213 556.373 273.213 556.373 394.483 473.701 394.483
475.024 272.163 557.285 272.163 557.285 393.059 475.024 393.059
477.091 267.433 558.914 267.433 558.914 388.117 477.091 388.117
476.947 271.320 558.265 271.320 558.265 391.056 476.947 391.056
480.053 267.475 560.905 267.475 560.905 386.712 480.053 386.712
479.812 266.350 560.081 266.350 560.081 385.419 479.812 385.419
473.191 268.037 554.419 268.037 554.419 386.759 473.191 386.759
461.168 266.165 543.464 266.165 543.464 384.966 461.168 384.966
451.285 265.627 534.264 265.627 534.264 384.593 451.285 384.593
441.015 265.505 524.824 265.505 524.824 385.371 441.015 385.371
430.044 266.231 514.246 266.231 514.246 386.190 430.044 386.190
419.401 263.747 503.922 263.747 503.922 384.565 419.401 384.565
408.981 265.967 493.799 265.967 493.799 387.139 408.981 387.139
399.255 265.193 484.227 265.193 484.227 386.213 399.255 386.213
388.775 263.924 474.123 263.924 474.123 385.123 388.775 385.123
377.278 263.589 462.781 263.589 462.781 384.860 377.278 384.860
367.108 264.110 453.006 264.110 453.006 385.274 367.108 385.274
356.742 262.442 442.713 262.442 442.713 383.615 356.742 383.615
357.609 257.683 443.296 257.683 443.296 378.562 357.609 378.562
359.080 257.051 444.321 257.051 444.321 376.901 359.080 376.901
359.107 256.978 443.751 256.978 443.751 375.703 359.107 375.703
361.077 256.235 444.964 256.235 444.964 373.567 361.077 373.567
361.696 253.710 444.668 253.710 444.668 370.356 361.696 370.356
364.760 256.186 446.212 256.186 446.212 372.632 364.760 372.632
363.998 253.948 444.889 253.948 444.889 369.811 363.998 369.811
365.734 252.715 445.673 252.715 445.673 367.885 365.734 367.885
366.136 252.572 444.989 252.572 444.989 367.255 366.136 367.255
367.526 250.303 445.885 250.303 445.885 364.064 367.526 364.064
368.133 249.275 445.958 249.275 445.958 362.061 368.133 362.061
368.500 249.450 445.430 249.450 445.430 361.454 368.500 361.454
370.666 249.808 446.756 249.808 446.756 360.594 370.666 360.594
372.194 248.359 447.389 248.359 447.389 358.085 372.194 358.085
372.229 247.667 446.489 247.667 446.489 356.980 372.229 356.980
373.662 247.541 447.542 247.541 447.542 355.906 373.662 355.906
374.390 247.512 447.704 247.512 447.704 354.390 374.390 354.390
375.729 245.761 448.008 245.761 448.008 352.172 375.729 352.172
375.595 243.586 447.206 243.586 447.206 349.399 375.595 349.399
376.152 243.772 447.134 243.772 447.134 348.661 376.152 348.661
378.072 242.875 448.158 242.875 448.158 347.299 378.072 347.299
377.637 241.541 447.001 241.541 447.001 345.315 377.637 345.315
377.730 242.347 446.724 242.347 446.724 344.775 377.730 344.775
379.666 241.619 447.553 241.619 447.553 344.226 379.666 344.226
380.589 240.554 447.936 240.554 447.936 342.497 380.589 342.497
380.531 240.154 447.575 240.154 447.575 341.044 380.531 341.044
381.126 241.293 447.845 241.293 447.845 341.556 381.126 341.556
381.684 238.592 447.838 238.592 447.838 338.351 381.684 338.351
382.049 239.459 447.903 239.459 447.903 338.353 382.049 338.353
383.164 239.283 448.324 239.283 448.324 337.858 383.164 337.858
382.857 237.094 447.531 237.094 447.531 335.206 382.857 335.206
384.107 238.999 448.645 238.999 448.645 336.341 384.107 336.341
384.201 236.870 448.263 236.870 448.263 334.538 384.201 334.538
384.685 236.797 448.421 236.797 448.421 333.956 384.685 333.956
385.359 236.024 448.994 236.024 448.994 332.889 385.359 332.889
386.427 234.444 449.579 234.444 449.579 331.350 386.427 331.350
385.605 234.257 448.260 234.257 448.260 330.670 385.605 330.670
387.348 233.579 449.825 233.579 449.825 329.613 387.348 329.613
386.862 233.111 449.247 233.111 449.247 328.656 386.862 328.656
387.411 231.608 449.566 231.608 449.566 327.272 387.411 327.272
387.906 231.812 449.856 231.812 449.856 327.563 387.906 327.563
388.154 230.799 450.179 230.799 450.179 326.092 388.154 326.092
388.834 230.519 450.510 230.519 450.510 325.644 388.834 325.644
389.053 230.934 450.738 230.934 450.738 325.277 389.053 325.277
390.096 229.269 451.514 229.269 451.514 323.731 390.096 323.731
389.575 228.668 450.814 228.668 450.814 323.136 389.575 323.136
389.753 228.078 450.464 228.078 450.464 322.870 389.753 322.870
389.599 228.114 450.162 228.114 450.162 322.709 389.599 322.709
390.042 225.854 450.512 225.854 450.512 320.596 390.042 320.596
390.486 225.419 451.072 225.419 451.072 319.691 390.486 319.691
389.673 224.793 450.392 224.793 450.392 319.077 389.673 319.077
390.134 224.373 450.745 224.373 450.745 318.695 390.134 318.695
390.265 224.558 450.916 224.558 450.916 318.681 390.265 318.681
390.516 222.313 451.293 222.313 451.293 316.375 390.516 316.375
389.927 223.063 451.085 223.063 451.085 316.455 389.927 316.455
390.015 221.976 450.924 221.976 450.924 315.524 390.015 315.524
390.330 221.517 451.241 221.517 451.241 314.903 390.330 314.903
390.581 222.382 451.899 222.382 451.899 315.168 390.581 315.168
401.696 226.130 461.988 226.130 461.988 320.415 401.696 320.415
415.598 220.527 474.833 220.527 474.833 315.957 415.598 315.957
425.844 218.214 484.886 218.214 484.886 314.163 425.844 314.163
438.661 222.866 497.133 222.866 497.133 319.057 438.661 319.057
450.288 218.434 508.591 218.434 508.591 315.229 450.288 315.229
452.633 215.422 510.582 215.422 510.582 312.381 452.633 312.381
452.802 212.861 510.760 212.861 510.760 309.496 452.802 309.496
453.963 213.359 511.876 213.359 511.876 309.659 453.963 309.659
453.862 215.250 511.654 215.250 511.654 311.058 453.862 311.058
454.479 211.112 511.840 211.112 511.840 306.764 454.479 306.764
453.744 211.714 511.432 211.714 511.432 306.181 453.744 306.181
453.466 212.287 511.133 212.287 511.133 306.218 453.466 306.218
453.682 212.508 510.898 212.508 510.898 306.284 453.682 306.284
454.291 212.350 511.177 212.350 511.177 305.900 454.291 305.900
454.841 211.031 511.324 211.031 511.324 304.138 454.841 304.138
454.295 212.626 510.495 212.626 510.495 305.126 454.295 305.126
454.041 211.159 510.089 211.159 510.089 303.683 454.041 303.683
453.821 210.247 509.805 210.247 509.805 302.585 453.821 302.585
454.438 212.557 509.826 212.557 509.826 305.168 454.438 305.168
454.369 210.521 509.638 210.521 509.638 302.847 454.369 302.847
454.644 209.092 509.716 209.092 509.716 301.072 454.644 301.072
455.272 211.218 509.911 211.218 509.911 302.818 455.272 302.818
455.369 211.470 509.489 211.470 509.489 303.411 455.369 303.411
454.620 208.524 508.871 208.524 508.871 299.897 454.620 299.897
455.022 210.600 508.848 210.600 508.848 302.026 455.022 302.026
455.674 211.285 509.202 211.285 509.202 302.720 455.674 302.720
455.827 210.511 508.881 210.511 508.881 301.603 455.827 301.603
456.253 210.505 509.166 210.505 509.166 300.824 456.253 300.824
456.240 210.727 508.973 210.727 508.973 301.251 456.240 301.251
456.452 210.489 508.995 210.489 508.995 300.849 456.452 300.849
456.470 209.805 509.107 209.805 509.107 299.693 456.470 299.693
455.991 210.020 508.287 210.020 508.287 299.925 455.991 299.925
455.405 209.714 507.328 209.714 507.328 299.490 455.405 299.490
454.607 210.270 506.414 210.270 506.414 299.380 454.607 299.380
455.060 210.163 506.513 210.163 506.513 299.320 455.060 299.320
454.646 210.482 506.089 210.482 506.089 299.229 454.646 299.229
454.427 210.836 505.691 210.836 505.691 299.532 454.427 299.532
454.964 212.013 506.195 212.013 506.195 300.485 454.964 300.485
454.836 204.800 505.704 204.800 505.704 293.467 454.836 293.467
453.661 207.090 504.504 207.090 504.504 295.182 453.661 295.182
453.927 206.272 504.392 206.272 504.392 294.587 453.927 294.587
453.696 207.635 504.040 207.635 504.040 295.787 453.696 295.787
453.403 201.702 503.754 201.702 503.754 289.308 453.403 289.308
453.048 196.409 503.587 196.409 503.587 283.411 453.048 283.411
452.818 200.374 503.483 200.374 503.483 286.697 452.818 286.697
452.523 195.837 503.091 195.837 503.091 282.391 452.523 282.391
452.535 197.829 502.869 197.829 502.869 284.339 452.535 284.339
444.227 185.938 494.803 185.938 494.803 272.592 444.227 272.592
444.138 182.699 494.919 182.699 494.919 269.417 444.138 269.417
443.366 183.436 494.333 183.436 494.333 270.070 443.366 270.070
443.271 183.187 494.659 183.187 494.659 269.623 443.271 269.623
442.735 182.789 494.315 182.789 494.315 269.211 442.735 269.211
441.961 183.570 493.709 183.570 493.709 269.969 441.961 269.969
441.087 181.358 493.294 181.358 493.294 267.513 441.087 267.513
442.231 183.422 494.857 183.422 494.857 269.112 442.231 269.112
441.354 182.240 494.154 182.240 494.154 267.955 441.354 267.955
440.459 180.323 493.149 180.323 493.149 266.451 440.459 266.451
439.983 178.992 492.872 178.992 492.872 265.345 439.983 265.345
441.004 181.993 493.785 181.993 493.785 268.229 441.004 268.229
440.063 180.780 492.879 180.780 492.879 267.127 440.063 267.127
439.989 179.200 492.648 179.200 492.648 265.767 439.989 265.767
438.669 179.399 491.711 179.399 491.711 265.389 438.669 265.389
438.461 179.012 491.554 179.012 491.554 265.009 438.461 265.009
437.905 178.765 491.080 178.765 491.080 264.593 437.905 264.593
437.376 179.707 490.687 179.707 490.687 265.507 437.376 265.507
437.137 180.400 491.092 180.400 491.092 265.790 437.137 265.790
437.033 180.417 491.197 180.417 491.197 265.641 437.033 265.641
435.779 179.342 490.724 179.342 490.724 263.794 435.779 263.794
435.677 180.009 490.989 180.009 490.989 264.082 435.677 264.082
436.154 178.513 491.648 178.513 491.648 262.418 436.154 262.418
434.935 179.559 491.252 179.559 491.252 263.178 434.935 263.178
434.751 178.647 491.333 178.647 491.333 262.140 434.751 262.140
434.149 181.358 490.976 181.358 490.976 264.659 434.149 264.659
434.539 180.080 491.204 180.080 491.204 263.612 434.539 263.612
434.809 179.413 491.504 179.413 491.504 263.089 434.809 263.089
433.889 177.136 490.616 177.136 490.616 260.868 433.889 260.868
433.681 177.663 490.499 177.663 490.499 261.346 433.681 261.346
433.678 175.645 490.875 175.645 490.875 259.044 433.678 259.044
432.419 176.544 489.841 176.544 489.841 259.790 432.419 259.790
432.172 177.778 489.578 177.778 489.578 261.077 432.172 261.077
432.409 176.160 489.869 176.160 489.869 259.171 432.409 259.171
431.837 175.940 489.470 175.940 489.470 258.739 431.837 258.739
431.734 174.535 489.041 174.535 489.041 257.565 431.734 257.565
430.407 173.933 488.059 173.933 488.059 256.649 430.407 256.649
430.879 175.768 488.364 175.768 488.364 258.569 430.879 258.569
430.706 176.675 488.487 176.675 488.487 258.982 430.706 258.982
431.097 176.177 488.774 176.177 488.774 258.415 431.097 258.415
431.102 175.915 488.901 175.915 488.901 257.785 431.102 257.785
430.199 175.438 488.030 175.438 488.030 256.976 430.199 256.976
429.346 175.366 486.951 175.366 486.951 256.826 429.346 256.826
428.447 173.815 486.027 173.815 486.027 254.950 428.447 254.950
427.629 175.450 485.096 175.450 485.096 256.472 427.629 256.472
428.181 174.557 485.149 174.557 485.149 255.428 428.181 255.428
428.501 174.895 485.342 174.895 485.342 255.414 428.501 255.414
427.707 174.506 484.286 174.506 484.286 254.800 427.707 254.800
427.796 174.689 484.041 174.689 484.041 254.796 427.796 254.796
427.124 173.998 482.977 173.998 482.977 254.303 427.124 254.303
426.489 175.375 482.071 175.375 482.071 255.300 426.489 255.300
427.741 174.850 483.184 174.850 483.184 254.706 427.741 254.706
427.351 174.481 482.840 174.481 482.840 254.125 427.351 254.125
426.648 173.927 482.081 173.927 482.081 253.502 426.648 253.502
426.493 174.605 481.766 174.605 481.766 254.259 426.493 254.259
425.871 173.325 481.079 173.325 481.079 252.726 425.871 252.726
425.046 172.357 480.213 172.357 480.213 251.266 425.046 251.266
425.719 175.344 480.827 175.344 480.827 253.986 425.719 253.986
424.420 173.208 479.416 173.208 479.416 251.738 424.420 251.738
423.336 172.710 478.218 172.710 478.218 250.765 423.336 250.765
422.920 174.955 477.854 174.955 477.854 252.805 422.920 252.805
422.040 173.845 476.772 173.845 476.772 251.644 422.040 251.644
421.238 173.271 476.015 173.271 476.015 250.779 421.238 250.779
420.989 173.468 476.031 173.468 476.031 250.752 420.989 250.752
420.288 172.927 475.243 172.927 475.243 250.037 420.288 250.037
418.973 172.502 473.818 172.502 473.818 249.427 418.973 249.427
418.595 171.491 473.257 171.491 473.257 248.036 418.595 248.036
418.420 173.468 473.291 173.468 473.291 249.572 418.420 249.572
417.420 171.057 471.890 171.057 471.890 247.108 417.420 247.108
416.471 173.207 471.073 173.207 471.073 248.882 416.471 248.882
415.462 171.087 469.944 171.087 469.944 246.609 415.462 246.609
415.269 173.577 469.900 173.577 469.900 248.733 415.269 248.733
414.084 170.967 468.673 170.967 468.673 246.163 414.084 246.163
413.522 170.642 468.465 170.642 468.465 245.456 413.522 245.456
413.027 172.761 467.774 172.761 467.774 247.468 413.027 247.468
412.666 170.649 467.363 170.649 467.363 245.630 412.666 245.630
412.349 170.517 467.080 170.517 467.080 244.818 412.349 244.818
411.901 172.539 466.792 172.539 466.792 246.839 411.901 246.839
411.505 172.145 466.609 172.145 466.609 246.479 411.505 246.479
410.769 171.506 466.024 171.506 466.024 245.780 410.769 245.780
409.296 172.693 464.794 172.693 464.794 246.486 409.296 246.486
408.662 171.514 464.144 171.514 464.144 245.125 408.662 245.125
408.088 170.660 463.624 170.660 463.624 243.935 408.088 243.935
407.389 171.109 462.859 171.109 462.859 244.539 407.389 244.539
406.051 169.640 461.617 169.640 461.617 242.994 406.051 242.994
406.003 170.327 461.420 170.327 461.420 243.996 406.003 243.996
405.971 169.236 461.572 169.236 461.572 242.666 405.971 242.666
404.952 168.098 460.409 168.098 460.409 241.884 404.952 241.884
403.503 168.042 459.122 168.042 459.122 241.814 403.503 241.814
401.413 168.146 457.203 168.146 457.203 241.991 401.413 241.991
400.362 168.007 456.221 168.007 456.221 241.775 400.362 241.775
398.793 166.770 454.783 166.770 454.783 240.088 398.793 240.088
397.572 166.446 453.540 166.446 453.540 239.453 397.572 239.453
396.308 167.301 451.865 167.301 451.865 239.758 396.308 239.758
395.739 168.347 451.370 168.347 451.370 240.286 395.739 240.286
395.411 167.147 450.393 167.147 450.393 239.403 395.411 239.403
395.576 166.824 450.212 166.824 450.212 238.700 395.576 238.700
393.721 167.794 448.460 167.794 448.460 239.016 393.721 239.016
393.062 167.248 447.611 167.248 447.611 238.393 393.062 238.393
392.240 164.449 446.161 164.449 446.161 235.939 392.240 235.939
391.104 164.400 444.527 164.400 444.527 235.929 391.104 235.929
390.948 164.193 444.257 164.193 444.257 235.233 390.948 235.233
390.794 165.327 443.865 165.327 443.865 235.926 390.794 235.926
390.474 165.044 443.185 165.044 443.185 235.618 390.474 235.618
390.208 164.677 442.469 164.677 442.469 235.260 390.208 235.260
389.364 164.778 441.295 164.778 441.295 235.083 389.364 235.083
388.947 164.991 440.617 164.991 440.617 234.752 388.947 234.752
388.458 163.975 439.799 163.975 439.799 233.913 388.458 233.913
387.782 163.643 438.932 163.643 438.932 233.341 387.782 233.341
386.930 163.847 438.210 163.847 438.210 232.661 386.930 232.661
387.357 163.467 438.252 163.467 438.252 232.461 387.357 232.461
387.143 164.080 438.027 164.080 438.027 232.796 387.143 232.796
386.191 164.251 436.348 164.251 436.348 232.559 386.191 232.559
385.778 166.184 435.812 166.184 435.812 233.733 385.778 233.733
384.545 164.719 433.700 164.719 433.700 231.528 384.545 231.528
384.324 165.430 433.368 165.430 433.368 231.855 384.324 231.855
384.486 164.173 432.887 164.173 432.887 230.143 384.486 230.143
384.293 165.639 432.234 165.639 432.234 231.185 384.293 231.185
383.305 164.646 430.791 164.646 430.791 229.845 383.305 229.845
383.509 166.413 430.367 166.413 430.367 231.237 383.509 231.237
383.072 166.244 429.740 166.244 429.740 230.513 383.072 230.513
383.106 167.716 429.902 167.716 429.902 231.539 383.106 231.539
381.827 168.194 428.446 168.194 428.446 231.875 381.827 231.875
381.766 167.349 428.283 167.349 428.283 230.993 381.766 230.993
381.002 167.395 427.374 167.395 427.374 230.838 381.002 230.838
380.902 165.297 426.923 165.297 426.923 228.241 380.902 228.241
380.191 166.575 426.066 166.575 426.066 228.918 380.191 228.918
379.667 167.896 425.514 167.896 425.514 229.999 379.667 229.999
379.316 166.756 425.228 166.756 425.228 228.988 379.316 228.988
379.379 167.800 425.437 167.800 425.437 229.545 379.379 229.545
378.436 166.315 424.362 166.315 424.362 228.239 378.436 228.239
378.302 166.148 424.157 166.148 424.157 228.252 378.302 228.252
377.609 164.017 423.585 164.017 423.585 225.928 377.609 225.928
377.690 164.089 423.801 164.089 423.801 226.129 377.690 226.129
376.599 163.868 422.513 163.868 422.513 225.733 376.599 225.733
376.369 164.611 422.161 164.611 422.161 226.361 376.369 226.361
376.587 164.723 422.503 164.723 422.503 226.469 376.587 226.469
376.970 163.813 422.875 163.813 422.875 225.817 376.970 225.817
375.076 163.545 420.966 163.545 420.966 225.656 375.076 225.656
375.528 163.622 421.518 163.622 421.518 225.752 375.528 225.752
374.210 162.997 420.266 162.997 420.266 225.252 374.210 225.252
374.460 162.369 420.736 162.369 420.736 224.340 374.460 224.340
374.357 162.697 420.802 162.697 420.802 224.542 374.357 224.542
373.712 163.005 420.630 163.005 420.630 224.520 373.712 224.520
372.224 163.593 419.401 163.593 419.401 224.544 372.224 224.544
371.881 162.960 418.987 162.960 418.987 223.716 371.881 223.716
371.217 162.416 418.145 162.416 418.145 223.028 371.217 223.028
371.084 162.965 417.807 162.965 417.807 223.338 371.084 223.338
370.316 163.509 416.829 163.509 416.829 223.715 370.316 223.715
369.987 162.759 416.399 162.759 416.399 222.848 369.987 222.848
368.826 163.019 415.135 163.019 415.135 222.924 368.826 222.924
369.857 162.752 416.035 162.752 416.035 222.619 369.857 222.619
368.795 161.310 415.009 161.310 415.009 220.747 368.795 220.747
368.020 161.240 413.984 161.240 413.984 220.539 368.020 220.539
367.541 162.247 413.278 162.247 413.278 221.270 367.541 221.270
365.993 162.027 411.585 162.027 411.585 220.603 365.993 220.603
365.887 162.505 411.224 162.505 411.224 220.643 365.887 220.643
365.216 162.691 410.074 162.691 410.074 220.647 365.216 220.647
365.106 162.256 409.277 162.256 409.277 220.140 365.106 220.140
364.812 161.372 408.402 161.372 408.402 219.216 364.812 219.216
364.803 161.718 408.198 161.718 408.198 219.453 364.803 219.453
365.035 161.290 408.252 161.290 408.252 218.894 365.035 218.894
365.114 162.165 408.195 162.165 408.195 219.461 365.114 219.461
364.273 160.293 407.414 160.293 407.414 217.646 364.273 217.646
364.046 161.173 407.019 161.173 407.019 218.455 364.046 218.455
363.822 160.844 406.746 160.844 406.746 217.991 363.822 217.991
363.025 160.068 405.624 160.068 405.624 217.145 363.025 217.145
363.048 160.166 405.397 160.166 405.397 217.259 363.048 217.259
362.047 159.736 404.233 159.736 404.233 217.116 362.047 217.116
362.047 159.656 404.037 159.656 404.037 216.858 362.047 216.858
361.446 158.987 403.288 158.987 403.288 215.949 361.446 215.949
360.802 160.277 402.710 160.277 402.710 217.115 360.802 217.115
360.144 158.828 401.838 158.828 401.838 215.775 360.144 215.775
359.877 159.973 401.496 159.973 401.496 216.929 359.877 216.929
359.097 159.270 400.712 159.270 400.712 215.995 359.097 215.995
359.560 158.221 401.126 158.221 401.126 215.113 359.560 215.113
358.740 159.197 400.217 159.197 400.217 215.903 358.740 215.903
358.764 158.206 400.199 158.206 400.199 215.001 358.764 215.001
357.800 159.040 399.466 159.040 399.466 215.410 357.800 215.410
357.478 157.765 399.121 157.765 399.121 214.286 357.478 214.286
357.346 157.551 398.811 157.551 398.811 214.029 357.346 214.029
356.440 156.741 397.622 156.741 397.622 212.825 356.440 212.825
356.117 158.030 397.337 158.030 397.337 213.992 356.117 213.992
355.582 157.686 396.488 157.686 396.488 213.317 355.582 213.317
354.930 158.488 395.606 158.488 395.606 213.562 354.930 213.562
354.423 158.277 394.830 158.277 394.830 213.284 354.423 213.284
354.265 158.049 394.571 158.049 394.571 212.902 354.265 212.902
353.952 157.349 394.274 157.349 394.274 212.035 353.952 212.035
353.109 156.448 393.136 156.448 393.136 210.941 353.109 210.941
352.401 156.799 392.216 156.799 392.216 211.142 352.401 211.142
353.118 157.012 392.639 157.012 392.639 211.024 353.118 211.024
352.942 156.657 392.265 156.657 392.265 210.419 352.942 210.419
352.139 155.204 391.301 155.204 391.301 208.798 352.139 208.798
352.229 156.412 391.332 156.412 391.332 210.049 352.229 210.049
351.699 157.131 390.601 157.131 390.601 210.385 351.699 210.385
351.393 156.075 390.242 156.075 390.242 209.153 351.393 209.153
350.733 155.623 389.287 155.623 389.287 208.683 350.733 208.683
350.082 155.634 388.468 155.634 388.468 208.550 350.082 208.550
349.932 155.481 387.708 155.481 387.708 208.565 349.932 208.565
349.603 156.928 387.248 156.928 387.248 209.716 349.603 209.716
349.474 156.537 387.101 156.537 387.101 208.937 349.474 208.937
349.265 156.604 386.972 156.604 386.972 208.757 349.265 208.757
348.455 155.111 386.042 155.111 386.042 207.152 348.455 207.152
347.414 156.056 385.049 156.056 385.049 207.741 347.414 207.741
347.547 154.351 385.073 154.351 385.073 205.794 347.547 205.794
346.587 155.413 384.151 155.413 384.151 206.583 346.587 206.583
345.957 155.370 383.366 155.370 383.366 206.207 345.957 206.207
346.880 154.619 383.950 154.619 383.950 205.303 346.880 205.303
346.279 156.787 383.323 156.787 383.323 207.357 346.279 207.357
342.555 147.996 378.389 147.996 378.389 199.775 342.555 199.775
343.977 133.211 378.470 133.211 378.470 186.184 343.977 186.184
345.212 111.590 379.070 111.590 379.070 164.682 345.212 164.682
345.504 110.329 379.654 110.329 379.654 162.597 345.504 162.597
342.701 110.347 376.791 110.347 376.791 162.662 342.701 162.662
343.755 110.420 378.106 110.420 378.106 162.291 343.755 162.291
343.576 110.254 378.058 110.254 378.058 161.869 343.576 161.869
341.240 111.926 375.458 111.926 375.458 163.234 341.240 163.234
342.318 111.604 376.538 111.604 376.538 162.388 342.318 162.388
342.144 110.158 376.169 110.158 376.169 161.000 342.144 161.000
341.930 109.769 375.932 109.769 375.932 160.790 341.930 160.790
341.393 108.900 375.533 108.900 375.533 160.052 341.393 160.052
341.160 109.066 375.167 109.066 375.167 160.216 341.160 160.216
338.971 110.403 372.684 110.403 372.684 161.506 338.971 161.506
340.151 109.857 373.969 109.857 373.969 160.577 340.151 160.577
340.241 109.039 373.872 109.039 373.872 159.981 340.241 159.981
340.556 108.994 374.085 108.994 374.085 159.973 340.556 159.973
339.713 108.169 373.339 108.169 373.339 159.104 339.713 159.104
339.515 107.582 373.085 107.582 373.085 158.608 339.515 158.608
339.023 107.482 372.584 107.482 372.584 158.955 339.023 158.955
338.824 106.964 372.140 106.964 372.140 158.738 338.824 158.738
338.425 105.154 371.700 105.154 371.700 156.981 338.425 156.981
338.125 104.949 371.245 104.949 371.245 157.281 338.125 157.281
338.072 104.644 371.361 104.644 371.361 157.226 338.072 157.226
337.667 103.633 370.844 103.633 370.844 156.775 337.667 156.775
337.019 106.205 370.481 106.205 370.481 158.854 337.019 158.854
336.861 104.942 370.329 104.942 370.329 157.369 336.861 157.369
336.819 103.323 370.300 103.323 370.300 155.936 336.819 155.936
336.392 102.348 369.835 102.348 369.835 155.228 336.392 155.228
335.303 101.588 368.863 101.588 368.863 154.623 335.303 154.623
335.093 100.111 368.528 100.111 368.528 153.789 335.093 153.789
334.496 99.827 367.993 99.827 367.993 153.881 334.496 153.881
334.381 97.711 367.682 97.711 367.682 152.411 334.381 152.411
334.578 102.191 368.017 102.191 368.017 156.652 334.578 156.652
334.093 101.634 367.616 101.634 367.616 156.089 334.093 156.089
333.452 100.615 367.082 100.615 367.082 155.048 333.452 155.048
332.899 98.458 366.666 98.458 366.666 152.629 332.899 152.629
332.492 96.910 366.190 96.910 366.190 151.590 332.492 151.590
331.923 100.042 365.812 100.042 365.812 154.394 331.923 154.394
332.509 100.182 366.130 100.182 366.130 154.483 332.509 154.483
332.389 98.964 365.883 98.964 365.883 153.389 332.389 153.389
332.014 98.215 365.344 98.215 365.344 152.987 332.014 152.987
331.896 101.488 365.472 101.488 365.472 155.449 331.896 155.449
331.880 101.285 365.430 101.285 365.430 155.025 331.880 155.025
331.038 99.023 364.688 99.023 364.688 152.552 331.038 152.552
330.724 98.463 364.426 98.463 364.426 152.270 330.724 152.270
331.066 101.315 364.848 101.315 364.848 154.342 331.066 154.342
328.690 102.630 362.138 102.630 362.138 155.200 328.690 155.200
330.307 100.583 363.438 100.583 363.438 153.088 330.307 153.088
330.398 101.692 363.478 101.692 363.478 153.567 330.398 153.567
327.907 102.153 360.833 102.153 360.833 153.610 327.907 153.610
328.416 103.648 361.199 103.648 361.199 154.511 328.416 154.511
329.095 107.517 360.912 107.517 360.912 160.016 329.095 160.016
329.165 122.562 360.405 122.562 360.405 176.373 329.165 176.373
329.878 136.489 360.522 136.489 360.522 191.244 329.878 191.244
330.210 150.951 360.426 150.951 360.426 206.634 330.210 206.634
330.406 160.553 360.401 160.553 360.401 217.232 330.406 217.232
330.639 176.952 360.502 176.952 360.502 234.449 330.639 234.449
330.002 188.268 359.907 188.268 359.907 246.406 330.002 246.406
330.185 186.122 360.349 186.122 360.349 244.220 330.185 244.220
329.700 188.438 360.560 188.438 360.560 245.575 329.700 245.575
329.113 187.805 360.698 187.805 360.698 244.244 329.113 244.244
328.540 186.159 360.646 186.159 360.646 242.317 328.540 242.317
324.990 184.095 357.178 184.095 357.178 240.753 324.990 240.753
326.849 187.495 359.253 187.495 359.253 243.354 326.849 243.354
327.292 186.687 359.964 186.687 359.964 242.474 327.292 242.474
322.865 185.664 355.422 185.664 355.422 241.965 322.865 241.965
324.145 185.461 356.750 185.461 356.750 241.903 324.145 241.903
324.473 186.336 357.098 186.336 357.098 242.718 324.473 242.718
324.704 186.645 357.780 186.645 357.780 242.742 324.704 242.742
325.265 188.712 358.453 188.712 358.453 244.119 325.265 244.119
325.368 187.713 358.877 187.713 358.877 242.740 325.368 242.740
321.222 187.053 354.790 187.053 354.790 242.436 321.222 242.436
322.394 185.907 356.300 185.907 356.300 241.080 322.394 241.080
321.978 186.066 355.897 186.066 355.897 241.420 321.978 241.420
321.957 186.109 356.218 186.109 356.218 241.279 321.957 241.279
323.197 188.756 357.221 188.756 357.221 243.088 323.197 243.088
322.842 186.841 356.811 186.841 356.811 241.192 322.842 241.192
323.411 189.760 357.024 189.760 357.024 243.830 323.411 243.830
323.187 187.898 356.680 187.898 356.680 241.726 323.187 241.726
322.160 187.318 356.018 187.318 356.018 240.837 322.160 240.837
321.497 186.586 355.530 186.586 355.530 240.267 321.497 240.267
321.368 188.655 355.194 188.655 355.194 241.805 321.368 241.805
320.743 186.210 354.519 186.210 354.519 239.264 320.743 239.264
320.471 189.632 354.123 189.632 354.123 241.953 320.471 241.953
320.815 188.159 354.413 188.159 354.413 240.177 320.815 240.177
320.181 186.402 353.711 186.402 353.711 238.451 320.181 238.451
320.000 190.402 353.371 190.402 353.371 241.888 320.000 241.888
319.567 188.919 353.122 188.919 353.122 240.007 319.567 240.007
319.590 188.263 353.131 188.263 353.131 239.386 319.590 239.386
318.457 187.580 352.321 187.580 352.321 238.316 318.457 238.316
318.149 187.503 352.263 187.503 352.263 238.212 318.149 238.212
317.837 187.406 351.902 187.406 351.902 238.259 317.837 238.259
317.029 186.308 351.335 186.308 351.335 237.273 317.029 237.273
316.540 186.450 350.886 186.450 350.886 237.793 316.540 237.793
317.010 186.060 351.505 186.060 351.505 237.515 317.010 237.515
316.807 187.361 351.398 187.361 351.398 238.573 316.807 238.573
