423.000 158.000 445.000 158.000 445.000 215.000 423.000 215.000
422.686 157.088 444.739 157.088 444.739 213.868 422.686 213.868
421.656 157.836 443.797 157.836 443.797 214.584 421.656 214.584
421.194 157.597 443.425 157.597 443.425 214.197 421.194 214.197
421.421 157.612 443.798 157.612 443.798 213.980 421.421 213.980
420.104 156.036 442.660 156.036 442.660 212.275 420.104 212.275
419.487 158.413 442.129 158.413 442.129 214.382 419.487 214.382
418.838 158.080 441.544 158.080 441.544 213.895 418.838 213.895
419.233 157.095 442.040 157.095 442.040 212.658 419.233 212.658
419.082 157.557 441.897 157.557 441.897 213.383 419.082 213.383
418.429 157.361 441.354 157.361 441.354 213.251 418.429 213.251
418.207 156.805 441.147 156.805 441.147 212.687 418.207 212.687
418.000 157.271 440.869 157.271 440.869 213.039 418.000 213.039
417.631 157.096 440.508 157.096 440.508 212.831 417.631 212.831
416.627 156.975 439.536 156.975 439.536 212.541 416.627 212.541
416.143 156.276 439.039 156.276 439.039 211.786 416.143 211.786
415.302 157.298 438.196 157.298 438.196 212.847 415.302 212.847
414.993 156.947 437.816 156.947 437.816 212.673 414.993 212.673
415.348 156.108 438.065 156.108 438.065 212.002 415.348 212.002
414.086 156.106 436.834 156.106 436.834 212.128 414.086 212.128
414.070 156.437 436.791 156.437 436.791 212.598 414.070 212.598
413.715 155.390 436.421 155.390 436.421 211.589 413.715 211.589
413.794 155.675 436.513 155.675 436.513 211.872 413.794 211.872
413.491 155.987 436.216 155.987 436.216 212.136 413.491 212.136
412.953 155.617 435.555 155.617 435.555 211.577 412.953 211.577
413.060 155.319 435.696 155.319 435.696 210.985 413.060 210.985
412.364 156.766 434.967 156.766 434.967 212.360 412.364 212.360
412.498 155.484 435.047 155.484 435.047 210.881 412.498 210.881
412.752 155.855 435.177 155.855 435.177 211.165 412.752 211.165
411.593 155.587 434.062 155.587 434.062 210.744 411.593 210.744
411.158 156.126 433.574 156.126 433.574 211.137 411.158 211.137
410.921 155.687 433.356 155.687 433.356 210.200 410.921 210.200
410.994 156.151 433.324 156.151 433.324 210.465 410.994 210.465
410.482 155.845 432.725 155.845 432.725 209.963 410.482 209.963
410.636 155.262 432.795 155.262 432.795 209.500 410.636 209.500
410.016 155.823 432.271 155.823 432.271 209.635 410.016 209.635
409.011 156.482 431.152 156.482 431.152 210.220 409.011 210.220
409.311 155.785 431.403 155.785 431.403 209.439 409.311 209.439
408.858 155.867 430.922 155.867 430.922 209.381 408.858 209.381
407.951 156.782 429.900 156.782 429.900 210.081 407.951 210.081
408.092 156.258 429.958 156.258 429.958 209.348 408.092 209.348
407.204 156.003 429.141 156.003 429.141 208.798 407.204 208.798
406.567 157.094 428.577 157.094 428.577 209.633 406.567 209.633
406.017 154.025 427.812 154.025 427.812 206.543 406.017 206.543
406.174 154.631 427.922 154.631 427.922 207.310 406.174 207.310
405.132 153.862 426.768 153.862 426.768 206.766 405.132 206.766
404.833 153.877 426.410 153.877 426.410 206.545 404.833 206.545
404.769 154.229 426.333 154.229 426.333 206.836 404.769 206.836
404.345 154.697 425.895 154.697 425.895 207.326 404.345 207.326
403.773 154.189 425.185 154.189 425.185 206.795 403.773 206.795
403.434 154.734 424.747 154.734 424.747 207.517 403.434 207.517
403.003 154.074 424.295 154.074 424.295 206.680 403.003 206.680
402.028 155.507 423.280 155.507 423.280 207.807 402.028 207.807
402.263 154.214 423.342 154.214 423.342 206.319 402.263 206.319
401.997 154.598 423.012 154.598 423.012 206.570 401.997 206.570
401.258 154.845 422.325 154.845 422.325 206.766 401.258 206.766
400.390 154.316 421.410 154.316 421.410 205.927 400.390 205.927
400.226 154.683 421.190 154.683 421.190 206.453 400.226 206.453
399.590 153.873 420.547 153.873 420.547 205.601 399.590 205.601
399.577 153.811 420.606 153.811 420.606 205.406 399.577 205.406
399.523 155.097 420.492 155.097 420.492 206.512 399.523 206.512
398.124 155.008 419.093 155.008 419.093 206.335 398.124 206.335
398.559 155.420 419.448 155.420 419.448 206.807 398.559 206.807
398.475 154.960 419.237 154.960 419.237 206.266 398.475 206.266
397.891 154.888 418.523 154.888 418.523 206.384 397.891 206.384
397.794 155.559 418.390 155.559 418.390 207.010 397.794 207.010
397.012 154.516 417.461 154.516 417.461 205.907 397.012 205.907
396.589 155.856 417.081 155.856 417.081 207.052 396.589 207.052
395.582 154.492 415.930 154.492 415.930 205.504 395.582 205.504
396.049 154.212 416.427 154.212 416.427 205.113 396.049 205.113
394.854 153.834 415.299 153.834 415.299 204.856 394.854 204.856
394.770 152.092 415.139 152.092 415.139 203.284 394.770 203.284
394.826 152.982 415.271 152.982 415.271 204.351 394.826 204.351
394.418 152.505 414.804 152.505 414.804 203.978 394.418 203.978
394.663 152.485 415.165 152.485 415.165 204.005 394.663 204.005
393.944 152.943 414.382 152.943 414.382 204.564 393.944 204.564
394.215 152.196 414.687 152.196 414.687 203.823 394.215 203.823
393.868 152.715 414.402 152.715 414.402 204.300 393.868 204.300
393.457 152.823 413.902 152.823 413.902 204.491 393.457 204.491
393.482 152.164 413.784 152.164 413.784 203.852 393.482 203.852
392.979 153.432 413.241 153.432 413.241 205.064 392.979 205.064
393.436 152.505 413.599 152.505 413.599 204.189 393.436 204.189
393.102 152.868 413.232 152.868 413.232 204.522 393.102 204.522
392.782 152.583 412.899 152.583 412.899 204.083 392.782 204.083
392.753 152.261 412.929 152.261 412.929 203.724 392.753 203.724
392.656 152.378 412.832 152.378 412.832 203.961 392.656 203.961
392.657 152.621 412.929 152.621 412.929 204.099 392.657 204.099
391.510 151.876 411.660 151.876 411.660 203.058 391.510 203.058
391.702 153.357 411.997 153.357 411.997 204.342 391.702 204.342
390.901 153.039 411.217 153.039 411.217 203.623 390.901 203.623
390.747 153.062 411.174 153.062 411.174 203.546 390.747 203.546
390.034 153.262 410.455 153.262 410.455 203.679 390.034 203.679
389.848 152.948 410.332 152.948 410.332 203.246 389.848 203.246
389.126 152.801 409.746 152.801 409.746 203.097 389.126 203.097
388.738 152.271 409.491 152.271 409.491 202.481 388.738 202.481
388.485 152.337 409.174 152.337 409.174 202.732 388.485 202.732
387.592 151.147 408.330 151.147 408.330 201.511 387.592 201.511
386.907 151.542 407.646 151.542 407.646 201.926 386.907 201.926
386.802 150.810 407.425 150.810 407.425 201.101 386.802 201.101
386.902 151.170 407.332 151.170 407.332 201.541 386.902 201.541
386.574 152.261 406.947 152.261 406.947 202.341 386.574 202.341
386.336 151.415 406.669 151.415 406.669 201.310 386.336 201.310
385.984 152.532 406.310 152.532 406.310 202.251 385.984 202.251
385.978 152.569 406.316 152.569 406.316 202.119 385.978 202.119
385.477 152.730 405.642 152.730 405.642 202.002 385.477 202.002
384.898 152.045 404.889 152.045 404.889 201.118 384.898 201.118
384.429 152.700 404.346 152.700 404.346 201.501 384.429 201.501
384.094 153.860 403.763 153.860 403.763 202.831 384.094 202.831
384.269 152.794 403.826 152.794 403.826 201.781 384.269 201.781
383.897 153.366 403.312 153.366 403.312 202.537 383.897 202.537
383.843 153.017 403.140 153.017 403.140 202.097 383.843 202.097
383.496 154.218 402.650 154.218 402.650 203.210 383.496 203.210
383.500 153.405 402.522 153.405 402.522 202.351 383.500 202.351
383.428 152.976 402.410 152.976 402.410 201.726 383.428 201.726
383.362 154.543 402.314 154.543 402.314 203.095 383.362 203.095
382.152 154.750 401.139 154.750 401.139 203.262 382.152 203.262
381.224 153.909 400.248 153.909 400.248 202.474 381.224 202.474
394.224 157.058 413.610 157.058 413.610 205.541 394.224 205.541
393.750 156.591 413.446 156.591 413.446 204.963 393.750 204.963
393.090 155.109 413.016 155.109 413.016 203.334 393.090 203.334
388.587 154.491 408.897 154.491 408.897 202.541 388.587 202.541
384.379 154.036 405.048 154.036 405.048 202.024 384.379 202.024
384.030 153.452 404.808 153.452 404.808 201.516 384.030 201.516
383.862 155.566 404.727 155.566 404.727 203.750 383.862 203.750
379.280 154.939 400.140 154.939 400.140 203.401 379.280 203.401
379.036 153.212 399.663 153.212 399.663 202.095 379.036 202.095
375.566 153.223 395.964 153.223 395.964 202.344 375.566 202.344
375.386 153.248 395.628 153.248 395.628 202.485 375.386 202.485
371.038 152.572 391.444 152.572 391.444 201.646 371.038 201.646
371.302 152.100 391.664 152.100 391.664 201.300 371.302 201.300
371.427 151.659 391.680 151.659 391.680 201.073 371.427 201.073
371.485 151.574 391.724 151.574 391.724 200.942 371.485 200.942
371.695 150.794 392.077 150.794 392.077 199.864 371.695 199.864
371.997 150.724 392.353 150.724 392.353 199.790 371.997 199.790
371.480 151.204 391.884 151.204 391.884 199.997 371.480 199.997
371.734 150.849 392.155 150.849 392.155 199.533 371.734 199.533
371.861 151.651 392.321 151.651 392.321 199.956 371.861 199.956
371.797 150.930 392.199 150.930 392.199 199.249 371.797 199.249
371.467 150.964 391.829 150.964 391.829 199.150 371.467 199.150
371.342 151.418 391.664 151.418 391.664 199.427 371.342 199.427
370.936 151.075 391.164 151.075 391.164 199.149 370.936 199.149
370.682 151.244 390.829 151.244 390.829 199.005 370.682 199.005
370.166 151.039 390.184 151.039 390.184 198.764 370.166 198.764
370.021 149.382 389.962 149.382 389.962 197.019 370.021 197.019
369.418 150.266 389.029 150.266 389.029 198.177 369.418 198.177
368.793 148.227 388.450 148.227 388.450 195.899 368.793 195.899
368.939 148.117 388.317 148.117 388.317 196.044 368.939 196.044
368.701 148.315 387.900 148.315 387.900 196.461 368.701 196.461
368.873 147.907 387.994 147.907 387.994 196.206 368.873 196.206
368.454 148.193 387.411 148.193 387.411 196.452 368.454 196.452
368.317 148.455 387.283 148.455 387.283 196.628 368.317 196.628
368.159 148.360 387.027 148.360 387.027 196.444 368.159 196.444
367.983 148.533 386.890 148.533 386.890 196.512 367.983 196.512
367.821 148.704 386.675 148.704 386.675 196.686 367.821 196.686
367.760 148.757 386.605 148.757 386.605 196.642 367.760 196.642
367.642 148.618 386.454 148.618 386.454 196.531 367.642 196.531
367.270 148.603 386.158 148.603 386.158 196.314 367.270 196.314
367.327 149.219 386.222 149.219 386.222 196.898 367.327 196.898
367.342 148.026 386.250 148.026 386.250 195.554 367.342 195.554
366.817 147.380 385.812 147.380 385.812 194.741 366.817 194.741
366.716 148.647 385.967 148.647 385.967 195.422 366.716 195.422
366.260 148.985 385.562 148.985 385.562 195.526 366.260 195.526
365.522 149.512 384.770 149.512 384.770 195.916 365.522 195.916
364.930 148.737 384.234 148.737 384.234 194.826 364.930 194.826
364.608 150.709 383.904 150.709 383.904 196.703 364.608 196.703
364.421 148.562 383.767 148.562 383.767 194.239 364.421 194.239
363.935 150.761 383.275 150.761 383.275 196.313 363.935 196.313
363.467 149.565 383.092 149.565 383.092 194.643 363.467 194.643
362.621 149.947 382.101 149.947 382.101 195.180 362.621 195.180
362.058 149.020 381.482 149.020 381.482 194.170 362.058 194.170
362.075 150.025 381.440 150.025 381.440 195.211 362.075 195.211
361.980 148.143 381.448 148.143 381.448 193.308 361.980 193.308
361.528 149.122 380.996 149.122 380.996 194.084 361.528 194.084
361.073 148.038 380.467 148.038 380.467 193.169 361.073 193.169
361.138 149.155 380.433 149.155 380.433 194.364 361.138 194.364
360.890 148.660 380.097 148.660 380.097 194.024 360.890 194.024
360.444 147.991 379.564 147.991 379.564 193.473 360.444 193.473
360.197 147.486 379.235 147.486 379.235 193.025 360.197 193.025
360.206 148.214 379.159 148.214 379.159 193.837 360.206 193.837
360.089 147.475 379.027 147.475 379.027 192.939 360.089 192.939
359.833 146.941 378.703 146.941 378.703 192.384 359.833 192.384
359.723 146.059 378.521 146.059 378.521 191.623 359.723 191.623
359.431 145.775 378.107 145.775 378.107 191.457 359.431 191.457
358.533 148.279 377.227 148.279 377.227 193.834 358.533 193.834
358.265 146.914 376.871 146.914 376.871 192.575 358.265 192.575
357.935 145.900 376.436 145.900 376.436 191.652 357.935 191.652
357.961 144.921 376.375 144.921 376.375 190.763 357.961 190.763
357.696 144.943 376.029 144.943 376.029 190.847 357.696 190.847
357.008 147.437 375.350 147.437 375.350 193.153 357.008 193.153
356.445 146.498 374.757 146.498 374.757 191.992 356.445 191.992
355.928 148.432 374.167 148.432 374.167 193.898 355.928 193.898
355.578 148.432 373.790 148.432 373.790 193.655 355.578 193.655
354.814 147.685 373.065 147.685 373.065 192.712 354.814 192.712
354.075 149.029 372.323 149.029 372.323 193.931 354.075 193.931
353.626 148.663 371.757 148.663 371.757 193.484 353.626 193.484
353.287 147.074 371.392 147.074 371.392 191.915 353.287 191.915
352.601 148.795 370.621 148.795 370.621 193.670 352.601 193.670
352.385 146.202 370.279 146.202 370.279 191.260 352.385 191.260
351.941 147.113 369.848 147.113 369.848 192.178 351.941 192.178
351.689 145.476 369.627 145.476 369.627 190.461 351.689 190.461
351.176 143.927 369.094 143.927 369.094 188.959 351.176 188.959
350.565 145.873 368.494 145.873 368.494 190.942 350.565 190.942
349.973 147.733 367.895 147.733 367.895 192.816 349.973 192.816
349.545 146.283 367.460 146.283 367.460 191.309 349.545 191.309
349.257 148.009 367.521 148.009 367.521 192.703 349.257 192.703
345.193 148.841 363.633 148.841 363.633 193.284 345.193 193.284
329.563 143.480 348.442 143.480 348.442 187.278 329.563 187.278
325.964 149.156 344.923 149.156 344.923 192.835 325.964 192.835
314.128 147.518 333.262 147.518 333.262 190.936 314.128 190.936
314.359 149.284 333.592 149.284 333.592 192.547 314.359 192.547
314.430 148.203 333.446 148.203 333.446 191.387 314.430 191.387
314.398 147.459 333.163 147.459 333.163 190.702 314.398 190.702
314.001 146.651 332.547 146.651 332.547 189.993 314.001 189.993
313.395 148.094 331.750 148.094 331.750 191.453 313.395 191.453
313.139 148.145 331.285 148.145 331.285 191.599 313.139 191.599
312.655 147.111 330.650 147.111 330.650 190.518 312.655 190.518
312.206 147.391 330.135 147.391 330.135 190.720 312.206 190.720
311.903 149.323 329.780 149.323 329.780 192.624 311.903 192.624
311.276 147.417 329.245 147.417 329.245 190.532 311.276 190.532
310.684 147.324 328.668 147.324 328.668 190.320 310.684 190.320
309.616 146.405 327.821 146.405 327.821 189.171 309.616 189.171
309.150 145.493 327.292 145.493 327.292 188.311 309.150 188.311
308.509 144.673 326.598 144.673 326.598 187.540 308.509 187.540
307.986 146.524 326.070 146.524 326.070 189.432 307.986 189.432
307.773 144.996 325.826 144.996 325.826 187.898 307.773 187.898
307.339 143.741 325.451 143.741 325.451 186.529 307.339 186.529
307.203 146.659 325.269 146.659 325.269 189.443 307.203 189.443
307.135 148.541 325.176 148.541 325.176 191.373 307.135 191.373
306.866 147.866 325.041 147.866 325.041 190.592 306.866 190.592
306.833 147.307 324.967 147.307 324.967 190.067 306.833 190.067
309.381 149.315 327.447 149.315 327.447 192.106 309.381 192.106
302.443 151.864 320.560 151.864 320.560 194.622 302.443 194.622
302.899 153.081 320.987 153.081 320.987 195.905 302.899 195.905
299.169 158.567 317.121 158.567 317.121 201.752 299.169 201.752
299.631 152.960 317.710 152.960 317.710 196.250 299.631 196.250
299.631 151.706 317.785 151.706 317.785 195.218 299.631 195.218
299.941 154.415 318.152 154.415 318.152 198.057 299.941 198.057
300.142 153.680 318.464 153.680 318.464 197.400 300.142 197.400
300.275 152.583 318.642 152.583 318.642 196.401 300.275 196.401
296.908 155.477 315.290 155.477 315.290 199.403 296.908 199.403
297.297 153.548 315.726 153.548 315.726 197.728 297.297 197.728
297.532 152.496 315.982 152.496 315.982 196.888 297.532 196.888
297.876 154.946 316.268 154.946 316.268 199.745 297.876 199.745
297.757 153.043 316.323 153.043 316.323 197.770 297.757 197.770
305.575 150.598 324.466 150.598 324.466 194.884 305.575 194.884
314.073 148.709 333.248 148.709 333.248 192.544 314.073 192.544
322.197 148.633 341.463 148.633 341.463 192.339 322.197 192.339
329.894 150.227 349.221 150.227 349.221 193.730 329.894 193.730
341.399 148.203 360.914 148.203 360.914 191.414 341.399 191.414
349.297 146.556 368.824 146.556 368.824 189.592 349.297 189.592
357.113 148.432 376.685 148.432 376.685 191.378 357.113 191.378
368.848 149.850 388.497 149.850 388.497 192.733 368.848 192.733
369.417 150.789 389.039 150.789 389.039 193.631 369.417 193.631
385.388 140.593 405.252 140.593 405.252 183.279 385.388 183.279
389.614 147.207 409.433 147.207 409.433 190.282 389.614 190.282
389.401 149.177 408.991 149.177 408.991 192.869 389.401 192.869
389.404 150.791 408.849 150.791 408.849 194.938 389.404 194.938
389.085 149.054 408.480 149.054 408.480 193.456 389.085 193.456
388.948 147.842 408.305 147.842 408.305 192.464 388.948 192.464
389.044 149.469 408.330 149.469 408.330 194.517 389.044 194.517
388.921 146.902 408.324 146.902 408.324 192.023 388.921 192.023
393.053 140.565 412.426 140.565 412.426 185.981 393.053 185.981
392.853 141.784 412.182 141.784 412.182 187.458 392.853 187.458
392.751 142.343 412.121 142.343 412.121 188.124 392.751 188.124
393.108 143.750 412.795 143.750 412.795 189.304 393.108 189.304
401.269 137.919 421.275 137.919 421.275 183.260 401.269 183.260
398.175 143.934 418.248 143.934 418.248 189.183 398.175 189.183
403.092 145.341 423.145 145.341 423.145 190.608 403.092 190.608
403.469 145.113 423.525 145.113 423.525 190.371 403.469 190.371
416.428 145.601 436.461 145.601 436.461 190.896 416.428 190.896
416.734 141.383 436.764 141.383 436.764 186.681 416.734 186.681
417.394 142.416 437.414 142.416 437.414 187.717 417.394 187.717
412.937 142.797 432.953 142.797 432.953 188.109 412.937 188.109
408.082 137.494 428.102 137.494 428.102 182.810 408.082 182.810
444.623 143.181 464.658 143.181 464.658 188.540 444.623 188.540
444.960 141.620 464.992 141.620 464.992 187.204 444.960 187.204
444.718 142.954 464.746 142.954 464.746 188.466 444.718 188.466
444.719 145.522 464.677 145.522 464.677 191.186 444.719 191.186
440.932 149.708 461.077 149.708 461.077 195.047 440.932 195.047
453.487 149.926 473.777 149.926 473.777 194.968 453.487 194.968
461.814 143.048 482.274 143.048 482.274 187.939 461.814 187.939
469.743 144.767 490.267 144.767 490.267 189.571 469.743 189.571
478.142 146.545 498.709 146.545 498.709 191.240 478.142 191.240
478.285 148.817 498.967 148.817 498.967 193.445 478.285 193.445
478.610 147.095 499.247 147.095 499.247 191.878 478.610 191.878
478.546 145.588 499.162 145.588 499.162 190.555 478.546 190.555
478.245 148.015 498.910 148.015 498.910 193.069 478.245 193.069
477.983 146.554 498.583 146.554 498.583 191.747 477.983 191.747
477.876 146.112 498.386 146.112 498.386 191.498 477.876 191.498
477.709 144.644 498.080 144.644 498.080 190.254 477.709 190.254
477.118 146.540 497.404 146.540 497.404 192.396 477.118 192.396
477.294 145.940 497.376 145.940 497.376 192.143 477.294 192.143
477.025 145.022 497.009 145.022 497.009 191.307 477.025 191.307
476.325 147.092 496.295 147.092 496.295 193.453 476.325 193.453
476.380 147.360 496.274 147.360 496.274 193.843 476.380 193.843
476.193 148.112 495.726 148.112 495.726 195.162 476.193 195.162
476.525 145.592 495.796 145.592 495.796 193.054 476.525 193.054
476.046 146.113 495.152 146.113 495.152 193.900 476.046 193.900
476.085 146.289 495.076 146.289 495.076 194.367 476.085 194.367
476.296 146.884 495.109 146.884 495.109 195.358 476.296 195.358
475.948 146.650 494.580 146.650 494.580 195.614 475.948 195.614
476.102 146.997 494.695 146.997 494.695 196.129 476.102 196.129
476.078 144.955 494.583 144.955 494.583 194.396 476.078 194.396
476.180 145.885 494.612 145.885 494.612 195.616 476.180 195.616
476.235 146.653 494.610 146.653 494.610 196.659 476.235 196.659
476.373 144.495 494.687 144.495 494.687 194.656 476.373 194.656
475.998 144.847 494.246 144.847 494.246 195.219 475.998 195.219
475.854 145.278 494.030 145.278 494.030 195.849 475.854 195.849
475.867 145.225 494.015 145.225 494.015 196.050 475.867 196.050
475.745 145.494 493.869 145.494 493.869 196.553 475.745 196.553
475.859 145.477 493.957 145.477 493.957 196.791 475.859 196.791
475.599 145.463 493.691 145.463 493.691 197.100 475.599 197.100
475.647 144.934 493.681 144.934 493.681 196.886 475.647 196.886
475.189 144.877 493.295 144.877 493.295 197.013 475.189 197.013
474.738 144.645 492.885 144.645 492.885 196.994 474.738 196.994
474.142 143.867 492.332 143.867 492.332 196.262 474.142 196.262
474.158 143.780 492.395 143.780 492.395 196.122 474.158 196.122
474.182 142.670 492.442 142.670 492.442 195.084 474.182 195.084
474.270 141.994 492.535 141.994 492.535 194.414 474.270 194.414
473.924 142.204 492.203 142.204 492.203 194.679 473.924 194.679
473.354 142.303 491.676 142.303 491.676 194.763 473.354 194.763
473.097 142.103 491.441 142.103 491.441 194.632 473.097 194.632
472.784 141.831 491.143 141.831 491.143 194.392 472.784 194.392
472.445 142.724 490.824 142.724 490.824 195.328 472.445 195.328
472.411 142.399 490.786 142.399 490.786 195.039 472.411 195.039
472.305 142.993 490.702 142.993 490.702 195.641 472.305 195.641
472.174 142.761 490.580 142.761 490.580 195.423 472.174 195.423
471.884 142.933 490.303 142.933 490.303 195.598 471.884 195.598
471.619 142.733 490.549 142.733 490.549 194.647 471.619 194.647
458.734 140.437 477.934 140.437 477.934 191.926 458.734 191.926
450.951 138.389 470.570 138.389 470.570 189.251 450.951 189.251
442.194 141.100 461.911 141.100 461.911 191.824 442.194 191.824
441.568 141.338 461.277 141.338 461.277 192.088 441.568 192.088
441.266 140.971 460.964 140.971 460.964 191.729 441.266 191.729
441.144 141.646 460.803 141.646 460.803 192.534 441.144 192.534
440.871 142.100 460.493 142.100 460.493 193.000 440.871 193.000
440.615 143.197 460.200 143.197 460.200 194.149 440.615 194.149
440.570 142.789 460.114 142.789 460.114 193.803 440.570 193.803
440.143 143.499 459.658 143.499 459.658 194.562 440.143 194.562
439.789 143.303 459.269 143.303 459.269 194.376 439.789 194.376
439.319 144.080 458.838 144.080 458.838 195.136 439.319 195.136
430.641 141.464 450.560 141.464 450.560 192.076 430.641 192.076
422.100 142.578 442.375 142.578 442.375 192.775 422.100 192.775
409.567 140.800 430.188 140.800 430.188 190.492 409.567 190.492
404.870 142.982 425.782 142.982 425.782 192.361 404.870 192.361
400.671 141.468 421.626 141.468 421.626 190.735 400.671 190.735
400.181 143.572 421.111 143.572 421.111 192.856 400.181 192.856
372.587 128.821 393.612 128.821 393.612 177.597 372.587 177.597
369.267 131.250 390.302 131.250 390.302 179.558 369.267 179.558
370.080 129.951 391.321 129.951 391.321 177.678 370.080 177.678
369.580 131.014 390.796 131.014 390.796 178.161 369.580 178.161
368.991 130.194 390.169 130.194 390.169 176.934 368.991 176.934
369.490 130.150 390.582 130.150 390.582 176.655 369.490 176.655
368.772 130.096 389.697 130.096 389.697 176.381 368.772 176.381
368.183 130.867 388.962 130.867 388.962 176.902 368.183 176.902
368.063 131.272 388.649 131.272 388.649 177.141 368.063 177.141
367.591 131.644 388.031 131.644 388.031 177.345 367.591 177.345
367.912 131.307 388.224 131.307 388.224 176.786 367.912 176.786
367.497 131.224 387.641 131.224 387.641 176.428 367.497 176.428
367.102 131.526 387.117 131.526 387.117 176.511 367.102 176.511
366.659 131.879 386.522 131.879 386.522 176.492 366.659 176.492
366.546 131.263 386.334 131.263 386.334 175.365 366.546 175.365
366.316 132.339 385.793 132.339 385.793 176.313 366.316 176.313
366.383 131.717 385.611 131.717 385.611 175.639 366.383 175.639
366.372 130.769 385.345 130.769 385.345 174.479 366.372 174.479
367.035 132.163 385.778 132.163 385.778 175.722 367.035 175.722
365.593 132.567 384.282 132.567 384.282 175.530 365.593 175.530
366.111 132.833 384.687 132.833 384.687 175.619 366.111 175.619
365.046 133.285 383.445 133.285 383.445 175.714 365.046 175.714
364.473 133.729 382.756 133.729 382.756 175.896 364.473 175.896
364.407 133.715 382.522 133.715 382.522 175.787 364.407 175.787
364.119 133.166 382.088 133.166 382.088 175.209 364.119 175.209
364.004 133.057 381.904 133.057 381.904 175.011 364.004 175.011
363.449 131.666 381.309 131.666 381.309 173.535 363.449 173.535
352.302 129.868 370.508 129.868 370.508 171.222 352.302 171.222
348.068 130.844 366.480 130.844 366.480 171.832 348.068 171.832
337.065 128.089 355.618 128.089 355.618 168.818 337.065 168.818
322.809 126.380 341.304 126.380 341.304 167.389 322.809 167.389
322.822 128.845 341.144 128.845 341.144 170.244 322.822 170.244
334.808 133.280 353.104 133.280 353.104 174.569 334.808 174.569
334.562 133.320 352.776 133.320 352.776 174.351 334.562 174.351
334.495 133.363 352.638 133.363 352.638 174.201 334.495 174.201
335.254 133.302 353.311 133.302 353.311 174.100 335.254 174.100
334.515 133.540 352.556 133.540 352.556 173.931 334.515 173.931
335.101 133.534 352.952 133.534 352.952 173.921 335.101 173.921
335.231 131.835 352.945 131.835 352.945 172.259 335.231 172.259
334.834 132.222 352.675 132.222 352.675 172.445 334.834 172.445
334.223 132.428 351.973 132.428 351.973 172.322 334.223 172.322
334.036 133.016 351.604 133.016 351.604 172.861 334.036 172.861
334.000 132.835 351.407 132.835 351.407 172.847 334.000 172.847
333.888 133.135 351.201 133.135 351.201 173.240 333.888 173.240
333.493 132.643 350.654 132.643 350.654 172.907 333.493 172.907
333.806 132.781 351.014 132.781 351.014 173.135 333.806 173.135
333.160 133.862 350.240 133.862 350.240 174.139 333.160 174.139
332.402 133.417 349.492 133.417 349.492 173.408 332.402 173.408
332.129 133.014 349.277 133.014 349.277 172.925 332.129 172.925
331.790 132.842 348.901 132.842 348.901 172.746 331.790 172.746
331.095 133.114 348.125 133.114 348.125 173.232 331.095 173.232
331.108 133.012 348.055 133.012 348.055 173.276 331.108 173.276
330.657 132.829 347.629 132.829 347.629 173.031 330.657 173.031
330.842 132.525 347.736 132.525 347.736 172.954 330.842 172.954
330.386 131.198 347.197 131.198 347.197 171.402 330.386 171.402
330.425 131.369 347.190 131.369 347.190 171.451 330.425 171.451
329.740 131.531 346.438 131.531 346.438 171.385 329.740 171.385
329.602 131.651 346.428 131.651 346.428 171.319 329.602 171.319
329.120 131.886 345.958 131.886 345.958 171.562 329.120 171.562
329.107 130.960 345.768 130.960 345.768 170.853 329.107 170.853
329.548 131.777 346.149 131.777 346.149 171.662 329.548 171.662
328.536 130.747 345.074 130.747 345.074 170.506 328.536 170.506
328.579 131.762 345.142 131.762 345.142 171.453 328.579 171.453
328.544 131.927 345.029 131.927 345.029 171.626 328.544 171.626
328.393 131.967 344.859 131.967 344.859 171.618 328.393 171.618
328.214 131.776 344.737 131.776 344.737 171.511 328.214 171.511
327.387 132.134 343.922 132.134 343.922 171.668 327.387 171.668
327.570 132.482 344.020 132.482 344.020 171.987 327.570 171.987
327.408 131.889 343.745 131.889 343.745 171.513 327.408 171.513
327.102 131.912 343.451 131.912 343.451 171.569 327.102 171.569
326.525 132.449 342.823 132.449 342.823 172.141 326.525 172.141
326.650 132.012 342.950 132.012 342.950 171.605 326.650 171.605
326.160 132.574 342.404 132.574 342.404 172.354 326.160 172.354
325.182 131.995 341.295 131.995 341.295 171.740 325.182 171.740
325.010 131.911 341.126 131.911 341.126 171.614 325.010 171.614
324.463 132.187 340.524 132.187 340.524 172.053 324.463 172.053
323.992 131.731 340.036 131.731 340.036 171.620 323.992 171.620
324.125 132.189 340.290 132.189 340.290 172.198 324.125 172.198
323.333 130.824 339.472 130.824 339.472 170.689 323.333 170.689
323.727 130.989 339.833 130.989 339.833 170.955 323.727 170.955
323.471 131.403 339.359 131.403 339.359 171.481 323.471 171.481
323.202 130.464 338.923 130.464 338.923 170.708 323.202 170.708
323.050 130.507 338.818 130.507 338.818 170.701 323.050 170.701
322.744 130.147 338.421 130.147 338.421 170.475 322.744 170.475
322.782 130.689 338.392 130.689 338.392 171.285 322.782 171.285
322.694 130.690 338.194 130.690 338.194 171.336 322.694 171.336
322.069 130.311 337.378 130.311 337.378 170.881 322.069 170.881
321.951 130.126 337.252 130.126 337.252 170.657 321.951 170.657
321.385 131.308 336.639 131.308 336.639 171.816 321.385 171.816
321.312 129.671 336.552 129.671 336.552 169.944 321.312 169.944
320.959 130.111 336.207 130.111 336.207 170.440 320.959 170.440
320.750 130.106 335.947 130.106 335.947 170.391 320.750 170.391
320.292 129.520 335.496 129.520 335.496 169.768 320.292 169.768
320.159 130.302 335.473 130.302 335.473 170.624 320.159 170.624
319.579 129.495 334.829 129.495 334.829 169.889 319.579 169.889
319.574 129.058 334.895 129.058 334.895 169.700 319.574 169.700
319.236 129.544 334.696 129.544 334.696 170.453 319.236 170.453
318.221 129.546 333.746 129.546 333.746 170.688 318.221 170.688
317.629 129.553 333.308 129.553 333.308 170.546 317.629 170.546
317.385 129.496 333.129 129.496 333.129 170.564 317.385 170.564
317.148 129.633 332.930 129.633 332.930 170.674 317.148 170.674
316.619 130.017 332.473 130.017 332.473 171.154 316.619 171.154
316.226 129.684 331.985 129.684 331.985 170.878 316.226 170.878
315.901 129.093 331.548 129.093 331.548 170.471 315.901 170.471
315.725 128.582 331.356 128.582 331.356 169.902 315.725 169.902
315.591 128.346 331.210 128.346 331.210 169.716 315.591 169.716
315.360 128.458 330.684 128.458 330.684 170.115 315.360 170.115
315.223 128.628 330.362 128.628 330.362 170.403 315.223 170.403
314.647 127.891 329.676 127.891 329.676 169.706 314.647 169.706
315.086 128.743 329.970 128.743 329.970 170.584 315.086 170.584
314.361 129.229 329.107 129.229 329.107 170.938 314.361 170.938
314.034 128.625 328.609 128.625 328.609 170.434 314.034 170.434
313.284 129.103 327.826 129.103 327.826 170.854 313.284 170.854
313.079 129.081 327.654 129.081 327.654 170.703 313.079 170.703
312.580 129.092 327.172 129.092 327.172 170.634 312.580 170.634
312.241 128.803 326.828 128.803 326.828 170.382 312.241 170.382
312.144 128.538 326.700 128.538 326.700 170.427 312.144 170.427
311.848 128.472 326.408 128.472 326.408 170.391 311.848 170.391
311.170 128.255 325.764 128.255 325.764 170.021 311.170 170.021
311.094 128.295 325.581 128.295 325.581 170.241 311.094 170.241
310.810 127.350 325.226 127.350 325.226 169.467 310.810 169.467
310.481 127.630 325.005 127.630 325.005 169.650 310.481 169.650
310.318 128.292 324.891 128.292 324.891 170.138 310.318 170.138
309.461 127.736 323.964 127.736 323.964 169.582 309.461 169.582
309.540 128.171 324.042 128.171 324.042 170.104 309.540 170.104
308.761 128.923 323.293 128.923 323.293 170.662 308.761 170.662
308.182 128.708 322.579 128.708 322.579 170.450 308.182 170.450
308.044 128.672 322.492 128.672 322.492 170.463 308.044 170.463
307.630 128.129 322.017 128.129 322.017 170.010 307.630 170.010
306.997 128.049 321.243 128.049 321.243 169.901 306.997 169.901
306.701 128.102 320.909 128.102 320.909 169.821 306.701 169.821
306.200 127.505 320.341 127.505 320.341 169.279 306.200 169.279
306.471 127.571 320.595 127.571 320.595 169.171 306.471 169.171
306.087 127.545 320.197 127.545 320.197 169.004 306.087 169.004
305.603 127.076 319.708 127.076 319.708 168.265 305.603 168.265
305.382 128.621 319.473 128.621 319.473 169.727 305.382 169.727
305.333 127.812 319.456 127.812 319.456 168.694 305.333 168.694
305.254 127.631 319.561 127.631 319.561 168.152 305.254 168.152
304.230 127.615 318.603 127.615 318.603 167.980 304.230 167.980
292.533 122.899 308.518 122.899 308.518 161.400 292.533 161.400
285.594 128.349 301.849 128.349 301.849 166.711 285.594 166.711
274.933 130.673 291.391 130.673 291.391 168.796 274.933 168.796
274.699 129.717 291.243 129.717 291.243 167.685 274.699 167.685
274.307 128.995 290.835 128.995 290.835 167.078 274.307 167.078
275.024 129.350 291.367 129.350 291.367 167.900 275.024 167.900
274.035 128.941 290.384 128.941 290.384 167.526 274.035 167.526
273.900 128.281 290.222 128.281 290.222 166.978 273.900 166.978
273.810 128.175 290.020 128.175 290.020 167.415 273.810 167.415
273.083 127.644 289.337 127.644 289.337 166.940 273.083 166.940
273.873 128.721 290.147 128.721 290.147 168.251 273.873 168.251
273.014 127.576 289.283 127.576 289.283 167.236 273.014 167.236
272.755 128.321 289.136 128.321 289.136 167.903 272.755 167.903
272.030 126.984 288.309 126.984 288.309 166.968 272.030 166.968
272.072 126.575 288.448 126.575 288.448 166.734 272.072 166.734
271.809 125.833 288.168 125.833 288.168 166.122 271.809 166.122
271.041 126.730 287.437 126.730 287.437 167.070 271.041 167.070
256.694 123.812 273.559 123.812 273.559 163.358 256.694 163.358
253.417 125.200 270.384 125.200 270.384 164.551 253.417 164.551
246.029 125.946 263.207 125.946 263.207 165.264 246.029 165.264
247.019 126.452 264.226 126.452 264.226 165.946 247.019 165.946
247.571 125.928 264.776 125.928 264.776 165.626 247.571 165.626
247.011 126.933 264.284 126.933 264.284 166.622 247.011 166.622
247.557 126.441 264.887 126.441 264.887 166.277 247.557 166.277
247.128 127.015 264.475 127.015 264.475 166.883 247.128 166.883
247.070 127.203 264.558 127.203 264.558 167.138 247.070 167.138
246.690 126.896 264.152 126.896 264.152 166.894 246.690 166.894
246.510 127.195 264.023 127.195 264.023 167.364 246.510 167.364
246.553 126.518 264.239 126.518 264.239 166.657 246.553 166.657
245.645 126.364 263.299 126.364 263.299 166.691 245.645 166.691
246.274 126.827 263.930 126.827 263.930 167.248 246.274 167.248
245.870 127.041 263.477 127.041 263.477 167.675 245.870 167.675
245.293 127.472 262.849 127.472 262.849 168.230 245.293 168.230
245.454 125.697 263.042 125.697 263.042 166.573 245.454 166.573
245.323 126.943 262.920 126.943 262.920 167.888 245.323 167.888
244.957 126.924 262.710 126.924 262.710 167.820 244.957 167.820
245.217 126.367 263.050 126.367 263.050 167.142 245.217 167.142
244.534 126.685 262.511 126.685 262.511 167.292 244.534 167.292
244.282 126.337 262.160 126.337 262.160 167.047 244.282 167.047
243.340 125.758 261.215 125.758 261.215 166.431 243.340 166.431
243.560 125.978 261.282 125.978 261.282 166.766 243.560 166.766
243.642 125.210 261.301 125.210 261.301 166.064 243.642 166.064
243.461 125.243 261.105 125.243 261.105 166.133 243.461 166.133
243.704 125.194 261.321 125.194 261.321 166.132 243.704 166.132
243.502 124.997 260.875 124.997 260.875 166.256 243.502 166.256
243.440 123.834 260.920 123.834 260.920 164.910 243.440 164.910
243.536 124.446 260.745 124.446 260.745 165.870 243.536 165.870
243.232 123.655 260.463 123.655 260.463 164.891 243.232 164.891
243.087 124.177 260.131 124.177 260.131 165.521 243.087 165.521
243.071 124.885 259.982 124.885 259.982 166.352 243.071 166.352
243.637 124.511 260.357 124.511 260.357 166.148 243.637 166.148
243.512 124.745 260.226 124.745 260.226 166.061 243.512 166.061
243.010 125.032 259.917 125.032 259.917 166.196 243.010 166.196
242.969 124.642 260.001 124.642 260.001 165.607 242.969 165.607
242.715 124.284 259.861 124.284 259.861 164.980 242.715 164.980
242.417 125.285 259.730 125.285 259.730 165.696 242.417 165.696
242.835 125.717 260.217 125.717 260.217 166.020 242.835 166.020
242.598 124.971 259.981 124.971 259.981 165.129 242.598 165.129
242.467 125.465 259.809 125.465 259.809 165.423 242.467 165.423
242.294 125.579 259.505 125.579 259.505 165.435 242.294 165.435
241.393 125.222 258.595 125.222 258.595 164.946 241.393 164.946
241.517 125.720 258.745 125.720 258.745 165.254 241.517 165.254
240.582 125.567 257.819 125.567 257.819 165.121 240.582 165.121
240.663 126.289 257.834 126.289 257.834 165.839 240.663 165.839
239.828 124.850 257.031 124.850 257.031 164.171 239.828 164.171
228.608 125.081 246.026 125.081 246.026 164.151 228.608 164.151
224.508 123.272 242.036 123.272 242.036 162.066 224.508 162.066
210.670 126.180 228.295 126.180 228.295 164.763 210.670 164.763
203.881 123.198 221.854 123.198 221.854 161.310 203.881 161.310
204.387 127.106 222.331 127.106 222.331 165.259 204.387 165.259
204.050 125.992 222.073 125.992 222.073 164.084 204.050 164.084
204.128 126.547 221.997 126.547 221.997 164.809 204.128 164.809
203.776 126.068 221.487 126.068 221.487 164.456 203.776 164.456
203.956 127.218 221.658 127.218 221.658 165.604 203.956 165.604
203.974 127.550 221.579 127.550 221.579 165.991 203.974 165.991
203.668 127.842 221.157 127.842 221.157 166.401 203.668 166.401
204.162 128.197 221.592 128.197 221.592 166.834 204.162 166.834
204.015 128.831 221.363 128.831 221.363 167.493 204.015 167.493
204.204 128.844 221.475 128.844 221.475 167.628 204.204 167.628
203.997 129.179 221.160 129.179 221.160 168.049 203.997 168.049
203.718 129.321 220.834 129.321 220.834 168.265 203.718 168.265
203.317 129.249 220.366 129.249 220.366 168.250 203.317 168.250
203.328 129.878 220.302 129.878 220.302 168.947 203.328 168.947
203.132 129.848 220.049 129.848 220.049 168.984 203.132 168.984
202.884 130.029 219.683 130.029 219.683 169.287 202.884 169.287
202.364 129.958 219.106 129.958 219.106 169.347 202.364 169.347
202.091 130.344 218.776 130.344 218.776 169.760 202.091 169.760
201.787 129.498 218.315 129.498 218.315 169.226 201.787 169.226
201.489 129.410 217.954 129.410 217.954 169.231 201.489 169.231
201.170 128.793 217.602 128.793 217.602 168.658 201.170 168.658
200.721 127.954 217.105 127.954 217.105 167.848 200.721 167.848
200.266 127.183 216.642 127.183 216.642 167.090 200.266 167.090
199.932 126.367 216.306 126.367 216.306 166.259 199.932 166.259
199.420 125.392 215.792 125.392 215.792 165.259 199.420 165.259
199.205 125.099 215.570 125.099 215.570 164.952 199.205 164.952
198.974 125.125 215.332 125.125 215.332 164.957 198.974 164.957
198.744 124.890 215.091 124.890 215.091 164.723 198.744 164.723
198.679 124.722 215.014 124.722 215.014 164.537 198.679 164.537
199.031 125.019 215.358 125.019 215.358 164.812 199.031 164.812
198.572 124.838 214.895 124.838 214.895 164.601 198.572 164.601
198.724 125.106 215.037 125.106 215.037 164.823 198.724 164.823
198.810 124.408 215.119 124.408 215.119 164.112 198.810 164.112
198.732 124.623 215.042 124.623 215.042 164.315 198.732 164.315
198.622 124.268 214.943 124.268 214.943 163.935 198.622 163.935
198.263 124.022 214.585 124.022 214.585 163.682 198.263 163.682
198.099 124.742 214.428 124.742 214.428 164.387 198.099 164.387
180.592 123.958 197.135 123.958 197.135 163.224 180.592 163.224
180.174 123.210 196.720 123.210 196.720 162.470 180.174 162.470
180.260 123.288 196.846 123.288 196.846 162.501 180.260 162.501
180.110 123.090 196.696 123.090 196.696 162.302 180.110 162.302
179.958 122.500 196.544 122.500 196.544 161.712 179.958 161.712
180.183 122.328 196.770 122.328 196.770 161.540 180.183 161.540
180.326 122.062 196.913 122.062 196.913 161.274 180.326 161.274
180.575 122.062 197.162 122.062 197.162 161.274 180.575 161.274
180.970 121.947 197.557 121.947 197.557 161.158 180.970 161.158
