298.000 255.000 314.000 255.000 314.000 295.000 298.000 295.000
298.736 255.083 314.413 255.083 314.413 295.435 298.736 295.435
298.979 253.885 314.498 253.885 314.498 294.769 298.979 294.769
298.979 254.826 314.461 254.826 314.461 295.959 298.979 295.959
298.593 254.983 314.106 254.983 314.106 296.296 298.593 296.296
299.336 254.975 314.850 254.975 314.850 296.660 299.336 296.660
298.838 255.872 314.384 255.872 314.384 297.897 298.838 297.897
299.155 254.992 314.674 254.992 314.674 297.425 299.155 297.425
298.631 255.199 314.235 255.199 314.235 297.798 298.631 297.798
298.781 254.764 314.412 254.764 314.412 297.574 298.781 297.574
298.828 254.121 314.533 254.121 314.533 296.879 298.828 296.879
298.829 254.493 314.672 254.493 314.672 297.321 298.829 297.321
298.613 255.584 314.525 255.584 314.525 298.524 298.613 298.524
299.010 256.274 314.846 256.274 314.846 299.291 299.010 299.291
298.956 256.354 314.797 256.354 314.797 299.403 298.956 299.403
298.786 256.599 314.654 256.599 314.654 299.708 298.786 299.708
299.273 257.182 315.153 257.182 315.153 300.232 299.273 300.232
299.296 255.915 315.221 255.915 315.221 298.819 299.296 298.819
299.601 256.285 315.460 256.285 315.460 299.532 299.601 299.532
299.261 255.444 315.057 255.444 315.057 298.706 299.261 298.706
299.769 255.139 315.563 255.139 315.563 298.429 299.769 298.429
299.667 255.258 315.440 255.258 315.440 298.803 299.667 298.803
299.811 255.340 315.599 255.340 315.599 299.003 299.811 299.003
299.964 254.987 315.762 254.987 315.762 298.605 299.964 298.605
300.307 255.195 316.141 255.195 316.141 298.861 300.307 298.861
299.714 255.969 315.540 255.969 315.540 299.946 299.714 299.946
299.965 255.491 315.860 255.491 315.860 299.443 299.965 299.443
300.429 255.903 316.248 255.903 316.248 300.062 300.429 300.062
300.588 255.785 316.456 255.785 316.456 299.900 300.588 299.900
300.734 255.235 316.468 255.235 316.468 299.407 300.734 299.407
300.545 256.315 316.203 256.315 316.203 300.694 300.545 300.694
300.862 256.047 316.517 256.047 316.517 300.365 300.862 300.365
300.681 257.532 316.227 257.532 316.227 301.997 300.681 301.997
300.993 256.838 316.502 256.838 316.502 301.193 300.993 301.193
300.811 257.713 316.325 257.713 316.325 301.989 300.811 301.989
301.278 257.664 316.690 257.664 316.690 302.077 301.278 302.077
301.764 256.901 317.048 256.901 317.048 301.307 301.764 301.307
301.512 257.365 316.935 257.365 316.935 301.791 301.512 301.791
302.296 256.017 317.856 256.017 317.856 300.556 302.296 300.556
302.062 256.462 317.784 256.462 317.784 301.078 302.062 301.078
302.292 256.544 318.150 256.544 318.150 301.179 302.292 301.179
302.038 257.133 317.873 257.133 317.873 301.954 302.038 301.954
302.485 257.164 318.357 257.164 318.357 302.106 302.485 302.106
302.971 256.786 318.874 256.786 318.874 301.901 302.971 301.901
302.635 258.077 318.489 258.077 318.489 303.227 302.635 303.227
303.010 256.825 318.785 256.825 318.785 302.068 303.010 302.068
302.842 257.279 318.662 257.279 318.662 302.534 302.842 302.534
302.786 256.124 318.681 256.124 318.681 301.271 302.786 301.271
302.874 257.051 318.719 257.051 318.719 302.417 302.874 302.417
303.482 256.998 319.386 256.998 319.386 302.461 303.482 302.461
303.577 256.470 319.409 256.470 319.409 301.976 303.577 301.976
303.837 255.801 319.748 255.801 319.748 301.352 303.837 301.352
303.775 256.119 319.683 256.119 319.683 301.662 303.775 301.662
303.732 255.958 319.616 255.958 319.616 301.558 303.732 301.558
303.837 256.620 319.710 256.620 319.710 302.224 303.837 302.224
304.075 257.309 319.939 257.309 319.939 302.816 304.075 302.816
304.646 257.044 320.433 257.044 320.433 302.517 304.646 302.517
304.976 257.519 320.691 257.519 320.691 303.187 304.976 303.187
305.412 256.929 321.118 256.929 321.118 302.650 305.412 302.650
305.188 257.749 320.828 257.749 320.828 303.614 305.188 303.614
305.307 257.603 320.962 257.603 320.962 303.416 305.307 303.416
305.179 257.950 320.894 257.950 320.894 303.652 305.179 303.652
305.568 257.990 321.273 257.990 321.273 303.576 305.568 303.576
305.843 258.355 321.667 258.355 321.667 303.874 305.843 303.874
306.633 258.486 322.501 258.486 322.501 304.035 306.633 304.035
306.856 259.029 322.723 259.029 322.723 304.648 306.856 304.648
307.376 259.224 323.199 259.224 323.199 304.937 307.376 304.937
307.105 259.797 323.012 259.797 323.012 305.703 307.105 305.703
307.451 258.798 323.416 258.798 323.416 304.901 307.451 304.901
307.831 258.450 323.773 258.450 323.773 304.648 307.831 304.648
308.041 257.806 324.011 257.806 324.011 304.353 308.041 304.353
307.957 257.619 323.959 257.619 323.959 304.517 307.957 304.517
308.038 256.837 324.166 256.837 324.166 303.842 308.038 303.842
307.914 256.101 324.053 256.101 324.053 303.404 307.914 303.404
307.435 256.734 323.648 256.734 323.648 304.084 307.435 304.084
307.545 257.189 323.821 257.189 323.821 304.553 307.545 304.553
307.639 257.378 324.012 257.378 324.012 304.821 307.639 304.821
307.754 257.479 324.151 257.479 324.151 305.018 307.754 305.018
307.991 258.425 324.428 258.425 324.428 305.903 307.991 305.903
308.425 259.022 324.893 259.022 324.893 306.704 308.425 306.704
308.716 259.241 325.228 259.241 325.228 306.877 308.716 306.877
309.257 258.925 325.742 258.925 325.742 306.506 309.257 306.506
309.528 259.220 326.009 259.220 326.009 306.992 309.528 306.992
309.952 259.148 326.554 259.148 326.554 306.943 309.952 306.943
309.810 259.499 326.423 259.499 326.423 307.451 309.810 307.451
309.809 260.684 326.442 260.684 326.442 308.543 309.809 308.543
310.361 261.697 326.992 261.697 326.992 309.305 310.361 309.305
311.093 262.163 327.770 262.163 327.770 309.669 311.093 309.669
311.166 262.352 327.782 262.352 327.782 310.050 311.166 310.050
311.670 261.635 328.385 261.635 328.385 309.195 311.670 309.195
312.046 260.247 328.632 260.247 328.632 307.923 312.046 307.923
312.233 260.561 328.811 260.561 328.811 308.193 312.233 308.193
312.130 261.154 328.755 261.154 328.755 308.681 312.130 308.681
311.999 261.816 328.602 261.816 328.602 309.187 311.999 309.187
312.213 262.873 328.795 262.873 328.795 310.375 312.213 310.375
312.351 263.839 328.840 263.839 328.840 311.372 312.351 311.372
312.606 264.320 328.988 264.320 328.988 311.790 312.606 311.790
312.319 265.183 328.620 265.183 328.620 312.439 312.319 312.439
312.914 262.789 329.279 262.789 329.279 310.223 312.914 310.223
312.928 264.046 329.189 264.046 329.189 311.542 312.928 311.542
313.204 263.260 329.549 263.260 329.549 310.710 313.204 310.710
313.104 263.590 329.394 263.590 329.394 311.032 313.104 311.032
313.026 263.888 329.348 263.888 329.348 311.077 313.026 311.077
313.080 265.871 329.384 265.871 329.384 312.924 313.080 312.924
312.915 265.630 329.279 265.630 329.279 312.451 312.915 312.451
313.082 265.356 329.304 265.356 329.304 312.121 313.082 312.121
313.692 265.294 329.960 265.294 329.960 311.739 313.692 311.739
313.474 265.351 329.626 265.351 329.626 311.853 313.474 311.853
314.069 264.967 330.314 264.967 330.314 311.373 314.069 311.373
314.075 265.553 330.270 265.553 330.270 312.217 314.075 312.217
314.249 264.339 330.361 264.339 330.361 311.044 314.249 311.044
314.409 265.009 330.480 265.009 330.480 311.804 314.409 311.804
314.886 265.656 331.064 265.656 331.064 312.447 314.886 312.447
314.718 266.848 330.946 266.848 330.946 313.596 314.718 313.596
314.723 267.368 331.028 267.368 331.028 313.929 314.723 313.929
314.536 267.746 330.754 267.746 330.754 314.164 314.536 314.164
314.308 267.441 330.455 267.441 330.455 313.973 314.308 313.973
314.369 266.801 330.463 266.801 330.463 313.543 314.369 313.543
314.980 266.109 331.180 266.109 331.180 312.945 314.980 312.945
314.609 265.900 330.740 265.900 330.740 312.879 314.609 312.879
314.651 266.509 330.718 266.509 330.718 313.645 314.651 313.645
314.522 267.268 330.579 267.268 330.579 314.253 314.522 314.253
314.373 267.520 330.466 267.520 330.466 314.475 314.373 314.475
314.260 267.597 330.442 267.597 330.442 314.381 314.260 314.381
314.112 267.882 330.319 267.882 330.319 314.749 314.112 314.749
314.437 268.584 330.733 268.584 330.733 315.403 314.437 315.403
314.160 267.824 330.545 267.824 330.545 314.435 314.160 314.435
314.162 267.167 330.631 267.167 330.631 313.467 314.162 313.467
314.296 267.524 330.743 267.524 330.743 313.989 314.296 313.989
314.531 266.853 330.895 266.853 330.895 313.379 314.531 313.379
314.152 267.116 330.594 267.116 330.594 313.572 314.152 313.572
314.342 267.163 330.805 267.163 330.805 313.908 314.342 313.908
314.110 267.839 330.574 267.839 330.574 314.620 314.110 314.620
313.693 267.587 330.103 267.587 330.103 314.573 313.693 314.573
313.230 268.894 329.791 268.894 329.791 315.813 313.230 315.813
313.277 268.250 329.940 268.250 329.940 314.936 313.277 314.936
313.257 268.054 329.865 268.054 329.865 314.798 313.257 314.798
313.004 267.500 329.532 267.500 329.532 314.491 313.004 314.491
312.732 266.801 329.469 266.801 329.469 313.945 312.732 313.945
312.577 266.518 329.562 266.518 329.562 313.815 312.577 313.815
312.280 266.205 329.185 266.205 329.185 313.997 312.280 313.997
311.636 267.269 328.673 267.269 328.673 314.963 311.636 314.963
312.016 267.380 329.106 267.380 329.106 315.268 312.016 315.268
311.808 267.888 328.994 267.888 328.994 315.988 311.808 315.988
311.644 269.047 329.010 269.047 329.010 317.191 311.644 317.191
311.785 268.524 329.149 268.524 329.149 316.811 311.785 316.811
311.638 268.389 329.153 268.389 329.153 316.719 311.638 316.719
311.464 268.461 329.156 268.461 329.156 316.857 311.464 316.857
311.404 268.639 329.164 268.639 329.164 317.373 311.404 317.373
311.800 267.921 329.629 267.921 329.629 316.973 311.800 316.973
311.911 267.916 329.695 267.916 329.695 317.385 311.911 317.385
311.488 269.315 329.384 269.315 329.384 318.792 311.488 318.792
311.259 269.600 329.091 269.600 329.091 319.297 311.259 319.297
311.388 270.218 329.196 270.218 329.196 320.116 311.388 320.116
311.581 270.610 329.374 270.610 329.374 320.515 311.581 320.515
311.762 270.222 329.512 270.222 329.512 320.297 311.762 320.297
312.380 268.611 330.210 268.611 330.210 318.795 312.380 318.795
311.617 269.482 329.574 269.482 329.574 319.642 311.617 319.642
311.713 269.021 329.781 269.021 329.781 319.124 311.713 319.124
311.524 269.725 329.699 269.725 329.699 319.902 311.524 319.902
311.209 269.381 329.314 269.381 329.314 319.604 311.209 319.604
311.436 269.231 329.489 269.231 329.489 319.505 311.436 319.505
311.366 269.872 329.429 269.872 329.429 320.142 311.366 320.142
311.583 270.492 329.698 270.492 329.698 320.948 311.583 320.948
311.466 270.765 329.746 270.765 329.746 320.966 311.466 320.966
311.167 271.028 329.713 271.028 329.713 320.876 311.167 320.876
311.572 270.550 330.186 270.550 330.186 320.598 311.572 320.598
311.487 270.196 330.098 270.196 330.098 320.664 311.487 320.664
311.717 269.840 330.349 269.840 330.349 320.526 311.717 320.526
311.614 270.720 330.329 270.720 330.329 321.641 311.614 321.641
311.833 270.751 330.523 270.751 330.523 321.885 311.833 321.885
311.538 271.212 330.265 271.212 330.265 322.466 311.538 322.466
311.674 272.089 330.319 272.089 330.319 323.626 311.674 323.626
311.603 272.147 330.256 272.147 330.256 323.806 311.603 323.806
311.723 271.138 330.521 271.138 330.521 322.894 311.723 322.894
311.872 271.394 330.732 271.394 330.732 323.036 311.872 323.036
311.648 270.834 330.464 270.834 330.464 322.927 311.648 322.927
311.094 270.245 329.913 270.245 329.913 322.545 311.094 322.545
311.327 269.536 330.176 269.536 330.176 321.947 311.327 321.947
310.763 269.248 329.701 269.248 329.701 321.962 310.763 321.962
310.808 269.723 329.915 269.723 329.915 322.826 310.808 322.826
311.077 270.455 330.180 270.455 330.180 323.754 311.077 323.754
310.674 272.711 329.957 272.711 329.957 326.017 310.674 326.017
310.521 272.252 329.844 272.252 329.844 325.764 310.521 325.764
310.609 271.509 329.908 271.509 329.908 325.492 310.609 325.492
311.019 271.651 330.272 271.651 330.272 325.837 311.019 325.837
310.821 271.115 330.319 271.115 330.319 325.419 310.821 325.419
311.397 271.132 330.902 271.132 330.902 325.868 311.397 325.868
311.228 272.079 330.883 272.079 330.883 326.694 311.228 326.694
311.242 273.018 331.045 273.018 331.045 327.546 311.242 327.546
311.014 273.216 330.936 273.216 330.936 327.676 311.014 327.676
310.858 272.526 330.898 272.526 330.898 327.112 310.858 327.112
310.863 273.518 330.807 273.518 330.807 328.362 310.863 328.362
310.937 272.235 331.014 272.235 331.014 326.981 310.937 326.981
310.390 271.639 330.508 271.639 330.508 326.101 310.390 326.101
310.451 271.086 330.362 271.086 330.362 326.184 310.451 326.184
310.286 270.549 330.058 270.549 330.058 326.058 310.286 326.058
310.169 270.045 329.983 270.045 329.983 325.941 310.169 325.941
309.754 270.508 329.774 270.508 329.774 326.229 309.754 326.229
309.907 271.274 330.110 271.274 330.110 327.120 309.907 327.120
309.773 272.414 330.110 272.414 330.110 328.608 309.773 328.608
309.572 272.390 329.900 272.390 329.900 329.081 309.572 329.081
309.470 272.457 330.073 272.457 330.073 329.160 309.470 329.160
309.392 272.677 330.104 272.677 330.104 329.470 309.392 329.470
310.064 272.395 330.781 272.395 330.781 329.452 310.064 329.452
309.676 271.705 330.577 271.705 330.577 328.813 309.676 328.813
309.301 271.552 330.262 271.552 330.262 328.817 309.301 328.817
308.746 271.464 329.616 271.464 329.616 328.960 308.746 328.960
309.148 271.083 330.196 271.083 330.196 328.763 309.148 328.763
309.129 271.284 330.335 271.284 330.335 329.027 309.129 329.027
308.608 271.943 329.846 271.943 329.846 329.915 308.608 329.915
309.047 272.223 330.409 272.223 330.409 330.160 309.047 330.160
309.044 272.280 330.462 272.280 330.462 330.571 309.044 330.571
308.653 271.555 330.198 271.555 330.198 330.051 308.653 330.051
308.483 270.683 329.905 270.683 329.905 329.751 308.483 329.751
308.166 269.727 329.631 269.727 329.631 328.883 308.166 328.883
308.208 269.881 329.722 269.881 329.722 329.405 308.208 329.405
308.428 269.462 330.115 269.462 330.115 329.314 308.428 329.314
308.722 269.175 330.470 269.175 330.470 329.404 308.722 329.404
308.197 268.987 329.954 268.987 329.954 329.865 308.197 329.865
308.234 271.624 330.121 271.624 330.121 332.637 308.234 332.637
308.151 270.691 330.102 270.691 330.102 332.132 308.151 332.132
307.724 270.280 329.670 270.280 329.670 332.321 307.724 332.321
307.669 269.853 329.619 269.853 329.619 332.309 307.669 332.309
307.874 268.379 330.010 268.379 330.010 331.197 307.874 331.197
307.974 267.167 330.195 267.167 330.195 330.322 307.974 330.322
307.886 267.070 330.140 267.070 330.140 330.738 307.886 330.738
307.940 266.454 330.256 266.454 330.256 330.502 307.940 330.502
304.958 269.980 327.339 269.980 327.339 334.135 304.958 334.135
305.765 270.979 328.183 270.979 328.183 335.326 305.765 335.326
306.494 270.811 328.877 270.811 328.877 335.288 306.494 335.288
306.784 269.610 329.430 269.610 329.430 334.191 306.784 334.191
307.059 268.573 329.897 268.573 329.897 333.360 307.059 333.360
307.126 268.324 329.986 268.324 329.986 333.566 307.126 333.566
307.291 268.201 330.239 268.201 330.239 333.728 307.291 333.728
307.509 267.350 330.569 267.350 330.569 333.229 307.509 333.229
307.906 266.874 331.052 266.874 331.052 333.134 307.906 333.134
308.053 266.368 331.233 266.368 331.233 333.253 308.053 333.253
308.237 265.124 331.330 265.124 331.330 332.694 308.237 332.694
308.025 263.972 331.073 263.972 331.073 332.369 308.025 332.369
308.277 263.462 331.354 263.462 331.354 332.417 308.277 332.417
308.118 262.799 331.190 262.799 331.190 332.411 308.118 332.411
308.280 263.186 331.578 263.186 331.578 333.036 308.280 333.036
308.358 263.047 331.745 263.047 331.745 333.412 308.358 333.412
308.296 263.894 331.890 263.894 331.890 334.645 308.296 334.645
307.645 264.625 331.349 264.625 331.349 335.569 307.645 335.569
307.514 265.679 331.457 265.679 331.457 336.563 307.514 336.563
307.487 265.581 331.600 265.581 331.600 336.657 307.487 336.657
307.727 264.445 331.960 264.445 331.960 335.510 307.727 335.510
307.969 264.217 332.316 264.217 332.316 335.492 307.969 335.492
307.753 263.831 332.125 263.831 332.125 335.204 307.753 335.204
307.467 264.095 332.038 264.095 332.038 335.334 307.467 335.334
307.092 265.002 331.866 265.002 331.866 336.082 307.092 336.082
307.112 266.232 331.853 266.232 331.853 337.582 307.112 337.582
307.328 267.399 332.166 267.399 332.166 338.758 307.328 338.758
307.193 268.566 332.106 268.566 332.106 340.010 307.193 340.010
306.465 272.215 331.217 272.215 331.217 343.502 306.465 343.502
306.729 273.073 331.531 273.073 331.531 343.996 306.729 343.996
306.250 273.178 330.787 273.178 330.787 344.336 306.250 344.336
305.865 272.965 330.063 272.965 330.063 344.308 305.865 344.308
306.122 273.180 330.453 273.180 330.453 344.189 306.122 344.189
306.033 272.495 330.559 272.495 330.559 343.186 306.033 343.186
305.714 271.913 330.021 271.913 330.021 342.670 305.714 342.670
305.268 271.647 329.406 271.647 329.406 342.587 305.268 342.587
304.999 273.735 329.317 273.735 329.317 344.339 304.999 344.339
304.940 274.450 328.946 274.450 328.946 344.940 304.940 344.940
304.436 275.166 328.230 275.166 328.230 345.630 304.436 345.630
304.100 274.267 327.766 274.267 327.766 344.271 304.100 344.271
304.277 274.903 327.659 274.903 327.659 344.954 304.277 344.954
304.264 276.344 327.461 276.344 327.461 346.428 304.264 346.428
303.997 276.020 327.133 276.020 327.133 345.917 303.997 345.917
304.382 276.563 327.346 276.563 327.346 346.369 304.382 346.369
304.404 276.073 327.219 276.073 327.219 345.728 304.404 345.728
304.773 276.649 327.437 276.649 327.437 346.106 304.773 346.106
305.098 277.221 327.532 277.221 327.532 346.801 305.098 346.801
305.274 276.870 327.494 276.870 327.494 346.679 305.274 346.679
305.026 277.389 327.213 277.389 327.213 347.074 305.026 347.074
305.212 277.829 327.342 277.829 327.342 347.306 305.212 347.306
304.778 278.258 326.940 278.258 326.940 347.546 304.778 347.546
304.426 279.200 326.700 279.200 326.700 347.830 304.426 347.830
303.928 281.615 326.417 281.615 326.417 349.382 303.928 349.382
304.013 282.226 326.708 282.226 326.708 349.367 304.013 349.367
303.820 281.688 326.720 281.688 326.720 348.298 303.820 348.298
303.423 282.010 326.485 282.010 326.485 348.251 303.423 348.251
303.447 282.327 326.739 282.327 326.739 348.194 303.447 348.194
303.095 282.283 326.603 282.283 326.603 347.668 303.095 347.668
302.448 282.477 326.159 282.477 326.159 347.361 302.448 347.361
302.593 283.150 326.399 283.150 326.399 347.774 302.593 347.774
302.184 284.377 325.967 284.377 325.967 348.944 302.184 348.944
302.077 284.717 325.827 284.717 325.827 349.323 302.077 349.323
301.708 284.915 325.509 284.915 325.509 349.556 301.708 349.556
301.530 285.636 325.446 285.636 325.446 350.381 301.530 350.381
301.409 285.364 325.345 285.364 325.345 350.241 301.409 350.241
301.507 285.255 325.516 285.255 325.516 350.150 301.507 350.150
301.462 286.419 325.503 286.419 325.503 351.529 301.462 351.529
301.476 285.978 325.583 285.978 325.583 351.474 301.476 351.474
301.110 285.306 325.288 285.306 325.288 350.806 301.110 350.806
301.112 285.820 325.238 285.820 325.238 351.704 301.112 351.704
300.582 285.033 324.733 285.033 324.733 351.148 300.582 351.148
300.491 285.125 324.590 285.125 324.590 351.644 300.491 351.644
300.201 285.139 324.216 285.139 324.216 352.036 300.201 352.036
300.181 285.635 324.158 285.635 324.158 353.079 300.181 353.079
299.846 285.193 323.797 285.193 323.797 352.931 299.846 352.931
299.268 285.476 323.359 285.476 323.359 353.456 299.268 353.456
299.022 285.342 323.171 285.342 323.171 353.539 299.022 353.539
298.777 284.345 322.974 284.345 322.974 352.733 298.777 352.733
298.565 284.273 322.856 284.273 322.856 352.609 298.565 352.609
298.205 285.595 322.561 285.595 322.561 353.922 298.205 353.922
297.940 286.767 322.406 286.767 322.406 354.997 297.940 354.997
297.829 287.746 322.564 287.746 322.564 355.574 297.829 355.574
297.716 287.589 322.573 287.589 322.573 355.135 297.716 355.135
297.606 288.344 322.555 288.344 322.555 355.951 297.606 355.951
297.257 288.336 322.150 288.336 322.150 356.301 297.257 356.301
296.748 287.984 321.737 287.984 321.737 356.023 296.748 356.023
296.189 287.969 321.303 287.969 321.303 355.928 296.189 355.928
295.736 288.562 320.983 288.562 320.983 356.434 295.736 356.434
294.696 287.732 319.999 287.732 319.999 355.360 294.696 355.360
294.298 289.402 319.554 289.402 319.554 356.849 294.298 356.849
293.455 291.486 318.803 291.486 318.803 358.363 293.455 358.363
292.921 292.221 318.370 292.221 318.370 358.706 292.921 358.706
292.356 293.970 317.832 293.970 317.832 360.073 292.356 360.073
291.839 293.827 317.252 293.827 317.252 359.445 291.839 359.445
291.310 294.774 316.783 294.774 316.783 359.909 291.310 359.909
291.101 293.665 316.712 293.665 316.712 358.469 291.101 358.469
290.543 293.784 316.184 293.784 316.184 358.588 290.543 358.588
290.191 294.172 315.762 294.172 315.762 358.798 290.191 358.798
289.657 294.387 315.015 294.387 315.015 359.100 289.657 359.100
288.921 295.175 314.131 295.175 314.131 360.024 288.921 360.024
288.515 296.740 313.686 296.740 313.686 361.197 288.515 361.197
288.588 296.547 313.675 296.547 313.675 360.981 288.588 360.981
288.537 296.779 313.494 296.779 313.494 361.219 288.537 361.219
288.177 297.228 313.107 297.228 313.107 361.583 288.177 361.583
287.732 297.382 312.610 297.382 312.610 361.695 287.732 361.695
288.053 297.410 313.081 297.410 313.081 361.363 288.053 361.363
287.521 296.881 312.349 296.881 312.349 360.912 287.521 360.912
287.366 296.880 312.283 296.880 312.283 360.861 287.366 360.861
286.882 297.033 311.992 297.033 311.992 360.879 286.882 360.879
285.834 298.598 311.123 298.598 311.123 362.463 285.834 362.463
285.368 299.578 310.751 299.578 310.751 363.357 285.368 363.357
285.409 299.813 310.791 299.813 310.791 363.454 285.409 363.454
284.641 299.536 309.852 299.536 309.852 363.180 284.641 363.180
283.834 299.916 308.891 299.916 308.891 363.869 283.834 363.869
283.014 300.298 308.012 300.298 308.012 364.519 283.014 364.519
282.968 300.301 307.982 300.301 307.982 364.413 282.968 364.413
283.156 299.466 308.342 299.466 308.342 363.533 283.156 363.533
282.400 299.990 307.501 299.990 307.501 364.169 282.400 364.169
281.672 300.777 306.654 300.777 306.654 365.294 281.672 365.294
281.626 300.881 306.537 300.881 306.537 365.668 281.626 365.668
281.354 301.184 306.419 301.184 306.419 365.668 281.354 365.668
280.621 302.195 305.860 302.195 305.860 366.615 280.621 366.615
279.990 302.211 305.214 302.211 305.214 366.518 279.990 366.518
279.751 301.805 304.975 301.805 304.975 366.094 279.751 366.094
279.084 302.097 304.216 302.097 304.216 366.577 279.084 366.577
278.575 301.770 303.569 301.770 303.569 366.550 278.575 366.550
278.046 301.973 302.963 301.973 302.963 366.889 278.046 366.889
277.511 302.380 302.363 302.380 302.363 367.417 277.511 367.417
277.056 302.486 301.799 302.486 301.799 367.560 277.056 367.560
276.285 304.577 300.951 304.577 300.951 369.623 276.285 369.623
275.691 303.822 300.418 303.822 300.418 368.730 275.691 368.730
275.215 304.641 300.057 304.641 300.057 369.187 275.215 369.187
274.492 304.859 299.375 304.859 299.375 369.254 274.492 369.254
273.676 306.060 298.469 306.060 298.469 370.663 273.676 370.663
272.908 306.330 297.614 306.330 297.614 371.064 272.908 371.064
272.760 304.718 297.358 304.718 297.358 369.588 272.760 369.588
272.009 304.998 296.565 304.998 296.565 370.107 272.009 370.107
271.587 305.694 296.201 305.694 296.201 370.876 271.587 370.876
270.914 305.630 295.692 305.630 295.692 370.791 270.914 370.791
270.589 306.239 295.475 306.239 295.475 371.243 270.589 371.243
269.743 308.124 294.925 308.124 294.925 372.702 269.743 372.702
269.086 307.738 294.434 307.738 294.434 372.320 269.086 372.320
268.967 307.454 294.310 307.454 294.310 372.432 268.967 372.432
267.934 307.320 293.163 307.320 293.163 372.812 267.934 372.812
267.628 307.489 293.179 307.489 293.179 372.771 267.628 372.771
266.821 306.823 292.226 306.823 292.226 372.438 266.821 372.438
266.649 307.429 292.243 307.429 292.243 373.048 266.649 373.048
266.101 309.237 291.949 309.237 291.949 374.725 266.101 374.725
265.252 309.905 290.966 309.905 290.966 375.558 265.252 375.558
265.021 309.724 290.964 309.724 290.964 375.054 265.021 375.054
264.274 311.381 290.004 311.381 290.004 376.685 264.274 376.685
263.313 310.954 288.832 310.954 288.832 376.461 263.313 376.461
262.649 311.732 287.995 311.732 287.995 377.219 262.649 377.219
262.728 311.405 288.287 311.405 288.287 376.504 262.728 376.504
262.875 311.673 288.514 311.673 288.514 376.779 262.875 376.779
262.116 311.585 287.532 311.585 287.532 376.983 262.116 376.983
261.590 311.424 286.843 311.424 286.843 376.949 261.590 376.949
260.731 312.675 285.931 312.675 285.931 378.259 260.731 378.259
260.335 313.789 285.472 313.789 285.472 379.508 260.335 379.508
260.270 314.168 285.281 314.168 285.281 379.718 260.270 379.718
259.838 314.423 284.636 314.423 284.636 380.158 259.838 380.158
259.625 314.698 284.247 314.698 284.247 380.649 259.625 380.649
259.064 314.474 283.696 314.474 283.696 380.360 259.064 380.360
258.667 313.812 283.207 313.812 283.207 379.695 258.667 379.695
258.000 314.010 282.366 314.010 282.366 380.313 258.000 380.313
257.468 314.469 281.710 314.469 281.710 381.017 257.468 381.017
256.749 315.569 280.907 315.569 280.907 381.968 256.749 381.968
256.160 315.368 280.278 315.368 280.278 381.792 256.160 381.792
256.267 316.307 280.287 316.307 280.287 382.840 256.267 382.840
256.187 317.032 280.064 317.032 280.064 383.358 256.187 383.358
255.456 317.313 279.237 317.313 279.237 383.755 255.456 383.755
255.066 317.201 278.731 317.201 278.731 383.774 255.066 383.774
255.019 317.039 278.630 317.039 278.630 383.841 255.019 383.841
254.753 316.247 278.208 316.247 278.208 383.593 254.753 383.593
254.292 317.519 277.970 317.519 277.970 384.792 254.292 384.792
253.829 318.002 277.756 318.002 277.756 385.092 253.829 385.092
253.215 319.303 277.347 319.303 277.347 386.116 253.215 386.116
252.731 319.885 276.973 319.885 276.973 386.790 252.731 386.790
252.734 320.006 276.920 320.006 276.920 387.240 252.734 387.240
252.432 320.674 276.556 320.674 276.556 388.325 252.432 388.325
252.335 320.688 276.421 320.688 276.421 388.768 252.335 388.768
251.740 319.977 275.882 319.977 275.882 388.164 251.740 388.164
251.151 319.885 275.271 319.885 275.271 388.462 251.151 388.462
250.562 319.234 274.761 319.234 274.761 387.885 250.562 387.885
249.647 320.127 273.976 320.127 273.976 388.964 249.647 388.964
249.290 320.224 273.612 320.224 273.612 389.009 249.290 389.009
248.605 320.430 273.045 320.430 273.045 389.075 248.605 389.075
247.935 321.606 272.415 321.606 272.415 390.312 247.935 390.312
246.911 320.369 271.445 320.369 271.445 388.987 246.911 388.987
246.430 320.789 270.980 320.789 270.980 389.472 246.430 389.472
246.410 320.482 270.801 320.482 270.801 389.717 246.410 389.717
245.687 320.236 270.067 320.236 270.067 389.681 245.687 389.681
245.275 320.342 269.573 320.342 269.573 390.155 245.275 390.155
244.891 320.563 269.097 320.563 269.097 390.891 244.891 390.891
244.537 320.146 268.773 320.146 268.773 390.907 244.537 390.907
243.932 321.310 268.337 321.310 268.337 392.252 243.932 392.252
243.243 321.984 267.740 321.984 267.740 392.810 243.243 392.810
242.584 321.894 267.386 321.894 267.386 392.326 242.584 392.326
242.155 322.337 267.002 322.337 267.002 392.963 242.155 392.963
242.228 321.602 267.213 321.602 267.213 392.368 242.228 392.368
241.283 322.054 266.229 322.054 266.229 393.273 241.283 393.273
241.000 322.489 265.956 322.489 265.956 394.102 241.000 394.102
240.900 321.923 265.781 321.923 265.781 394.066 240.900 394.066
239.987 322.179 265.033 322.179 265.033 394.179 239.987 394.179
239.497 322.009 264.648 322.009 264.648 393.989 239.497 393.989
238.949 323.015 264.424 323.015 264.424 394.763 238.949 394.763
238.449 324.756 264.251 324.756 264.251 396.213 238.449 396.213
238.357 324.211 264.257 324.211 264.257 395.519 238.357 395.519
237.785 324.501 263.739 324.501 263.739 395.786 237.785 395.786
237.365 323.591 263.299 323.591 263.299 394.946 237.365 394.946
237.032 323.778 262.966 323.778 262.966 395.302 237.032 395.302
236.585 322.956 262.448 322.956 262.448 394.883 236.585 394.883
236.471 322.154 262.262 322.154 262.262 394.144 236.471 394.144
236.197 323.430 262.125 323.430 262.125 395.446 236.197 395.446
235.871 324.513 261.980 324.513 261.980 396.490 235.871 396.490
235.581 326.121 261.909 326.121 261.909 397.811 235.581 397.811
235.415 326.047 261.985 326.047 261.985 397.249 235.415 397.249
235.344 326.250 262.142 326.250 262.142 396.849 235.344 396.849
235.400 326.838 262.260 326.838 262.260 397.224 235.400 397.224
235.183 326.062 262.001 326.062 262.001 396.218 235.183 396.218
234.726 326.588 261.523 326.588 261.523 396.591 234.726 396.591
234.289 325.650 260.946 325.650 260.946 395.521 234.289 395.521
233.884 326.950 260.494 326.950 260.494 396.952 233.884 396.952
232.973 326.906 259.529 326.906 259.529 396.682 232.973 396.682
232.750 327.414 259.288 327.414 259.288 396.799 232.750 396.799
232.054 327.710 258.702 327.710 258.702 396.588 232.054 396.588
231.035 328.375 257.795 328.375 257.795 396.836 231.035 396.836
229.701 330.768 256.556 330.768 256.556 398.945 229.701 398.945
229.531 329.538 256.462 329.538 256.462 397.414 229.531 397.414
228.744 329.915 255.549 329.915 255.549 397.480 228.744 397.480
228.037 330.393 254.862 330.393 254.862 397.741 228.037 397.741
227.343 330.429 254.004 330.429 254.004 397.794 227.343 397.794
226.048 332.075 252.788 332.075 252.788 399.168 226.048 399.168
225.887 330.996 252.562 330.996 252.562 397.626 225.887 397.626
225.752 330.998 252.473 330.998 252.473 397.193 225.752 397.193
221.229 333.080 248.156 333.080 248.156 398.347 221.229 398.347
221.514 334.050 248.430 334.050 248.430 398.922 221.514 398.922
221.190 334.322 247.823 334.322 247.823 398.925 221.190 398.925
220.681 334.967 247.143 334.967 247.143 399.397 220.681 399.397
215.820 333.606 242.293 333.606 242.293 397.777 215.820 397.777
216.413 334.211 243.023 334.211 243.023 398.015 216.413 398.015
216.419 334.198 243.204 334.198 243.204 397.797 216.419 397.797
215.954 334.425 242.916 334.425 242.916 397.815 215.954 397.815
210.787 334.968 237.687 334.968 237.687 398.504 210.787 398.504
210.701 335.880 237.450 335.880 237.450 399.637 210.701 399.637
210.061 335.808 237.223 335.808 237.223 399.276 210.061 399.276
204.474 336.624 231.890 336.624 231.890 400.139 204.474 400.139
204.256 336.907 231.919 336.907 231.919 400.376 204.256 400.376
203.678 338.379 231.737 338.379 231.737 401.758 203.678 401.758
198.418 338.369 226.702 338.369 226.702 401.673 198.418 401.673
198.273 338.320 226.522 338.320 226.522 401.960 198.273 401.960
194.147 339.095 222.062 339.095 222.062 403.048 194.147 403.048
194.534 338.344 222.250 338.344 222.250 403.079 194.534 403.079
194.684 338.769 222.138 338.769 222.138 404.244 194.684 404.244
194.577 338.511 221.767 338.511 221.767 404.895 194.577 404.895
189.787 340.206 217.017 340.206 217.017 406.311 189.787 406.311
189.733 338.564 216.938 338.564 216.938 404.861 189.733 404.861
189.355 338.570 216.609 338.570 216.609 404.863 189.355 404.863
183.727 340.248 211.077 340.248 211.077 406.433 183.727 406.433
183.656 339.712 211.120 339.712 211.120 405.830 183.656 405.830
183.224 340.463 210.509 340.463 210.509 406.899 183.224 406.899
182.621 339.159 209.586 339.159 209.586 406.143 182.621 406.143
181.819 338.272 208.639 338.272 208.639 405.532 181.819 405.532
181.314 337.147 208.033 337.147 208.033 404.538 181.314 404.538
180.243 335.941 206.981 335.941 206.981 403.284 180.243 403.284
179.078 338.539 205.775 338.539 205.775 405.868 179.078 405.868
178.558 339.456 205.380 339.456 205.380 406.712 178.558 406.712
177.822 340.179 204.537 340.179 204.537 407.460 177.822 407.460
173.227 342.618 199.855 342.618 199.855 410.604 173.227 410.604
173.751 340.675 200.205 340.675 200.205 409.141 173.751 409.141
173.728 337.861 200.244 337.861 200.244 406.576 173.728 406.576
173.255 337.144 199.887 337.144 199.887 405.948 173.255 405.948
172.829 336.939 199.680 336.939 199.680 405.697 172.829 405.697
172.517 336.799 199.218 336.799 199.218 405.780 172.517 405.780
172.129 338.118 198.624 338.118 198.624 407.297 172.129 407.297
171.620 343.050 198.231 343.050 198.231 412.324 171.620 412.324
171.556 343.865 197.536 343.865 197.536 413.993 171.556 413.993
171.970 345.092 197.389 345.092 197.389 416.568 171.970 416.568
172.022 344.966 197.012 344.966 197.012 417.772 172.022 417.772
171.636 343.262 196.591 343.262 196.591 416.562 171.636 416.562
171.218 344.303 196.090 344.303 196.090 418.554 171.218 418.554
171.311 341.686 196.301 341.686 196.301 416.194 171.311 416.194
171.258 343.410 196.393 343.410 196.393 418.452 171.258 418.452
171.327 344.683 196.402 344.683 196.402 420.396 171.327 420.396
171.258 345.501 196.254 345.501 196.254 421.994 171.258 421.994
172.208 347.550 197.140 347.550 197.140 424.630 172.208 424.630
172.583 347.935 197.415 347.935 197.415 425.734 172.583 425.734
172.666 348.668 197.601 348.668 197.601 426.602 172.666 426.602
172.326 346.053 197.288 346.053 197.288 424.453 172.326 424.453
172.053 346.045 197.001 346.045 197.001 425.129 172.053 425.129
172.074 346.314 197.048 346.314 197.048 426.073 172.074 426.073
172.088 347.019 197.202 347.019 197.202 427.171 172.088 427.171
171.945 348.388 197.250 348.388 197.250 428.631 171.945 428.631
171.909 349.120 197.522 349.120 197.522 429.359 171.909 429.359
171.651 350.139 197.451 350.139 197.451 430.369 171.651 430.369
171.507 350.810 197.653 350.810 197.653 430.959 171.507 430.959
171.806 350.265 198.064 350.265 198.064 430.682 171.806 430.682
171.651 350.156 198.140 350.156 198.140 430.700 171.651 430.700
171.826 349.030 198.467 349.030 198.467 429.742 171.826 429.742
172.264 348.488 198.891 348.488 198.891 429.525 172.264 429.525
172.434 348.756 199.106 348.756 199.106 429.940 172.434 429.940
172.666 350.142 199.490 350.142 199.490 431.398 172.666 431.398
172.781 351.592 199.542 351.592 199.542 432.866 172.781 432.866
172.886 352.536 199.629 352.536 199.629 433.760 172.886 433.760
172.448 352.760 199.375 352.760 199.375 433.619 172.448 433.619
172.220 353.322 199.249 353.322 199.249 433.895 172.220 433.895
171.518 353.826 198.681 353.826 198.681 434.072 171.518 434.072
171.432 352.685 198.489 352.685 198.489 432.911 171.432 432.911
171.083 352.673 198.088 352.673 198.088 433.062 171.083 433.062
170.513 353.205 197.623 353.205 197.623 433.651 170.513 433.651
169.949 353.710 197.138 353.710 197.138 434.177 169.949 434.177
169.534 354.092 196.759 354.092 196.759 434.075 169.534 434.075
169.037 354.077 196.424 354.077 196.424 433.593 169.037 433.593
168.520 357.806 195.997 357.806 195.997 436.485 168.520 436.485
168.390 358.397 195.825 358.397 195.825 436.569 168.390 436.569
167.711 357.777 195.191 357.777 195.191 435.630 167.711 435.630
166.944 358.153 194.297 358.153 194.297 435.904 166.944 435.904
166.233 358.627 193.667 358.627 193.667 436.097 166.233 436.097
165.843 357.257 193.128 357.257 193.128 434.528 165.843 434.528
165.319 357.245 192.310 357.245 192.310 434.198 165.319 434.198
165.419 358.897 192.565 358.897 192.565 435.721 165.419 435.721
164.668 359.480 191.815 359.480 191.815 436.289 164.668 436.289
163.742 359.743 190.738 359.743 190.738 436.855 163.742 436.855
162.598 361.716 189.563 361.716 189.563 438.800 162.598 438.800
161.622 361.176 188.623 361.176 188.623 438.036 161.622 438.036
160.768 362.305 187.845 362.305 187.845 438.891 160.768 438.891
159.656 361.181 186.756 361.181 186.756 437.882 159.656 437.882
158.331 360.996 185.411 360.996 185.411 437.783 158.331 437.783
157.478 359.968 184.459 359.968 184.459 436.970 157.478 436.970
156.288 360.573 183.336 360.573 183.336 437.496 156.288 437.496
154.910 361.768 182.245 361.768 182.245 438.576 154.910 438.576
153.859 362.563 181.557 362.563 181.557 438.968 153.859 438.968
153.364 363.006 181.226 363.006 181.226 439.191 153.364 439.191
152.874 364.484 180.980 364.484 180.980 440.624 152.874 440.624
151.536 365.345 179.719 365.345 179.719 441.782 151.536 441.782
150.306 365.372 178.472 365.372 178.472 442.358 150.306 442.358
149.423 365.039 177.905 365.039 177.905 442.412 149.423 442.412
148.389 364.368 176.900 364.368 176.900 442.591 148.389 442.591
147.798 364.692 176.287 364.692 176.287 443.468 147.798 443.468
147.192 364.304 175.772 364.304 175.772 443.507 147.192 443.507
146.342 365.020 175.000 365.020 175.000 444.645 146.342 444.645
145.395 366.035 174.268 366.035 174.268 445.701 145.395 445.701
144.405 367.658 173.124 367.658 173.124 447.715 144.405 447.715
143.322 367.634 172.002 367.634 172.002 447.874 143.322 447.874
141.353 367.970 170.117 367.970 170.117 448.265 141.353 448.265
140.072 368.505 168.858 368.505 168.858 448.921 140.072 448.921
138.656 367.234 167.385 367.234 167.385 447.987 138.656 447.987
138.246 367.385 166.954 367.385 166.954 448.424 138.246 448.424
137.400 366.450 166.223 366.450 166.223 447.975 137.400 447.975
136.096 366.679 165.163 366.679 165.163 448.248 136.096 448.248
135.297 366.941 164.788 366.941 164.788 448.158 135.297 448.158
134.608 367.965 164.658 367.965 164.658 448.480 134.608 448.480
133.299 370.209 163.968 370.209 163.968 449.943 133.299 449.943
131.385 371.201 162.337 371.201 162.337 450.541 131.385 450.541
129.530 371.224 160.703 371.224 160.703 450.110 129.530 450.110
128.220 371.375 159.425 371.375 159.425 450.110 128.220 450.110
126.931 372.075 158.419 372.075 158.419 450.676 126.931 450.676
125.617 371.071 156.811 371.071 156.811 450.036 125.617 450.036
124.767 370.790 155.764 370.790 155.764 449.995 124.767 449.995
123.247 370.014 154.157 370.014 154.157 449.504 123.247 449.504
121.459 372.319 152.442 372.319 152.442 451.661 121.459 451.661
120.395 374.388 151.405 374.388 151.405 453.602 120.395 453.602
119.327 374.846 150.483 374.846 150.483 453.586 119.327 453.586
117.569 375.584 148.987 375.584 148.987 453.561 117.569 453.561
116.177 375.273 147.638 375.273 147.638 452.763 116.177 452.763
114.476 375.172 145.672 375.172 145.672 452.427 114.476 452.427
112.864 374.649 143.834 374.649 143.834 451.470 112.864 451.470
111.387 374.301 142.161 374.301 142.161 450.629 111.387 450.629
110.611 373.710 141.233 373.710 141.233 449.739 110.611 449.739
109.602 373.560 140.003 373.560 140.003 449.234 109.602 449.234
108.773 375.636 138.991 375.636 138.991 450.790 108.773 450.790
107.050 378.678 137.276 378.678 137.276 452.933 107.050 452.933
105.466 379.598 135.590 379.598 135.590 453.181 105.466 453.181
104.422 381.582 134.127 381.582 134.127 454.806 104.422 454.806
103.148 380.952 132.775 380.952 132.775 453.680 103.148 453.680
100.947 380.159 130.230 380.159 130.230 452.556 100.947 452.556
99.306 379.927 128.332 379.927 128.332 452.220 99.306 452.220
97.840 379.248 126.570 379.248 126.570 451.925 97.840 451.925
95.497 378.366 124.498 378.366 124.498 450.506 95.497 450.506
93.766 378.604 122.496 378.604 122.496 450.860 93.766 450.860
92.501 380.056 121.035 380.056 121.035 452.240 92.501 452.240
91.123 381.602 119.670 381.602 119.670 453.492 91.123 453.492
84.983 384.082 113.377 384.082 113.377 455.567 84.983 455.567
84.212 384.747 112.653 384.747 112.653 455.953 84.212 455.953
82.479 385.083 110.919 385.083 110.919 455.679 82.479 455.679
81.041 385.573 109.571 385.573 109.571 455.717 81.041 455.717
80.103 385.339 108.457 385.339 108.457 455.445 80.103 455.445
78.879 385.636 106.774 385.636 106.774 455.842 78.879 455.842
76.995 385.203 104.501 385.203 104.501 455.446 76.995 455.446
75.497 385.181 102.641 385.181 102.641 455.325 75.497 455.325
74.467 387.613 101.400 387.613 101.400 457.543 74.467 457.543
73.000 388.401 99.955 388.401 99.955 457.683 73.000 457.683
71.128 389.179 98.107 389.179 98.107 457.870 71.128 457.870
69.497 389.984 96.661 389.984 96.661 458.049 69.497 458.049
67.758 390.617 94.967 390.617 94.967 458.396 67.758 458.396
65.329 390.012 92.548 390.012 92.548 457.843 65.329 457.843
62.944 390.795 90.173 390.795 90.173 458.604 62.944 458.604
60.625 391.352 87.834 391.352 87.834 459.078 60.625 459.078
58.411 393.038 85.757 393.038 85.757 460.832 58.411 460.832
56.039 394.928 83.820 394.928 83.820 461.958 56.039 461.958
53.980 396.422 81.986 396.422 81.986 463.098 53.980 463.098
51.598 397.702 80.066 397.702 80.066 463.778 51.598 463.778
49.095 398.485 77.948 398.485 77.948 463.782 49.095 463.782
46.736 398.824 75.782 398.824 75.782 463.468 46.736 463.468
44.862 399.408 73.936 399.408 73.936 463.609 44.862 463.609
42.949 399.108 71.822 399.108 71.822 463.115 42.949 463.115
41.439 399.028 70.079 399.028 70.079 462.930 41.439 462.930
39.777 398.870 68.218 398.870 68.218 462.703 39.777 462.703
38.435 400.832 66.795 400.832 66.795 464.273 38.435 464.273
36.776 401.567 65.136 401.567 65.136 464.454 36.776 464.454
30.622 402.125 59.156 402.125 59.156 464.787 30.622 464.787
30.421 402.400 58.943 402.400 58.943 464.890 30.421 464.890
29.877 403.246 58.341 403.246 58.341 465.456 29.877 465.456
24.487 402.830 52.978 402.830 52.978 465.041 24.487 465.041
24.099 402.914 52.283 402.914 52.283 465.237 24.099 465.237
23.058 402.932 50.965 402.932 50.965 465.142 23.058 465.142
21.996 402.652 49.497 402.652 49.497 464.617 21.996 464.617
20.705 403.109 48.055 403.109 48.055 464.431 20.705 464.431
15.242 403.518 42.496 403.518 42.496 464.896 15.242 464.896
14.322 403.804 41.436 403.804 41.436 464.902 14.322 464.902
