215.000 127.000 270.000 127.000 270.000 147.000 215.000 147.000
218.461 127.965 272.948 127.965 272.948 148.123 218.461 148.123
220.580 127.392 274.665 127.392 274.665 147.563 220.580 147.563
221.547 127.172 275.495 127.172 275.495 147.341 221.547 147.341
225.416 126.387 278.949 126.387 278.949 146.593 225.416 146.593
226.544 126.172 279.634 126.172 279.634 146.458 226.544 146.458
227.939 125.773 280.660 125.773 280.660 146.167 227.939 146.167
229.506 124.548 281.862 124.548 281.862 144.964 229.506 144.964
232.495 123.503 284.443 123.503 284.443 144.032 232.495 144.032
234.029 122.416 285.336 122.416 285.336 143.130 234.029 143.130
235.612 121.131 286.293 121.131 286.293 141.934 235.612 141.934
237.276 120.199 287.291 120.199 287.291 141.099 237.276 141.099
239.558 119.300 288.654 119.300 288.654 140.248 239.558 140.248
240.830 118.744 289.246 118.744 289.246 139.570 240.830 139.570
241.610 118.385 289.375 118.385 289.375 139.126 241.610 139.126
242.338 117.940 289.655 117.940 289.655 138.449 242.338 138.449
242.328 117.410 289.211 117.410 289.211 137.665 242.328 137.665
241.422 116.964 287.946 116.964 287.946 137.028 241.422 137.028
240.895 116.820 287.267 116.820 287.267 136.605 240.895 136.605
241.088 116.673 287.101 116.673 287.101 136.198 241.088 136.198
241.540 115.444 286.294 115.444 286.294 135.178 241.540 135.178
241.308 115.406 285.006 115.406 285.006 135.293 241.308 135.293
240.595 115.585 283.571 115.585 283.571 135.502 240.595 135.502
244.773 115.228 286.918 115.228 286.918 135.087 244.773 135.087
244.358 118.469 285.276 118.469 285.276 138.487 244.358 138.487
244.471 121.045 283.297 121.045 283.297 142.489 244.471 142.489
244.070 123.585 281.250 123.585 281.250 146.009 244.070 146.009
244.148 122.420 279.409 122.420 279.409 145.946 244.148 145.946
243.910 125.283 277.182 125.283 277.182 149.984 243.910 149.984
244.030 125.055 275.614 125.055 275.614 150.594 244.030 150.594
243.421 128.179 273.868 128.179 273.868 153.998 243.421 153.998
243.037 131.036 272.481 131.036 272.481 156.852 243.037 156.852
242.088 131.408 270.683 131.408 270.683 157.122 242.088 157.122
241.554 134.455 269.610 134.455 269.610 159.732 241.554 159.732
240.623 135.140 268.157 135.140 268.157 160.052 240.623 160.052
239.089 135.613 266.130 135.613 266.130 160.116 239.089 160.116
237.109 136.334 263.840 136.334 263.840 160.326 237.109 160.326
235.196 139.672 261.650 139.672 261.650 163.272 235.196 163.272
234.350 139.523 260.269 139.523 260.269 162.830 234.350 162.830
233.670 139.628 259.081 139.628 259.081 162.638 233.670 162.638
232.291 139.819 257.634 139.819 257.634 162.357 232.291 162.357
231.164 140.023 256.393 140.023 256.393 162.016 231.164 162.016
233.213 140.180 258.058 140.180 258.058 161.840 233.213 161.840
233.444 140.265 258.362 140.265 258.362 161.478 233.444 161.478
233.087 140.192 258.120 140.192 258.120 160.865 233.087 160.865
233.375 141.229 258.444 141.229 258.444 161.447 233.375 161.447
233.800 140.894 259.301 140.894 259.301 160.608 233.800 160.608
234.155 140.646 260.109 140.646 260.109 159.748 234.155 159.748
235.031 141.289 261.097 141.289 261.097 160.148 235.031 160.148
236.395 141.342 262.447 141.342 262.447 159.932 236.395 159.932
237.587 141.520 263.536 141.520 263.536 159.953 237.587 159.953
239.005 141.386 264.597 141.386 264.597 159.823 239.005 159.823
240.237 141.435 265.482 141.435 265.482 159.906 240.237 159.906
241.481 141.412 266.471 141.412 266.471 159.904 241.481 159.904
242.421 141.594 267.414 141.594 267.414 159.989 242.421 159.989
243.366 141.172 268.246 141.172 268.246 159.427 243.366 159.427
244.302 141.689 268.966 141.689 268.966 159.930 244.302 159.930
245.503 141.828 269.642 141.828 269.642 160.181 245.503 160.181
248.920 141.007 272.708 141.007 272.708 159.423 248.920 159.423
250.308 139.789 273.928 139.789 273.928 158.240 250.308 158.240
251.702 140.436 275.199 140.436 275.199 158.870 251.702 158.870
252.373 140.482 275.639 140.482 275.639 158.975 252.373 158.975
253.327 140.754 276.673 140.754 276.673 159.043 253.327 159.043
254.720 140.484 277.761 140.484 277.761 158.758 254.720 158.758
255.551 140.359 278.260 140.359 278.260 158.692 255.551 158.692
255.379 140.852 278.177 140.852 278.177 158.753 255.379 158.753
255.955 141.861 278.630 141.861 278.630 159.529 255.955 159.529
255.954 142.212 278.310 142.212 278.310 159.862 255.954 159.862
255.801 142.737 277.939 142.737 277.939 160.155 255.801 160.155
257.849 143.400 279.393 143.400 279.393 160.920 257.849 160.920
259.873 143.692 280.821 143.692 280.821 161.334 259.873 161.334
259.544 146.358 280.412 146.358 280.412 163.832 259.544 163.832
259.239 149.568 281.536 149.568 281.536 165.810 259.239 165.810
261.421 150.353 285.118 150.353 285.118 165.418 261.421 165.418
260.684 152.974 285.701 152.974 285.701 166.974 260.684 166.974
257.300 153.055 283.254 153.055 283.254 166.348 257.300 166.348
238.009 164.711 263.929 164.711 263.929 177.745 238.009 177.745
237.780 164.301 263.558 164.301 263.558 177.211 237.780 177.211
234.988 168.920 260.866 168.920 260.866 181.484 234.988 181.484
234.708 166.693 260.611 166.693 260.611 179.008 234.708 179.008
238.754 168.330 264.660 168.330 264.660 180.517 238.754 180.517
237.861 168.348 264.038 168.348 264.038 180.206 237.861 180.206
239.585 168.423 265.938 168.423 265.938 180.077 239.585 180.077
238.970 170.598 265.069 170.598 265.069 182.327 238.970 182.327
238.892 172.518 264.900 172.518 264.900 184.182 238.892 184.182
239.193 174.625 264.979 174.625 264.979 186.318 239.193 186.318
236.962 174.253 262.566 174.253 262.566 185.966 236.962 185.966
234.268 178.472 259.670 178.472 259.670 190.163 234.268 190.163
220.902 156.802 246.484 156.802 246.484 168.383 220.902 168.383
219.725 153.987 245.574 153.987 245.574 165.338 219.725 165.338
220.464 154.023 246.601 154.023 246.601 165.118 220.464 165.118
221.259 153.622 247.546 153.622 247.546 164.530 221.259 164.530
219.666 153.567 246.094 153.567 246.094 164.345 219.666 164.345
220.133 155.388 246.781 155.388 246.781 166.105 220.133 166.105
220.701 154.981 247.489 154.981 247.489 165.639 220.701 165.639
219.891 154.880 246.602 154.880 246.602 165.585 219.891 165.585
220.806 154.937 247.527 154.937 247.527 165.607 220.806 165.607
221.131 154.767 247.973 154.767 247.973 165.382 221.131 165.382
219.481 154.794 246.717 154.794 246.717 165.080 219.481 165.080
220.305 154.770 247.775 154.770 247.775 164.862 220.305 164.862
219.345 154.544 246.565 154.544 246.565 164.813 219.345 164.813
219.976 154.322 247.138 154.322 247.138 164.645 219.976 164.645
218.824 154.014 245.717 154.014 245.717 164.408 218.824 164.408
220.057 154.032 246.830 154.032 246.830 164.535 220.057 164.535
218.853 153.918 245.552 153.918 245.552 164.471 218.853 164.471
219.799 155.883 246.577 155.883 246.577 166.451 219.799 166.451
220.425 155.395 247.311 155.395 247.311 165.963 220.425 165.963
219.165 154.928 245.829 154.928 245.829 165.594 219.165 165.594
219.862 154.678 246.604 154.678 246.604 165.319 219.862 165.319
220.433 154.471 247.300 154.471 247.300 165.065 220.433 165.065
219.293 154.315 246.076 154.315 246.076 164.942 219.293 164.942
219.789 154.006 246.602 154.006 246.602 164.619 219.789 164.619
220.895 156.198 248.030 156.198 248.030 166.574 220.895 166.574
221.276 156.119 248.762 156.119 248.762 166.248 221.276 166.248
221.064 156.044 248.950 156.044 248.950 165.945 221.064 165.945
220.148 155.593 247.997 155.593 247.997 165.454 220.148 165.454
220.558 155.388 248.688 155.388 248.688 165.121 220.558 165.121
219.507 155.114 247.726 155.114 247.726 164.851 219.507 164.851
220.024 154.844 248.083 154.844 248.083 164.841 220.024 164.841
219.006 154.453 246.753 154.453 246.753 164.675 219.006 164.675
220.395 154.248 247.943 154.248 247.943 164.600 220.395 164.600
219.045 153.992 246.463 153.992 246.463 164.436 219.045 164.436
219.391 153.652 246.755 153.652 246.755 164.155 219.391 164.155
220.458 155.719 248.058 155.719 248.058 165.948 220.458 165.948
220.807 155.543 248.661 155.543 248.661 165.512 220.807 165.512
219.038 155.211 246.725 155.211 246.725 165.377 219.038 165.377
219.862 154.851 247.452 154.851 247.452 165.169 219.862 165.169
220.187 154.704 247.643 154.704 247.643 165.047 220.187 165.047
219.222 154.257 246.411 154.257 246.411 164.729 219.222 164.729
219.848 153.897 247.086 153.897 247.086 164.387 219.848 164.387
219.153 153.915 246.154 153.915 246.154 164.497 219.153 164.497
219.980 155.818 246.979 155.818 246.979 166.399 219.980 166.399
220.711 155.641 248.030 155.641 248.030 165.963 220.711 165.963
221.259 155.517 248.868 155.517 248.868 165.588 221.259 165.588
219.634 155.434 247.514 155.434 247.514 165.376 219.634 165.376
220.578 155.214 248.705 155.214 248.705 165.067 220.578 165.067
220.013 154.912 248.156 154.912 248.156 164.769 220.013 164.769
219.130 154.741 246.954 154.741 246.954 164.847 219.130 164.847
220.003 154.626 247.615 154.626 247.615 164.875 220.003 164.875
220.626 154.650 248.119 154.650 248.119 164.999 220.626 164.999
219.515 154.421 246.873 154.421 246.873 164.889 219.515 164.889
219.940 154.181 247.288 154.181 247.288 164.657 219.940 164.657
220.433 154.005 247.823 154.005 247.823 164.487 220.433 164.487
219.442 153.715 246.729 153.715 246.729 164.268 219.442 164.268
220.294 155.605 247.539 155.605 247.539 166.146 220.294 166.146
220.977 155.537 248.555 155.537 248.555 165.767 220.977 165.767
219.147 155.340 246.671 155.340 246.671 165.689 219.147 165.689
219.557 155.056 247.053 155.056 247.053 165.516 219.557 165.516
220.475 154.931 248.268 154.931 248.268 165.190 220.475 165.190
219.747 154.695 247.689 154.695 247.689 164.821 219.747 164.821
218.796 154.327 246.418 154.327 246.418 164.663 218.796 164.663
219.554 154.297 247.103 154.297 247.103 164.699 219.554 164.699
220.075 154.217 247.561 154.217 247.561 164.663 220.075 164.663
220.353 154.114 247.827 154.114 247.827 164.596 220.353 164.596
219.060 153.913 246.392 153.913 246.392 164.495 219.060 164.495
219.647 153.715 246.965 153.715 246.965 164.301 219.647 164.301
219.072 153.490 246.128 153.490 246.128 164.135 219.072 164.135
220.239 153.425 247.213 153.425 247.213 164.053 220.239 164.053
220.553 155.634 247.942 155.634 247.942 165.927 220.553 165.927
221.016 155.543 248.742 155.543 248.742 165.582 221.016 165.582
219.189 155.325 246.775 155.325 246.775 165.553 219.189 165.553
219.998 155.157 247.816 155.157 247.816 165.252 219.998 165.252
220.577 154.904 248.657 154.904 248.657 164.819 220.577 164.819
219.170 154.646 247.042 154.646 247.042 164.733 219.170 164.733
219.944 154.570 247.649 154.570 247.649 164.780 219.944 164.780
220.342 156.481 248.275 156.481 248.275 166.539 220.342 166.539
219.434 156.126 247.399 156.126 247.399 166.138 219.434 166.138
220.483 155.589 248.529 155.589 248.529 165.524 220.483 165.524
219.827 155.335 247.937 155.335 247.937 165.230 219.827 165.230
220.775 155.087 249.083 155.087 249.083 164.896 220.775 164.896
219.419 155.171 247.903 155.171 247.903 164.902 219.419 164.902
219.680 155.358 248.397 155.358 248.397 164.974 219.680 164.974
218.453 155.327 247.182 155.327 247.182 164.978 218.453 164.978
219.123 155.189 247.873 155.189 247.873 164.864 219.123 164.864
219.994 155.085 248.761 155.085 248.761 164.786 219.994 164.786
219.423 154.940 248.117 154.940 248.117 164.700 219.423 164.700
219.999 155.028 248.827 155.028 248.827 164.707 219.999 164.707
218.920 154.982 247.683 154.982 247.683 164.679 218.920 164.679
219.728 155.050 248.551 155.050 248.551 164.700 219.728 164.700
220.161 155.011 249.052 155.011 249.052 164.633 220.161 164.633
218.845 154.891 247.683 154.891 247.683 164.560 218.845 164.560
219.864 154.687 248.714 154.687 248.714 164.387 219.864 164.387
218.754 154.565 247.632 154.565 247.632 164.315 218.754 164.315
219.211 154.331 247.868 154.331 247.868 164.347 219.211 164.347
220.091 156.494 248.846 156.494 248.846 166.410 220.091 166.410
220.680 155.962 249.641 155.962 249.641 165.852 220.680 165.852
219.551 155.687 248.523 155.687 248.523 165.544 219.551 165.544
218.421 155.118 247.026 155.118 247.026 165.345 218.421 165.345
219.691 154.771 247.938 154.771 247.938 165.193 219.691 165.193
218.522 154.365 246.518 154.365 246.518 164.935 218.522 164.935
219.283 154.229 247.075 154.229 247.075 164.885 219.283 164.885
219.635 154.084 247.390 154.084 247.390 164.749 219.635 164.749
220.515 156.191 248.576 156.191 248.576 166.637 220.515 166.637
219.096 155.915 247.303 155.915 247.303 166.218 219.096 166.218
220.052 155.574 248.412 155.574 248.412 165.767 220.052 165.767
220.288 155.261 248.879 155.261 248.879 165.275 220.288 165.275
218.773 154.909 247.071 154.909 247.071 165.119 218.773 165.119
219.235 154.630 247.365 154.630 247.365 164.982 219.235 164.982
219.797 154.388 247.826 154.388 247.826 164.833 219.797 164.833
218.577 154.130 246.350 154.130 246.350 164.732 218.577 164.732
219.597 154.017 247.170 154.017 247.170 164.658 219.597 164.658
218.808 153.748 246.102 153.748 246.102 164.458 218.808 164.458
219.725 153.557 246.964 153.557 246.964 164.255 219.725 164.255
218.653 155.472 245.836 155.472 245.836 166.230 218.653 166.230
219.192 155.398 246.332 155.398 246.332 166.156 219.192 166.156
220.121 155.071 247.255 155.071 247.255 165.840 220.121 165.840
219.212 154.583 246.280 154.583 246.280 165.407 219.212 165.407
219.824 154.282 246.863 154.282 246.863 165.030 219.824 165.030
220.472 154.180 247.570 154.180 247.570 164.877 220.472 164.877
219.416 154.191 246.467 154.191 246.467 164.930 219.416 164.930
219.744 154.262 246.836 154.262 246.836 164.986 219.744 164.986
220.485 154.067 247.611 154.067 247.611 164.763 220.485 164.763
219.317 153.854 246.357 153.854 246.357 164.579 219.317 164.579
219.948 153.673 247.034 153.673 247.034 164.377 219.948 164.377
220.650 153.726 247.651 153.726 247.651 164.403 220.650 164.403
219.479 153.863 246.303 153.863 246.303 164.580 219.479 164.580
220.020 155.939 246.923 155.939 246.923 166.575 220.020 166.575
220.537 155.689 247.514 155.689 247.514 166.299 220.537 166.299
220.646 155.264 247.759 155.264 247.759 165.806 220.646 165.806
219.599 154.806 246.654 154.806 246.654 165.449 219.599 165.449
218.886 154.471 245.771 154.471 245.771 165.192 218.886 165.192
219.932 154.259 246.823 154.259 246.823 164.937 219.932 164.937
220.581 154.341 247.571 154.341 247.571 164.997 220.581 164.997
219.430 154.389 246.346 154.389 246.346 165.108 219.430 165.108
220.091 154.254 246.951 154.254 246.951 164.940 220.091 164.940
218.968 153.970 245.863 153.970 245.863 164.683 218.968 164.683
219.982 153.812 246.963 153.812 246.963 164.493 219.982 164.493
220.748 156.032 248.091 156.032 248.091 166.373 220.748 166.373
219.636 155.753 246.852 155.753 246.852 166.195 219.636 166.195
220.443 155.441 247.617 155.441 247.617 165.929 220.443 165.929
219.338 154.907 246.315 154.907 246.315 165.498 219.338 165.498
219.947 154.754 246.896 154.754 246.896 165.356 219.947 165.356
219.107 154.368 245.926 154.368 245.926 165.043 219.107 165.043
219.982 154.143 246.779 154.143 246.779 164.810 219.982 164.810
220.554 154.073 247.447 154.073 247.447 164.738 220.554 164.738
219.321 154.036 246.211 154.036 246.211 164.745 219.321 164.745
219.913 153.987 246.861 153.987 246.861 164.670 219.913 164.670
219.051 153.631 245.946 153.631 245.946 164.385 219.051 164.385
220.106 153.631 246.943 153.631 246.943 164.322 220.106 164.322
219.526 153.541 246.247 153.541 246.247 164.268 219.526 164.268
220.345 155.420 247.208 155.420 247.208 166.067 220.345 166.067
219.111 155.144 245.916 155.144 245.916 165.833 219.111 165.833
219.559 154.929 246.428 154.929 246.428 165.659 219.559 165.659
220.329 154.717 247.156 154.717 247.156 165.428 220.329 165.428
219.460 154.379 246.124 154.379 246.124 165.145 219.460 165.145
220.145 154.260 246.907 154.260 246.907 164.954 220.145 164.954
219.321 154.050 245.928 154.050 245.928 164.786 219.321 164.786
220.048 156.233 247.106 156.233 247.106 166.621 220.048 166.621
220.433 156.162 247.877 156.162 247.877 166.294 220.433 166.294
220.977 155.977 248.683 155.977 248.683 165.912 220.977 165.912
219.784 155.638 247.582 155.638 247.582 165.497 219.784 165.497
221.121 155.459 249.117 155.459 249.117 165.230 221.121 165.230
219.638 155.294 247.810 155.294 247.810 165.014 219.638 165.014
218.476 154.799 246.286 154.799 246.286 164.851 218.476 164.851
219.368 154.783 247.224 154.783 247.224 164.678 219.368 164.678
218.461 154.441 246.027 154.441 246.027 164.591 218.461 164.591
219.705 154.176 247.111 154.176 247.111 164.499 219.705 164.499
220.382 154.103 247.714 154.103 247.714 164.494 220.382 164.494
219.174 154.128 246.396 154.128 246.396 164.650 219.174 164.650
219.829 153.985 247.041 153.985 247.041 164.541 219.829 164.541
220.140 153.808 247.357 153.808 247.357 164.347 220.140 164.347
220.802 153.822 248.004 153.822 248.004 164.334 220.802 164.334
219.850 153.873 246.858 153.873 246.858 164.456 219.850 164.456
220.874 156.029 248.172 156.029 248.172 166.349 220.874 166.349
221.021 155.990 248.726 155.990 248.726 166.021 221.021 166.021
219.554 155.839 247.425 155.839 247.425 165.721 219.554 165.721
220.094 155.605 248.080 155.605 248.080 165.381 220.094 165.381
220.917 155.371 249.152 155.371 249.152 165.053 220.917 165.053
219.897 155.070 248.211 155.070 248.211 164.753 219.897 164.753
220.283 155.063 248.860 155.063 248.860 164.664 220.283 164.664
219.133 154.920 247.802 154.920 247.802 164.556 219.133 164.556
219.779 154.951 248.571 154.951 248.571 164.539 219.779 164.539
220.237 154.880 249.089 154.880 249.089 164.453 220.237 164.453
219.172 154.822 248.153 154.822 248.153 164.419 219.172 164.419
219.841 154.732 248.962 154.732 248.962 164.352 219.841 164.352
218.696 154.737 247.833 154.737 247.833 164.392 218.696 164.392
219.696 154.899 248.906 154.899 248.906 164.542 219.696 164.542
218.772 154.588 247.556 154.588 247.556 164.620 218.772 164.620
219.366 154.274 247.927 154.274 247.927 164.534 219.366 164.534
218.498 153.980 246.785 153.980 246.785 164.470 218.498 164.470
219.936 153.899 248.006 153.899 248.006 164.469 219.936 164.469
220.757 155.892 249.058 155.892 249.058 166.262 220.757 166.262
219.590 155.733 248.040 155.733 248.040 165.935 219.590 165.935
220.238 155.528 248.873 155.528 248.873 165.589 220.238 165.589
219.320 155.343 248.044 155.343 248.044 165.404 219.320 165.404
217.743 155.578 246.635 155.578 246.635 165.548 217.743 165.548
218.375 158.089 246.882 158.089 246.882 168.327 218.375 168.327
218.617 160.396 246.804 160.396 246.804 170.766 218.617 170.766
218.079 165.347 246.047 165.347 246.047 175.835 218.079 175.835
218.294 167.915 245.876 167.915 245.876 178.555 218.294 178.555
218.804 173.076 246.103 173.076 246.103 183.847 218.804 183.847
219.037 175.319 246.110 175.319 246.110 186.140 219.037 186.140
220.973 177.987 248.083 177.987 248.083 188.822 220.973 188.822
219.096 180.609 246.057 180.609 246.057 191.469 219.096 191.469
219.149 185.625 245.656 185.625 245.656 196.636 219.149 196.636
219.302 188.372 245.604 188.372 245.604 199.394 219.302 199.394
220.249 191.124 246.434 191.124 246.434 202.094 220.249 202.094
220.251 193.616 246.441 193.616 246.441 204.447 220.251 204.447
220.589 193.732 247.057 193.732 247.057 204.435 220.589 204.435
220.696 193.929 247.378 193.929 247.378 204.530 220.696 204.530
220.768 194.093 247.598 194.093 247.598 204.621 220.768 204.621
220.815 194.557 247.600 194.557 247.600 205.091 220.815 205.091
220.792 194.679 247.628 194.679 247.628 205.168 220.792 205.168
220.620 194.685 247.485 194.685 247.485 205.163 220.620 205.163
220.498 194.674 247.486 194.674 247.486 205.117 220.498 205.117
220.471 194.412 247.631 194.412 247.631 204.831 220.471 204.831
220.565 194.303 247.785 194.303 247.785 204.718 220.565 204.718
220.313 194.431 247.755 194.431 247.755 204.821 220.313 204.821
220.682 194.597 248.093 194.597 248.093 205.039 220.682 205.039
220.587 194.671 248.084 194.671 248.084 205.103 220.587 205.103
220.411 194.810 247.860 194.810 247.860 205.266 220.411 205.266
220.380 194.689 247.797 194.689 247.797 205.135 220.380 205.135
220.391 194.457 247.805 194.457 247.805 204.905 220.391 204.905
220.362 194.452 247.845 194.452 247.845 204.908 220.362 204.908
220.529 194.460 247.996 194.460 247.996 204.933 220.529 204.933
220.342 194.524 247.856 194.524 247.856 205.004 220.342 205.004
220.072 194.723 247.525 194.723 247.525 205.234 220.072 205.234
220.319 194.839 247.631 194.839 247.631 205.414 220.319 205.414
220.466 194.493 247.888 194.493 247.888 205.077 220.466 205.077
219.170 194.419 246.484 194.419 246.484 205.065 219.170 205.065
219.721 194.616 246.859 194.616 246.859 205.294 219.721 205.294
219.575 194.942 246.643 194.942 246.643 205.545 219.575 205.545
219.299 195.385 246.223 195.385 246.223 206.021 219.299 206.021
219.343 200.430 246.113 200.430 246.113 211.103 219.343 211.103
219.773 202.837 246.413 202.837 246.413 213.512 219.773 213.512
220.673 204.998 247.359 204.998 247.359 215.619 220.673 215.619
219.805 207.227 246.494 207.227 246.494 217.821 219.805 217.821
220.496 207.119 247.248 207.119 247.248 217.596 220.496 217.596
221.171 207.273 247.963 207.273 247.963 217.676 221.171 217.676
221.434 207.253 248.268 207.253 248.268 217.611 221.434 217.611
220.388 207.346 247.062 207.346 247.062 217.771 220.388 217.771
221.152 207.314 247.845 207.314 247.845 217.725 221.152 217.725
220.477 207.283 247.066 207.283 247.066 217.748 220.477 217.748
221.039 207.347 247.662 207.347 247.662 217.770 221.039 217.770
221.373 207.433 248.088 207.433 248.088 217.781 221.373 217.781
221.795 207.657 248.602 207.657 248.602 217.941 221.795 217.941
220.251 207.735 246.991 207.735 246.991 218.060 220.251 218.060
221.026 207.811 247.690 207.811 247.690 218.165 221.026 218.165
220.034 207.570 246.722 207.570 246.722 218.049 220.034 218.049
219.151 207.386 245.790 207.386 245.790 217.985 219.151 217.985
220.465 207.385 247.069 207.385 247.069 217.943 220.465 217.943
221.132 207.451 247.756 207.451 247.756 217.945 221.132 217.945
220.311 207.589 246.800 207.589 246.800 218.125 220.311 218.125
220.993 207.649 247.524 207.649 247.524 218.154 220.993 218.154
220.132 207.668 246.597 207.668 246.597 218.215 220.132 218.215
220.664 207.429 247.291 207.429 247.291 217.980 220.664 217.980
219.893 207.412 246.473 207.412 246.473 217.969 219.893 217.969
220.815 207.329 247.406 207.329 247.406 217.810 220.815 217.810
220.033 207.303 246.505 207.303 246.505 217.813 220.033 217.813
220.680 207.340 247.256 207.340 247.256 217.767 220.680 217.767
221.394 207.483 247.970 207.483 247.970 217.909 221.394 217.909
220.401 207.556 246.844 207.556 246.844 218.068 220.401 218.068
221.254 207.499 247.757 207.499 247.757 217.986 221.254 217.986
220.366 207.454 246.875 207.454 246.875 217.950 220.366 217.950
221.014 207.380 247.630 207.380 247.630 217.824 221.014 217.824
220.230 207.228 246.735 207.228 246.735 217.685 220.230 217.685
220.720 207.157 247.285 207.157 247.285 217.567 220.720 217.567
221.190 207.402 247.873 207.402 247.873 217.738 221.190 217.738
221.514 207.535 248.260 207.535 248.260 217.838 221.514 217.838
220.228 207.502 246.920 207.502 246.920 217.852 220.228 217.852
221.011 207.406 247.740 207.406 247.740 217.755 221.011 217.755
220.477 207.206 247.088 207.206 247.088 217.624 220.477 217.624
219.823 207.131 246.376 207.131 246.376 217.589 219.823 217.589
220.266 207.133 246.890 207.133 246.890 217.547 220.266 217.547
221.016 207.146 247.633 207.146 247.633 217.533 221.016 217.533
219.990 207.191 246.493 207.191 246.493 217.639 219.990 217.639
220.644 207.241 247.177 207.241 247.177 217.687 220.644 217.687
221.639 207.428 248.124 207.428 248.124 217.884 221.639 217.884
220.626 207.476 247.083 207.476 247.083 217.964 220.626 217.964
221.238 207.430 247.862 207.430 247.862 217.832 221.238 217.832
220.251 207.342 246.841 207.342 246.841 217.738 220.251 217.738
220.776 207.532 247.480 207.532 247.480 217.879 220.776 217.879
219.787 207.594 246.362 207.594 246.362 218.004 219.787 218.004
220.510 207.611 247.097 207.611 247.097 218.026 220.510 218.026
221.271 207.677 247.917 207.677 247.917 218.059 221.271 218.059
220.381 207.534 246.970 207.534 246.970 217.974 220.381 217.974
221.220 207.568 247.865 207.568 247.865 217.949 221.220 217.949
221.364 207.678 248.137 207.678 248.137 217.990 221.364 217.990
221.729 207.812 248.556 207.812 248.556 218.115 221.729 218.115
220.102 207.586 247.002 207.586 247.002 217.930 220.102 217.930
220.565 207.409 247.591 207.409 247.591 217.753 220.565 217.753
221.032 207.323 248.033 207.323 248.033 217.651 221.032 217.651
220.038 207.128 246.866 207.128 246.866 217.496 220.038 217.496
220.686 207.160 247.465 207.160 247.465 217.503 220.686 217.503
221.316 207.274 248.074 207.274 248.074 217.610 221.316 217.610
220.538 207.375 247.179 207.375 247.179 217.774 220.538 217.774
221.247 207.564 247.841 207.564 247.841 217.989 221.247 217.989
220.367 207.508 246.832 207.508 246.832 217.996 220.367 217.996
221.217 207.518 247.668 207.518 247.668 218.016 221.217 218.016
220.285 207.382 246.736 207.382 246.736 217.909 220.285 217.909
221.349 207.311 247.878 207.311 247.878 217.795 221.349 217.795
220.544 207.293 246.994 207.293 246.994 217.797 220.544 217.797
221.330 207.304 247.780 207.304 247.780 217.782 221.330 217.782
220.200 207.302 246.503 207.302 246.503 217.878 220.200 217.878
220.827 207.360 247.166 207.360 247.166 217.916 220.827 217.916
219.931 207.238 246.279 207.238 246.279 217.821 219.931 217.821
220.709 207.174 247.173 207.174 247.173 217.686 220.709 217.686
220.068 206.989 246.460 206.989 246.460 217.540 220.068 217.540
220.663 207.092 247.166 207.092 247.166 217.581 220.663 217.581
221.463 207.095 247.985 207.095 247.985 217.568 221.463 217.568
220.431 207.194 246.833 207.194 246.833 217.733 220.431 217.733
221.134 207.234 247.576 207.234 247.576 217.748 221.134 217.748
220.145 207.127 246.614 207.127 246.614 217.641 220.145 217.641
220.730 207.011 247.302 207.011 247.302 217.464 220.730 217.464
220.028 206.863 246.506 206.863 246.506 217.351 220.028 217.351
220.888 206.894 247.438 206.894 247.438 217.330 220.888 217.330
219.983 206.868 246.395 206.868 246.395 217.369 219.983 217.369
220.448 206.887 246.963 206.887 246.963 217.354 220.448 217.354
221.105 206.835 247.661 206.835 247.661 217.285 221.105 217.285
220.144 206.642 246.698 206.642 246.698 217.098 220.144 217.098
220.840 208.576 247.444 208.576 247.444 219.032 220.840 219.032
219.789 208.244 246.300 208.244 246.300 218.781 219.789 218.781
220.820 207.929 247.314 207.929 247.314 218.475 220.820 218.475
221.299 207.748 247.865 207.748 247.865 218.256 221.299 218.256
220.008 207.604 246.676 207.604 246.676 218.145 220.008 218.145
220.507 207.423 247.283 207.423 247.283 217.980 220.507 217.980
219.465 207.197 246.222 207.197 246.222 217.831 219.465 217.831
220.469 207.133 247.187 207.133 247.187 217.716 220.469 217.716
220.871 207.198 247.634 207.198 247.634 217.688 220.871 217.688
221.476 207.270 248.221 207.270 248.221 217.732 221.476 217.732
220.408 207.306 247.032 207.306 247.032 217.785 220.408 217.785
221.309 207.159 247.979 207.159 247.979 217.617 221.309 217.617
220.526 207.073 247.065 207.073 247.065 217.583 220.526 217.583
221.337 206.998 247.973 206.998 247.973 217.455 221.337 217.455
220.481 207.061 247.008 207.061 247.008 217.546 220.481 217.546
221.206 207.084 247.745 207.084 247.745 217.548 221.206 217.548
220.443 207.130 246.880 207.130 246.880 217.637 220.443 217.637
221.135 207.071 247.628 207.071 247.628 217.533 221.135 217.533
220.252 207.057 246.661 207.057 246.661 217.585 220.252 217.585
221.015 207.063 247.591 207.063 247.591 217.509 221.015 217.509
219.960 206.975 246.479 206.975 246.479 217.447 219.960 217.447
220.570 206.962 247.187 206.962 247.187 217.390 220.570 217.390
220.815 207.157 247.407 207.157 247.407 217.554 220.815 217.554
219.339 209.451 245.794 209.451 245.794 219.934 219.339 219.934
220.132 212.097 246.373 212.097 246.373 222.694 220.132 222.694
220.126 214.591 246.274 214.591 246.274 225.194 220.126 225.194
221.014 219.382 247.126 219.382 247.126 229.927 221.014 229.927
220.785 221.767 246.968 221.767 246.968 232.261 220.785 232.261
220.952 222.089 247.117 222.089 247.117 232.539 220.952 232.539
221.572 224.533 247.760 224.533 247.760 234.918 221.572 234.918
220.120 224.629 246.281 224.629 246.281 234.984 220.120 234.984
220.849 224.735 247.080 224.735 247.080 235.060 220.849 235.060
221.557 224.705 247.858 224.705 247.858 234.981 221.557 234.981
220.469 224.563 246.672 224.563 246.672 234.891 220.469 234.891
221.028 224.530 247.292 224.530 247.292 234.820 221.028 234.820
221.635 224.669 247.934 224.669 247.934 234.929 221.635 234.929
220.304 224.729 246.582 224.729 246.582 234.970 220.304 234.970
221.060 224.887 247.369 224.887 247.369 235.108 221.060 235.108
221.678 224.911 248.007 224.911 248.007 235.137 221.678 235.137
220.613 224.781 246.871 224.781 246.871 235.057 220.613 235.057
221.501 224.842 247.801 224.842 247.801 235.099 221.501 235.099
220.269 224.813 246.569 224.813 246.569 235.074 220.269 235.074
220.895 225.029 247.191 225.029 247.191 235.266 220.895 235.266
220.597 225.278 247.045 225.278 247.045 235.410 220.597 235.410
220.081 227.675 246.402 227.675 246.402 237.867 220.081 237.867
219.890 229.932 246.048 229.932 246.048 240.198 219.890 240.198
220.441 232.122 246.352 232.122 246.352 242.509 220.441 242.509
221.145 234.585 247.172 234.585 247.172 244.941 221.145 244.941
222.013 236.689 248.155 236.689 248.155 247.015 222.013 247.015
221.064 236.571 247.203 236.571 247.203 246.909 221.064 246.909
221.302 236.593 247.599 236.593 247.599 246.851 221.302 246.851
220.489 236.469 246.672 236.469 246.672 246.811 220.489 246.811
221.175 236.399 247.456 236.399 247.456 246.692 221.175 246.692
220.205 236.304 246.551 236.304 246.551 246.658 220.205 246.658
220.805 236.202 247.284 236.202 247.284 246.536 220.805 246.536
221.345 236.256 247.894 236.256 247.894 246.593 221.345 246.593
221.784 236.262 248.370 236.262 248.370 246.595 221.784 246.595
220.646 236.311 247.193 236.311 247.193 246.695 220.646 246.695
221.133 236.375 247.824 236.375 247.824 246.693 221.133 246.693
219.974 236.261 246.620 236.261 246.620 246.612 219.974 246.612
220.604 236.359 247.322 236.359 247.322 246.669 220.604 246.669
221.703 236.408 248.366 236.408 248.366 246.747 221.703 246.747
220.455 236.474 247.124 236.474 247.124 246.827 220.455 246.827
221.261 236.518 247.943 236.518 247.943 246.876 221.261 246.876
221.647 236.494 248.437 236.494 248.437 246.822 221.647 246.822
220.544 236.376 247.298 236.376 247.298 246.747 220.544 246.747
221.033 236.357 247.821 236.357 247.821 246.690 221.033 246.690
219.985 236.305 246.610 236.305 246.610 246.740 219.985 246.740
220.994 236.304 247.628 236.304 247.628 246.706 220.994 246.706
221.558 236.417 248.278 236.417 248.278 246.787 221.558 246.787
221.940 236.433 248.813 236.433 248.813 246.716 221.940 246.716
220.544 236.541 247.395 236.541 247.395 246.845 220.544 246.845
221.169 236.557 248.056 236.557 248.056 246.837 221.169 246.837
221.527 236.607 248.519 236.607 248.519 246.839 221.527 246.839
220.285 236.585 247.138 236.585 247.138 246.865 220.285 246.865
220.998 236.611 247.878 236.611 247.878 246.877 220.998 246.877
221.296 236.667 248.233 236.667 248.233 246.907 221.296 246.907
221.682 236.748 248.647 236.748 248.647 246.982 221.682 246.982
220.509 236.490 247.471 236.490 247.471 246.844 220.509 246.844
221.229 236.506 248.193 236.506 248.193 246.820 221.229 246.820
221.671 236.586 248.745 236.586 248.745 246.813 221.671 246.813
220.750 236.548 247.691 236.548 247.691 246.807 220.750 246.807
221.142 236.561 248.156 236.561 248.156 246.787 221.142 246.787
222.045 236.569 249.058 236.569 249.058 246.784 222.045 246.784
220.944 236.603 247.810 236.603 247.810 246.896 220.944 246.896
221.524 236.590 248.453 236.590 248.453 246.851 221.524 246.851
222.274 236.537 249.243 236.537 249.243 246.763 222.274 246.763
220.902 236.602 247.853 236.602 247.853 246.828 220.902 246.828
221.252 236.698 248.314 236.698 248.314 246.892 221.252 246.892
221.660 236.856 249.150 236.856 249.150 246.825 221.660 246.825
220.134 236.798 247.533 236.798 247.533 246.920 220.134 246.920
220.660 236.772 248.031 236.772 248.031 246.979 220.660 246.979
221.243 236.636 248.568 236.636 248.568 246.910 221.243 246.910
220.329 236.351 247.503 236.351 247.503 246.747 220.329 246.747
220.690 236.160 248.052 236.160 248.052 246.533 220.690 246.533
221.013 236.128 248.554 236.128 248.554 246.505 221.013 246.505
221.385 236.254 249.047 236.254 249.047 246.632 221.385 246.632
220.371 236.177 247.953 236.177 247.953 246.613 220.371 246.613
220.736 236.136 248.373 236.136 248.373 246.582 220.736 246.582
221.175 236.080 248.829 236.080 248.829 246.514 221.175 246.514
220.005 235.908 247.546 235.908 247.546 246.412 220.005 246.412
220.912 235.841 248.404 235.841 248.404 246.386 220.912 246.386
221.139 235.861 248.781 235.861 248.781 246.351 221.139 246.351
221.601 236.001 249.378 236.001 249.378 246.514 221.601 246.514
220.382 236.115 248.121 236.115 248.121 246.734 220.382 246.734
221.158 236.252 248.831 236.252 248.831 246.864 221.158 246.864
221.526 236.338 249.277 236.338 249.277 246.876 221.526 246.876
220.125 236.304 247.747 236.304 247.747 246.903 220.125 246.903
220.932 236.264 248.590 236.264 248.590 246.836 220.932 246.836
221.009 236.419 248.754 236.419 248.754 246.952 221.009 246.952
221.141 236.354 248.857 236.354 248.857 246.913 221.141 246.913
224.084 236.522 251.767 236.522 251.767 247.122 224.084 247.122
228.097 236.475 255.515 236.475 255.515 247.331 228.097 247.331
234.191 236.065 261.613 236.065 261.613 247.015 234.191 247.015
237.781 235.841 265.309 235.841 265.309 246.787 237.781 246.787
238.445 235.974 266.038 235.974 266.038 246.846 238.445 246.846
238.924 235.985 266.700 235.985 266.700 246.785 238.924 246.785
238.073 235.932 265.882 235.932 265.882 246.796 238.073 246.796
238.619 235.892 266.579 235.892 266.579 246.744 238.619 246.744
239.261 235.803 267.294 235.803 267.294 246.670 239.261 246.670
237.654 235.741 265.838 235.741 265.838 246.588 237.654 246.588
238.370 235.797 266.539 235.797 266.539 246.669 238.370 246.669
239.233 235.648 267.292 235.648 267.292 246.609 239.233 246.609
242.763 235.708 270.674 235.708 270.674 246.769 242.763 246.769
246.255 235.806 274.052 235.806 274.052 246.884 246.255 246.884
250.669 235.784 278.298 235.784 278.298 246.995 250.669 246.995
255.227 235.618 282.739 235.618 282.739 246.894 255.227 246.894
258.693 235.828 286.409 235.828 286.409 246.959 258.693 246.959
257.656 235.700 285.393 235.700 285.393 246.812 257.656 246.812
258.315 235.596 286.156 235.596 286.156 246.659 258.315 246.659
257.422 235.410 285.278 235.410 285.278 246.476 257.422 246.476
257.919 235.684 285.840 235.684 285.840 246.688 257.919 246.688
258.710 235.657 286.720 235.657 286.720 246.623 258.710 246.623
257.266 235.446 285.265 235.446 285.265 246.434 257.266 246.434
258.491 235.503 286.517 235.503 286.517 246.573 258.491 246.573
259.040 235.666 287.157 235.666 287.157 246.769 259.040 246.769
263.288 235.655 291.298 235.655 291.298 246.886 263.288 246.886
270.624 235.631 298.476 235.631 298.476 247.008 270.624 247.008
275.394 235.559 303.222 235.559 303.222 246.967 275.394 246.967
277.622 235.638 305.429 235.638 305.429 247.071 277.622 247.071
276.299 235.718 304.297 235.718 304.297 247.059 276.299 247.059
277.545 235.652 305.605 235.652 305.605 246.950 277.545 246.950
276.244 235.639 304.343 235.639 304.343 246.917 276.244 246.917
277.319 235.626 305.504 235.626 305.504 246.861 277.319 246.861
278.166 235.628 306.544 235.628 306.544 246.759 278.166 246.759
276.915 235.548 305.241 235.548 305.241 246.702 276.915 246.702
277.894 235.550 306.257 235.550 306.257 246.651 277.894 246.651
278.355 235.500 306.849 235.500 306.849 246.506 278.355 246.506
276.973 235.460 305.404 235.460 305.404 246.520 276.973 246.520
277.889 235.368 306.349 235.368 306.349 246.408 277.889 246.408
278.429 235.350 306.944 235.350 306.944 246.345 278.429 246.345
277.296 235.230 305.743 235.230 305.743 246.255 277.296 246.255
277.812 235.200 306.387 235.200 306.387 246.175 277.812 246.175
278.228 235.266 306.892 235.266 306.892 246.183 278.228 246.183
278.331 235.400 307.069 235.400 307.069 246.278 278.331 246.278
278.048 235.381 306.933 235.381 306.933 246.215 278.048 246.215
278.646 235.303 307.377 235.303 307.377 246.259 278.646 246.259
285.044 235.305 313.495 235.305 313.495 246.434 285.044 246.434
288.570 235.456 316.937 235.456 316.937 246.632 288.570 246.632
294.955 235.388 323.090 235.388 323.090 246.710 294.955 246.710
298.965 235.402 326.756 235.402 326.756 246.860 298.965 246.860
304.915 235.346 332.783 235.346 332.783 246.810 304.915 246.810
308.817 235.545 336.581 235.545 336.581 247.087 308.817 247.087
315.013 235.457 342.803 235.457 342.803 247.015 315.013 247.015
318.618 235.334 346.498 235.334 346.498 246.853 318.618 246.853
326.880 235.111 354.707 235.111 354.707 246.623 326.880 246.623
330.533 235.327 358.334 235.327 358.334 246.858 330.533 246.858
336.794 235.250 364.651 235.250 364.651 246.786 336.794 246.786
345.390 235.148 373.224 235.148 373.224 246.716 345.390 246.716
349.540 235.128 377.211 235.128 377.211 246.721 349.540 246.721
353.217 234.982 380.882 234.982 380.882 246.610 353.217 246.610
357.173 234.820 384.833 234.820 384.833 246.441 357.173 246.441
361.231 234.634 388.779 234.634 388.779 246.347 361.231 246.347
367.852 234.206 395.667 234.206 395.667 245.892 367.852 245.892
369.406 234.006 397.224 234.006 397.224 245.609 369.406 245.609
370.876 233.688 398.701 233.688 398.701 245.264 370.876 245.264
372.082 233.497 400.086 233.497 400.086 245.010 372.082 245.010
372.586 233.672 400.768 233.672 400.768 245.047 372.586 245.047
372.663 233.517 401.154 233.517 401.154 244.795 372.663 244.795
373.214 233.400 401.842 233.400 401.842 244.609 373.214 244.609
373.262 233.475 401.894 233.475 401.894 244.621 373.262 244.621
373.359 233.601 402.001 233.601 402.001 244.676 373.359 244.676
373.245 233.779 401.974 233.779 401.974 244.813 373.245 244.813
373.528 233.601 402.399 233.601 402.399 244.661 373.528 244.661
373.482 233.588 402.580 233.588 402.580 244.590 373.482 244.590
373.355 233.614 402.548 233.614 402.548 244.680 373.355 244.680
373.121 233.801 402.540 233.801 402.540 244.860 373.121 244.860
373.104 233.914 402.604 233.914 402.604 245.026 373.104 245.026
373.192 233.877 402.875 233.877 402.875 245.000 373.192 245.000
373.196 233.933 403.019 233.933 403.019 245.097 373.196 245.097
372.824 233.770 402.815 233.770 402.815 244.928 372.824 244.928
372.904 233.743 402.920 233.743 402.920 244.915 372.904 244.915
372.803 233.675 402.859 233.675 402.859 244.851 372.803 244.851
372.654 233.714 402.739 233.714 402.739 244.978 372.654 244.978
372.572 233.814 402.751 233.814 402.751 245.101 372.572 245.101
372.428 233.738 402.807 233.738 402.807 245.082 372.428 245.082
372.620 233.682 403.024 233.682 403.024 245.100 372.620 245.100
372.837 233.485 403.317 233.485 403.317 244.934 372.837 244.934
372.549 233.449 403.084 233.449 403.084 244.906 372.549 244.906
372.852 233.307 403.328 233.307 403.328 244.836 372.852 244.836
372.754 233.441 403.468 233.441 403.468 244.969 372.754 244.969
373.084 233.529 403.775 233.529 403.775 245.148 373.084 245.148
372.975 233.659 403.823 233.659 403.823 245.263 372.975 245.263
372.692 233.634 403.810 233.634 403.810 245.251 372.692 245.251
372.503 233.475 403.722 233.475 403.722 245.114 372.503 245.114
372.420 233.281 403.681 233.281 403.681 244.985 372.420 244.985
372.419 233.314 403.835 233.314 403.835 245.103 372.419 245.103
372.709 233.323 404.221 233.323 404.221 245.143 372.709 245.143
372.899 233.334 404.369 233.334 404.369 245.240 372.899 245.240
372.413 233.567 403.999 233.567 403.999 245.489 372.413 245.489
372.376 233.398 404.088 233.398 404.088 245.357 372.376 245.357
372.554 233.417 404.353 233.417 404.353 245.401 372.554 245.401
372.438 233.229 404.428 233.229 404.428 245.201 372.438 245.201
372.350 233.099 404.344 233.099 404.344 245.125 372.350 245.125
372.240 233.208 404.412 233.208 404.412 245.286 372.240 245.286
372.516 233.244 404.659 233.244 404.659 245.416 372.516 245.416
370.551 233.035 402.657 233.035 402.657 245.308 370.551 245.308
371.540 232.907 403.524 232.907 403.524 245.262 371.540 245.262
372.263 232.896 404.288 232.896 404.288 245.263 372.263 245.263
372.482 232.960 404.501 232.960 404.501 245.342 372.482 245.342
372.524 233.110 404.683 233.110 404.683 245.424 372.524 245.424
372.547 232.909 404.899 232.909 404.899 245.203 372.547 245.203
372.685 232.991 404.981 232.991 404.981 245.303 372.685 245.303
372.620 232.927 405.093 232.927 405.093 245.208 372.620 245.208
372.562 232.844 405.105 232.844 405.105 245.139 372.562 245.139
372.350 232.921 405.076 232.921 405.076 245.253 372.350 245.253
372.225 233.132 405.106 233.132 405.106 245.473 372.225 245.473
371.854 233.162 404.960 233.162 404.960 245.480 371.854 245.480
372.123 232.975 405.318 232.975 405.318 245.297 372.123 245.297
372.105 232.820 405.293 232.820 405.293 245.177 372.105 245.177
372.194 232.759 405.441 232.759 405.441 245.098 372.194 245.098
372.378 232.705 405.617 232.705 405.617 245.084 372.378 245.084
372.384 232.931 405.700 232.931 405.700 245.279 372.384 245.279
372.098 232.758 405.583 232.758 405.583 245.162 372.098 245.162
371.882 232.806 405.509 232.806 405.509 245.294 371.882 245.294
371.802 232.755 405.635 232.755 405.635 245.266 371.802 245.266
371.788 232.633 405.683 232.633 405.683 245.195 371.788 245.195
372.116 232.489 406.020 232.489 406.020 245.069 372.116 245.069
372.212 232.593 406.162 232.593 406.162 245.160 372.212 245.160
372.107 232.644 406.045 232.644 406.045 245.249 372.107 245.249
372.061 232.775 406.002 232.775 406.002 245.404 372.061 245.404
371.954 232.840 405.899 232.840 405.899 245.469 371.954 245.469
372.100 232.742 406.157 232.742 406.157 245.395 372.100 245.395
371.982 232.625 406.177 232.625 406.177 245.295 371.982 245.295
371.899 232.499 406.242 232.499 406.242 245.246 371.899 245.246
371.882 232.387 406.253 232.387 406.253 245.227 371.882 245.227
371.918 232.443 406.342 232.443 406.342 245.316 371.918 245.316
371.612 232.496 406.141 232.496 406.141 245.374 371.612 245.374
371.488 232.540 406.092 232.540 406.092 245.422 371.488 245.422
371.644 232.373 406.248 232.373 406.248 245.288 371.644 245.288
371.658 232.574 406.382 232.574 406.382 245.517 371.658 245.517
371.388 232.508 406.230 232.508 406.230 245.501 371.388 245.501
371.492 232.465 406.415 232.465 406.415 245.547 371.492 245.547
371.760 232.565 406.768 232.565 406.768 245.698 371.760 245.698
371.594 232.523 406.644 232.523 406.644 245.693 371.594 245.693
371.646 232.621 406.760 232.621 406.760 245.821 371.646 245.821
371.834 232.569 407.040 232.569 407.040 245.738 371.834 245.738
371.639 232.408 406.990 232.408 406.990 245.539 371.639 245.539
371.540 232.361 406.847 232.361 406.847 245.512 371.540 245.512
371.250 232.413 406.619 232.413 406.619 245.539 371.250 245.539
371.162 232.482 406.464 232.482 406.464 245.632 371.162 245.632
371.603 232.506 406.782 232.506 406.782 245.723 371.603 245.723
371.628 232.556 406.868 232.556 406.868 245.761 371.628 245.761
371.587 232.490 406.919 232.490 406.919 245.683 371.587 245.683
371.639 232.294 406.951 232.294 406.951 245.508 371.639 245.508
371.773 232.427 407.120 232.427 407.120 245.699 371.773 245.699
371.551 232.341 406.994 232.341 406.994 245.622 371.551 245.622
371.382 232.395 406.906 232.395 406.906 245.767 371.382 245.767
371.527 232.500 407.045 232.500 407.045 245.940 371.527 245.940
371.363 232.406 407.015 232.406 407.015 245.871 371.363 245.871
371.509 232.385 407.258 232.385 407.258 245.864 371.509 245.864
371.353 232.301 407.271 232.301 407.271 245.722 371.353 245.722
371.192 232.225 407.156 232.225 407.156 245.632 371.192 245.632
371.702 232.052 407.630 232.052 407.630 245.495 371.702 245.495
371.598 232.164 407.645 232.164 407.645 245.662 371.598 245.662
371.378 232.280 407.475 232.280 407.475 245.830 371.378 245.830
370.970 232.220 407.258 232.220 407.258 245.800 370.970 245.800
370.960 232.167 407.285 232.167 407.285 245.821 370.960 245.821
371.203 232.179 407.552 232.179 407.552 245.863 371.203 245.863
371.212 232.131 407.662 232.131 407.662 245.828 371.212 245.828
371.235 232.119 407.707 232.119 407.707 245.830 371.235 245.830
371.409 232.109 407.821 232.109 407.821 245.879 371.409 245.879
371.283 232.080 407.810 232.080 407.810 245.831 371.283 245.831
371.406 232.087 407.989 232.087 407.989 245.842 371.406 245.842
371.621 231.956 408.184 231.956 408.184 245.697 371.621 245.697
371.477 231.853 408.120 231.853 408.120 245.563 371.477 245.563
371.284 232.053 408.010 232.053 408.010 245.836 371.284 245.836
371.458 232.177 408.162 232.177 408.162 246.033 371.458 246.033
371.346 232.130 408.209 232.130 408.209 245.956 371.346 245.956
371.275 232.051 408.299 232.051 408.299 245.920 371.275 245.920
371.136 232.130 408.262 232.130 408.262 246.016 371.136 246.016
371.143 232.014 408.364 232.014 408.364 245.912 371.143 245.912
370.965 232.013 408.249 232.013 408.249 245.940 370.965 245.940
371.071 232.084 408.280 232.084 408.280 246.056 371.071 246.056
371.345 232.065 408.540 232.065 408.540 246.056 371.345 246.056
371.146 232.199 408.529 232.199 408.529 246.119 371.146 246.119
370.875 232.222 408.262 232.222 408.262 246.142 370.875 246.142
370.979 232.251 408.293 232.251 408.293 246.235 370.979 246.235
370.589 232.162 407.990 232.162 407.990 246.226 370.589 246.226
370.422 232.050 407.985 232.050 407.985 246.135 370.422 246.135
370.345 231.911 408.047 231.911 408.047 246.063 370.345 246.063
370.776 231.829 408.496 231.829 408.496 246.002 370.776 246.002
370.998 231.862 408.819 231.862 408.819 246.036 370.998 246.036
370.893 231.889 408.848 231.889 408.848 246.037 370.893 246.037
370.984 231.874 409.013 231.874 409.013 246.023 370.984 246.023
370.896 231.822 408.961 231.822 408.961 246.009 370.896 246.009
370.764 231.810 408.867 231.810 408.867 246.017 370.764 246.017
370.881 231.832 408.922 231.832 408.922 246.075 370.881 246.075
370.813 231.805 408.943 231.805 408.943 245.987 370.813 245.987
371.039 231.734 409.108 231.734 409.108 245.964 371.039 245.964
371.364 231.752 409.482 231.752 409.482 245.959 371.364 245.959
371.477 231.859 409.554 231.859 409.554 246.089 371.477 246.089
371.308 231.942 409.471 231.942 409.471 246.126 371.308 246.126
371.084 231.997 409.235 231.997 409.235 246.180 371.084 246.180
370.673 232.074 408.847 232.074 408.847 246.240 370.673 246.240
370.539 232.052 408.798 232.052 408.798 246.296 370.539 246.296
370.806 232.037 409.132 232.037 409.132 246.336 370.806 246.336
370.806 231.947 409.118 231.947 409.118 246.303 370.806 246.303
370.602 231.945 408.962 231.945 408.962 246.387 370.602 246.387
370.676 231.994 409.113 231.994 409.113 246.469 370.676 246.469
370.866 232.012 409.375 232.012 409.375 246.509 370.866 246.509
371.091 232.013 409.678 232.013 409.678 246.486 371.091 246.486
371.011 232.170 409.660 232.170 409.660 246.627 371.011 246.627
370.705 231.941 409.658 231.941 409.658 246.408 370.705 246.408
370.453 232.021 409.534 232.021 409.534 246.522 370.453 246.522
370.478 231.829 409.516 231.829 409.516 246.417 370.478 246.417
370.726 231.831 409.771 231.831 409.771 246.511 370.726 246.511
370.487 231.818 409.666 231.818 409.666 246.527 370.487 246.527
370.639 231.829 409.858 231.829 409.858 246.564 370.639 246.564
371.101 231.829 410.377 231.829 410.377 246.572 371.101 246.572
371.026 231.861 410.361 231.861 410.361 246.611 371.026 246.611
370.651 231.871 410.055 231.871 410.055 246.587 370.651 246.587
370.660 231.905 410.030 231.905 410.030 246.647 370.660 246.647
370.797 231.973 410.213 231.973 410.213 246.696 370.797 246.696
370.249 231.766 409.794 231.766 409.794 246.595 370.249 246.595
370.342 231.789 409.821 231.789 409.821 246.732 370.342 246.732
370.179 231.753 409.721 231.753 409.721 246.728 370.179 246.728
370.420 231.705 410.000 231.705 410.000 246.711 370.420 246.711
370.682 231.622 410.404 231.622 410.404 246.637 370.682 246.637
370.742 231.738 410.509 231.738 410.509 246.771 370.742 246.771
370.595 231.875 410.484 231.875 410.484 246.895 370.595 246.895
370.206 231.920 410.231 231.920 410.231 246.920 370.206 246.920
370.158 231.731 410.245 231.731 410.245 246.860 370.158 246.860
367.993 231.321 407.907 231.321 407.907 246.669 367.993 246.669
369.182 231.218 408.843 231.218 408.843 246.663 369.182 246.663
369.616 231.218 409.276 231.218 409.276 246.589 369.616 246.589
369.855 231.148 409.473 231.148 409.473 246.507 369.855 246.507
370.488 231.253 410.156 231.253 410.156 246.575 370.488 246.575
370.790 231.195 410.679 231.195 410.679 246.401 370.790 246.401
370.763 231.368 410.669 231.368 410.669 246.534 370.763 246.534
371.070 231.178 411.049 231.178 411.049 246.315 371.070 246.315
371.168 231.392 411.219 231.392 411.219 246.578 371.168 246.578
368.765 231.150 408.707 231.150 408.707 246.380 368.765 246.380
369.026 231.210 408.857 231.210 408.857 246.490 369.026 246.490
368.911 231.433 408.743 231.433 408.743 246.644 368.911 246.644
368.922 231.935 408.803 231.935 408.803 247.168 368.922 247.168
368.805 235.693 408.530 235.693 408.530 251.023 368.805 251.023
369.614 236.687 409.114 236.687 409.114 252.147 369.614 252.147
369.786 240.466 409.338 240.466 409.338 255.908 369.786 255.908
370.142 244.249 409.479 244.249 409.479 259.737 370.142 259.737
369.598 248.429 408.932 248.429 408.932 263.901 369.598 263.901
369.304 252.126 408.685 252.126 408.685 267.438 369.304 267.438
369.513 255.549 408.918 255.549 408.918 270.784 369.513 270.784
369.608 256.181 408.770 256.181 408.770 271.587 369.608 271.587
369.824 260.523 408.763 260.523 408.763 276.081 369.824 276.081
369.554 264.631 408.501 264.631 408.501 280.071 369.554 280.071
370.026 268.451 409.166 268.451 409.166 283.806 370.026 283.806
370.258 272.515 409.347 272.515 409.347 287.921 370.258 287.921
369.776 273.412 408.606 273.412 408.606 289.035 369.776 289.035
370.535 281.106 409.461 281.106 409.461 296.721 370.535 296.721
370.680 285.001 409.786 285.001 409.786 300.489 370.680 300.489
371.472 288.706 410.426 288.706 410.426 304.280 371.472 304.280
371.555 292.809 410.230 292.809 410.230 308.374 371.555 308.374
372.549 296.396 411.444 296.396 411.444 311.873 372.549 311.873
372.029 300.614 410.929 300.614 410.929 316.130 372.029 316.130
371.825 301.455 410.544 301.455 410.544 317.093 371.825 317.093
371.419 305.420 410.017 305.420 410.017 321.012 371.419 321.012
372.036 309.203 410.655 309.203 410.655 324.808 372.036 324.808
372.706 316.549 411.327 316.549 411.327 332.333 372.706 332.333
371.982 317.290 410.577 317.290 410.577 333.086 371.982 333.086
372.974 321.857 411.361 321.857 411.361 337.759 372.974 337.759
372.718 326.312 411.042 326.312 411.042 342.207 372.718 342.207
372.822 330.259 410.887 330.259 410.887 346.210 372.822 346.210
373.398 338.052 411.048 338.052 411.048 354.245 373.398 354.245
373.654 348.837 411.180 348.837 411.180 365.057 373.654 365.057
375.223 356.254 412.550 356.254 412.550 372.517 375.223 372.517
375.612 360.521 413.068 360.521 413.068 376.726 375.612 376.726
375.211 364.137 412.644 364.137 412.644 380.345 375.211 380.345
375.202 371.673 412.414 371.673 412.414 387.931 375.202 387.931
373.058 379.456 410.373 379.456 410.373 395.620 373.058 395.620
372.077 382.932 409.064 382.932 409.064 399.135 372.077 399.135
368.987 387.518 404.968 387.518 404.968 404.526 368.987 404.526
370.480 391.592 405.041 391.592 405.041 409.787 370.480 409.787
371.654 392.295 404.842 392.295 404.842 411.566 371.654 411.566
369.203 396.072 401.221 396.072 401.221 416.369 369.203 416.369
369.382 402.209 400.216 402.209 400.216 423.526 369.382 423.526
369.572 401.579 399.441 401.579 399.441 423.724 369.572 423.724
369.906 401.385 398.905 401.385 398.905 424.314 369.906 424.314
370.131 398.346 398.393 398.346 398.393 421.902 370.131 421.902
370.484 395.493 398.332 395.493 398.332 419.373 370.484 419.373
370.756 396.116 398.360 396.116 398.360 420.313 370.756 420.313
371.077 396.918 398.380 396.918 398.380 421.297 371.077 421.297
371.178 397.434 398.209 397.434 398.209 422.024 371.178 422.024
371.372 397.952 398.164 397.952 398.164 422.699 371.372 422.699
371.493 398.136 398.108 398.136 398.108 422.979 371.493 422.979
371.437 398.407 397.857 398.407 397.857 423.315 371.437 423.315
371.540 398.733 397.836 398.733 397.836 423.774 371.540 423.774
371.400 395.975 397.774 395.975 397.774 421.004 371.400 421.004
371.536 396.694 397.853 396.694 397.853 421.638 371.536 421.638
371.245 397.194 397.577 397.194 397.577 422.149 371.245 422.149
371.169 397.828 397.340 397.828 397.340 422.867 371.169 422.867
371.176 398.466 397.273 398.466 397.273 423.496 371.176 423.496
371.569 396.034 397.783 396.034 397.783 421.030 371.569 421.030
371.859 396.653 398.016 396.653 398.016 421.631 371.859 421.631
371.903 394.305 398.188 394.305 398.188 419.075 371.903 419.075
371.841 398.298 397.937 398.298 397.937 423.207 371.841 423.207
372.315 395.830 398.433 395.830 398.433 420.682 372.315 420.682
372.373 396.541 398.476 396.541 398.476 421.387 372.373 421.387
372.499 397.154 398.458 397.154 398.458 421.996 372.499 421.996
372.706 397.817 398.608 397.817 398.608 422.690 372.706 422.690
372.970 395.541 398.829 395.541 398.829 420.326 372.970 420.326
372.590 399.387 398.357 399.387 398.357 424.173 372.590 424.173
372.064 399.521 397.808 399.521 397.808 424.297 372.064 424.297
372.036 396.769 397.777 396.769 397.777 421.530 372.036 421.530
371.861 397.434 397.585 397.434 397.585 422.259 371.861 422.259
371.976 395.217 397.876 395.217 397.876 419.858 371.976 419.858
372.139 396.040 398.052 396.040 398.052 420.559 372.139 420.559
372.276 396.766 398.217 396.766 398.217 421.234 372.276 421.234
372.497 397.402 398.470 397.402 398.470 421.877 372.497 421.877
372.601 398.106 398.496 398.106 398.496 422.563 372.601 422.563
372.890 395.718 398.772 395.718 398.772 420.083 372.890 420.083
373.004 396.362 398.912 396.362 398.912 420.729 373.004 420.729
373.228 397.022 399.079 397.022 399.079 421.365 373.228 421.365
370.613 394.380 396.490 394.380 396.490 418.568 370.613 418.568
370.805 397.894 396.574 397.894 396.574 422.200 370.805 422.200
371.107 395.536 396.915 395.536 396.915 419.674 371.107 419.674
371.216 396.184 397.096 396.184 397.096 420.303 371.216 420.303
371.347 396.672 397.182 396.672 397.182 420.820 371.347 420.820
371.309 396.985 397.099 396.985 397.099 421.199 371.309 421.199
371.358 397.426 396.942 397.426 396.942 421.732 371.358 421.732
371.519 397.836 397.049 397.836 397.049 422.228 371.519 422.228
371.579 395.573 397.187 395.573 397.187 419.809 371.579 419.809
371.803 396.190 397.365 396.190 397.365 420.389 371.803 420.389
371.718 396.684 397.274 396.684 397.274 420.837 371.718 420.837
371.970 397.219 397.515 397.219 397.515 421.318 371.970 421.318
372.191 397.777 397.610 397.777 397.610 421.976 372.191 421.976
372.324 398.185 397.647 398.185 397.647 422.445 372.324 422.445
372.272 398.513 397.625 398.513 397.625 422.737 372.272 422.737
372.295 395.903 397.670 395.903 397.670 420.099 372.295 420.099
372.188 399.280 397.460 399.280 397.460 423.564 372.188 423.564
372.311 399.441 397.427 399.441 397.427 423.740 372.311 423.740
372.337 399.622 397.355 399.622 397.355 423.909 372.337 423.909
372.311 399.539 397.309 399.539 397.309 423.743 372.311 423.743
372.233 396.971 397.253 396.971 397.253 421.096 372.233 421.096
372.371 397.378 397.367 397.378 397.367 421.413 372.371 421.413
372.475 397.867 397.496 397.867 397.496 421.855 372.475 421.855
372.884 395.771 397.907 395.771 397.907 419.629 372.884 419.629
372.896 396.329 397.938 396.329 397.938 420.065 372.896 420.065
373.010 397.067 398.127 397.067 398.127 420.717 373.010 420.717
372.939 397.590 398.012 397.590 398.012 421.262 372.939 421.262
373.112 398.187 398.145 398.187 398.145 421.864 373.112 421.864
373.198 395.840 398.281 395.840 398.281 419.430 373.198 419.430
373.448 396.391 398.497 396.391 398.497 419.967 373.448 419.967
373.665 394.181 398.847 394.181 398.847 417.578 373.665 417.578
373.993 395.276 399.181 395.276 399.181 418.653 373.993 418.653
374.339 395.994 399.516 395.994 399.516 419.357 374.339 419.357
374.715 393.973 399.863 393.973 399.863 417.228 374.715 417.228
374.673 397.598 399.702 397.598 399.702 420.874 374.673 420.874
371.785 395.405 396.811 395.405 396.811 418.670 371.785 418.670
372.046 395.891 397.034 395.891 397.034 419.077 372.046 419.077
372.289 396.450 397.284 396.450 397.284 419.619 372.289 419.619
372.297 396.886 397.111 396.886 397.111 420.113 372.297 420.113
372.838 397.409 397.621 397.409 397.621 420.687 372.838 420.687
372.790 397.922 397.408 397.922 397.408 421.244 372.790 421.244
373.043 398.197 397.738 398.197 397.738 421.401 373.043 421.401
373.062 398.297 397.658 398.297 397.658 421.535 373.062 421.535
373.132 398.620 397.647 398.620 397.647 421.884 373.132 421.884
373.368 399.070 397.698 399.070 397.698 422.456 373.368 422.456
373.321 399.200 397.623 399.200 397.623 422.565 373.321 422.565
373.077 399.543 397.307 399.543 397.307 422.943 373.077 422.943
373.137 399.536 397.316 399.536 397.316 422.951 373.137 422.951
373.443 396.966 397.659 396.966 397.659 420.329 373.443 420.329
373.548 397.324 397.690 397.324 397.690 420.664 373.548 420.664
375.950 400.841 400.098 400.841 400.098 424.143 375.950 424.143
372.224 400.926 396.473 400.926 396.473 424.040 372.224 424.040
365.675 392.395 390.360 392.395 390.360 415.086 365.675 415.086
368.191 387.319 393.140 387.319 393.140 409.619 368.191 409.619
363.671 385.556 390.180 385.556 390.180 406.379 363.671 406.379
356.269 389.075 384.509 389.075 384.509 408.307 356.269 408.307
352.400 392.049 382.011 392.049 382.011 410.067 352.400 410.067
345.389 392.246 376.295 392.246 376.295 409.085 345.389 409.085
337.938 392.377 370.084 392.377 370.084 408.257 337.938 408.257
322.526 392.041 355.159 392.041 355.159 407.474 322.526 407.474
319.656 391.859 352.730 391.859 352.730 406.864 319.656 406.864
312.098 392.140 346.005 392.140 346.005 406.501 312.098 406.501
305.915 392.333 340.507 392.333 340.507 406.189 305.915 406.189
299.520 394.962 334.658 394.962 334.658 408.447 299.520 408.447
291.294 391.503 326.165 391.503 326.165 405.160 291.294 405.160
284.545 391.112 319.363 391.112 319.363 404.819 284.545 404.819
278.667 393.496 313.378 393.496 313.378 407.298 278.667 407.298
272.841 392.715 307.572 392.715 307.572 406.511 272.841 406.511
271.459 392.251 305.899 392.251 305.899 406.221 271.459 406.221
272.577 391.803 306.817 391.803 306.817 405.866 272.577 405.866
273.961 394.209 308.177 394.209 308.177 408.286 273.961 408.286
273.196 393.436 307.166 393.436 307.166 407.631 273.196 407.631
274.430 392.701 308.394 392.701 308.394 406.877 274.430 406.877
274.644 392.577 309.016 392.577 309.016 406.372 274.644 406.372
272.758 392.094 306.945 392.094 306.945 406.065 272.758 406.065
273.651 391.446 307.742 391.446 307.742 405.466 273.651 405.466
271.227 390.920 305.244 390.920 305.244 405.005 271.227 405.005
272.820 389.628 306.333 389.628 306.333 404.042 272.820 404.042
273.387 382.264 306.803 382.264 306.803 396.804 273.387 396.804
273.657 377.934 307.070 377.934 307.070 392.636 273.657 392.636
273.198 373.594 306.728 373.594 306.728 388.362 273.198 388.362
272.567 372.054 306.285 372.054 306.285 386.798 272.567 386.798
272.484 367.752 306.145 367.752 306.145 382.512 272.484 382.512
272.698 363.573 306.342 363.573 306.342 378.380 272.698 378.380
272.545 359.440 306.189 359.440 306.189 374.302 272.545 374.302
272.755 355.233 306.458 355.233 306.458 370.050 272.755 370.050
273.505 351.077 307.003 351.077 307.003 366.150 273.505 366.150
273.596 347.081 306.947 347.081 306.947 362.131 273.596 362.131
271.198 328.071 304.381 328.071 304.381 343.286 271.198 343.286
271.542 318.289 304.821 318.289 304.821 333.426 271.542 333.426
270.625 310.945 304.200 310.945 304.200 325.914 270.625 325.914
270.951 307.443 304.773 307.443 304.773 322.191 270.951 322.191
270.924 303.537 304.745 303.537 304.745 318.288 270.924 318.288
271.126 299.809 305.073 299.809 305.073 314.599 271.126 314.599
271.589 296.555 305.554 296.555 305.554 311.423 271.589 311.423
272.124 292.859 306.266 292.859 306.266 307.653 272.124 307.653
271.484 289.163 305.889 289.163 305.889 303.795 271.484 303.795
269.496 260.966 303.724 260.966 303.724 275.625 269.496 275.625
269.802 259.998 304.073 259.998 304.073 274.708 269.802 274.708
268.346 255.431 302.723 255.431 302.723 270.171 268.346 270.171
267.713 248.369 302.330 248.369 302.330 263.069 267.713 263.069
267.842 244.268 302.455 244.268 302.455 259.008 267.842 259.008
268.490 240.308 303.249 240.308 303.249 255.023 268.490 255.023
268.566 236.950 303.493 236.950 303.493 251.569 268.566 251.569
269.022 233.368 304.159 233.368 304.159 247.866 269.022 247.866
268.870 229.491 303.908 229.491 303.908 244.047 268.870 244.047
268.331 225.656 303.403 225.656 303.403 240.250 268.331 240.250
268.302 224.324 303.241 224.324 303.241 238.992 268.302 238.992
268.841 220.132 303.945 220.132 303.945 234.628 268.841 234.628
269.104 219.527 304.342 219.527 304.342 233.884 269.104 233.884
269.557 219.500 305.350 219.500 305.350 233.375 269.557 233.375
269.916 219.401 306.200 219.401 306.200 232.877 269.916 232.877
268.590 218.965 304.782 218.965 304.782 232.651 268.590 232.651
269.312 218.773 305.598 218.773 305.598 232.518 269.312 232.518
269.932 218.546 306.115 218.546 306.115 232.365 269.932 232.365
267.941 218.399 304.034 218.399 304.034 232.346 267.941 232.346
268.287 218.286 304.551 218.286 304.551 232.175 268.287 232.175
268.580 218.267 304.949 218.267 304.949 232.135 268.580 232.135
269.032 218.254 305.505 218.254 305.505 232.093 269.032 232.093
267.252 218.072 303.548 218.072 303.548 232.040 267.252 232.040
268.108 218.115 304.294 218.115 304.294 232.128 268.108 232.128
268.669 217.952 304.865 217.952 304.865 231.936 268.669 231.936
269.021 217.901 305.252 217.901 305.252 231.837 269.021 231.837
269.571 217.750 305.868 217.750 305.868 231.652 269.571 231.652
267.809 217.649 304.096 217.649 304.096 231.656 267.809 231.656
268.174 217.768 304.670 217.768 304.670 231.719 268.174 231.719
268.559 217.953 305.211 217.953 305.211 231.867 268.559 231.867
269.499 218.063 306.092 218.063 306.092 232.030 269.499 232.030
269.191 218.100 306.048 218.100 306.048 232.041 269.191 232.041
269.191 218.087 306.190 218.087 306.190 232.048 269.191 232.048
267.192 217.853 304.092 217.853 304.092 231.969 267.192 231.969
268.051 217.696 305.005 217.696 305.005 231.839 268.051 231.839
268.520 217.650 305.594 217.650 305.594 231.784 268.520 231.784
268.954 217.814 306.080 217.814 306.080 231.993 268.954 231.993
269.019 217.747 306.134 217.747 306.134 231.904 269.019 231.904
269.172 217.720 306.389 217.720 306.389 231.804 269.172 231.804
269.008 217.815 306.286 217.815 306.286 231.917 269.008 231.917
269.067 217.945 306.456 217.945 306.456 232.023 269.067 232.023
269.229 217.997 306.595 217.997 306.595 232.111 269.229 232.111
267.436 217.522 304.682 217.522 304.682 231.788 267.436 231.788
268.254 217.437 305.584 217.437 305.584 231.714 268.254 231.714
268.959 217.415 306.220 217.415 306.220 231.728 268.959 231.728
268.905 217.541 306.182 217.541 306.182 231.801 268.905 231.801
268.679 217.617 306.019 217.617 306.019 231.825 268.679 231.825
268.723 217.666 306.106 217.666 306.106 231.856 268.723 231.856
268.938 217.719 306.337 217.719 306.337 231.899 268.938 231.899
268.972 217.861 306.456 217.861 306.456 232.010 268.972 232.010
268.818 217.850 306.520 217.850 306.520 232.033 268.818 232.033
266.989 217.594 304.503 217.594 304.503 231.945 266.989 231.945
267.608 217.471 305.107 217.471 305.107 231.878 267.608 231.878
268.028 217.279 305.632 217.279 305.632 231.675 268.028 231.675
268.107 217.330 305.796 217.330 305.796 231.801 268.107 231.801
267.458 217.265 305.277 217.265 305.277 231.714 267.458 231.714
267.385 217.352 305.229 217.352 305.229 231.746 267.385 231.746
267.372 217.571 305.194 217.571 305.194 232.066 267.372 232.066
267.428 220.805 305.246 220.805 305.246 235.292 267.428 235.292
266.975 224.576 304.382 224.576 304.382 239.187 266.975 239.187
267.269 225.151 304.370 225.151 304.370 239.875 267.269 239.875
267.031 232.068 304.173 232.068 304.173 246.819 267.031 246.819
267.522 232.960 304.672 232.960 304.672 247.799 267.522 247.799
267.914 236.359 305.159 236.359 305.159 251.191 267.914 251.191
267.208 239.915 304.484 239.915 304.484 254.715 267.208 254.715
266.976 240.672 304.044 240.672 304.044 255.613 266.976 255.613
267.194 244.125 303.968 244.125 303.968 259.139 267.194 259.139
266.634 251.018 303.358 251.018 303.358 265.933 266.634 265.933
267.210 254.317 303.795 254.317 303.795 269.094 267.210 269.094
268.139 254.997 304.526 254.997 304.526 269.832 268.139 269.832
268.535 258.276 305.126 258.276 305.126 272.976 268.535 272.976
269.055 261.420 305.823 261.420 305.823 276.060 269.055 276.060
269.602 261.468 306.513 261.468 306.513 276.030 269.602 276.030
269.511 261.426 306.570 261.426 306.570 275.919 269.511 275.919
267.660 261.206 304.716 261.206 304.716 275.731 267.660 275.731
268.928 261.174 305.836 261.174 305.836 275.692 268.928 275.692
268.650 264.285 305.537 264.285 305.537 278.798 268.650 278.798
268.680 267.777 305.559 267.777 305.559 282.273 268.680 282.273
268.576 271.083 305.439 271.083 305.439 285.631 268.576 285.631
268.016 274.561 304.871 274.561 304.871 289.047 268.016 289.047
267.944 277.510 304.746 277.510 304.746 292.000 267.944 292.000
267.572 277.981 304.083 277.981 304.083 292.699 267.572 292.699
269.235 281.778 305.648 281.778 305.648 296.630 269.235 296.630
269.989 285.449 306.497 285.449 306.497 300.303 269.989 300.303
270.090 286.084 306.814 286.084 306.814 300.834 270.090 300.834
270.401 286.410 307.410 286.410 307.410 301.042 270.401 301.042
268.934 286.264 305.967 286.264 305.967 300.986 268.934 300.986
269.707 286.290 307.019 286.290 307.019 300.918 269.707 300.918
270.146 286.362 307.436 286.362 307.436 300.968 270.146 300.968
270.004 286.637 307.308 286.637 307.308 301.259 270.004 301.259
269.674 286.571 306.777 286.571 306.777 301.361 269.674 301.361
269.838 292.885 306.906 292.885 306.906 307.742 269.838 307.742
270.423 296.624 307.130 296.624 307.130 311.733 270.423 311.733
270.232 300.359 307.147 300.359 307.147 315.340 270.232 315.340
270.838 303.711 307.903 303.711 307.903 318.613 270.838 318.613
271.540 304.310 308.791 304.310 308.791 319.095 271.540 319.095
269.748 304.484 307.056 304.484 307.056 319.320 269.748 319.320
270.555 304.423 307.961 304.423 307.961 319.231 270.555 319.231
270.432 304.834 307.954 304.834 307.954 319.633 270.432 319.633
270.871 304.884 308.515 304.884 308.515 319.649 270.871 319.649
271.341 305.098 308.796 305.098 308.796 319.934 271.341 319.934
269.856 309.200 307.159 309.200 307.159 324.113 269.856 324.113
270.488 316.092 307.677 316.092 307.677 331.123 270.488 331.123
270.948 319.346 308.369 319.346 308.369 334.289 270.948 334.289
271.463 319.537 309.166 319.537 309.166 334.374 271.463 334.374
270.064 319.513 307.861 319.513 307.861 334.418 270.064 334.418
271.109 319.455 309.143 319.455 309.143 334.333 271.109 334.333
271.455 319.487 309.671 319.487 309.671 334.333 271.455 334.333
270.174 319.406 308.160 319.406 308.160 334.395 270.174 334.395
271.140 319.378 309.217 319.378 309.217 334.362 271.140 334.362
270.012 319.119 308.028 319.119 308.028 334.173 270.012 334.173
270.939 319.151 309.227 319.151 309.227 334.172 270.939 334.172
271.147 319.264 309.678 319.264 309.678 334.222 271.147 334.222
269.741 319.398 308.228 319.398 308.228 334.438 269.741 334.438
270.013 319.395 308.789 319.395 308.789 334.414 270.013 334.414
270.776 319.770 310.181 319.770 310.181 334.368 270.776 334.368
264.206 320.017 304.102 320.017 304.102 334.310 264.206 334.310
256.652 320.219 297.145 320.219 297.145 334.145 256.652 334.145
249.919 320.557 290.679 320.557 290.679 334.255 249.919 334.255
246.007 320.884 287.097 320.884 287.097 334.449 246.007 334.449
238.929 321.068 280.318 321.068 280.318 334.537 238.929 334.537
233.248 321.228 274.596 321.228 274.596 334.756 233.248 334.756
223.872 321.223 265.404 321.223 265.404 334.805 223.872 334.805
214.578 321.155 256.166 321.155 256.166 334.827 214.578 334.827
209.385 321.205 250.805 321.205 250.805 335.010 209.385 335.010
202.653 321.261 244.194 321.261 244.194 335.059 202.653 335.059
192.464 321.427 234.062 321.427 234.062 335.258 192.464 335.258
189.057 321.323 230.825 321.323 230.825 335.193 189.057 335.193
179.750 321.256 221.598 321.256 221.598 335.185 179.750 335.185
176.571 321.269 218.578 321.269 218.578 335.178 176.571 335.178
166.049 321.534 208.296 321.534 208.296 335.369 166.049 335.369
162.993 321.457 205.258 321.457 205.258 335.319 162.993 335.319
153.799 321.440 196.087 321.440 196.087 335.398 153.799 335.398
143.669 321.751 186.198 321.751 186.198 335.668 143.669 335.668
139.702 321.883 182.534 321.883 182.534 335.790 139.702 335.790
128.422 322.095 171.465 322.095 171.465 335.973 128.422 335.973
121.139 321.662 163.639 321.662 163.639 336.096 121.139 336.096
113.175 321.420 155.734 321.420 155.734 336.042 113.175 336.042
99.007 321.473 141.422 321.473 141.422 336.385 99.007 336.385
86.791 321.882 129.758 321.882 129.758 336.440 86.791 336.440
82.113 321.973 125.429 321.973 125.429 336.433 82.113 336.433
73.948 321.995 117.345 321.995 117.345 336.444 73.948 336.444
67.166 321.994 110.533 321.994 110.533 336.573 67.166 336.573
63.761 322.132 107.253 322.132 107.253 336.719 63.761 336.719
55.837 325.244 99.510 325.244 99.510 339.854 55.837 339.854
49.088 321.604 92.323 321.604 92.323 336.703 49.088 336.703
42.606 321.610 86.035 321.610 86.035 336.669 42.606 336.669
36.203 321.538 79.781 321.538 79.781 336.566 36.203 336.566
28.940 321.624 72.773 321.624 72.773 336.615 28.940 336.615
25.201 321.704 69.370 321.704 69.370 336.628 25.201 336.628
18.526 321.788 62.760 321.788 62.760 336.745 18.526 336.745
11.235 322.007 55.537 322.007 55.537 337.006 11.235 337.006
7.509 322.164 51.995 322.164 51.995 337.183 7.509 337.183
-1.694 322.089 42.698 322.089 42.698 337.228 -1.694 337.228
-3.208 321.301 40.411 321.301 40.411 337.042 -3.208 337.042
-3.840 317.355 38.901 317.355 38.901 333.720 -3.840 333.720
-3.709 317.105 38.222 317.105 38.222 334.003 -3.709 334.003
-3.850 316.929 37.397 316.929 37.397 334.292 -3.850 334.292
-2.384 316.758 38.877 316.758 38.877 334.246 -2.384 334.246
-1.515 317.147 39.669 317.147 39.669 334.702 -1.515 334.702
-4.230 316.822 36.132 316.822 36.132 334.702 -4.230 334.702
-5.261 316.407 34.339 316.407 34.339 334.638 -5.261 334.638
5.873 309.368 45.247 309.368 45.247 327.674 5.873 327.674
9.013 309.629 48.445 309.629 48.445 327.796 9.013 327.796
9.889 310.027 50.026 310.027 50.026 327.780 9.889 327.780
11.311 310.281 52.032 310.281 52.032 327.788 11.311 327.788
9.015 310.381 50.112 310.381 50.112 327.705 9.015 327.705
9.764 310.595 51.242 310.595 51.242 327.765 9.764 327.765
10.519 310.936 52.351 310.936 52.351 327.901 10.519 327.901
10.535 311.030 52.946 311.030 52.946 327.808 10.535 327.808
10.728 311.099 53.408 311.099 53.408 327.827 10.728 327.827
8.847 310.943 51.424 310.943 51.424 327.681 8.847 327.681
9.856 310.978 52.516 310.978 52.516 327.726 9.856 327.726
10.274 311.069 53.120 311.069 53.120 327.841 10.274 327.841
8.512 310.974 51.443 310.974 51.443 327.837 8.512 327.837
9.494 310.971 52.636 310.971 52.636 327.815 9.494 327.815
9.879 310.910 53.360 310.910 53.360 327.678 9.879 327.678
8.512 310.976 52.331 310.976 52.331 327.521 8.512 327.521
8.724 311.114 52.653 311.114 52.653 327.710 8.724 327.710
9.359 311.075 53.429 311.075 53.429 327.719 9.359 327.719
9.307 311.066 53.632 311.066 53.632 327.823 9.307 327.823
7.470 311.133 51.632 311.133 51.632 328.127 7.470 328.127
8.460 311.144 52.704 311.144 52.704 328.235 8.460 328.235
9.103 311.109 53.565 311.109 53.565 328.225 9.103 328.225
9.709 311.103 54.369 311.103 54.369 328.245 9.709 328.245
7.585 310.948 52.182 310.948 52.182 328.286 7.585 328.286
8.906 311.091 53.681 311.091 53.681 328.461 8.906 328.461
9.307 311.188 54.343 311.188 54.343 328.505 9.307 328.505
9.007 311.038 54.445 311.038 54.445 328.332 9.007 328.332
6.992 310.960 52.261 310.960 52.261 328.463 6.992 328.463
8.138 310.847 53.512 310.847 53.512 328.430 8.138 328.430
8.956 310.968 54.521 310.968 54.521 328.569 8.956 328.569
9.186 311.057 54.972 311.057 54.972 328.635 9.186 328.635
9.343 311.088 55.396 311.088 55.396 328.675 9.343 328.675
6.882 310.844 52.753 310.844 52.753 328.587 6.882 328.587
7.785 310.769 53.794 310.769 53.794 328.509 7.785 328.509
8.614 310.817 54.761 310.817 54.761 328.646 8.614 328.646
7.320 310.796 53.239 310.796 53.239 328.829 7.320 328.829
8.482 310.821 54.556 310.821 54.556 328.860 8.482 328.860
6.329 310.615 52.532 310.615 52.532 328.724 6.329 328.724
8.058 310.602 54.360 310.602 54.360 328.738 8.058 328.738
6.230 310.499 52.402 310.499 52.402 328.762 6.230 328.762
7.716 310.541 53.900 310.541 53.900 328.855 7.716 328.855
5.972 310.390 52.012 310.390 52.012 328.829 5.972 328.829
7.326 310.561 53.613 310.561 53.613 328.958 7.326 328.958
8.176 310.639 54.689 310.639 54.689 328.987 8.176 328.987
6.330 310.643 52.720 310.643 52.720 329.075 6.330 329.075
7.464 310.663 53.940 310.663 53.940 329.105 7.464 329.105
8.357 310.657 54.979 310.657 54.979 329.126 8.357 329.126
9.245 310.654 56.272 310.654 56.272 329.045 9.245 329.045
6.711 310.563 53.723 310.563 53.723 328.998 6.711 328.998
7.709 310.568 54.803 310.568 54.803 328.992 7.709 328.992
8.161 310.434 55.508 310.434 55.508 328.787 8.161 328.787
8.564 310.641 56.098 310.641 56.098 329.035 8.564 329.035
8.092 310.951 55.961 310.951 55.961 329.303 8.092 329.303
8.353 310.645 56.525 310.645 56.525 328.986 8.353 328.986
6.634 310.430 54.612 310.430 54.612 328.934 6.634 328.934
7.735 310.228 55.578 310.228 55.578 328.895 7.735 328.895
8.103 310.507 56.185 310.507 56.185 329.197 8.103 329.197
6.102 310.500 54.143 310.500 54.143 329.336 6.102 329.336
7.719 310.245 55.843 310.245 55.843 329.176 7.719 329.176
8.415 310.141 56.860 310.141 56.860 329.038 8.415 329.038
6.587 310.003 54.962 310.003 54.962 329.104 6.587 329.104
8.033 309.900 56.507 309.900 56.507 329.030 8.033 329.030
8.220 309.933 56.979 309.933 56.979 329.034 8.220 329.034
8.965 309.983 57.924 309.983 57.924 329.065 8.965 329.065
9.172 310.002 58.421 310.002 58.421 329.049 9.172 329.049
8.727 309.992 58.366 309.992 58.366 329.070 8.727 329.070
6.440 309.795 55.964 309.795 55.964 329.038 6.440 329.038
7.579 309.583 57.198 309.583 57.198 328.911 7.579 328.911
5.323 309.505 54.735 309.505 54.735 329.074 5.323 329.074
6.457 309.643 55.994 309.643 55.994 329.264 6.457 329.264
7.363 309.744 56.947 309.744 56.947 329.460 7.363 329.460
8.408 309.833 58.154 309.833 58.154 329.577 8.408 329.577
5.694 309.829 55.569 309.829 55.569 329.590 5.694 329.590
6.169 309.801 56.190 309.801 56.190 329.556 6.169 329.556
7.642 309.809 57.624 309.809 57.624 329.596 7.642 329.596
9.713 309.823 59.404 309.823 59.404 329.850 9.713 329.850
15.696 309.915 65.258 309.915 65.258 330.097 15.696 330.097
21.922 310.190 71.400 310.190 71.400 330.490 21.922 330.490
23.522 310.201 72.846 310.201 72.846 330.528 23.522 330.528
31.737 309.545 80.697 309.545 80.697 330.059 31.737 330.059
34.542 309.682 83.803 309.682 83.803 330.078 34.542 330.078
35.823 309.316 85.233 309.316 85.233 329.656 35.823 329.656
36.387 309.651 86.028 309.651 86.028 329.821 36.387 329.821
37.351 309.397 87.073 309.397 87.073 329.564 37.351 329.564
39.532 309.019 88.987 309.019 88.987 329.291 39.532 329.291
48.184 308.636 97.225 308.636 97.225 329.237 48.184 329.237
52.017 308.290 100.899 308.290 100.899 328.972 52.017 328.972
54.243 308.095 103.456 308.095 103.456 328.563 54.243 328.563
55.038 308.236 104.473 308.236 104.473 328.615 55.038 328.615
53.434 308.158 102.734 308.158 102.734 328.598 53.434 328.598
53.351 308.144 103.029 308.144 103.029 328.386 53.351 328.386
54.600 308.112 104.378 308.112 104.378 328.386 54.600 328.386
57.187 308.055 106.722 308.055 106.722 328.533 57.187 328.533
60.049 308.121 109.270 308.121 109.270 328.853 60.049 328.853
63.571 307.919 112.763 307.919 112.763 328.694 63.571 328.694
65.860 308.117 115.035 308.117 115.035 328.852 65.860 328.852
67.673 308.167 117.132 308.167 117.132 328.857 67.673 328.857
67.329 308.328 117.277 308.328 117.277 328.793 67.329 328.793
68.084 308.119 118.121 308.119 118.121 328.592 68.084 328.592
68.053 308.299 118.351 308.299 118.351 328.679 68.053 328.679
67.757 308.228 118.151 308.228 118.151 328.576 67.757 328.576
68.239 308.191 118.764 308.191 118.764 328.524 68.239 328.524
67.874 308.291 118.603 308.291 118.603 328.686 67.874 328.686
68.484 308.386 119.412 308.386 119.412 328.861 68.484 328.861
68.009 308.327 119.034 308.327 119.034 328.865 68.009 328.865
68.021 308.482 119.009 308.482 119.009 329.050 68.021 329.050
68.351 309.079 119.221 309.079 119.221 329.746 68.351 329.746
67.902 308.740 118.584 308.740 118.584 329.546 67.902 329.546
66.808 313.496 117.544 313.496 117.544 334.221 66.808 334.221
66.501 313.493 116.992 313.493 116.992 334.441 66.501 334.441
67.686 318.656 117.708 318.656 117.708 339.957 67.686 339.957
67.241 323.840 117.085 323.840 117.085 345.271 67.241 345.271
66.686 333.170 116.546 333.170 116.546 354.470 66.686 354.470
67.131 338.221 116.976 338.221 116.976 359.494 67.131 359.494
68.919 338.788 118.473 338.788 118.473 360.147 68.919 360.147
68.891 339.434 118.738 339.434 118.738 360.716 68.891 360.716
70.453 340.148 120.184 340.148 120.184 361.407 70.453 361.407
68.210 340.372 117.781 340.372 117.781 361.642 68.210 361.642
69.461 340.637 119.124 340.637 119.124 361.844 69.461 361.844
69.820 340.987 119.812 340.987 119.812 362.003 69.820 362.003
67.536 341.369 117.494 341.369 117.494 362.408 67.536 362.408
69.306 341.492 119.226 341.492 119.226 362.526 69.306 362.526
69.602 342.007 119.804 342.007 119.804 362.890 69.602 362.890
70.196 342.051 120.755 342.051 120.755 362.814 70.196 362.814
68.743 341.991 118.989 341.991 118.989 362.971 68.743 362.971
69.372 342.066 119.788 342.066 119.788 362.984 69.372 362.984
70.134 342.072 120.774 342.072 120.774 362.893 70.134 362.893
69.687 342.557 120.131 342.557 120.131 363.396 69.687 363.396
68.855 342.666 119.271 342.666 119.271 363.532 68.855 363.532
69.421 343.062 119.414 343.062 119.414 364.174 69.421 364.174
69.156 347.642 119.136 347.642 119.136 368.869 69.156 368.869
67.577 352.290 117.935 352.290 117.935 373.318 67.577 373.318
67.841 356.614 117.845 356.614 117.845 377.766 67.841 377.766
67.559 360.634 117.373 360.634 117.373 381.860 67.559 381.860
67.883 365.004 117.319 365.004 117.319 386.357 67.883 386.357
67.373 365.292 116.429 365.292 116.429 386.875 67.373 386.875
68.598 370.132 117.081 370.132 117.081 392.027 68.598 392.027
69.296 375.117 117.697 375.117 117.697 397.060 69.296 397.060
69.178 379.073 117.820 379.073 117.820 400.835 69.178 400.835
69.584 383.406 118.152 383.406 118.152 405.097 69.584 405.097
69.047 387.542 117.516 387.542 117.516 409.129 69.047 409.129
69.297 391.660 117.768 391.660 117.768 413.207 69.297 413.207
69.264 395.666 117.860 395.666 117.860 417.147 69.264 417.147
69.920 400.332 118.726 400.332 118.726 421.570 69.920 421.570
69.972 400.148 119.027 400.148 119.027 421.189 69.972 421.189
70.271 400.119 119.649 400.119 119.649 421.022 70.271 421.022
70.236 400.429 119.895 400.429 119.895 421.229 70.236 421.229
70.433 400.748 120.350 400.748 120.350 421.436 70.433 421.436
69.984 400.934 120.169 400.934 120.169 421.611 69.984 421.611
70.281 400.854 120.667 400.854 120.667 421.509 70.281 421.509
70.186 400.697 120.642 400.697 120.642 421.403 70.186 421.403
70.108 400.630 120.757 400.630 120.757 421.236 70.108 421.236
70.135 400.498 120.928 400.498 120.928 421.082 70.135 421.082
70.641 400.331 121.479 400.331 121.479 421.003 70.641 421.003
70.316 400.133 121.321 400.133 121.321 420.795 70.316 420.795
70.125 400.132 121.266 400.132 121.266 420.793 70.125 420.793
69.785 400.052 120.992 400.052 120.992 420.704 69.785 420.704
70.284 400.094 121.390 400.094 121.390 420.954 70.284 420.954
69.982 399.753 121.309 399.753 121.309 420.675 69.982 420.675
70.080 399.557 121.500 399.557 121.500 420.487 70.080 420.487
69.915 399.621 121.284 399.621 121.284 420.561 69.915 420.561
69.782 399.574 121.267 399.574 121.267 420.574 69.782 420.574
70.136 399.796 121.624 399.796 121.624 420.968 70.136 420.968
69.729 399.960 121.361 399.960 121.361 421.089 69.729 421.089
69.631 400.244 121.223 400.244 121.223 421.443 69.631 421.443
70.227 400.245 121.977 400.245 121.977 421.421 70.227 421.421
69.621 400.172 121.555 400.172 121.555 421.321 69.621 421.321
69.339 400.100 121.261 400.100 121.261 421.268 69.339 421.268
69.200 400.012 121.230 400.012 121.230 421.249 69.200 421.249
68.951 399.938 121.166 399.938 121.166 421.194 68.951 421.194
69.736 399.837 121.737 399.837 121.737 421.288 69.736 421.288
69.861 400.179 121.863 400.179 121.863 421.671 69.861 421.671
69.993 400.245 122.171 400.245 122.171 421.764 69.993 421.764
69.428 400.268 121.859 400.268 121.859 421.741 69.428 421.741
69.022 400.204 121.641 400.204 121.641 421.684 69.022 421.684
68.841 400.071 121.430 400.071 121.430 421.644 68.841 421.644
69.013 400.401 121.555 400.401 121.555 422.099 69.013 422.099
66.631 400.069 118.868 400.069 118.868 421.902 66.631 421.902
68.300 400.227 120.258 400.227 120.258 422.123 68.300 422.123
69.015 400.243 120.911 400.243 120.911 422.158 69.015 422.158
69.365 400.186 121.488 400.186 121.488 422.034 69.365 422.034
69.322 400.228 121.528 400.228 121.528 422.016 69.322 422.016
69.659 399.881 121.907 399.881 121.907 421.651 69.659 421.651
66.710 399.805 118.821 399.805 118.821 421.674 66.710 421.674
68.026 399.749 120.032 399.749 120.032 421.682 68.026 421.682
69.105 399.638 121.148 399.638 121.148 421.613 69.105 421.613
68.848 399.629 121.033 399.629 121.033 421.583 68.848 421.583
69.265 399.604 121.700 399.604 121.700 421.470 69.265 421.470
69.394 399.660 121.906 399.660 121.906 421.503 69.394 421.503
69.606 399.819 122.092 399.819 122.092 421.704 69.606 421.704
69.757 399.834 122.360 399.834 122.360 421.677 69.757 421.677
69.566 399.890 122.391 399.890 122.391 421.670 69.566 421.670
68.952 399.574 121.937 399.574 121.937 421.400 68.952 421.400
69.665 399.794 122.814 399.794 122.814 421.682 69.665 421.682
69.165 400.065 122.652 400.065 122.652 421.906 69.165 421.906
69.264 399.841 122.959 399.841 122.959 421.764 69.264 421.764
69.474 399.570 123.358 399.570 123.358 421.523 69.474 421.523
69.345 399.620 123.467 399.620 123.467 421.640 69.345 421.640
69.529 399.764 123.471 399.764 123.471 421.956 69.529 421.956
69.666 399.944 123.543 399.944 123.543 422.256 69.666 422.256
71.291 400.145 124.767 400.145 124.767 422.627 71.291 422.627
78.426 400.094 131.551 400.094 131.551 422.814 78.426 422.814
85.649 400.261 138.819 400.261 138.819 422.943 85.649 422.943
87.727 400.066 140.749 400.066 140.749 422.888 87.727 422.888
94.173 399.916 147.569 399.916 147.569 422.568 94.173 422.568
105.625 399.841 159.089 399.841 159.089 422.456 105.625 422.456
108.314 399.919 161.561 399.919 161.561 422.597 108.314 422.597
115.772 399.798 168.896 399.798 168.896 422.551 115.772 422.551
118.177 399.899 171.141 399.899 171.141 422.597 118.177 422.597
124.632 400.041 177.691 400.041 177.691 422.609 124.632 422.609
136.111 400.391 189.078 400.391 189.078 422.943 136.111 422.943
138.473 400.524 191.500 400.524 191.500 423.012 138.473 423.012
149.877 400.493 202.858 400.493 202.858 423.034 149.877 423.034
156.271 400.222 209.197 400.222 209.197 422.744 156.271 422.744
163.390 400.261 216.095 400.261 216.095 422.787 163.390 422.787
171.579 400.239 224.090 400.239 224.090 422.792 171.579 422.792
174.715 400.129 227.127 400.129 227.127 422.701 174.715 422.701
183.301 400.119 235.513 400.119 235.513 422.786 183.301 422.786
190.324 400.147 242.555 400.147 242.555 422.735 190.324 422.735
197.373 399.925 249.501 399.925 249.501 422.545 197.373 422.545
204.012 399.910 256.071 399.910 256.071 422.359 204.012 422.359
211.725 399.462 263.751 399.462 263.751 421.809 211.725 421.809
217.466 398.847 269.655 398.847 269.655 420.961 217.466 420.961
218.642 398.639 271.049 398.639 271.049 420.628 218.642 420.628
216.046 398.501 268.329 398.501 268.329 420.412 216.046 420.412
217.639 398.227 269.880 398.227 269.880 420.117 217.639 420.117
216.407 401.599 268.528 401.599 268.528 423.483 216.407 423.483
218.359 400.565 270.569 400.565 270.569 422.387 218.359 422.387
216.576 399.994 268.671 399.994 268.671 421.803 216.576 421.803
218.577 399.456 270.664 399.456 270.664 421.184 218.577 421.184
216.769 399.027 268.616 399.027 268.616 420.795 216.769 420.795
217.803 398.439 269.692 398.439 269.692 420.158 217.803 420.158
216.180 401.724 267.897 401.724 267.897 423.503 216.180 423.503
218.270 400.750 269.921 400.750 269.921 422.505 218.270 422.505
216.442 399.667 267.800 399.667 267.800 421.491 216.442 421.491
217.951 399.163 269.507 399.163 269.507 420.826 217.951 420.826
218.726 398.731 270.469 398.731 270.469 420.180 218.726 420.180
219.859 402.267 271.891 402.267 271.891 423.606 219.859 423.606
218.153 401.199 269.890 401.199 269.890 422.628 218.153 422.628
219.100 400.307 270.965 400.307 270.965 421.621 219.100 421.621
216.965 399.702 268.640 399.702 268.640 421.010 216.965 421.010
218.513 399.819 270.913 399.819 270.913 420.679 218.513 420.679
219.676 399.588 271.973 399.588 271.973 420.493 219.676 420.493
220.839 402.786 272.971 402.786 272.971 423.825 220.839 423.825
223.040 401.420 274.985 401.420 274.985 422.644 223.040 422.644
230.076 400.849 281.602 400.849 281.602 422.188 230.076 422.188
232.442 400.176 283.724 400.176 283.724 421.671 232.442 421.671
238.848 399.423 290.001 399.423 290.001 420.929 238.848 420.929
246.600 402.821 297.356 402.821 297.356 424.423 246.600 424.423
254.388 402.179 304.709 402.179 304.709 423.843 254.388 423.843
262.407 401.146 312.550 401.146 312.550 422.789 262.407 422.789
268.989 400.211 319.288 400.211 319.288 421.659 268.989 421.659
267.621 399.763 317.800 399.763 317.800 421.163 267.621 421.163
268.376 399.133 318.685 399.133 318.685 420.292 268.376 420.292
269.564 398.551 319.778 398.551 319.778 419.653 269.564 419.653
270.283 398.101 320.625 398.101 320.625 419.074 270.283 419.074
268.620 401.649 318.949 401.649 318.949 422.553 268.620 422.553
269.534 400.502 319.917 400.502 319.917 421.286 269.534 421.286
270.809 399.856 321.201 399.856 321.201 420.573 270.809 420.573
268.500 399.514 318.668 399.514 318.668 420.235 268.500 420.235
269.133 398.992 319.413 398.992 319.413 419.619 269.133 419.619
269.881 398.756 320.122 398.756 320.122 419.344 269.881 419.344
270.547 398.199 320.752 398.199 320.752 418.823 270.547 418.823
268.479 401.757 318.552 401.757 318.552 422.290 268.479 422.290
270.196 400.963 320.114 400.963 320.114 421.566 270.196 421.566
276.633 400.296 326.417 400.296 326.417 420.933 276.633 420.933
278.837 399.810 328.435 399.810 328.435 420.463 278.837 420.463
289.685 399.534 339.079 399.534 339.079 420.146 289.685 420.146
292.826 398.910 341.832 398.910 341.832 419.605 292.826 419.605
298.019 398.732 347.348 398.732 347.348 419.245 298.019 419.245
299.675 398.805 349.050 398.805 349.050 419.185 299.675 419.185
301.249 401.945 350.904 401.945 350.904 422.257 301.249 422.257
299.758 401.116 349.319 401.116 349.319 421.402 299.758 421.402
296.910 400.944 346.377 400.944 346.377 421.328 296.910 421.328
299.010 404.171 348.420 404.171 348.420 424.687 299.010 424.687
305.208 403.028 354.626 403.028 354.626 423.556 305.208 423.556
312.154 402.454 361.256 402.454 361.256 423.064 312.154 423.064
314.827 401.261 363.842 401.261 363.842 421.863 314.827 421.863
323.468 400.654 372.164 400.654 372.164 421.289 323.468 421.289
324.443 400.135 373.211 400.135 373.211 420.635 324.443 420.635
326.097 399.453 374.876 399.453 374.876 419.932 326.097 419.932
324.393 399.133 373.006 399.133 373.006 419.637 324.393 419.637
325.060 398.975 373.695 398.975 373.695 419.467 325.060 419.467
326.091 398.869 374.843 398.869 374.843 419.195 326.091 419.195
324.798 398.533 373.210 398.533 373.210 418.970 324.798 418.970
325.626 398.086 374.213 398.086 374.213 418.407 325.626 418.407
326.187 398.390 375.434 398.390 375.434 418.189 326.187 418.189
324.135 401.597 373.077 401.597 373.077 421.565 324.135 421.565
326.246 401.430 375.590 401.430 375.590 421.002 326.246 421.002
324.397 400.560 373.332 400.560 373.332 420.384 324.397 420.384
326.107 400.430 375.552 400.430 375.552 419.826 326.107 419.826
324.240 400.350 373.967 400.350 373.967 419.531 324.240 419.531
325.256 400.377 375.405 400.377 375.405 419.336 325.256 419.336
326.153 400.337 376.668 400.337 376.668 419.089 326.153 419.089
324.119 400.410 374.742 400.410 374.742 419.050 324.119 419.050
324.672 400.250 375.583 400.250 375.583 418.768 324.672 418.768
325.060 400.241 376.305 400.241 376.305 418.635 325.060 418.635
325.062 400.275 376.706 400.275 376.706 418.490 325.062 418.490
