176.000 226.000 303.000 226.000 303.000 304.000 176.000 304.000
174.156 225.158 301.678 225.158 301.678 301.922 174.156 301.922
172.698 225.564 300.125 225.564 300.125 301.744 172.698 301.744
172.783 225.873 300.064 225.873 300.064 301.300 172.783 301.300
173.644 226.048 300.475 226.048 300.475 301.338 173.644 301.338
173.647 225.220 300.285 225.220 300.285 300.118 173.647 300.118
173.436 226.016 300.481 226.016 300.481 300.064 173.436 300.064
172.218 226.279 299.001 226.279 299.001 299.842 172.218 299.842
172.543 226.784 299.317 226.784 299.317 299.646 172.543 299.646
171.991 227.284 298.800 227.284 298.800 299.260 171.991 299.260
172.010 227.888 299.144 227.888 299.144 298.665 172.010 298.665
171.106 228.279 298.741 228.279 298.741 297.872 171.106 297.872
171.613 229.294 299.208 229.294 299.208 298.286 171.613 298.286
170.233 229.460 297.811 229.460 297.811 298.385 170.233 298.385
169.780 229.979 297.522 229.979 297.522 298.987 169.780 298.987
170.775 229.925 298.819 229.925 298.819 299.036 170.775 299.036
170.821 231.361 298.547 231.361 298.547 301.079 170.821 301.079
169.781 229.695 298.301 229.695 298.301 299.368 169.781 299.368
169.852 230.517 298.840 230.517 298.840 300.459 169.852 300.459
169.160 230.019 298.438 230.019 298.438 300.196 169.160 300.196
167.607 229.474 297.389 229.474 297.389 299.829 167.607 299.829
166.414 229.991 296.271 229.991 296.271 300.759 166.414 300.759
165.257 229.387 295.422 229.387 295.422 300.318 165.257 300.318
164.671 229.284 294.646 229.284 294.646 300.779 164.671 300.779
165.028 228.911 294.917 228.911 294.917 300.775 165.028 300.775
163.153 228.611 293.115 228.611 293.115 300.632 163.153 300.632
163.039 229.075 293.150 229.075 293.150 301.150 163.039 301.150
163.174 228.434 293.471 228.434 293.471 300.571 163.174 300.571
162.017 228.578 292.179 228.578 292.179 300.827 162.017 300.827
162.488 229.025 292.606 229.025 292.606 301.190 162.488 301.190
162.089 228.867 292.153 228.867 292.153 301.171 162.089 301.171
161.376 228.745 291.626 228.745 291.626 300.978 161.376 300.978
160.509 228.667 290.554 228.667 290.554 301.010 160.509 301.010
160.518 228.432 290.529 228.432 290.529 301.038 160.518 301.038
159.539 228.263 289.252 228.263 289.252 301.103 159.539 301.103
160.191 228.187 290.053 228.187 290.053 301.081 160.191 301.081
160.181 228.597 289.949 228.597 289.949 301.744 160.181 301.744
159.714 228.445 289.648 228.445 289.648 301.492 159.714 301.492
159.881 228.985 289.559 228.985 289.559 302.257 159.881 302.257
159.546 229.080 289.115 229.080 289.115 302.457 159.546 302.457
159.617 229.396 289.477 229.396 289.477 302.845 159.617 302.845
159.760 229.293 289.523 229.293 289.523 302.890 159.760 302.890
158.928 228.958 289.000 228.958 289.000 302.431 158.928 302.431
158.854 228.369 288.882 228.369 288.882 301.918 158.854 301.918
158.483 228.570 288.282 228.570 288.282 302.320 158.483 302.320
158.970 228.188 289.141 228.188 289.141 301.794 158.970 301.794
158.556 228.488 288.284 228.488 288.284 302.386 158.556 302.386
158.650 228.462 288.716 228.462 288.716 302.196 158.650 302.196
158.809 228.466 289.533 228.466 289.533 301.661 158.809 301.661
157.694 228.652 287.745 228.652 287.745 302.117 157.694 302.117
157.889 229.236 288.037 229.236 288.037 302.728 157.889 302.728
159.544 228.859 289.826 228.859 289.826 302.176 159.544 302.176
158.221 228.968 288.635 228.968 288.635 302.293 158.221 302.293
158.861 228.870 289.716 228.870 289.716 301.997 158.861 301.997
158.198 229.009 288.690 229.009 288.690 302.416 158.198 302.416
158.556 228.838 289.238 228.838 289.238 302.070 158.556 302.070
158.548 228.864 288.985 228.864 288.985 302.338 158.548 302.338
158.195 228.385 288.419 228.385 288.419 301.971 158.195 301.971
158.790 228.323 289.320 228.323 289.320 301.790 158.790 301.790
157.918 228.718 288.215 228.718 288.215 302.372 157.918 302.372
158.741 228.808 289.183 228.808 289.183 302.388 158.741 302.388
158.656 229.130 288.727 229.130 288.727 302.948 158.656 302.948
159.923 229.234 289.812 229.234 289.812 302.985 159.923 302.985
159.210 229.498 288.765 229.498 288.765 303.538 159.210 303.538
160.071 228.638 289.819 228.638 289.819 302.636 160.071 302.636
158.858 229.079 288.769 229.079 288.769 302.961 158.858 302.961
159.589 229.700 289.211 229.700 289.211 303.597 159.589 303.597
159.855 228.464 289.347 228.464 289.347 302.400 159.855 302.400
159.336 229.280 288.209 229.280 288.209 303.477 159.336 303.477
161.322 228.969 290.292 228.969 290.292 303.013 161.322 303.013
159.285 229.794 288.200 229.794 288.200 303.840 159.285 303.840
160.558 229.116 289.943 229.116 289.943 302.898 160.558 302.898
159.312 229.640 288.550 229.640 288.550 303.503 159.312 303.503
160.148 228.975 289.565 228.975 289.565 302.602 160.148 302.602
160.233 229.727 289.737 229.727 289.737 303.290 160.233 303.290
160.166 229.429 289.566 229.429 289.566 303.025 160.166 303.025
160.193 229.179 289.563 229.179 289.563 302.678 160.193 302.678
161.288 229.308 290.187 229.308 290.187 302.946 161.288 302.946
159.886 229.918 289.021 229.918 289.021 303.333 159.886 303.333
160.621 228.695 289.480 228.695 289.480 302.216 160.621 302.216
160.405 229.285 289.182 229.285 289.182 302.750 160.405 302.750
161.099 229.861 290.366 229.861 290.366 302.856 161.099 302.856
161.795 229.591 290.512 229.591 290.512 302.879 161.795 302.879
161.967 229.699 290.503 229.699 290.503 302.916 161.967 302.916
162.997 229.496 291.817 229.496 291.817 302.675 162.997 302.675
162.622 229.494 291.213 229.494 291.213 302.766 162.622 302.766
163.553 229.479 292.328 229.479 292.328 302.246 163.553 302.246
164.082 229.759 293.081 229.759 293.081 302.142 164.082 302.142
164.822 230.002 294.319 230.002 294.319 302.057 164.822 302.057
165.892 230.462 295.667 230.462 295.667 302.398 165.892 302.398
165.221 230.737 294.871 230.737 294.871 302.696 165.221 302.696
166.134 230.194 295.927 230.194 295.927 302.598 166.134 302.598
166.238 230.822 296.295 230.822 296.295 303.270 166.238 303.270
166.357 230.243 297.118 230.243 297.118 302.507 166.357 302.507
167.903 230.553 298.967 230.553 298.967 302.884 167.903 302.884
168.387 231.062 299.540 231.062 299.540 303.415 168.387 303.415
169.155 231.006 300.334 231.006 300.334 303.513 169.155 303.513
171.080 230.392 302.594 230.392 302.594 302.807 171.080 302.807
172.127 230.709 303.390 230.709 303.390 303.514 172.127 303.514
174.070 229.869 305.534 229.869 305.534 302.256 174.070 302.256
176.813 230.535 308.269 230.535 308.269 302.942 176.813 302.942
178.740 230.074 310.153 230.074 310.153 302.601 178.740 302.601
181.928 230.002 313.032 230.002 313.032 302.805 181.928 302.805
184.453 229.600 315.935 229.600 315.935 302.491 184.453 302.491
186.782 229.180 318.601 229.180 318.601 301.821 186.782 301.821
189.472 229.415 321.523 229.415 321.523 301.897 189.472 301.897
192.147 228.465 324.435 228.465 324.435 301.107 192.147 301.107
195.823 228.614 328.923 228.614 328.923 300.767 195.823 300.767
198.448 228.660 331.532 228.660 331.532 300.459 198.448 300.459
202.502 228.687 336.361 228.687 336.361 299.884 202.502 299.884
206.334 229.081 340.101 229.081 340.101 299.825 206.334 299.825
212.454 228.561 345.789 228.561 345.789 299.137 212.454 299.137
214.979 228.377 347.665 228.377 347.665 298.693 214.979 298.693
217.962 228.252 350.683 228.252 350.683 298.132 217.962 298.132
220.576 229.159 352.971 229.159 352.971 298.813 220.576 298.813
223.013 229.984 356.302 229.984 356.302 298.603 223.013 298.603
225.306 229.655 358.673 229.655 358.673 298.001 225.306 298.001
226.475 229.939 359.924 229.939 359.924 297.723 226.475 297.723
226.969 229.356 360.717 229.356 360.717 297.100 226.969 297.100
227.537 230.812 361.920 230.812 361.920 297.863 227.537 297.863
229.813 229.845 364.480 229.845 364.480 296.950 229.813 296.950
231.915 230.080 367.763 230.080 367.763 296.566 231.915 296.566
234.356 229.962 370.776 229.962 370.776 296.434 234.356 296.434
237.033 230.314 373.744 230.314 373.744 296.422 237.033 296.422
240.746 230.415 378.175 230.415 378.175 296.222 240.746 296.222
242.843 230.057 380.833 230.057 380.833 295.768 242.843 295.768
245.244 230.188 383.253 230.188 383.253 296.320 245.244 296.320
247.303 228.938 386.338 228.938 386.338 294.987 247.303 294.987
252.032 230.142 391.826 230.142 391.826 295.895 252.032 295.895
254.124 229.782 394.581 229.782 394.581 295.851 254.124 295.851
256.823 228.557 398.570 228.557 398.570 294.414 256.823 294.414
260.760 229.576 402.585 229.576 402.585 295.608 260.760 295.608
274.102 227.811 415.983 227.811 415.983 294.054 274.102 294.054
274.893 227.869 415.932 227.869 415.932 294.569 274.893 294.569
274.640 228.679 415.574 228.679 415.574 295.786 274.640 295.786
274.759 227.962 417.304 227.962 417.304 294.569 274.759 294.569
276.722 227.271 420.230 227.271 420.230 293.801 276.722 293.801
277.810 227.966 420.959 227.966 420.959 294.941 277.810 294.941
278.182 227.607 422.321 227.607 422.321 294.545 278.182 294.545
279.325 226.784 423.664 226.784 423.664 293.717 279.325 293.717
280.120 225.993 424.329 225.993 424.329 293.119 280.120 293.119
279.410 226.512 422.542 226.512 422.542 294.275 279.410 294.275
279.108 225.462 423.240 225.462 423.240 292.837 279.108 292.837
279.433 224.859 422.538 224.859 422.538 293.153 279.433 293.153
280.384 223.595 423.234 223.595 423.234 292.047 280.384 292.047
282.327 224.014 425.599 224.014 425.599 292.396 282.327 292.396
283.916 223.991 426.994 223.991 426.994 292.617 283.916 292.617
286.081 222.552 428.696 222.552 428.696 291.513 286.081 291.513
287.684 224.168 430.081 224.168 430.081 292.817 287.684 292.817
289.739 221.931 431.622 221.931 431.622 290.817 289.739 290.817
289.501 222.693 430.458 222.693 430.458 291.585 289.501 291.585
291.097 221.303 430.803 221.303 430.803 290.758 291.097 290.758
292.712 221.967 431.797 221.967 431.797 291.467 292.712 291.467
294.319 221.967 432.812 221.967 432.812 291.394 294.319 291.394
295.961 222.103 433.789 222.103 433.789 291.427 295.961 291.427
296.267 220.817 432.950 220.817 432.950 290.398 296.267 290.398
296.730 221.700 432.820 221.700 432.820 291.059 296.730 291.059
296.839 221.219 432.231 221.219 432.231 290.502 296.839 290.502
297.187 222.370 431.717 222.370 431.717 291.569 297.187 291.569
297.234 221.271 431.151 221.271 431.151 290.577 297.234 290.577
298.073 221.098 431.720 221.098 431.720 289.964 298.073 289.964
298.556 222.436 431.817 222.436 431.817 291.241 298.556 291.241
299.713 221.525 432.658 221.525 432.658 290.323 299.713 290.323
299.560 222.256 432.070 222.256 432.070 290.668 299.560 290.668
298.940 221.410 431.215 221.410 431.215 289.521 298.940 289.521
298.825 222.189 430.824 222.189 430.824 290.208 298.825 290.208
299.110 221.210 430.839 221.210 430.839 289.046 299.110 289.046
299.369 222.245 430.644 222.245 430.644 289.921 299.369 289.921
299.434 221.360 430.324 221.360 430.324 289.105 299.434 289.105
299.967 221.719 430.585 221.719 430.585 289.475 299.967 289.475
299.992 221.154 430.778 221.154 430.778 288.515 299.992 288.515
300.350 221.872 430.797 221.872 430.797 289.283 300.350 289.283
300.571 221.970 431.005 221.970 431.005 288.857 300.571 288.857
300.351 221.884 430.313 221.884 430.313 288.559 300.351 288.559
300.222 222.160 429.670 222.160 429.670 288.932 300.222 288.932
300.300 221.867 429.519 221.867 429.519 288.347 300.300 288.347
299.881 222.542 428.722 222.542 428.722 289.060 299.881 289.060
299.226 221.607 427.767 221.607 427.767 288.076 299.226 288.076
299.191 222.249 427.789 222.249 427.789 288.480 299.191 288.480
299.805 221.824 428.331 221.824 428.331 287.907 299.805 287.907
300.738 222.648 429.151 222.648 429.151 288.552 300.738 288.552
300.316 221.876 428.322 221.876 428.322 287.851 300.316 287.851
300.459 222.189 428.215 222.189 428.215 288.042 300.459 288.042
300.236 222.426 427.674 222.426 427.674 288.269 300.236 288.269
300.434 221.716 427.696 221.716 427.696 287.397 300.434 287.397
301.013 221.934 428.060 221.934 428.060 287.610 301.013 287.610
301.070 222.051 428.007 222.051 428.007 287.536 301.070 287.536
301.311 223.032 428.196 223.032 428.196 288.085 301.311 288.085
301.237 222.196 427.811 222.196 427.811 287.298 301.237 287.298
301.638 222.420 428.307 222.420 428.307 287.229 301.638 287.229
301.651 222.949 428.107 222.949 428.107 287.764 301.651 287.764
301.305 221.978 427.322 221.978 427.322 286.967 301.305 286.967
301.588 222.521 427.886 222.521 427.886 287.317 301.588 287.317
301.770 222.626 427.730 222.626 427.730 287.437 301.770 287.437
301.621 222.643 427.558 222.643 427.558 287.395 301.621 287.395
302.173 222.926 428.203 222.926 428.203 287.542 302.173 287.542
301.941 223.374 427.860 223.374 427.860 288.094 301.941 288.094
300.647 222.824 426.773 222.824 426.773 287.398 300.647 287.398
301.061 222.887 426.859 222.887 426.859 287.642 301.061 287.642
300.638 222.319 426.508 222.319 426.508 287.055 300.638 287.055
300.575 223.713 426.304 223.713 426.304 288.444 300.575 288.444
299.581 223.163 425.136 223.163 425.136 288.344 299.581 288.344
299.367 222.868 425.190 222.868 425.190 288.098 299.367 288.098
298.322 222.672 424.685 222.672 424.685 287.567 298.322 287.567
298.170 222.788 424.898 222.788 424.898 287.485 298.170 287.485
297.354 223.386 424.195 223.386 424.195 287.864 297.354 287.864
297.122 223.657 424.482 223.657 424.482 287.932 297.122 287.932
296.665 223.861 424.095 223.861 424.095 287.951 296.665 287.951
295.508 224.436 422.957 224.436 422.957 288.444 295.508 288.444
294.592 224.667 422.136 224.667 422.136 288.803 294.592 288.803
294.275 225.249 422.001 225.249 422.001 289.323 294.275 289.323
294.702 225.079 422.989 225.079 422.989 288.904 294.702 288.904
293.645 225.222 421.617 225.222 421.617 289.297 293.645 289.297
292.870 225.651 420.719 225.651 420.719 289.828 292.870 289.828
292.795 225.244 421.172 225.244 421.172 289.200 292.795 289.200
292.957 225.290 421.439 225.290 421.439 289.254 292.957 289.254
292.075 226.079 420.462 226.079 420.462 290.135 292.075 290.135
290.936 226.604 419.750 226.604 419.750 290.781 290.936 290.781
291.785 226.570 421.206 226.570 421.206 290.843 291.785 290.843
290.959 227.108 420.038 227.108 420.038 291.775 290.959 291.775
290.578 227.462 419.949 227.462 419.949 292.045 290.578 292.045
290.467 227.258 420.590 227.258 420.590 291.519 290.467 291.519
289.894 228.049 420.011 228.049 420.011 292.375 289.894 292.375
289.487 227.522 420.212 227.522 420.212 291.597 289.487 291.597
288.752 227.985 419.216 227.985 419.216 292.195 288.752 292.195
289.190 227.696 419.475 227.696 419.475 292.042 289.190 292.042
288.723 227.696 418.613 227.696 418.613 292.050 288.723 292.050
289.100 227.931 418.812 227.931 418.812 292.124 289.100 292.124
288.406 228.143 417.824 228.143 417.824 292.260 288.406 292.260
287.139 227.034 416.475 227.034 416.475 290.849 287.139 290.849
284.642 227.402 413.652 227.402 413.652 291.421 284.642 291.421
282.890 227.761 411.929 227.761 411.929 291.705 282.890 291.705
282.506 227.776 411.826 227.776 411.826 291.718 282.506 291.718
281.137 227.413 410.560 227.413 410.560 291.190 281.137 291.190
278.840 227.941 407.717 227.941 407.717 292.211 278.840 292.211
277.322 227.623 406.661 227.623 406.661 291.883 277.322 291.883
275.198 227.304 404.378 227.304 404.378 292.014 275.198 292.014
272.662 226.979 402.498 226.979 402.498 291.714 272.662 291.714
270.479 225.842 400.418 225.842 400.418 291.035 270.479 291.035
268.343 225.670 398.245 225.670 398.245 291.115 268.343 291.115
264.567 226.433 394.328 226.433 394.328 291.958 264.567 291.958
252.245 225.185 382.081 225.185 382.081 290.918 252.245 290.918
252.235 224.504 382.100 224.504 382.100 290.312 252.235 290.312
251.140 225.161 381.334 225.161 381.334 290.542 251.140 290.542
250.827 224.193 380.973 224.193 380.973 289.549 250.827 289.549
250.002 224.156 380.193 224.156 380.193 289.116 250.002 289.116
249.512 224.366 380.386 224.366 380.386 288.321 249.512 288.321
249.791 223.860 381.008 223.860 381.008 287.179 249.791 287.179
250.584 224.315 381.639 224.315 381.639 287.404 250.584 287.404
250.174 224.494 380.788 224.494 380.788 287.715 250.174 287.715
250.687 224.712 381.301 224.712 381.301 287.735 250.687 287.735
250.679 224.704 381.189 224.704 381.189 287.587 250.679 287.587
250.861 224.901 381.292 224.901 381.292 287.555 250.861 287.555
250.860 224.627 381.130 224.627 381.130 287.222 250.860 287.222
251.831 224.902 381.817 224.902 381.817 287.466 251.831 287.466
252.103 225.032 381.914 225.032 381.914 287.501 252.103 287.501
253.044 224.840 382.832 224.840 382.832 287.224 253.044 287.224
253.327 225.198 382.974 225.198 382.974 287.561 253.327 287.561
254.214 225.415 383.860 225.415 383.860 287.547 254.214 287.547
255.241 225.463 385.143 225.463 385.143 287.355 255.241 287.355
255.297 225.283 384.775 225.283 384.775 287.341 255.297 287.341
256.060 225.567 385.367 225.567 385.367 287.647 256.060 287.647
249.408 223.154 379.124 223.154 379.124 285.180 249.408 285.180
250.082 223.769 379.428 223.769 379.428 285.839 250.082 285.839
251.557 224.175 380.701 224.175 380.701 286.237 251.557 286.237
253.212 224.744 382.536 224.744 382.536 286.645 253.212 286.645
253.998 224.564 383.549 224.564 383.549 286.441 253.998 286.441
255.051 224.922 384.620 224.922 384.620 286.832 255.051 286.832
255.554 225.062 385.088 225.062 385.088 286.914 255.554 286.914
256.447 225.106 385.991 225.106 385.991 286.929 256.447 286.929
257.081 225.176 386.355 225.176 386.355 287.064 257.081 287.064
257.784 225.310 387.068 225.310 387.068 287.260 257.784 287.260
258.336 225.529 387.337 225.529 387.337 287.461 258.336 287.461
257.965 225.818 386.451 225.818 386.451 287.705 257.965 287.705
252.006 223.809 380.881 223.809 380.881 285.699 252.006 285.699
253.702 224.505 382.169 224.505 382.169 286.348 253.702 286.348
254.852 224.680 382.909 224.680 382.909 286.677 254.852 286.677
256.090 224.909 383.974 224.909 383.974 286.963 256.090 286.963
257.287 225.087 385.257 225.087 385.257 287.178 257.287 287.178
258.595 224.901 386.695 224.901 386.695 287.013 258.595 287.013
258.653 225.385 386.344 225.385 386.344 287.492 258.653 287.492
258.866 225.475 386.276 225.475 386.276 287.455 258.866 287.455
258.727 225.719 385.744 225.719 385.744 287.739 258.727 287.739
259.393 225.991 386.003 225.991 386.003 288.051 259.393 288.051
260.309 225.383 386.340 225.383 386.340 287.513 260.309 287.513
260.896 225.439 386.667 225.439 386.667 287.443 260.896 287.443
260.665 225.344 386.142 225.344 386.142 287.344 260.665 287.344
260.793 225.705 386.205 225.705 386.205 287.530 260.793 287.530
260.897 225.845 386.063 225.845 386.063 287.575 260.897 287.575
261.936 225.518 386.703 225.518 386.703 287.401 261.936 287.401
262.316 225.336 386.365 225.336 386.365 287.459 262.316 287.459
262.817 225.493 386.888 225.493 386.888 287.331 262.817 287.331
263.412 225.181 387.265 225.181 387.265 286.841 263.412 286.841
263.323 225.420 386.782 225.420 386.782 287.069 263.323 287.069
256.727 223.895 380.841 223.895 380.841 285.161 256.727 285.161
248.906 222.913 373.734 222.913 373.734 284.153 248.906 284.153
252.433 223.157 377.965 223.157 377.965 284.076 252.433 284.076
254.205 223.360 379.503 223.360 379.503 284.326 254.205 284.326
248.391 222.994 374.218 222.994 374.218 283.826 248.391 283.826
251.053 223.261 377.591 223.261 377.591 283.908 251.053 283.908
253.784 223.653 380.285 223.653 380.285 284.483 253.784 284.483
248.431 223.263 375.819 223.263 375.819 283.820 248.431 283.820
251.832 223.136 379.579 223.136 379.579 283.810 251.832 283.810
254.891 222.988 382.735 222.988 382.735 283.736 254.891 283.736
249.037 222.726 377.389 222.726 377.389 283.272 249.037 283.272
253.715 222.423 382.166 222.423 382.166 283.145 253.715 283.145
248.787 221.718 377.742 221.718 377.742 282.136 248.787 282.136
254.409 221.432 383.675 221.432 383.675 281.660 254.409 281.660
249.676 220.754 379.500 220.754 379.500 280.641 249.676 280.641
254.228 220.827 384.172 220.827 384.172 280.557 254.228 280.557
258.142 221.111 388.074 221.111 388.074 280.681 258.142 280.681
261.314 221.672 390.444 221.672 390.444 281.530 261.314 281.530
255.724 220.861 385.335 220.861 385.335 280.520 255.724 280.520
260.879 220.958 390.405 220.958 390.405 280.497 260.879 280.497
263.874 221.350 392.929 221.350 392.929 281.029 263.874 281.029
259.546 221.805 388.977 221.805 388.977 281.476 259.546 281.476
263.862 222.540 393.303 222.540 393.303 282.403 263.862 282.403
267.690 223.113 396.909 223.113 396.909 283.116 267.690 283.116
271.052 223.411 399.978 223.411 399.978 283.451 271.052 283.451
272.642 224.068 401.438 224.068 401.438 284.231 272.642 284.231
274.402 224.013 402.681 224.013 402.681 284.217 274.402 284.217
276.005 223.989 404.127 223.989 404.127 284.139 276.005 284.139
277.912 223.186 405.326 223.186 405.326 283.716 277.912 283.716
279.086 222.388 406.519 222.388 406.519 282.878 279.086 282.878
280.037 221.990 407.427 221.990 407.427 282.624 280.037 282.624
280.985 221.499 408.008 221.499 408.008 282.344 280.985 282.344
281.656 220.378 408.335 220.378 408.335 281.326 281.656 281.326
277.235 218.965 404.793 218.965 404.793 279.756 277.235 279.756
275.837 216.742 403.991 216.742 403.991 277.642 275.837 277.642
280.574 215.834 409.350 215.834 409.350 276.449 280.574 276.449
279.690 216.093 408.530 216.093 408.530 276.684 279.690 276.684
283.505 216.269 411.826 216.269 411.826 277.057 283.505 277.057
285.836 216.138 413.386 216.138 413.386 277.156 285.836 277.156
288.539 215.496 415.208 215.496 415.208 277.036 288.539 277.036
289.428 214.632 415.562 214.632 415.562 276.350 289.428 276.350
292.015 213.608 417.810 213.608 417.810 275.607 292.015 275.607
292.870 213.105 418.654 213.105 418.654 274.891 292.870 274.891
294.672 212.084 419.763 212.084 419.763 274.101 294.672 274.101
297.659 211.315 422.733 211.315 422.733 273.146 297.659 273.146
299.687 210.857 424.268 210.857 424.268 272.551 299.687 272.551
302.162 210.344 426.149 210.344 426.149 271.839 302.162 271.839
304.862 210.180 428.657 210.180 428.657 271.197 304.862 271.197
307.483 209.480 430.729 209.480 430.729 270.286 307.483 270.286
308.829 209.618 431.800 209.618 431.800 270.011 308.829 270.011
309.882 209.026 432.050 209.026 432.050 269.524 309.882 269.524
310.785 209.620 432.197 209.620 432.197 269.900 310.785 269.900
312.650 209.358 432.905 209.358 432.905 269.388 312.650 269.388
314.979 209.170 434.181 209.170 434.181 268.967 314.979 268.967
317.130 209.202 434.824 209.202 434.824 269.129 317.130 269.129
319.265 208.561 435.733 208.561 435.733 268.340 319.265 268.340
320.981 207.834 435.853 207.834 435.853 267.544 320.981 267.544
323.552 206.544 437.130 206.544 437.130 265.965 323.552 265.965
322.680 206.375 434.482 206.375 434.482 265.839 322.680 265.839
322.297 207.078 432.622 207.078 432.622 266.032 322.297 266.032
322.881 207.258 431.968 207.258 431.968 265.727 322.881 265.727
323.426 206.881 431.389 206.881 431.389 265.095 323.426 265.095
322.920 206.772 429.999 206.772 429.999 264.497 322.920 264.497
322.891 206.705 428.916 206.705 428.916 263.892 322.891 263.892
323.324 206.767 427.989 206.767 427.989 263.847 323.324 263.847
322.221 206.716 425.344 206.716 425.344 264.065 322.221 264.065
321.769 206.985 423.678 206.985 423.678 264.311 321.769 264.311
321.455 206.957 422.295 206.957 422.295 264.450 321.455 264.450
327.916 205.794 427.198 205.794 427.198 263.677 327.916 263.677
324.918 206.342 423.371 206.342 423.371 264.224 324.918 264.224
323.169 206.569 420.702 206.569 420.702 264.584 323.169 264.584
322.347 208.074 418.711 208.074 418.711 265.952 322.347 265.952
321.589 207.863 416.528 207.863 416.528 266.001 321.589 266.001
323.349 208.255 414.289 208.255 414.289 269.388 323.349 269.388
324.273 209.633 413.591 209.633 413.591 271.933 324.273 271.933
326.377 208.988 412.892 208.988 412.892 273.224 326.377 273.224
326.873 209.163 411.028 209.163 411.028 274.865 326.873 274.865
327.693 208.874 409.801 208.874 409.801 275.708 327.693 275.708
328.884 207.829 409.646 207.829 409.646 274.993 328.884 274.993
330.183 207.374 409.709 207.374 409.709 274.900 330.183 274.900
331.321 207.591 409.812 207.591 409.812 275.190 331.321 275.190
332.670 205.234 410.084 205.234 410.084 272.916 332.670 272.916
333.848 204.074 410.690 204.074 410.690 271.797 333.848 271.797
334.084 204.161 409.882 204.161 409.882 272.042 334.084 272.042
334.384 203.824 409.440 203.824 409.440 271.728 334.384 271.728
334.960 204.209 408.931 204.209 408.931 272.498 334.960 272.498
334.409 202.839 407.360 202.839 407.360 271.044 334.409 271.044
334.854 202.596 407.491 202.596 407.491 270.416 334.854 270.416
335.208 202.789 407.600 202.789 407.600 269.804 335.208 269.804
335.102 202.282 406.815 202.282 406.815 268.903 335.102 268.903
335.447 202.174 406.486 202.174 406.486 268.548 335.447 268.548
335.701 202.096 406.292 202.096 406.292 267.840 335.701 267.840
336.029 202.270 406.095 202.270 406.095 267.534 336.029 267.534
336.219 202.501 405.832 202.501 405.832 267.161 336.219 267.161
336.202 202.206 405.409 202.206 405.409 266.262 336.202 266.262
336.469 202.270 405.281 202.270 405.281 266.008 336.469 266.008
337.081 200.621 405.717 200.621 405.717 263.843 337.081 263.843
337.805 200.400 405.923 200.400 405.923 263.374 337.805 263.374
337.700 200.398 405.658 200.398 405.658 263.198 337.700 263.198
338.489 199.637 406.251 199.637 406.251 262.184 338.489 262.184
338.729 199.584 406.437 199.584 406.437 261.915 338.729 261.915
337.760 199.077 405.235 199.077 405.235 261.091 337.760 261.091
338.188 198.711 405.659 198.711 405.659 260.455 338.188 260.455
337.853 198.266 405.128 198.266 405.128 259.832 337.853 259.832
338.150 197.541 405.271 197.541 405.271 259.003 338.150 259.003
338.693 197.920 405.868 197.920 405.868 259.168 338.693 259.168
339.008 197.887 406.146 197.887 406.146 259.103 339.008 259.103
339.147 197.391 405.811 197.391 405.811 258.396 339.147 258.396
338.704 197.694 405.194 197.694 405.194 258.639 338.704 258.639
338.304 197.923 404.535 197.923 404.535 258.828 338.304 258.828
338.666 196.512 404.933 196.512 404.933 256.884 338.666 256.884
338.244 196.340 404.253 196.340 404.253 256.761 338.244 256.761
337.998 196.601 404.168 196.601 404.168 256.337 337.998 256.337
338.157 196.351 404.256 196.351 404.256 256.011 338.157 256.011
338.735 195.705 404.472 195.705 404.472 255.629 338.735 255.629
337.637 195.618 403.146 195.618 403.146 255.389 337.637 255.389
338.562 194.936 404.126 194.936 404.126 254.384 338.562 254.384
338.436 195.785 404.064 195.785 404.064 254.998 338.436 254.998
338.496 195.000 403.845 195.000 403.845 254.122 338.496 254.122
338.443 194.797 403.422 194.797 403.422 254.119 338.443 254.119
338.500 194.772 403.274 194.772 403.274 253.982 338.500 253.982
338.044 194.006 402.444 194.006 402.444 253.299 338.044 253.299
338.567 193.474 402.881 193.474 402.881 252.669 338.567 252.669
339.179 193.816 403.311 193.816 403.311 253.284 339.179 253.284
339.171 192.950 403.056 192.950 403.056 252.288 339.171 252.288
338.711 193.186 402.593 193.186 402.593 252.291 338.711 252.291
338.659 192.867 402.210 192.867 402.210 251.905 338.659 251.905
338.048 191.961 401.346 191.961 401.346 250.665 338.048 250.665
338.324 193.119 401.330 193.119 401.330 251.848 338.324 251.848
337.649 192.831 400.470 192.831 400.470 251.173 337.649 251.173
337.872 192.424 400.428 192.424 400.428 250.538 337.872 250.538
337.714 191.977 400.007 191.977 400.007 249.802 337.714 249.802
338.144 191.102 400.269 191.102 400.269 248.629 338.144 248.629
337.813 191.080 399.497 191.080 399.497 248.825 337.813 248.825
337.830 191.525 399.294 191.525 399.294 249.026 337.830 249.026
337.250 191.994 398.461 191.994 398.461 249.311 337.250 249.311
338.150 191.470 399.412 191.470 399.412 248.621 338.150 248.621
338.246 191.289 399.579 191.289 399.579 248.102 338.246 248.102
337.817 190.580 398.991 190.580 398.991 247.127 337.817 247.127
337.387 190.387 398.297 190.387 398.297 246.787 337.387 246.787
337.196 190.710 398.079 190.710 398.079 246.925 337.196 246.925
337.059 190.736 397.802 190.736 397.802 246.850 337.059 246.850
336.857 190.762 397.472 190.762 397.472 246.805 336.857 246.805
336.536 191.039 397.038 191.039 397.038 246.848 336.536 246.848
336.027 190.063 396.699 190.063 396.699 245.478 336.027 245.478
335.989 189.775 396.519 189.775 396.519 245.032 335.989 245.032
336.181 189.449 396.363 189.449 396.363 244.617 336.181 244.617
336.174 189.385 396.404 189.385 396.404 244.311 336.174 244.311
336.233 189.056 396.620 189.056 396.620 243.701 336.233 243.701
336.958 188.614 397.268 188.614 397.268 243.054 336.958 243.054
336.663 187.952 396.631 187.952 396.631 242.239 336.663 242.239
336.637 187.227 396.246 187.227 396.246 241.616 336.637 241.616
336.344 187.349 395.812 187.349 395.812 241.597 336.344 241.597
336.897 187.076 396.014 187.076 396.014 241.316 336.897 241.316
336.619 186.144 395.802 186.144 395.802 240.148 336.619 240.148
336.809 185.965 396.103 185.965 396.103 239.674 336.809 239.674
336.382 185.876 395.831 185.876 395.831 239.287 336.382 239.287
335.979 185.189 395.271 185.189 395.271 238.451 335.979 238.451
335.365 184.822 394.645 184.822 394.645 237.718 335.365 237.718
335.596 183.875 394.490 183.875 394.490 236.689 335.596 236.689
335.725 183.533 394.868 183.533 394.868 235.960 335.725 235.960
335.451 182.954 394.508 182.954 394.508 235.142 335.451 235.142
335.844 182.817 394.904 182.817 394.904 235.076 335.844 235.076
332.378 181.868 391.522 181.868 391.522 234.339 332.378 234.339
333.431 182.306 392.674 182.306 392.674 234.623 333.431 234.623
334.290 182.151 393.607 182.151 393.607 234.347 334.290 234.347
335.127 180.724 394.405 180.724 394.405 232.817 335.127 232.817
335.076 180.552 394.275 180.552 394.275 232.400 335.076 232.400
335.491 180.187 394.839 180.187 394.839 231.847 335.491 231.847
331.308 179.947 390.563 179.947 390.563 231.731 331.308 231.731
332.196 180.299 391.539 180.299 391.539 231.961 332.196 231.961
332.806 179.371 391.927 179.371 391.927 231.089 332.806 231.089
332.965 179.543 391.889 179.543 391.889 231.249 332.965 231.249
333.506 178.996 392.293 178.996 392.293 230.797 333.506 230.797
330.065 177.795 388.933 177.795 388.933 229.584 330.065 229.584
332.112 176.702 390.707 176.702 390.707 228.608 332.112 228.608
328.602 177.162 387.119 177.162 387.119 229.074 328.602 229.074
330.750 176.955 389.328 176.955 389.328 228.760 330.750 228.760
332.311 176.063 390.852 176.063 390.852 227.973 332.311 227.973
328.943 175.866 387.320 175.866 387.320 227.976 328.943 227.976
330.685 175.350 388.864 175.350 388.864 227.452 330.685 227.452
331.294 174.426 389.594 174.426 389.594 226.347 331.294 226.347
331.241 174.799 389.431 174.799 389.431 226.500 331.241 226.500
327.478 174.165 385.794 174.165 385.794 225.889 327.478 225.889
328.821 173.270 386.944 173.270 386.944 225.025 328.821 225.025
330.243 172.682 388.297 172.682 388.297 224.335 330.243 224.335
329.693 172.209 387.958 172.209 387.958 223.392 329.693 223.392
329.597 171.617 387.851 171.617 387.851 222.713 329.597 222.713
329.836 170.954 388.020 170.954 388.020 221.869 329.836 221.869
326.105 170.695 384.237 170.695 384.237 221.589 326.105 221.589
327.888 170.221 385.624 170.221 385.624 221.247 327.888 221.247
328.194 169.394 385.709 169.394 385.709 220.396 328.194 220.396
327.675 169.402 385.110 169.402 385.110 220.266 327.675 220.266
327.228 168.873 384.436 168.873 384.436 219.767 327.228 219.767
327.623 168.122 384.719 168.122 384.719 218.840 327.623 218.840
327.342 167.570 384.173 167.570 384.173 218.130 327.342 218.130
326.608 167.823 383.143 167.823 383.143 218.336 326.608 218.336
326.470 167.884 383.023 167.884 383.023 218.080 326.470 218.080
326.003 168.248 382.473 168.248 382.473 218.188 326.003 218.188
320.856 167.718 377.588 167.718 377.588 217.289 320.856 217.289
322.070 167.700 378.800 167.700 378.800 217.179 322.070 217.179
321.690 167.572 378.810 167.572 378.810 216.670 321.690 216.670
321.337 168.143 378.499 168.143 378.499 217.054 321.337 217.054
316.771 168.356 374.311 168.356 374.311 217.231 316.771 217.231
317.786 167.987 375.415 167.987 375.415 216.879 317.786 216.879
317.666 168.126 375.575 168.126 375.575 216.705 317.666 216.705
317.740 168.663 375.810 168.663 375.810 217.213 317.740 217.213
317.296 167.942 375.486 167.942 375.486 216.466 317.296 216.466
312.183 167.381 370.698 167.381 370.698 216.136 312.183 216.136
313.812 167.761 372.725 167.761 372.725 216.432 313.812 216.432
314.572 167.505 373.410 167.505 373.410 216.358 314.572 216.358
315.163 167.617 373.736 167.617 373.736 216.627 315.163 216.627
315.320 168.175 373.590 168.175 373.590 217.304 315.320 217.304
309.382 162.867 368.080 162.867 368.080 211.906 309.382 211.906
310.925 164.016 369.244 164.016 369.244 213.423 310.925 213.423
311.640 164.422 370.050 164.422 370.050 213.768 311.640 213.768
311.663 164.217 370.163 164.217 370.163 213.494 311.663 213.494
307.491 163.696 366.337 163.696 366.337 212.846 307.491 212.846
307.930 164.382 366.805 164.382 366.805 213.283 307.930 213.283
307.403 160.571 366.243 160.571 366.243 209.277 307.403 209.277
307.506 162.242 366.155 162.242 366.155 211.064 307.506 211.064
307.598 163.539 366.399 163.539 366.399 212.245 307.598 212.245
303.344 163.623 362.405 163.623 362.405 212.114 303.344 212.114
303.760 163.533 362.779 163.533 362.779 211.908 303.760 211.908
303.383 164.186 362.484 164.186 362.484 212.316 303.383 212.316
303.557 160.431 362.623 160.431 362.623 208.586 303.557 208.586
302.421 162.106 361.572 162.106 361.572 210.107 302.421 210.107
301.062 162.793 360.227 162.793 360.227 210.396 301.062 210.396
300.963 163.652 360.406 163.652 360.406 210.818 300.963 210.818
295.700 158.667 355.181 158.667 355.181 205.756 295.700 205.756
297.309 160.022 356.777 160.022 356.777 207.036 297.309 207.036
296.746 161.313 355.933 161.313 355.933 208.111 296.746 208.111
296.910 161.199 355.737 161.199 355.737 207.775 296.910 207.775
296.070 161.457 354.670 161.457 354.670 207.956 296.070 207.956
295.826 160.973 354.329 160.973 354.329 207.409 295.826 207.409
290.673 155.779 349.126 155.779 349.126 202.145 290.673 202.145
291.082 157.790 349.437 157.790 349.437 204.043 291.082 204.043
291.564 158.781 349.812 158.781 349.812 204.897 291.564 204.897
286.470 154.466 344.332 154.466 344.332 200.571 286.470 200.571
287.541 156.338 345.361 156.338 345.361 202.249 287.541 202.249
288.991 156.862 346.988 156.862 346.988 202.516 288.991 202.516
284.445 151.540 342.173 151.540 342.173 197.214 284.445 197.214
284.976 153.966 342.680 153.966 342.680 199.484 284.976 199.484
285.457 155.745 343.036 155.745 343.036 201.201 285.457 201.201
286.073 155.897 343.269 155.897 343.269 201.320 286.073 201.320
285.580 156.409 342.254 156.409 342.254 201.845 285.580 201.845
280.803 151.227 337.238 151.227 337.238 196.818 280.803 196.818
282.104 152.247 338.369 152.247 338.369 198.042 282.104 198.042
283.028 153.544 339.115 153.544 339.115 199.347 283.028 199.347
282.208 148.788 337.889 148.788 337.889 194.765 282.208 194.765
282.258 151.068 337.764 151.068 337.764 197.115 282.258 197.115
282.570 152.565 337.792 152.565 337.792 198.801 282.570 198.801
281.353 147.434 336.436 147.434 336.436 193.813 281.353 193.813
280.448 149.221 335.380 149.221 335.380 195.766 280.448 195.766
280.154 151.052 335.154 151.052 335.154 197.558 280.154 197.558
279.858 146.736 335.052 146.736 335.052 193.198 279.858 193.198
280.211 148.652 335.583 148.652 335.583 194.977 280.211 194.977
279.762 150.502 335.313 150.502 335.313 196.589 279.762 196.589
279.572 144.932 335.259 144.932 335.259 191.088 279.572 191.088
280.132 139.268 335.968 139.268 335.968 185.359 280.132 185.359
280.183 140.590 335.787 140.590 335.787 186.877 280.183 186.877
279.960 142.751 335.338 142.751 335.338 189.079 279.960 189.079
274.194 143.583 329.925 143.583 329.925 189.703 274.194 189.703
275.451 138.306 331.282 138.306 331.282 184.321 275.451 184.321
277.494 139.966 333.589 139.966 333.589 185.755 277.494 185.755
277.929 142.213 333.928 142.213 333.928 188.199 277.929 188.199
279.154 136.958 335.572 136.958 335.572 182.546 279.154 182.546
281.505 137.769 338.288 137.769 338.288 183.025 281.505 183.025
277.171 138.774 334.693 138.774 334.693 183.350 277.171 183.350
278.844 141.310 336.183 141.310 336.183 186.113 278.844 186.113
279.443 142.663 336.757 142.663 336.757 187.519 279.443 187.519
274.802 137.718 333.072 137.718 333.072 181.771 274.802 181.771
286.661 133.559 346.007 133.559 346.007 176.516 286.661 176.516
280.525 141.280 341.019 141.280 341.019 183.462 280.525 183.462
280.932 142.041 341.583 142.041 341.583 184.124 280.932 184.124
280.295 142.592 341.737 142.592 341.737 184.208 280.295 184.208
279.476 143.168 341.443 143.168 341.443 184.484 279.476 184.484
279.017 143.627 341.835 143.627 341.835 184.473 279.017 184.473
280.029 139.056 343.993 139.056 343.993 179.041 280.029 179.041
273.681 146.388 338.036 146.388 338.036 186.154 273.681 186.154
273.766 146.025 338.350 146.025 338.350 185.687 273.766 185.687
280.909 139.648 346.028 139.648 346.028 178.815 280.909 178.815
281.449 139.056 345.072 139.056 345.072 179.397 281.449 179.397
282.596 139.107 344.396 139.107 344.396 180.779 282.596 180.779
