89.000 148.000 144.000 148.000 144.000 194.000 89.000 194.000
92.765 148.502 146.713 148.502 146.713 195.082 92.765 195.082
93.481 148.312 146.538 148.312 146.538 194.948 93.481 194.948
95.045 151.109 147.328 151.109 147.328 197.962 95.045 197.962
97.357 149.262 148.908 149.262 148.908 195.981 97.357 195.981
96.811 150.794 147.719 150.794 147.719 197.482 96.811 197.482
98.646 149.663 149.016 149.663 149.016 196.139 98.646 196.139
100.087 149.881 149.617 149.881 149.617 196.440 100.087 196.440
101.144 150.705 150.319 150.705 150.319 197.021 101.144 197.021
101.591 150.608 150.281 150.608 150.281 196.929 101.591 196.929
104.037 151.562 152.292 151.562 152.292 197.858 104.037 197.858
103.911 150.319 151.469 150.319 151.469 196.722 103.911 196.722
104.911 150.063 151.829 150.063 151.829 196.574 104.911 196.574
106.226 150.468 152.542 150.468 152.542 197.042 106.226 197.042
108.397 150.542 153.912 150.542 153.912 197.291 108.397 197.291
108.696 152.600 153.731 152.600 153.731 199.364 108.696 199.364
109.412 151.711 154.095 151.711 154.095 198.410 109.412 198.410
109.613 151.962 153.701 151.962 153.701 198.627 109.613 198.627
111.352 152.400 154.910 152.400 154.910 199.149 111.352 199.149
111.384 153.448 154.430 153.448 154.430 200.137 111.384 200.137
111.891 153.534 154.653 153.534 154.653 200.083 111.891 200.083
112.644 154.787 155.009 154.787 155.009 200.957 112.644 200.957
113.857 154.759 155.955 154.759 155.955 200.610 113.857 200.610
113.709 155.005 155.389 155.005 155.389 200.399 113.709 200.399
114.312 155.005 155.689 155.005 155.689 200.229 114.312 200.229
113.554 156.084 154.322 156.084 154.322 201.430 113.554 201.430
115.092 155.547 155.358 155.547 155.358 200.759 115.092 200.759
115.871 157.137 155.411 157.137 155.411 202.395 115.871 202.395
115.586 157.276 154.870 157.276 154.870 202.593 115.586 202.593
116.425 157.221 155.258 157.221 155.258 202.782 116.425 202.782
116.271 157.400 154.748 157.400 154.748 202.955 116.271 202.955
117.458 158.025 155.511 158.025 155.511 203.649 117.458 203.649
116.888 158.067 154.731 158.067 154.731 203.782 116.888 203.782
117.534 158.178 155.137 158.178 155.137 203.874 117.534 203.874
116.503 157.651 153.774 157.651 153.774 203.390 116.503 203.390
116.218 157.570 153.287 157.570 153.287 203.485 116.218 203.485
116.070 156.829 153.011 156.829 153.011 202.765 116.070 202.765
116.034 157.668 152.701 157.668 152.701 203.815 116.034 203.815
114.814 159.047 151.565 159.047 151.565 204.827 114.814 204.827
115.358 159.249 152.003 159.249 152.003 205.228 115.358 205.228
114.778 159.723 151.559 159.723 151.559 205.646 114.778 205.646
114.123 159.895 150.936 159.895 150.936 205.723 114.123 205.723
113.075 159.306 149.967 159.306 149.967 205.147 113.075 205.147
112.952 159.957 149.883 159.957 149.883 205.969 112.952 205.969
112.381 160.298 149.554 160.298 149.554 206.184 112.381 206.184
112.795 161.318 150.001 161.318 150.001 207.248 112.795 207.248
112.027 161.677 149.299 161.677 149.299 207.796 112.027 207.796
110.984 162.073 148.599 162.073 148.599 208.052 110.984 208.052
110.880 161.232 148.407 161.232 148.407 207.577 110.880 207.577
109.906 162.015 147.569 162.015 147.569 208.341 109.906 208.341
109.456 162.441 147.525 162.441 147.525 208.523 109.456 208.523
109.735 163.771 147.994 163.771 147.994 209.768 109.735 209.768
109.480 163.509 147.728 163.509 147.728 209.801 109.480 209.801
108.333 163.966 146.823 163.966 146.823 210.232 108.333 210.232
108.218 164.709 146.776 164.709 146.776 211.119 108.218 211.119
106.288 165.882 145.041 165.882 145.041 212.161 106.288 212.161
105.330 165.807 144.382 165.807 144.382 212.003 105.330 212.003
104.147 165.385 143.426 165.385 143.426 211.675 104.147 211.675
102.958 166.267 142.609 166.267 142.609 212.316 102.958 212.316
102.806 166.868 142.734 166.868 142.734 212.880 102.806 212.880
101.668 167.736 141.973 167.736 141.973 213.628 101.668 213.628
100.589 167.971 141.217 167.971 141.217 213.488 100.589 213.488
99.598 167.841 140.334 167.841 140.334 213.248 99.598 213.248
98.944 168.543 139.589 168.543 139.589 214.034 98.944 214.034
97.709 168.812 138.294 168.812 138.294 214.426 97.709 214.426
97.107 169.060 137.668 169.060 137.668 214.833 97.107 214.833
97.581 169.966 138.351 169.966 138.351 215.788 97.581 215.788
97.117 169.247 137.828 169.247 137.828 215.195 97.117 215.195
96.012 169.685 137.027 169.685 137.027 215.489 96.012 215.489
95.485 169.614 136.371 169.614 136.371 215.636 95.485 215.636
94.007 170.437 134.810 170.437 134.810 216.548 94.007 216.548
93.628 171.064 134.303 171.064 134.303 217.366 93.628 217.366
94.244 171.079 134.986 171.079 134.986 217.614 94.244 217.614
92.916 170.136 133.733 170.136 133.733 216.705 92.916 216.705
92.562 170.372 133.164 170.372 133.164 217.324 92.562 217.324
92.043 171.214 132.713 171.214 132.713 218.249 92.043 218.249
92.781 172.342 133.336 172.342 133.336 219.265 92.781 219.265
92.369 173.198 132.700 173.198 132.700 220.400 92.369 220.400
88.743 176.811 129.505 176.811 129.505 223.549 88.743 223.549
87.976 176.786 128.386 176.786 128.386 224.038 87.976 224.038
86.094 177.989 126.323 177.989 126.323 225.514 86.094 225.514
85.774 178.369 125.917 178.369 125.917 226.052 85.774 226.052
85.725 177.864 125.705 177.864 125.705 225.732 85.725 225.732
84.757 177.864 124.473 177.864 124.473 225.964 84.757 225.964
84.651 177.410 124.328 177.410 124.328 225.846 84.651 225.846
84.046 177.892 123.526 177.892 123.526 226.603 84.046 226.603
83.728 178.958 123.073 178.958 123.073 227.838 83.728 227.838
83.944 180.218 122.923 180.218 122.923 229.412 83.944 229.412
83.513 179.603 122.681 179.603 122.681 228.793 83.513 228.793
83.964 179.417 122.850 179.417 122.850 228.978 83.964 228.978
82.947 180.562 121.918 180.562 121.918 229.835 82.947 229.835
84.210 181.040 123.016 181.040 123.016 230.621 84.210 230.621
82.876 181.437 121.633 181.437 121.633 231.075 82.876 231.075
83.927 181.905 122.389 181.905 122.389 232.008 83.927 232.008
84.141 183.185 122.307 183.185 122.307 233.745 84.141 233.745
83.478 183.487 121.802 183.487 121.802 233.918 83.478 233.918
83.931 183.813 122.420 183.813 122.420 234.178 83.931 234.178
84.297 184.045 122.782 184.045 122.782 234.705 84.297 234.705
83.566 184.770 122.135 184.770 122.135 235.640 83.566 235.640
84.302 185.731 122.627 185.731 122.627 237.041 84.302 237.041
85.304 186.517 123.859 186.517 123.859 237.944 85.304 237.944
85.494 186.548 124.047 186.548 124.047 238.190 85.494 238.190
85.184 187.643 123.715 187.643 123.715 239.379 85.184 239.379
85.688 187.937 124.469 187.937 124.469 239.785 85.688 239.785
85.515 188.666 124.290 188.666 124.290 240.619 85.515 240.619
86.464 189.678 125.193 189.678 125.193 241.869 86.464 241.869
86.520 190.713 125.372 190.713 125.372 242.805 86.520 242.805
86.919 190.790 125.975 190.790 125.975 242.939 86.919 242.939
87.215 190.635 126.403 190.635 126.403 242.870 87.215 242.870
87.862 190.765 126.921 190.765 126.921 243.672 87.862 243.672
88.507 191.671 127.697 191.671 127.697 244.632 88.507 244.632
88.496 192.694 127.660 192.694 127.660 246.246 88.496 246.246
89.586 193.217 129.023 193.217 129.023 246.668 89.586 246.668
89.855 193.941 129.385 193.941 129.385 247.624 89.855 247.624
90.024 194.357 129.684 194.357 129.684 248.004 90.024 248.004
90.403 194.688 130.125 194.688 130.125 248.404 90.403 248.404
91.184 195.128 130.934 195.128 130.934 249.164 91.184 249.164
92.215 195.829 131.990 195.829 131.990 250.361 92.215 250.361
93.435 195.676 133.337 195.676 133.337 250.222 93.435 250.222
94.672 196.894 134.348 196.894 134.348 252.108 94.672 252.108
94.678 197.333 134.502 197.333 134.502 252.362 94.678 252.362
94.972 197.814 135.043 197.814 135.043 253.082 94.972 253.082
96.049 198.288 136.126 198.288 136.126 253.882 96.049 253.882
97.365 200.034 137.689 200.034 137.689 255.663 97.365 255.663
98.042 200.883 138.526 200.883 138.526 256.558 98.042 256.558
97.858 202.316 138.438 202.316 138.438 258.119 97.858 258.119
98.741 202.846 139.649 202.846 139.649 258.443 98.741 258.443
99.199 202.523 140.417 202.523 140.417 258.151 99.199 258.151
99.818 203.176 140.906 203.176 140.906 259.434 99.818 259.434
100.440 204.069 141.580 204.069 141.580 260.546 100.440 260.546
101.521 205.245 142.465 205.245 142.465 262.395 101.521 262.395
102.014 205.933 143.137 205.933 143.137 262.893 102.014 262.893
101.726 206.352 143.154 206.352 143.154 263.324 101.726 263.324
102.838 207.109 144.289 207.109 144.289 264.094 102.838 264.094
103.021 207.918 144.287 207.918 144.287 265.519 103.021 265.519
104.394 207.914 145.683 207.914 145.683 265.828 104.394 265.828
104.824 209.234 146.356 209.234 146.356 267.205 104.824 267.205
105.638 210.271 147.592 210.271 147.592 268.264 105.638 268.264
105.671 211.240 147.793 211.240 147.793 269.386 105.671 269.386
106.197 211.384 148.644 211.384 148.644 269.496 106.197 269.496
107.375 211.598 149.725 211.598 149.725 270.406 107.375 270.406
107.366 212.439 149.875 212.439 149.875 271.507 107.366 271.507
108.493 212.667 150.643 212.667 150.643 272.531 108.493 272.531
109.348 213.810 151.717 213.810 151.717 273.763 109.348 273.763
110.085 215.174 152.456 215.174 152.456 275.694 110.085 275.694
108.890 217.023 151.404 217.023 151.404 277.716 108.890 277.716
109.685 217.471 152.248 217.471 152.248 278.332 109.685 278.332
111.282 218.609 154.045 218.609 154.045 279.519 111.282 279.519
112.265 219.718 155.274 219.718 155.274 280.688 112.265 280.688
112.423 220.177 155.505 220.177 155.505 281.471 112.423 281.471
111.966 220.639 155.126 220.639 155.126 282.477 111.966 282.477
112.804 221.799 156.081 221.799 156.081 283.919 112.804 283.919
113.379 222.799 156.780 222.799 156.780 285.143 113.379 285.143
114.079 222.775 157.481 222.775 157.481 285.470 114.079 285.470
114.058 225.415 157.762 225.415 157.762 287.946 114.058 287.946
113.878 230.324 157.820 230.324 157.820 292.460 113.878 292.460
114.402 230.257 158.453 230.257 158.453 292.293 114.402 292.293
115.196 229.833 159.668 229.833 159.668 292.033 115.196 292.033
116.557 230.160 160.925 230.160 160.925 292.648 116.557 292.648
117.581 231.090 162.163 231.090 162.163 293.620 117.581 293.620
117.540 232.775 162.560 232.775 162.560 295.339 117.540 295.339
117.288 234.295 162.374 234.295 162.374 297.018 117.288 297.018
118.322 235.673 163.612 235.673 163.612 298.901 118.322 298.901
118.099 237.072 163.675 237.072 163.675 300.359 118.099 300.359
119.830 237.616 165.810 237.616 165.810 300.855 119.830 300.855
119.631 238.865 165.847 238.865 165.847 302.185 119.631 302.185
120.769 239.328 166.941 239.328 166.941 303.142 120.769 303.142
119.984 244.640 166.557 244.640 166.557 308.003 119.984 308.003
120.598 243.723 167.311 243.723 167.311 307.324 120.598 307.324
122.276 243.890 169.061 243.890 169.061 307.791 122.276 307.791
123.090 244.825 169.900 244.825 169.900 309.345 123.090 309.345
123.762 251.366 170.844 251.366 170.844 315.727 123.762 315.727
123.420 251.230 170.737 251.230 170.737 315.582 123.420 315.582
125.774 251.160 173.392 251.160 173.392 315.733 125.774 315.733
126.329 251.563 174.535 251.563 174.535 316.043 126.329 316.043
126.443 251.801 174.815 251.801 174.815 316.556 126.443 316.556
126.925 252.922 175.485 252.922 175.485 317.935 126.925 317.935
128.209 259.353 176.954 259.353 176.954 324.315 128.209 324.315
129.012 260.165 178.209 260.165 178.209 324.946 129.012 324.946
129.488 262.218 178.815 262.218 178.815 327.048 129.488 327.048
130.549 262.691 179.895 262.691 179.895 328.112 130.549 328.112
132.753 263.135 182.537 263.135 182.537 328.869 132.753 328.869
132.553 264.319 182.868 264.319 182.868 330.016 132.553 330.016
134.094 264.575 184.641 264.575 184.641 330.811 134.094 330.811
134.929 265.665 185.947 265.665 185.947 332.079 134.929 332.079
137.014 267.617 188.531 267.617 188.531 334.213 137.014 334.213
136.786 275.815 188.426 275.815 188.426 342.678 136.786 342.678
137.096 275.626 188.974 275.626 188.974 342.908 137.096 342.908
139.563 276.204 191.968 276.204 191.968 343.467 139.563 343.467
139.868 277.222 192.898 277.222 192.898 344.306 139.868 344.306
141.342 278.638 194.435 278.638 194.435 346.307 141.342 346.307
141.761 280.302 195.644 280.302 195.644 347.914 141.761 347.914
143.464 280.447 197.495 280.447 197.495 348.713 143.464 348.713
145.572 281.670 199.619 281.670 199.619 350.658 145.572 350.658
144.933 289.706 199.134 289.706 199.134 359.220 144.933 359.220
148.460 291.218 202.413 291.218 202.413 361.502 148.460 361.502
149.879 292.128 204.440 292.128 204.440 362.345 149.879 362.345
151.177 293.717 206.238 293.717 206.238 364.144 151.177 364.144
152.913 294.886 208.080 294.886 208.080 366.292 152.913 366.292
153.137 297.053 208.605 297.053 208.605 368.696 153.137 368.696
155.912 298.406 211.917 298.406 211.917 370.287 155.912 370.287
156.186 306.858 212.360 306.858 212.360 379.315 156.186 379.315
159.015 307.226 215.067 307.226 215.067 380.136 159.015 380.136
160.276 308.284 216.826 308.284 216.826 381.369 160.276 381.369
162.476 309.284 219.066 309.284 219.066 383.483 162.476 383.483
165.482 312.499 222.053 312.499 222.053 387.247 165.482 387.247
166.207 315.500 223.353 315.500 223.353 390.242 166.207 390.242
168.579 324.166 225.849 324.166 225.849 399.077 168.579 399.077
168.791 325.059 226.291 325.059 226.291 400.092 168.791 400.092
170.183 327.100 228.017 327.100 228.017 402.564 170.183 402.564
170.523 327.786 228.559 327.786 228.559 403.995 170.523 403.995
173.752 336.312 232.192 336.312 232.192 412.342 173.752 412.342
174.650 337.921 233.576 337.921 233.576 413.473 174.650 413.473
176.546 340.424 235.963 340.424 235.963 415.683 176.546 415.683
178.746 341.466 238.623 341.466 238.623 416.189 178.746 416.189
181.005 342.923 241.028 342.923 241.028 417.933 181.005 417.933
182.766 344.471 243.094 344.471 243.094 419.546 182.766 419.546
186.628 346.298 247.486 346.298 247.486 421.087 186.628 421.087
187.888 347.172 249.304 347.172 249.304 421.734 187.888 421.734
189.007 354.571 251.049 354.571 251.049 428.533 189.007 428.533
191.203 354.789 253.768 354.789 253.768 428.515 191.203 428.515
197.387 363.777 260.491 363.777 260.491 437.270 197.387 437.270
197.052 362.564 260.571 362.564 260.571 436.101 197.052 436.101
198.074 363.285 262.167 363.285 262.167 436.750 198.074 436.750
196.972 372.372 261.553 372.372 261.553 445.452 196.972 445.452
198.371 373.103 262.943 373.103 262.943 445.975 198.371 445.975
205.985 384.957 271.312 384.957 271.312 457.689 205.985 457.689
205.853 387.355 271.812 387.355 271.812 460.008 205.853 460.008
206.961 391.224 273.492 391.224 273.492 463.509 206.961 463.509
208.633 395.578 276.065 395.578 276.065 466.848 208.633 466.848
209.014 394.861 277.272 394.861 277.272 465.054 209.014 465.054
209.016 397.143 278.203 397.143 278.203 466.415 209.016 466.415
218.365 399.811 288.134 399.811 288.134 468.203 218.365 468.203
210.253 399.884 280.169 399.884 280.169 467.105 210.253 467.105
226.788 400.377 297.154 400.377 297.154 466.849 226.788 466.849
