540.000 328.000 581.000 328.000 581.000 451.000 540.000 451.000
538.576 326.504 579.316 326.504 579.316 450.996 538.576 450.996
533.055 325.895 574.091 325.895 574.091 451.664 533.055 451.664
529.649 324.825 570.869 324.825 570.869 451.180 529.649 451.180
525.104 325.989 566.680 325.989 566.680 453.658 525.104 453.658
521.222 326.109 563.547 326.109 563.547 454.738 521.222 454.738
518.820 325.905 561.721 325.905 561.721 455.849 518.820 455.849
512.397 321.669 556.106 321.669 556.106 452.140 512.397 452.140
508.824 325.937 552.934 325.937 552.934 457.201 508.824 457.201
504.497 320.560 548.798 320.560 548.798 451.935 504.497 451.935
500.857 324.652 544.774 324.652 544.774 457.755 500.857 457.755
497.277 323.643 541.317 323.643 541.317 457.042 497.277 457.042
493.743 321.204 537.297 321.204 537.297 455.289 493.743 455.289
492.135 325.897 535.700 325.897 535.700 460.148 492.135 460.148
490.642 322.816 534.228 322.816 534.228 456.271 490.642 456.271
489.106 327.405 532.795 327.405 532.795 459.994 489.106 459.994
487.026 322.763 531.213 322.763 531.213 454.758 487.026 454.758
461.156 324.300 505.218 324.300 505.218 456.977 461.156 456.977
458.698 323.534 502.095 323.534 502.095 457.062 458.698 457.062
455.805 319.381 498.897 319.381 498.897 453.538 455.805 453.538
452.460 321.448 495.746 321.448 495.746 455.473 452.460 455.473
450.019 321.320 493.422 321.320 493.422 455.543 450.019 455.543
446.943 322.323 490.435 322.323 490.435 456.718 446.943 456.718
442.209 322.893 485.783 322.893 485.783 458.529 442.209 458.529
437.599 322.425 481.605 322.425 481.605 457.935 437.599 457.935
432.509 322.148 476.502 322.148 476.502 457.634 432.509 457.634
428.591 321.172 472.835 321.172 472.835 457.133 428.591 457.133
427.405 321.280 472.024 321.280 472.024 457.300 427.405 457.300
420.262 316.604 464.891 316.604 464.891 454.941 420.262 454.941
419.174 317.520 463.954 317.520 463.954 456.033 419.174 456.033
413.372 318.456 458.863 318.456 458.863 456.643 413.372 456.643
410.730 318.816 456.376 318.816 456.376 457.054 410.730 457.054
398.992 319.426 444.412 319.426 444.412 457.423 398.992 457.423
392.468 320.221 437.910 320.221 437.910 457.855 392.468 457.855
387.953 315.377 433.268 315.377 433.268 453.467 387.953 453.467
382.534 312.211 428.050 312.211 428.050 450.379 382.534 450.379
376.297 311.907 422.250 311.907 422.250 450.343 376.297 450.343
373.358 319.483 419.153 319.483 419.153 458.449 373.358 458.449
369.110 313.329 415.145 313.329 415.145 452.709 369.110 452.709
366.665 318.465 412.719 318.465 412.719 457.638 366.665 457.638
361.982 316.561 408.323 316.561 408.323 456.285 361.982 456.285
356.947 317.925 403.631 317.925 403.631 458.104 356.947 458.104
350.936 315.556 397.906 315.556 397.906 455.684 350.936 455.684
347.658 315.898 394.627 315.898 394.627 456.050 347.658 456.050
341.347 312.292 387.985 312.292 387.985 453.749 341.347 453.749
335.868 314.491 382.242 314.491 382.242 457.223 335.868 457.223
332.310 311.607 378.498 311.607 378.498 455.694 332.310 455.694
325.751 310.068 372.058 310.068 372.058 454.966 325.751 454.966
325.373 310.284 371.296 310.284 371.296 456.434 325.373 456.434
318.782 308.477 365.098 308.477 365.098 454.719 318.782 454.719
313.837 310.037 360.503 310.037 360.503 457.254 313.837 457.254
308.965 308.128 355.666 308.128 355.666 456.487 308.965 456.487
306.109 306.439 353.020 306.439 353.020 455.720 306.109 455.720
302.607 304.630 349.062 304.630 349.062 456.123 302.607 456.123
299.913 307.162 346.141 307.162 346.141 460.363 299.913 460.363
295.135 301.295 341.504 301.295 341.504 456.484 295.135 456.484
292.394 300.526 338.837 300.526 338.837 456.934 292.394 456.934
284.045 299.584 331.135 299.584 331.135 455.234 284.045 455.234
282.587 305.161 330.421 305.161 330.421 459.934 282.587 459.934
281.505 303.747 330.358 303.747 330.358 457.064 281.505 457.064
270.949 302.831 320.893 302.831 320.893 454.298 270.949 454.298
269.691 302.877 320.094 302.877 320.094 453.378 269.691 453.378
263.091 302.026 313.437 302.026 313.437 451.013 263.091 451.013
261.773 299.367 311.939 299.367 311.939 447.630 261.773 447.630
255.076 300.570 305.278 300.570 305.278 447.446 255.076 447.446
250.890 300.896 301.260 300.896 301.260 446.059 250.890 446.059
247.084 300.849 297.453 300.849 297.453 444.689 247.084 444.689
245.695 302.234 296.053 302.234 296.053 444.422 245.695 444.422
241.057 302.580 291.545 302.580 291.545 443.125 241.057 443.125
238.985 302.989 289.194 302.989 289.194 442.907 238.985 442.907
233.098 299.264 283.123 299.264 283.123 438.413 233.098 438.413
230.646 304.342 280.260 304.342 280.260 442.999 230.646 442.999
225.562 300.120 275.019 300.120 275.019 438.480 225.562 438.480
224.221 303.852 273.153 303.852 273.153 442.156 224.221 442.156
219.688 304.036 268.345 304.036 268.345 442.529 219.688 442.529
218.333 301.009 266.836 301.009 266.836 439.775 218.333 439.775
216.451 304.649 264.992 304.649 264.992 442.223 216.451 442.223
213.804 302.172 262.328 302.172 262.328 439.161 213.804 439.161
213.013 305.543 261.387 305.543 261.387 441.751 213.013 441.751
211.478 302.955 259.858 302.955 259.858 438.918 211.478 438.918
209.396 305.182 257.753 305.182 257.753 441.123 209.396 441.123
205.975 306.415 254.192 306.415 254.192 442.454 205.975 442.454
203.186 307.227 251.099 307.227 251.099 444.064 203.186 444.064
200.595 305.863 247.899 305.863 247.899 443.365 200.595 443.365
197.602 305.361 243.885 305.361 243.885 444.452 197.602 444.452
197.272 309.098 242.512 309.098 242.512 449.694 197.272 449.694
196.330 305.912 241.029 305.912 241.029 447.963 196.330 447.963
194.215 303.298 238.387 303.298 238.387 447.324 194.215 447.324
194.552 301.789 238.526 301.789 238.526 447.011 194.552 447.011
194.468 303.376 238.297 303.376 238.297 449.113 194.468 449.113
193.904 302.860 237.819 302.860 237.819 448.362 193.904 448.362
194.157 303.770 238.124 303.770 238.124 449.531 194.157 449.531
192.321 304.408 236.223 304.408 236.223 451.527 192.321 451.527
191.923 302.366 235.873 302.366 235.873 450.868 191.923 450.868
191.718 300.281 235.871 300.281 235.871 449.769 191.718 449.769
193.467 297.899 237.795 297.899 237.795 448.062 193.467 448.062
193.612 299.430 238.471 299.430 238.471 449.353 193.612 449.353
193.838 301.400 239.050 301.400 239.050 451.625 193.838 451.625
192.954 300.377 238.483 300.377 238.483 451.300 192.954 451.300
192.145 300.479 237.877 300.479 237.877 451.970 192.145 451.970
190.729 301.765 236.629 301.765 236.629 454.058 190.729 454.058
189.478 302.174 235.559 302.174 235.559 455.055 189.478 455.055
187.935 300.123 234.238 300.123 234.238 453.850 187.935 453.850
186.790 304.200 233.482 304.200 233.482 458.174 186.790 458.174
186.765 301.188 233.629 301.188 233.629 456.105 186.765 456.105
185.522 299.027 232.605 299.027 232.605 455.006 185.522 455.006
184.866 299.577 232.326 299.577 232.326 456.826 184.866 456.826
184.545 296.360 232.313 296.360 232.313 454.911 184.545 454.911
183.349 293.976 231.225 293.976 231.225 454.115 183.349 454.115
183.588 296.898 231.850 296.898 231.850 457.363 183.588 457.363
183.543 291.031 231.983 291.031 231.983 452.719 183.543 452.719
184.723 287.402 233.020 287.402 233.020 450.570 184.723 450.570
184.593 286.904 233.111 286.904 233.111 450.752 184.593 450.752
184.801 292.327 233.789 292.327 233.789 456.654 184.801 456.654
183.808 287.853 232.979 287.853 232.979 453.786 183.808 453.786
182.351 284.844 231.723 284.844 231.723 452.448 182.351 452.448
181.447 284.156 231.049 284.156 231.049 452.968 181.447 452.968
179.324 290.531 229.803 290.531 229.803 459.269 179.324 459.269
176.949 296.396 228.263 296.396 228.263 464.494 176.949 464.494
175.072 293.313 226.844 293.313 226.844 461.550 175.072 461.550
172.579 290.201 224.947 290.201 224.947 458.818 172.579 458.818
160.786 287.254 213.848 287.254 213.848 455.898 160.786 455.898
160.665 286.208 213.981 286.208 213.981 455.617 160.665 455.617
160.468 284.646 213.851 284.646 213.851 454.333 160.468 454.333
159.900 282.426 213.253 282.426 213.253 452.555 159.900 452.555
159.825 278.211 213.160 278.211 213.160 448.570 159.825 448.570
160.063 263.594 213.280 263.594 213.280 434.379 160.063 434.379
159.211 276.144 212.395 276.144 212.395 447.283 159.211 447.283
159.412 260.319 212.551 260.319 212.551 431.590 159.412 431.590
160.843 256.075 213.954 256.075 213.954 427.482 160.843 427.482
161.169 268.485 214.255 268.485 214.255 440.003 161.169 440.003
161.630 267.541 214.661 267.541 214.661 439.268 161.630 439.268
162.583 265.157 215.571 265.157 215.571 437.079 162.583 437.079
163.193 264.466 216.160 264.466 216.160 436.472 163.193 436.472
164.002 265.931 216.937 265.931 216.937 438.078 164.002 438.078
162.935 291.006 216.185 291.006 216.185 463.136 162.935 463.136
162.828 287.730 216.813 287.730 216.813 459.571 162.828 459.571
163.606 285.109 217.609 285.109 217.609 457.096 163.606 457.096
162.995 294.223 217.370 294.223 217.370 465.854 162.995 465.854
163.969 288.905 218.403 288.905 218.403 460.633 163.969 460.633
162.824 295.594 217.924 295.594 217.924 466.540 162.824 466.540
163.461 290.526 218.915 290.526 218.915 461.537 163.461 461.537
162.298 299.582 218.383 299.582 218.383 469.868 162.298 469.868
161.513 293.482 217.875 293.482 217.875 463.650 161.513 463.650
148.063 292.416 204.681 292.416 204.681 462.714 148.063 462.714
147.925 291.426 204.753 291.426 204.753 461.656 147.925 461.656
146.588 290.236 203.554 290.236 203.554 460.840 146.588 460.840
143.229 291.158 200.251 291.158 200.251 462.035 143.229 462.035
140.293 286.883 197.377 286.883 197.377 458.038 140.293 458.038
138.968 286.222 195.693 286.222 195.693 458.002 138.968 458.002
137.099 282.177 193.674 282.177 193.674 454.373 137.099 454.373
135.787 280.644 192.306 280.644 192.306 452.954 135.787 452.954
135.106 289.328 191.671 289.328 191.671 461.544 135.106 461.544
147.386 294.269 204.259 294.269 204.259 466.201 147.386 466.201
145.194 288.760 202.134 288.760 202.134 460.639 145.194 460.639
143.005 292.888 200.085 292.888 200.085 464.503 143.005 464.503
140.508 289.920 197.486 289.920 197.486 462.147 140.508 462.147
138.599 285.787 195.570 285.787 195.570 458.376 138.599 458.376
136.823 291.335 193.985 291.335 193.985 463.650 136.823 463.650
134.381 285.320 191.536 285.320 191.536 457.747 134.381 457.747
134.207 282.324 191.317 282.324 191.317 455.107 134.207 455.107
132.467 280.643 189.619 280.643 189.619 453.803 132.467 453.803
131.690 283.968 188.830 283.968 188.830 457.391 131.690 457.391
130.142 284.038 187.293 284.038 187.293 457.627 130.142 457.627
127.697 284.650 184.839 284.650 184.839 458.389 127.697 458.389
125.615 284.735 182.747 284.735 182.747 458.567 125.615 458.567
123.753 283.395 180.838 283.395 180.838 457.427 123.753 457.427
122.256 279.552 179.231 279.552 179.231 453.727 122.256 453.727
120.967 278.302 177.749 278.302 177.749 452.817 120.967 452.817
120.641 277.111 177.321 277.111 177.321 451.766 120.641 451.766
119.371 274.444 175.746 274.444 175.746 449.501 119.371 449.501
119.469 283.152 175.889 283.152 175.889 457.923 119.469 457.923
119.872 278.319 176.274 278.319 176.274 452.882 119.872 452.882
120.692 277.747 176.999 277.747 176.999 452.360 120.692 452.360
119.328 276.101 175.603 276.101 175.603 450.646 119.328 450.646
119.631 278.311 175.850 278.311 175.850 452.855 119.631 452.855
118.527 276.954 174.708 276.954 174.708 451.536 118.527 451.536
119.250 277.027 175.406 277.027 175.406 451.607 119.250 451.607
120.088 277.635 176.194 277.635 176.194 452.294 120.088 452.294
119.701 275.979 175.770 275.979 175.770 450.694 119.701 450.694
119.293 274.594 175.377 274.594 175.377 449.218 119.293 449.218
119.254 275.052 175.267 275.052 175.267 449.769 119.254 449.769
119.532 281.229 175.510 281.229 175.510 455.693 119.532 455.693
121.312 276.843 177.249 276.843 177.249 451.216 121.312 451.216
120.242 276.012 176.154 276.012 176.154 450.274 120.242 450.274
118.493 274.001 174.388 274.001 174.388 448.252 118.493 448.252
118.224 275.943 174.066 275.943 174.066 450.308 118.224 450.308
118.624 268.529 174.507 268.529 174.507 441.229 118.624 441.229
118.845 261.437 174.733 261.437 174.733 433.399 118.845 433.399
118.914 265.757 174.752 265.757 174.752 437.520 118.914 437.520
120.098 276.715 175.818 276.715 175.818 448.683 120.098 448.683
121.656 281.077 177.183 281.077 177.183 453.543 121.656 453.543
121.805 274.999 177.018 274.999 177.018 448.063 121.805 448.063
121.464 281.512 176.512 281.512 176.512 454.878 121.464 454.878
250.038 272.240 306.025 272.240 306.025 443.183 250.038 443.183
247.493 274.563 303.427 274.563 303.427 444.657 247.493 444.657
247.048 274.125 302.590 274.125 302.590 444.479 247.048 444.479
243.906 275.869 298.971 275.869 298.971 446.348 243.906 446.348
242.396 275.981 297.037 275.981 297.037 446.596 242.396 446.596
237.503 277.945 292.459 277.945 292.459 446.110 237.503 446.110
235.521 271.541 290.160 271.541 290.160 437.862 235.521 437.862
232.603 274.178 287.078 274.178 287.078 437.709 232.603 437.709
230.386 273.603 284.224 273.603 284.224 435.624 230.386 435.624
232.389 272.089 285.919 272.089 285.919 432.574 232.389 432.574
231.300 270.269 284.480 270.269 284.480 429.762 231.300 429.762
230.836 272.214 283.684 272.214 283.684 431.184 230.836 431.184
229.965 273.914 282.124 273.914 282.124 432.865 229.965 432.865
228.901 270.163 280.477 270.163 280.477 429.213 228.901 429.213
227.090 270.675 278.058 270.675 278.058 428.828 227.090 428.828
226.278 268.969 277.244 268.969 277.244 425.087 226.278 425.087
226.404 269.523 276.862 269.523 276.862 424.852 226.404 424.852
223.830 272.885 273.736 272.885 273.736 427.176 223.830 427.176
223.013 272.358 272.479 272.358 272.479 426.119 223.013 426.119
221.110 273.735 270.186 273.735 270.186 426.699 221.110 426.699
219.328 274.603 268.478 274.603 268.478 426.107 219.328 426.107
214.395 273.915 263.259 273.915 263.259 424.720 214.395 424.720
214.845 271.484 262.909 271.484 262.909 422.917 214.845 422.917
214.232 270.404 262.207 270.404 262.207 421.721 214.232 421.721
212.661 272.531 260.253 272.531 260.253 423.693 212.661 423.693
211.379 273.392 258.551 273.392 258.551 424.100 211.379 424.100
211.093 273.860 257.958 273.860 257.958 423.362 211.093 423.362
210.475 276.923 257.185 276.923 257.185 425.190 210.475 425.190
209.562 277.831 255.787 277.831 255.787 425.657 209.562 425.657
209.298 269.385 255.269 269.385 255.269 415.719 209.298 415.719
209.421 272.681 254.853 272.681 254.853 418.133 209.421 418.133
209.023 274.409 253.944 274.409 253.944 419.060 209.023 419.060
206.503 264.630 251.267 264.630 251.267 407.814 206.503 407.814
205.907 280.953 249.923 280.953 249.923 423.951 205.907 423.951
203.183 273.801 247.009 273.801 247.009 414.665 203.183 414.665
201.915 277.124 245.796 277.124 245.796 415.443 201.915 415.443
202.067 276.689 245.177 276.689 245.177 413.957 202.067 413.957
199.805 267.105 243.122 267.105 243.122 402.189 199.805 402.189
198.659 265.054 242.015 265.054 242.015 398.393 198.659 398.393
197.358 263.866 240.878 263.866 240.878 394.756 197.358 394.756
196.932 273.673 240.228 273.673 240.228 403.676 196.932 403.676
195.047 271.690 237.980 271.690 237.980 400.919 195.047 400.919
184.740 237.600 228.118 237.600 228.118 366.119 184.740 366.119
182.756 247.768 226.383 247.768 226.383 375.763 182.756 375.763
181.393 246.110 225.927 246.110 225.927 371.657 181.393 371.657
179.949 245.344 224.852 245.344 224.852 370.142 179.949 370.142
178.150 244.005 223.501 244.005 223.501 368.072 178.150 368.072
175.824 242.054 221.404 242.054 221.404 365.280 175.824 365.280
175.100 240.961 220.637 240.961 220.637 363.871 175.100 363.871
175.272 250.463 220.900 250.463 220.900 372.663 175.272 372.663
174.935 249.521 220.584 249.521 220.584 371.142 174.935 371.142
175.937 247.867 221.630 247.867 221.630 368.589 175.937 368.589
175.587 248.105 221.507 248.105 221.507 368.107 175.587 368.107
176.781 247.166 222.719 247.166 222.719 366.368 176.781 366.368
176.676 247.821 222.999 247.821 222.999 365.932 176.676 365.932
177.639 246.382 223.889 246.382 223.889 363.910 177.639 363.910
177.977 250.451 224.320 250.451 224.320 366.956 177.977 366.956
178.765 245.196 224.976 245.196 224.976 361.516 178.765 361.516
179.203 250.869 225.324 250.869 225.324 366.791 179.203 366.791
179.969 246.568 226.064 246.568 226.064 362.360 179.969 362.360
180.213 250.016 226.010 250.016 226.010 365.620 180.213 365.620
172.298 246.897 218.013 246.897 218.013 362.490 172.298 362.490
173.384 244.303 219.081 244.303 219.081 359.895 173.384 359.895
173.970 241.051 219.657 241.051 219.657 356.630 173.970 356.630
175.732 239.353 221.406 239.353 221.406 354.925 175.732 354.925
175.728 237.286 221.391 237.286 221.391 352.850 175.728 352.850
175.757 234.493 221.404 234.493 221.404 350.064 175.757 350.064
176.110 233.207 221.750 233.207 221.750 348.781 176.110 348.781
175.987 232.252 221.620 232.252 221.620 347.830 175.987 347.830
175.330 229.415 220.957 229.415 220.957 344.995 175.330 344.995
175.054 227.161 220.653 227.161 220.653 342.775 175.054 342.775
196.340 192.252 241.886 192.252 241.886 307.942 196.340 307.942
197.763 186.571 243.263 186.571 243.263 302.315 197.763 302.315
197.268 180.865 242.702 180.865 242.702 296.710 197.268 296.710
197.599 176.441 243.016 176.441 243.016 292.344 197.599 292.344
197.833 171.142 243.338 171.142 243.338 287.006 197.833 287.006
188.401 183.798 233.878 183.798 233.878 300.200 188.401 300.200
189.193 178.080 234.723 178.080 234.723 294.618 189.193 294.618
109.697 170.834 154.284 170.834 154.284 289.788 109.697 289.788
109.696 172.920 153.933 172.920 153.933 293.083 109.696 293.083
108.781 172.373 152.923 172.373 152.923 293.049 108.781 293.049
107.096 172.102 151.101 172.102 151.101 293.614 107.096 293.614
104.855 172.585 148.621 172.585 148.621 295.145 104.855 295.145
103.326 173.849 147.286 173.849 147.286 296.863 103.326 296.863
101.828 173.120 145.741 173.120 145.741 296.775 101.828 296.775
100.279 170.801 144.055 170.801 144.055 295.195 100.279 295.195
99.020 171.443 142.798 171.443 142.798 296.510 99.020 296.510
98.760 172.235 142.637 172.235 142.637 297.909 98.760 297.909
99.068 172.450 142.973 172.450 142.973 298.339 99.068 298.339
98.665 171.134 142.534 171.134 142.534 297.392 98.665 297.392
97.516 171.747 141.720 171.747 141.720 298.237 97.516 298.237
96.680 171.215 141.431 171.215 141.431 297.263 96.680 297.263
94.228 175.797 139.143 175.797 139.143 300.869 94.228 300.869
91.526 174.317 136.867 174.317 136.867 299.306 91.526 299.306
89.980 175.243 135.545 175.243 135.545 300.033 89.980 300.033
88.939 176.539 134.501 176.539 134.501 301.251 88.939 301.251
88.781 176.243 134.426 176.243 134.426 300.630 88.781 300.630
86.634 174.183 132.216 174.183 132.216 298.653 86.634 298.653
79.133 173.280 124.444 173.280 124.444 298.336 79.133 298.336
79.520 171.837 124.856 171.837 124.856 296.895 79.520 296.895
78.207 167.885 123.511 167.885 123.511 292.253 78.207 292.253
67.867 171.660 113.821 171.660 113.821 294.988 67.867 294.988
66.418 170.998 112.455 170.998 112.455 293.900 66.418 293.900
64.766 172.823 111.077 172.823 111.077 295.642 64.766 295.642
62.659 170.351 108.974 170.351 108.974 293.476 62.659 293.476
59.523 170.719 105.975 170.719 105.975 293.925 59.523 293.925
54.675 167.966 101.312 167.966 101.312 290.821 54.675 290.821
51.938 166.478 98.936 166.478 98.936 288.721 51.938 288.721
50.333 166.619 97.749 166.619 97.749 288.566 50.333 288.566
48.724 167.674 96.233 167.674 96.233 289.646 48.724 289.646
56.979 168.693 104.404 168.693 104.404 290.521 56.979 290.521
55.354 167.177 102.579 167.177 102.579 289.040 55.354 289.040
54.442 168.484 101.534 168.484 101.534 290.039 54.442 290.039
53.694 169.556 100.868 169.556 100.868 290.423 53.694 290.423
52.902 170.514 99.820 170.514 99.820 291.334 52.902 291.334
53.673 166.529 100.410 166.529 100.410 287.113 53.673 287.113
55.148 164.568 101.673 164.568 101.673 284.976 55.148 284.976
58.014 167.060 104.048 167.060 104.048 287.890 58.014 287.890
60.744 161.924 106.531 161.924 106.531 282.352 60.744 282.352
63.199 160.136 108.820 160.136 108.820 280.742 63.199 280.742
66.231 163.627 111.548 163.627 111.548 283.509 66.231 283.509
68.931 164.487 113.386 164.487 113.386 285.222 68.931 285.222
70.840 158.120 114.735 158.120 114.735 280.089 70.840 280.089
72.592 159.232 115.908 159.232 115.908 282.278 72.592 282.278
74.216 164.719 117.347 164.719 117.347 288.215 74.216 288.215
76.327 167.362 119.039 167.362 119.039 292.039 76.327 292.039
77.845 162.372 120.566 162.372 120.566 287.160 77.845 287.160
79.654 160.534 122.395 160.534 122.395 285.482 79.654 285.482
80.751 163.472 123.248 163.472 123.248 289.395 80.751 289.395
81.497 159.877 123.684 159.877 123.684 286.939 81.497 286.939
84.331 156.603 126.604 156.603 126.604 283.780 84.331 283.780
86.059 158.562 128.353 158.562 128.353 286.318 86.059 286.318
88.461 157.305 130.957 157.305 130.957 285.196 88.461 285.196
90.530 159.431 133.058 159.431 133.058 288.112 90.530 288.112
91.021 154.745 133.777 154.745 133.777 284.273 91.021 284.273
92.539 150.712 135.336 150.712 135.336 281.107 92.539 281.107
93.382 151.618 136.265 151.618 136.265 282.740 93.382 282.740
94.802 154.543 137.733 154.543 137.733 286.552 94.802 286.552
94.949 148.251 138.120 148.251 138.120 280.653 94.949 280.653
93.679 147.248 136.913 147.248 136.913 279.981 93.679 279.981
191.225 89.331 235.552 89.331 235.552 221.280 191.225 221.280
192.826 86.881 238.029 86.881 238.029 218.869 192.826 218.869
193.750 96.581 239.726 96.581 239.726 227.968 193.750 227.968
194.378 96.521 241.188 96.521 241.188 227.130 194.378 227.130
193.057 95.494 240.438 95.494 240.438 225.556 193.057 225.556
191.732 94.326 239.653 94.326 239.653 223.884 191.732 223.884
191.891 88.525 240.300 88.525 240.300 217.916 191.891 217.916
191.804 82.037 240.756 82.037 240.756 211.219 191.804 211.219
191.967 74.518 241.111 74.518 241.111 205.242 191.967 205.242
191.845 79.656 241.235 79.656 241.235 210.891 191.845 210.891
191.587 85.227 241.603 85.227 241.603 215.991 191.587 215.991
190.025 79.759 240.503 79.759 240.503 210.818 190.025 210.818
189.284 83.916 240.026 83.916 240.026 214.951 189.284 214.951
188.341 78.381 239.212 78.381 239.212 209.986 188.341 209.986
187.615 86.726 238.692 86.726 238.692 218.453 187.615 218.453
188.082 81.517 239.123 81.517 239.123 214.547 188.082 214.547
188.763 86.262 239.667 86.262 239.667 218.962 188.763 218.962
187.833 79.947 238.487 79.947 238.487 213.825 187.833 213.825
188.003 76.292 238.441 76.292 238.441 212.469 188.003 212.469
187.722 82.607 238.355 82.607 238.355 218.467 187.722 218.467
187.360 77.712 238.088 77.712 238.088 214.105 187.360 214.105
199.633 97.894 249.375 97.894 249.375 234.341 199.633 234.341
198.055 94.281 247.231 94.281 247.231 230.343 198.055 230.343
187.211 90.486 236.812 90.486 236.812 226.045 187.211 226.045
187.813 71.392 237.451 71.392 237.451 207.972 187.813 207.972
186.999 75.874 236.740 75.874 236.740 212.913 186.999 212.913
186.709 67.817 236.521 67.817 236.521 205.424 186.709 205.424
187.127 61.692 236.854 61.692 236.854 199.713 187.127 199.713
167.378 149.564 216.014 149.564 216.014 288.837 167.378 288.837
168.245 153.470 216.324 153.470 216.324 294.263 168.245 294.263
168.199 157.306 215.643 157.306 215.643 300.361 168.199 300.361
168.736 151.999 216.087 151.999 216.087 295.925 168.736 295.925
169.130 155.476 216.270 155.476 216.270 301.304 169.130 301.304
159.852 151.906 206.763 151.906 206.763 298.740 159.852 298.740
163.818 147.217 210.475 147.217 210.475 294.980 163.818 294.980
166.093 152.788 212.912 152.788 212.912 301.195 166.093 301.195
167.297 156.838 214.078 156.838 214.078 305.816 167.297 305.816
167.786 162.164 214.586 162.164 214.586 311.563 167.786 311.563
168.148 166.029 215.000 166.029 215.000 315.762 168.148 315.762
168.070 171.886 214.972 171.886 214.972 321.707 168.070 321.707
167.254 177.282 214.297 177.282 214.297 327.307 167.254 327.307
157.288 147.063 204.313 147.063 204.313 297.474 157.288 297.474
159.853 144.052 206.961 144.052 206.961 294.792 159.853 294.792
156.868 95.417 203.818 95.417 203.818 245.417 156.868 245.417
160.986 140.737 208.251 140.737 208.251 289.945 160.986 289.945
161.895 140.951 209.017 140.951 209.017 290.181 161.895 290.181
161.968 138.896 209.197 138.896 209.197 288.184 161.968 288.184
162.847 137.642 210.128 137.642 210.128 286.510 162.847 286.510
163.435 143.804 210.603 143.804 210.603 293.367 163.435 293.367
164.981 149.636 212.111 149.636 212.111 299.605 164.981 299.605
166.721 146.286 213.862 146.286 213.862 296.303 166.721 296.303
201.725 66.913 249.858 66.913 249.858 214.847 201.725 214.847
191.360 68.897 240.421 68.897 240.421 215.127 191.360 215.127
192.128 60.371 241.870 60.371 241.870 205.748 192.128 205.748
194.526 64.528 245.138 64.528 245.138 208.809 194.526 208.809
195.625 59.175 246.351 59.175 246.351 203.519 195.625 203.519
197.244 64.445 248.134 64.445 248.134 208.514 197.244 208.514
196.534 68.287 247.859 68.287 247.859 211.067 196.534 211.067
195.532 65.957 247.309 65.957 247.309 207.218 195.532 207.218
195.522 67.508 247.357 67.508 247.357 208.330 195.522 208.330
195.189 61.823 247.148 61.823 247.148 202.305 195.189 202.305
195.457 64.413 247.251 64.413 247.251 204.919 195.457 204.919
196.162 66.261 247.766 66.261 247.766 206.660 196.162 206.660
196.359 61.690 248.064 61.690 248.064 201.444 196.359 201.444
196.451 58.279 248.147 58.279 248.147 197.856 196.451 197.856
196.885 54.730 248.542 54.730 248.542 194.277 196.885 194.277
198.210 58.585 249.827 58.585 249.827 198.005 198.210 198.005
207.478 66.313 258.836 66.313 258.836 203.988 207.478 203.988
206.071 61.182 257.143 61.182 257.143 197.693 206.071 197.693
206.958 64.149 257.768 64.149 257.768 199.925 206.958 199.925
206.134 62.364 256.838 62.364 256.838 197.829 206.134 197.829
206.791 60.433 257.400 60.433 257.400 195.733 206.791 195.733
207.874 66.553 258.374 66.553 258.374 201.154 207.874 201.154
207.408 69.041 257.768 69.041 257.768 203.291 207.408 203.291
206.980 72.376 257.139 72.376 257.139 205.891 206.980 205.891
207.309 66.697 257.438 66.697 257.438 199.815 207.309 199.815
198.733 62.478 248.777 62.478 248.777 195.580 198.733 195.580
208.213 67.974 257.718 67.974 257.718 199.432 208.213 199.432
207.428 65.431 256.453 65.431 256.453 196.027 207.428 196.027
207.033 70.268 255.834 70.268 255.834 199.917 207.033 199.917
206.545 69.557 255.186 69.557 255.186 198.327 206.545 198.327
205.796 64.682 253.977 64.682 253.977 193.406 205.796 193.406
205.448 68.078 253.088 68.078 253.088 196.718 205.448 196.718
204.443 65.924 251.713 65.924 251.713 194.681 204.443 194.681
204.256 68.239 251.390 68.239 251.390 196.951 204.256 196.951
203.906 69.299 250.968 69.299 250.968 197.559 203.906 197.559
204.666 69.762 251.597 69.762 251.597 198.020 204.666 198.020
197.016 64.923 244.008 64.923 244.008 193.508 197.016 193.508
199.382 69.599 246.631 69.599 246.631 197.889 199.382 197.889
201.869 65.367 249.072 65.367 249.072 193.590 201.869 193.590
202.616 69.521 249.839 69.521 249.839 197.539 202.616 197.539
204.319 71.083 251.513 71.083 251.513 198.420 204.319 198.420
204.816 69.240 251.845 69.240 251.845 196.006 204.816 196.006
205.169 70.120 251.750 70.120 251.750 196.836 205.169 196.836
198.020 71.353 244.742 71.353 244.742 197.828 198.020 197.828
