243.000 290.000 440.000 290.000 440.000 363.000 243.000 363.000
238.080 295.131 435.965 295.131 435.965 368.176 238.080 368.176
226.163 292.123 424.041 292.123 424.041 365.632 226.163 365.632
231.170 293.265 428.466 293.265 428.466 367.106 231.170 367.106
218.177 292.434 415.303 292.434 415.303 366.774 218.177 366.774
208.649 291.541 405.565 291.541 405.565 366.049 208.649 366.049
210.829 291.521 406.628 291.521 406.628 366.117 210.829 366.117
213.870 291.358 409.178 291.358 409.178 365.903 213.870 365.903
203.498 292.113 398.599 292.113 398.599 366.463 203.498 366.463
200.179 293.514 395.667 293.514 395.667 367.322 200.179 367.322
197.585 291.993 392.316 291.993 392.316 365.730 197.585 365.730
193.908 292.463 387.580 292.463 387.580 366.644 193.908 366.644
189.305 293.154 382.749 293.154 382.749 367.078 189.305 367.078
177.667 292.134 370.143 292.134 370.143 366.633 177.667 366.633
183.913 290.532 375.243 290.532 375.243 365.199 183.913 365.199
181.551 291.006 372.323 291.006 372.323 365.767 181.551 365.767
176.899 290.910 367.654 290.910 367.654 365.741 176.899 365.741
163.957 290.274 354.166 290.274 354.166 365.472 163.957 365.472
162.540 290.616 351.935 290.616 351.935 365.735 162.540 365.735
159.513 290.121 348.901 290.121 348.901 364.867 159.513 364.867
157.052 290.993 346.224 290.993 346.224 365.381 157.052 365.381
156.154 289.470 344.237 289.470 344.237 364.256 156.154 364.256
153.660 290.356 341.764 290.356 341.764 364.511 153.660 364.511
153.159 290.765 341.105 290.765 341.105 364.756 153.159 364.756
148.984 290.750 337.757 290.750 337.757 364.219 148.984 364.219
147.343 290.141 335.592 290.141 335.592 363.709 147.343 363.709
142.927 290.208 330.758 290.208 330.758 363.906 142.927 363.906
146.019 290.031 333.329 290.031 333.329 363.957 146.019 363.957
140.052 292.247 327.360 292.247 327.360 365.902 140.052 365.902
135.029 293.287 322.006 293.287 322.006 366.553 135.029 366.553
133.795 293.642 320.429 293.642 320.429 366.925 133.795 366.925
129.981 292.104 315.308 292.104 315.308 365.355 129.981 365.355
127.829 293.258 312.609 293.258 312.609 366.190 127.829 366.190
125.105 292.671 308.658 292.671 308.658 365.663 125.105 365.663
125.323 293.398 306.834 293.398 306.834 366.372 125.323 366.372
124.301 293.500 304.208 293.500 304.208 366.784 124.301 366.784
121.452 293.302 300.498 293.302 300.498 366.244 121.452 366.244
123.678 293.330 300.370 293.330 300.370 366.765 123.678 366.765
124.787 293.055 298.675 293.055 298.675 367.467 124.787 367.467
122.339 293.297 294.675 293.297 294.675 368.020 122.339 368.020
122.574 293.911 293.077 293.911 293.077 368.643 122.574 368.643
123.085 294.703 291.729 294.703 291.729 369.842 123.085 369.842
124.880 294.150 291.349 294.150 291.349 369.812 124.880 369.812
128.472 293.868 293.289 293.868 293.289 369.576 128.472 369.576
126.401 295.039 290.977 295.039 290.977 370.256 126.401 370.256
124.048 294.893 288.066 294.893 288.066 369.740 124.048 369.740
123.609 294.946 287.324 294.946 287.324 369.181 123.609 369.181
125.764 294.479 288.147 294.479 288.147 368.675 125.764 368.675
124.755 294.679 286.501 294.679 286.501 368.573 124.755 368.573
119.706 295.527 281.472 295.527 281.472 368.889 119.706 368.889
118.007 295.090 279.112 295.090 279.112 368.161 118.007 368.161
119.695 294.833 279.712 294.833 279.712 367.555 119.695 367.555
118.355 295.511 278.169 295.511 278.169 367.733 118.355 367.733
114.157 296.642 273.988 296.642 273.988 368.321 114.157 368.321
112.211 296.212 271.642 296.212 271.642 367.864 112.211 367.864
112.587 296.665 271.069 296.665 271.069 368.040 112.587 368.040
114.210 295.246 271.693 295.246 271.693 366.724 114.210 366.724
111.285 295.369 268.870 295.369 268.870 366.301 111.285 366.301
108.363 296.476 266.113 296.476 266.113 367.005 108.363 367.005
106.788 296.296 264.131 296.296 264.131 366.695 106.788 366.695
110.693 295.692 266.901 295.692 266.901 366.107 110.693 366.107
112.546 295.927 267.978 295.927 267.978 366.156 112.546 366.156
110.232 296.435 265.222 296.435 265.222 366.449 110.232 366.449
107.209 296.834 261.644 296.834 261.644 366.566 107.209 366.566
106.987 296.877 260.958 296.877 260.958 366.277 106.987 366.277
109.648 296.898 263.239 296.898 263.239 366.154 109.648 366.154
113.816 296.461 267.070 296.461 267.070 365.626 113.816 365.626
115.909 295.587 268.812 295.587 268.812 364.514 115.909 364.514
118.924 296.560 271.106 296.560 271.106 365.134 118.924 365.134
116.865 296.920 268.876 296.920 268.876 365.184 116.865 365.184
115.371 297.573 267.061 297.573 267.061 365.833 115.371 365.833
117.596 297.796 268.408 297.796 268.408 366.049 117.596 366.049
120.374 298.172 270.284 298.172 270.284 366.361 120.374 366.361
118.420 297.598 267.915 297.598 267.915 365.604 118.420 365.604
117.411 297.491 266.769 297.491 266.769 365.322 117.411 365.322
118.961 297.421 267.382 297.421 267.382 365.074 118.961 365.074
120.718 297.320 268.866 297.320 268.866 364.536 120.718 364.536
119.514 297.557 267.312 297.557 267.312 364.615 119.514 364.615
116.966 298.399 264.489 298.399 264.489 365.181 116.966 365.181
118.572 298.380 265.807 298.380 265.807 365.018 118.572 365.018
120.905 297.968 267.305 297.968 267.305 364.598 120.905 364.598
120.104 297.858 266.121 297.858 266.121 364.294 120.104 364.294
118.306 297.594 264.111 297.594 264.111 363.861 118.306 363.861
116.314 297.796 261.949 297.796 261.949 363.766 116.314 363.766
119.490 296.979 264.595 296.979 264.595 362.946 119.490 362.946
120.271 297.387 264.877 297.387 264.877 363.151 120.271 363.151
118.524 297.825 262.851 297.825 262.851 363.322 118.524 363.322
116.202 297.906 260.536 297.906 260.536 363.001 116.202 363.001
119.317 297.788 263.150 297.788 263.150 362.927 119.317 362.927
122.645 298.306 265.680 298.306 265.680 363.394 122.645 363.394
122.783 298.180 265.592 298.180 265.592 363.032 122.783 363.032
121.215 298.477 263.589 298.477 263.589 363.253 121.215 363.253
119.068 298.114 261.329 298.114 261.329 362.707 119.068 362.707
119.993 297.984 261.829 297.984 261.829 362.393 119.993 362.393
122.226 298.328 263.457 298.328 263.457 362.598 122.226 362.598
121.368 298.449 262.056 298.449 262.056 362.805 121.368 362.805
118.384 297.939 259.017 297.939 259.017 362.085 118.384 362.085
116.920 298.294 257.316 298.294 257.316 362.283 116.920 362.283
127.523 297.974 268.042 297.974 268.042 361.951 127.523 361.951
125.423 298.600 265.155 298.600 265.155 362.457 125.423 362.457
123.357 298.872 263.066 298.872 263.066 362.576 123.357 362.576
120.107 298.560 259.621 298.560 259.621 362.117 120.107 362.117
119.382 298.948 258.644 298.948 258.644 362.474 119.382 362.474
128.377 298.915 267.197 298.915 267.197 362.372 128.377 362.372
124.770 299.383 263.413 299.383 263.413 362.561 124.770 362.561
122.023 299.731 260.598 299.731 260.598 362.850 122.023 362.850
118.907 299.711 257.227 299.711 257.227 362.667 118.907 362.667
120.543 298.751 258.531 298.751 258.531 361.706 120.543 361.706
122.890 297.980 260.476 297.980 260.476 360.947 122.890 360.947
121.515 297.906 258.771 297.906 258.771 360.876 121.515 360.876
118.158 298.500 255.538 298.500 255.538 361.212 118.158 361.212
120.601 298.035 257.937 298.035 257.937 360.638 120.601 360.638
122.765 298.376 259.920 298.376 259.920 360.755 122.765 360.755
122.764 298.642 259.524 298.642 259.524 361.167 122.764 361.167
119.940 298.548 256.302 298.548 256.302 361.043 119.940 361.043
121.300 298.536 257.390 298.536 257.390 361.139 121.300 361.139
130.652 298.545 266.626 298.545 266.626 360.956 130.652 360.956
127.847 299.041 263.504 299.041 263.504 361.339 127.847 361.339
125.246 299.575 260.631 299.575 260.631 361.828 125.246 361.828
123.277 299.611 258.424 299.611 258.424 361.891 123.277 361.891
132.325 299.756 267.390 299.756 267.390 361.875 132.325 361.875
129.892 300.078 264.810 300.078 264.810 362.051 129.892 362.051
126.264 299.964 260.923 299.964 260.923 361.819 126.264 361.819
125.053 299.817 259.572 299.817 259.572 361.609 125.053 361.609
133.705 299.901 268.417 299.901 268.417 361.501 133.705 361.501
132.049 300.091 266.221 300.091 266.221 361.696 132.049 361.696
130.109 300.039 264.111 300.039 264.111 361.620 130.109 361.620
128.305 300.028 261.812 300.028 261.812 361.533 128.305 361.533
127.636 300.180 261.172 300.180 261.172 361.635 127.636 361.635
131.713 300.073 265.090 300.073 265.090 361.394 131.713 361.394
133.432 299.342 266.504 299.342 266.504 360.662 133.432 360.662
131.529 299.661 264.447 299.661 264.447 360.965 131.529 360.965
130.599 299.751 263.348 299.751 263.348 361.065 130.599 361.065
133.905 299.165 266.590 299.165 266.590 360.446 133.905 360.446
137.232 298.845 269.683 298.845 269.683 360.070 137.232 360.070
137.418 299.174 269.696 299.174 269.696 360.433 137.418 360.433
135.652 299.921 267.673 299.921 267.673 360.972 135.652 360.972
138.614 299.801 270.624 299.801 270.624 360.886 138.614 360.886
140.123 300.514 272.172 300.514 272.172 361.334 140.123 361.334
140.159 301.128 272.060 301.128 272.060 361.947 140.159 361.947
138.826 301.167 270.662 301.167 270.662 361.949 138.826 361.949
141.610 300.415 273.269 300.415 273.269 361.341 141.610 361.341
145.010 300.479 276.001 300.479 276.001 361.668 145.010 361.668
145.170 301.773 276.181 301.773 276.181 362.624 145.170 362.624
145.615 301.713 276.604 301.713 276.604 362.376 145.615 362.376
149.438 301.784 280.208 301.784 280.208 362.449 149.438 362.449
151.089 301.460 281.507 301.460 281.507 362.192 151.089 362.192
149.808 301.621 280.095 301.621 280.095 362.219 149.808 362.219
150.441 301.857 280.784 301.857 280.784 362.236 150.441 362.236
152.089 301.932 282.397 301.932 282.397 362.030 152.089 362.030
153.270 302.269 283.531 302.269 283.531 362.200 153.270 362.200
152.448 302.628 282.557 302.628 282.557 362.506 152.448 362.506
152.475 302.826 282.883 302.826 282.883 362.535 152.475 362.535
155.931 302.674 285.932 302.674 285.932 362.535 155.931 362.535
155.278 303.129 285.095 303.129 285.095 363.024 155.278 363.024
154.406 304.653 284.149 304.653 284.149 364.364 154.406 364.364
154.068 304.785 283.487 304.785 283.487 364.437 154.068 364.437
157.585 304.234 286.690 304.234 286.690 363.951 157.585 363.951
160.112 304.850 289.138 304.850 289.138 364.430 160.112 364.430
158.725 305.991 287.882 305.991 287.882 365.433 158.725 365.433
158.454 306.131 287.715 306.131 287.715 365.626 158.454 365.626
159.823 305.917 289.310 305.917 289.310 365.369 159.823 365.369
162.694 305.780 292.120 305.780 292.120 365.221 162.694 365.221
163.085 306.086 292.598 306.086 292.598 365.602 163.085 365.602
161.890 306.809 291.551 306.809 291.551 366.291 161.890 366.291
162.856 307.582 292.846 307.582 292.846 366.939 162.856 366.939
164.943 307.747 295.078 307.747 295.078 367.100 164.943 367.100
168.276 307.238 298.460 307.238 298.460 366.469 168.276 366.469
167.442 307.984 297.721 307.984 297.721 367.280 167.442 367.280
166.260 308.173 296.372 308.173 296.372 367.501 166.260 367.501
167.123 308.663 297.359 308.663 297.359 367.934 167.123 367.934
177.058 309.174 307.187 309.174 307.187 368.286 177.058 368.286
175.548 309.116 305.387 309.116 305.387 368.314 175.548 368.314
172.264 309.946 301.909 309.946 301.909 368.994 172.264 368.994
170.272 310.558 299.959 310.558 299.959 369.431 170.272 369.431
169.994 310.849 300.003 310.849 300.003 369.508 169.994 369.508
171.641 310.947 301.172 310.947 301.172 369.667 171.641 369.667
171.000 311.417 300.397 311.417 300.397 370.301 171.000 370.301
169.789 312.106 298.997 312.106 298.997 370.911 169.789 370.911
178.029 313.101 307.078 313.101 307.078 371.935 178.029 371.935
176.855 313.355 305.832 313.355 305.832 372.007 176.855 372.007
175.153 314.010 304.090 314.010 304.090 372.644 175.153 372.644
173.043 314.301 301.796 314.301 301.796 372.985 173.043 372.985
180.619 315.094 309.271 315.094 309.271 373.592 180.619 373.592
179.175 316.383 307.505 316.383 307.505 374.870 179.175 374.870
178.233 316.203 306.378 316.203 306.378 374.645 178.233 374.645
176.178 316.773 303.851 316.773 303.851 375.197 176.178 375.197
174.424 317.348 301.468 317.348 301.468 375.755 174.424 375.755
183.215 318.033 309.964 318.033 309.964 376.297 183.215 376.297
180.166 318.695 306.302 318.695 306.302 377.129 180.166 377.129
177.236 319.883 303.086 319.883 303.086 378.244 177.236 378.244
174.722 320.478 300.074 320.478 300.074 378.753 174.722 378.753
182.954 321.040 307.836 321.040 307.836 379.059 182.954 379.059
180.848 321.456 305.691 321.456 305.691 379.371 180.848 379.371
178.242 321.454 302.636 321.454 302.636 379.243 178.242 379.243
175.474 321.711 299.545 321.711 299.545 379.321 175.474 379.321
182.916 321.682 306.665 321.682 306.665 379.010 182.916 379.010
180.439 322.926 303.888 322.926 303.888 380.245 180.439 380.245
187.281 322.599 310.072 322.599 310.072 379.806 187.281 379.806
182.285 323.183 304.643 323.183 304.643 380.366 182.285 380.366
178.820 324.120 300.795 324.120 300.795 381.186 178.820 381.186
185.121 324.441 306.767 324.441 306.767 381.296 185.121 381.296
181.773 325.097 302.889 325.097 302.889 381.823 181.773 381.823
178.893 325.417 299.345 325.417 299.345 382.208 178.893 382.208
175.617 325.693 295.548 325.693 295.548 382.255 175.617 382.255
173.288 326.480 292.917 326.480 292.917 382.881 173.288 382.881
180.778 326.995 299.554 326.995 299.554 383.320 180.778 383.320
177.130 327.726 295.458 327.726 295.458 383.994 177.130 383.994
172.604 328.079 290.389 328.079 290.389 384.203 172.604 384.203
169.746 328.795 287.281 328.795 287.281 384.685 169.746 384.685
168.395 330.090 286.027 330.090 286.027 385.640 168.395 385.640
175.569 331.210 293.024 331.210 293.024 386.759 175.569 386.759
172.287 331.360 289.535 331.360 289.535 386.861 172.287 386.861
168.102 332.672 285.506 332.672 285.506 387.826 168.102 387.826
167.266 333.443 284.667 333.443 284.667 388.488 167.266 388.488
175.265 333.443 292.266 333.443 292.266 388.375 175.265 388.375
171.897 334.430 288.654 334.430 288.654 389.372 171.897 389.372
167.807 335.386 284.569 335.386 284.569 390.226 167.807 390.226
165.533 336.233 282.306 336.233 282.306 390.985 165.533 390.985
164.529 336.954 280.992 336.954 280.992 391.704 164.529 391.704
163.896 337.826 280.059 337.826 280.059 392.536 163.896 392.536
161.807 338.361 277.835 338.361 277.835 393.048 161.807 393.048
159.579 339.094 275.565 339.094 275.565 393.589 159.579 393.589
159.235 340.348 275.226 340.348 275.226 394.637 159.235 394.637
159.665 341.704 275.281 341.704 275.281 395.855 159.665 395.855
157.440 342.228 272.709 342.228 272.709 396.335 157.440 396.335
155.242 343.414 270.015 343.414 270.015 397.467 155.242 397.467
154.136 344.542 268.877 344.542 268.877 398.538 154.136 398.538
161.774 345.365 276.550 345.365 276.550 399.265 161.774 399.265
159.294 346.411 273.928 346.411 273.928 400.239 159.294 400.239
156.639 347.336 270.977 347.336 270.977 400.952 156.639 400.952
154.116 348.498 268.186 348.498 268.186 401.983 154.116 401.983
153.859 349.809 267.651 349.809 267.651 403.289 153.859 403.289
154.061 350.740 267.697 350.740 267.697 404.033 154.061 404.033
152.049 351.738 265.531 351.738 265.531 405.017 152.049 405.017
149.098 353.541 262.616 353.541 262.616 406.706 149.098 406.706
147.876 354.683 261.270 354.683 261.270 407.762 147.876 407.762
156.618 355.656 269.408 355.656 269.408 408.556 156.618 408.556
155.177 356.394 267.777 356.394 267.777 409.184 155.177 409.184
150.459 357.885 262.850 357.885 262.850 410.562 150.459 410.562
147.370 359.011 259.404 359.011 259.404 411.586 147.370 411.586
147.090 360.077 258.873 360.077 258.873 412.473 147.090 412.473
145.585 361.702 257.428 361.702 257.428 414.136 145.585 414.136
143.442 363.066 255.074 363.066 255.074 415.433 143.442 415.433
141.463 365.377 253.241 365.377 253.241 417.594 141.463 417.594
149.324 366.710 260.957 366.710 260.957 418.779 149.324 418.779
146.522 367.966 257.943 367.966 257.943 419.969 146.522 419.969
141.754 369.745 252.950 369.745 252.950 421.666 141.754 421.666
139.006 370.910 250.115 370.910 250.115 422.494 139.006 422.494
138.448 372.317 249.373 372.317 249.373 423.784 138.448 423.784
138.134 373.979 249.214 373.979 249.214 425.232 138.134 425.232
136.889 375.040 248.063 375.040 248.063 426.220 136.889 426.220
133.651 377.107 244.615 377.107 244.615 428.421 133.651 428.421
133.911 378.053 244.781 378.053 244.781 429.232 133.911 429.232
134.991 379.463 245.847 379.463 245.847 430.663 134.991 430.663
133.880 381.476 244.911 381.476 244.911 432.671 133.880 432.671
128.095 392.125 239.208 392.125 239.208 443.411 128.095 443.411
111.842 400.271 223.720 400.271 223.720 451.223 111.842 451.223
99.309 398.911 211.220 398.911 211.220 449.704 99.309 449.704
96.748 399.082 208.546 399.082 208.546 450.011 96.748 450.011
96.648 399.767 208.629 399.767 208.629 450.679 96.648 450.679
97.935 399.865 209.824 399.865 209.824 450.910 97.935 450.910
96.212 400.329 208.220 400.329 208.220 451.361 96.212 451.361
94.775 401.021 206.672 401.021 206.672 452.268 94.775 452.268
95.000 401.820 207.274 401.820 207.274 453.100 95.000 453.100
96.528 410.077 209.603 410.077 209.603 460.660 96.528 460.660
97.104 409.188 210.318 409.188 210.318 459.603 97.104 459.603
