67.000 133.000 86.000 133.000 86.000 167.000 67.000 167.000
69.179 134.065 88.701 134.065 88.701 167.444 69.179 167.444
69.520 134.542 89.259 134.542 89.259 167.739 69.520 167.739
72.698 135.287 92.663 135.287 92.663 168.256 72.698 168.256
72.319 136.028 92.484 136.028 92.484 168.709 72.319 168.709
73.796 135.714 92.947 135.714 92.947 169.443 73.796 169.443
74.839 134.744 93.254 134.744 93.254 168.933 74.839 168.933
75.366 135.147 93.080 135.147 93.080 170.081 75.366 170.081
76.434 135.413 93.722 135.413 93.722 170.794 76.434 170.794
80.421 135.686 97.271 135.686 97.271 171.538 80.421 171.538
81.082 135.562 97.534 135.562 97.534 172.171 81.082 172.171
81.106 137.033 97.440 137.033 97.440 173.775 81.106 173.775
84.551 135.453 100.754 135.453 100.754 172.395 84.551 172.395
87.949 135.457 103.930 135.457 103.930 172.651 87.949 172.651
88.343 136.679 104.233 136.679 104.233 173.927 88.343 173.927
91.559 134.873 107.320 134.873 107.320 171.973 91.559 171.973
92.060 133.403 107.826 133.403 107.826 170.471 92.060 170.471
92.731 134.074 108.505 134.074 108.505 171.085 92.731 171.085
96.081 136.138 111.705 136.138 111.705 173.367 96.081 173.367
96.416 135.626 112.131 135.626 112.131 172.778 96.416 172.778
97.543 136.287 113.264 136.287 113.264 173.406 97.543 173.406
100.738 136.806 116.382 136.806 116.382 174.010 100.738 174.010
101.379 136.899 117.050 136.899 117.050 174.339 101.379 174.339
104.687 135.928 120.207 135.928 120.207 173.729 104.687 173.729
105.712 136.411 121.002 136.411 121.002 174.654 105.712 174.654
106.484 137.527 121.748 137.527 121.748 175.944 106.484 175.944
106.463 137.739 121.631 137.739 121.631 176.620 106.463 176.620
106.232 137.774 121.378 137.774 121.378 176.881 106.232 176.881
106.297 137.808 121.352 137.808 121.352 177.377 106.297 177.377
106.307 137.837 121.468 137.837 121.468 177.288 106.307 177.288
106.851 139.192 121.935 139.192 121.935 178.620 106.851 178.620
106.932 139.417 121.990 139.417 121.990 179.014 106.932 179.014
107.002 139.511 122.018 139.511 122.018 179.251 107.002 179.251
117.501 139.004 132.521 139.004 132.521 178.872 117.501 178.872
120.853 137.414 135.925 137.414 135.925 177.044 120.853 177.044
122.011 138.585 136.993 138.585 136.993 178.231 122.011 178.231
122.430 137.707 137.444 137.707 137.444 177.280 122.430 177.280
122.838 137.366 137.913 137.366 137.913 176.915 122.838 176.915
125.914 137.135 141.149 137.135 141.149 176.404 125.914 176.404
126.068 139.899 141.494 139.899 141.494 178.962 126.068 178.962
126.622 139.172 142.111 139.172 142.111 177.961 126.622 177.961
130.168 137.630 145.638 137.630 145.638 176.213 130.168 176.213
130.396 138.115 145.766 138.115 145.766 176.474 130.396 176.474
133.886 138.262 149.220 138.262 149.220 176.493 133.886 176.493
140.062 136.791 155.893 136.791 155.893 173.827 140.062 173.827
139.735 137.752 155.895 137.752 155.895 174.139 139.735 174.139
140.278 139.219 156.416 139.219 156.416 175.348 140.278 175.348
143.137 140.033 159.295 140.033 159.295 175.895 143.137 175.895
143.177 140.210 159.230 140.210 159.230 176.025 143.177 176.025
145.827 139.645 161.846 139.645 161.846 175.238 145.827 175.238
148.715 141.783 164.697 141.783 164.697 177.324 148.715 177.324
149.008 141.252 164.835 141.252 164.835 177.132 149.008 177.132
152.340 140.841 167.980 140.841 167.980 176.894 152.340 176.894
155.278 140.629 170.754 140.629 170.754 176.840 155.278 176.840
154.838 141.012 170.309 141.012 170.309 177.200 154.838 177.200
155.741 143.231 171.200 143.231 171.200 179.483 155.741 179.483
159.387 141.692 174.594 141.692 174.594 178.331 159.387 178.331
160.021 141.047 175.013 141.047 175.013 177.967 160.021 177.967
160.428 140.511 175.272 140.511 175.272 177.682 160.428 177.682
160.137 144.292 175.092 144.292 175.092 181.242 160.137 181.242
162.544 142.891 177.645 142.891 177.645 179.668 162.544 179.668
162.355 142.650 177.354 142.650 177.354 179.591 162.355 179.591
161.616 142.139 176.627 142.139 176.627 179.208 161.616 179.208
161.834 142.733 176.754 142.733 176.754 179.910 161.834 179.910
161.906 142.823 176.693 142.823 176.693 180.119 161.906 180.119
162.452 142.937 177.197 142.937 177.197 180.283 162.452 180.283
165.385 141.280 180.486 141.280 180.486 178.092 165.385 178.092
167.998 139.528 183.338 139.528 183.338 175.705 167.998 175.705
167.802 140.629 183.238 140.629 183.238 176.264 167.802 176.264
167.468 140.909 183.135 140.909 183.135 176.074 167.468 176.074
167.186 141.771 183.025 141.771 183.025 176.592 167.186 176.592
170.802 142.663 186.690 142.663 186.690 177.221 170.802 177.221
174.034 142.379 189.863 142.379 189.863 177.170 174.034 177.170
177.394 141.254 193.203 141.254 193.203 176.078 177.394 176.078
177.604 142.429 193.622 142.429 193.622 176.920 177.604 176.920
177.984 144.190 194.059 144.190 194.059 178.834 177.984 178.834
184.546 141.905 200.720 141.905 200.720 176.423 184.546 176.423
185.042 142.712 201.120 142.712 201.120 177.125 185.042 177.125
185.225 143.416 201.465 143.416 201.465 177.544 185.225 177.544
186.040 143.927 202.298 143.927 202.298 177.778 186.040 177.778
186.414 143.712 202.574 143.712 202.574 177.642 186.414 177.642
189.854 143.607 205.954 143.607 205.954 177.768 189.854 177.768
190.171 144.825 206.331 144.825 206.331 178.889 190.171 178.889
193.782 144.667 209.876 144.667 209.876 178.888 193.782 178.888
194.161 144.111 210.260 144.111 210.260 178.419 194.161 178.419
191.364 144.910 207.557 144.910 207.557 179.151 191.364 179.151
192.106 145.945 208.184 145.945 208.184 180.398 192.106 180.398
192.683 146.868 208.734 146.868 208.734 181.422 192.683 181.422
193.194 145.553 209.258 145.553 209.258 179.929 193.194 179.929
196.479 142.664 212.593 142.664 212.593 176.788 196.479 176.788
202.787 142.673 218.880 142.673 218.880 176.576 202.787 176.576
197.016 143.699 213.027 143.699 213.027 177.437 197.016 177.437
197.429 143.750 213.372 143.750 213.372 177.437 197.429 177.437
198.129 142.691 213.984 142.691 213.984 176.351 198.129 176.351
198.407 144.228 214.136 144.228 214.136 177.885 198.407 177.885
204.811 143.210 220.434 143.210 220.434 176.681 204.811 176.681
204.977 146.443 220.328 146.443 220.328 179.848 204.977 179.848
202.231 147.278 217.357 147.278 217.357 180.915 202.231 180.915
199.534 148.784 214.565 148.784 214.565 182.550 199.534 182.550
202.563 149.961 217.576 149.961 217.576 183.982 202.563 183.982
202.460 150.162 217.288 150.162 217.288 184.586 202.460 184.586
202.943 147.988 217.308 147.988 217.308 183.141 202.943 183.141
203.800 148.657 217.851 148.657 217.851 184.362 203.800 184.362
204.466 149.128 218.307 149.128 218.307 185.143 204.466 185.143
204.757 149.608 218.605 149.608 218.605 185.785 204.757 185.785
208.010 149.001 221.837 149.001 221.837 185.526 208.010 185.526
211.371 150.442 225.322 150.442 225.322 186.990 211.371 186.990
212.047 150.847 225.996 150.847 225.996 187.596 212.047 187.596
215.137 150.974 229.130 150.974 229.130 187.770 215.137 187.770
215.546 151.903 229.524 151.903 229.524 188.854 215.546 188.854
218.755 151.693 232.792 151.693 232.792 188.908 218.755 188.908
218.773 150.742 233.056 150.742 233.056 188.101 218.773 188.101
219.548 151.649 233.740 151.649 233.740 189.395 219.548 189.395
220.300 152.272 234.407 152.272 234.407 190.388 220.300 190.388
221.101 152.088 235.248 152.088 235.248 190.467 221.101 190.467
224.387 151.892 238.716 151.892 238.716 190.302 224.387 190.302
224.792 152.816 239.123 152.816 239.123 191.601 224.792 191.601
225.249 153.148 239.681 153.148 239.681 192.048 225.249 192.048
226.275 152.652 240.890 152.652 240.890 191.664 226.275 191.664
229.508 152.780 244.225 152.780 244.225 192.200 229.508 192.200
230.424 154.852 245.222 154.852 245.222 194.294 230.424 194.294
231.465 154.006 246.325 154.006 246.325 193.760 231.465 193.760
232.433 154.516 247.438 154.516 247.438 194.308 232.433 194.308
233.333 155.069 248.456 155.069 248.456 194.773 233.333 194.773
234.519 155.150 249.670 155.150 249.670 194.890 234.519 194.890
238.124 154.992 253.391 154.992 253.391 195.006 238.124 195.006
238.126 155.008 253.338 155.008 253.338 195.317 238.126 195.317
239.149 156.328 254.368 156.328 254.368 196.637 239.149 196.637
239.970 156.126 255.330 156.126 255.330 196.427 239.970 196.427
240.817 157.430 256.085 157.430 256.085 198.175 240.817 198.175
241.542 157.336 256.927 157.336 256.927 198.244 241.542 198.244
242.475 157.680 257.871 157.680 257.871 198.831 242.475 198.831
243.606 157.715 259.037 157.715 259.037 198.993 243.606 198.993
247.026 157.863 262.555 157.863 262.555 199.649 247.026 199.649
250.451 158.281 266.104 158.281 266.104 200.280 250.451 200.280
250.934 158.849 266.767 158.849 266.767 201.125 250.934 201.125
252.386 158.923 268.217 158.923 268.217 201.283 252.386 201.283
256.009 158.553 271.948 158.553 271.948 201.260 256.009 201.260
256.336 159.551 272.429 159.551 272.429 202.397 256.336 202.397
256.447 161.877 272.678 161.877 272.678 204.861 256.447 204.861
257.042 161.166 273.319 161.166 273.319 204.449 257.042 204.449
260.713 160.030 277.040 160.030 277.040 203.845 260.713 203.845
261.301 160.459 277.804 160.459 277.804 204.231 261.301 204.231
264.811 160.451 281.329 160.451 281.329 204.615 264.811 204.615
264.732 160.839 281.379 160.839 281.379 205.240 264.732 205.240
265.304 161.864 281.845 161.864 281.845 206.435 265.304 206.435
266.245 161.632 282.811 161.632 282.811 206.366 266.245 206.366
267.475 161.927 284.111 161.927 284.111 206.745 267.475 206.745
268.270 161.791 284.943 161.791 284.943 206.720 268.270 206.720
268.984 162.280 285.841 162.280 285.841 207.034 268.984 207.034
270.167 162.745 287.076 162.745 287.076 207.418 270.167 207.418
271.172 163.652 287.983 163.652 287.983 208.292 271.172 208.292
274.903 163.877 291.846 163.877 291.846 208.585 274.903 208.585
275.338 167.142 292.099 167.142 292.099 212.247 275.338 212.247
279.471 169.334 295.816 169.334 295.816 215.398 279.471 215.398
280.092 175.476 296.221 175.476 296.221 221.590 280.092 221.590
283.559 178.948 300.153 178.948 300.153 224.247 283.559 224.247
286.690 181.856 303.794 181.856 303.794 226.349 286.690 226.349
286.118 176.188 303.431 176.188 303.431 220.395 286.118 220.395
285.941 174.920 303.220 174.920 303.220 219.549 285.941 219.549
289.523 182.727 307.268 182.727 307.268 226.577 289.523 226.577
292.753 184.789 310.288 184.789 310.288 229.127 292.753 229.127
292.511 184.377 309.790 184.377 309.790 228.690 292.511 228.690
293.133 187.845 310.272 187.845 310.272 232.154 293.133 232.154
312.122 167.487 329.358 167.487 329.358 212.084 312.122 212.084
313.384 166.277 330.768 166.277 330.768 211.359 313.384 211.359
314.761 166.818 332.527 166.818 332.527 211.766 314.761 211.766
318.437 167.226 336.535 167.226 336.535 212.083 318.437 212.083
318.459 169.052 336.857 169.052 336.857 213.642 318.459 213.642
321.974 169.507 340.616 169.507 340.616 213.783 321.974 213.783
325.686 172.067 344.157 172.067 344.157 216.790 325.686 216.790
325.934 171.485 344.384 171.485 344.384 216.370 325.934 216.370
326.561 171.732 344.999 171.732 344.999 216.680 326.561 216.680
326.726 173.502 345.140 173.502 345.140 218.576 326.726 218.576
330.695 172.951 349.159 172.951 349.159 217.868 330.695 217.868
333.979 170.572 352.664 170.572 352.664 215.397 333.979 215.397
337.287 168.693 356.097 168.693 356.097 213.472 337.287 213.472
340.663 170.414 359.455 170.414 359.455 215.062 340.663 215.062
341.525 172.607 360.176 172.607 360.176 217.478 341.525 217.478
345.097 172.776 363.723 172.776 363.723 217.906 345.097 217.906
345.323 171.814 363.873 171.814 363.873 217.086 345.323 217.086
345.607 172.666 364.265 172.666 364.265 217.853 345.607 217.853
349.459 170.227 368.144 170.227 368.144 215.377 349.459 215.377
349.341 173.538 367.633 173.538 367.633 219.500 349.341 219.500
353.081 173.089 371.377 173.089 371.377 219.316 353.081 219.316
356.695 175.176 375.112 175.176 375.112 221.779 356.695 221.779
357.214 174.831 375.745 174.831 375.745 221.487 357.214 221.487
364.745 176.093 383.400 176.093 383.400 222.977 364.745 222.977
368.855 176.779 387.229 176.779 387.229 224.477 368.855 224.477
372.321 178.319 390.843 178.319 390.843 226.257 372.321 226.257
372.426 178.100 391.129 178.100 391.129 225.979 372.426 225.979
372.695 177.206 391.162 177.206 391.162 225.316 372.695 225.316
376.340 175.814 395.062 175.814 395.062 224.020 376.340 224.020
376.393 175.809 394.978 175.809 394.978 224.433 376.393 224.433
376.585 175.775 394.970 175.775 394.970 224.712 376.585 224.712
380.386 178.174 398.827 178.174 398.827 227.293 380.386 227.293
380.324 177.461 398.759 177.461 398.759 227.015 380.324 227.015
384.229 180.427 403.181 180.427 403.181 229.755 384.229 229.755
392.264 179.186 411.687 179.186 411.687 228.077 392.264 228.077
395.801 179.117 415.539 179.117 415.539 227.900 395.801 227.900
398.716 179.081 418.609 179.081 418.609 227.664 398.716 227.664
398.257 180.384 418.310 180.384 418.310 228.761 398.257 228.761
397.733 182.773 417.903 182.773 417.903 231.241 397.733 231.241
401.078 183.945 421.412 183.945 421.412 232.988 401.078 232.988
404.446 182.231 424.830 182.231 424.830 231.309 404.446 231.309
404.434 183.892 424.847 183.892 424.847 233.110 404.434 233.110
405.022 183.192 425.403 183.192 425.403 232.398 405.022 232.398
405.489 184.285 425.712 184.285 425.712 233.630 405.489 233.630
406.599 185.023 426.863 185.023 426.863 234.253 406.599 234.253
410.746 184.542 431.120 184.542 431.120 233.608 410.746 233.608
415.139 184.222 435.583 184.222 435.583 233.311 415.139 233.311
419.580 187.327 439.911 187.327 439.911 236.600 419.580 236.600
420.383 189.233 440.869 189.233 440.869 238.507 420.383 238.507
425.040 186.940 445.328 186.940 445.328 236.570 425.040 236.570
425.205 192.353 445.467 192.353 445.467 242.280 425.205 242.280
429.865 188.971 449.894 188.971 449.894 239.230 429.865 239.230
438.732 187.160 459.006 187.160 459.006 237.148 438.732 237.148
442.902 188.283 463.081 188.283 463.081 238.324 442.902 238.324
443.469 188.426 463.554 188.426 463.554 238.713 443.469 238.713
447.605 188.034 467.354 188.034 467.354 239.003 447.605 239.003
447.664 187.775 467.228 187.775 467.228 239.091 447.664 239.091
451.281 189.663 470.914 189.663 470.914 241.152 451.281 241.152
455.179 189.560 474.572 189.560 474.572 241.971 455.179 241.971
459.004 186.731 478.505 186.731 478.505 239.335 459.004 239.335
462.429 189.023 482.025 189.023 482.025 241.539 462.429 241.539
465.731 190.174 485.396 190.174 485.396 242.807 465.731 242.807
469.387 192.101 488.999 192.101 488.999 245.011 469.387 245.011
468.780 193.345 488.422 193.345 488.422 246.436 468.780 246.436
473.040 192.763 492.852 192.763 492.852 245.570 473.040 245.570
477.428 191.330 497.281 191.330 497.281 244.422 477.428 244.422
480.660 192.374 500.987 192.374 500.987 245.124 480.660 245.124
480.889 195.696 501.170 195.696 501.170 248.524 480.889 248.524
485.132 193.757 505.196 193.757 505.196 246.852 485.132 246.852
489.406 196.161 509.534 196.161 509.534 249.384 489.406 249.384
493.567 198.659 513.647 198.659 513.647 252.207 493.567 252.207
497.934 198.570 517.977 198.570 517.977 252.365 497.934 252.365
497.195 200.629 517.219 200.629 517.219 255.010 497.195 255.010
496.460 201.859 516.298 201.859 516.298 256.799 496.460 256.799
500.891 202.044 520.784 202.044 520.784 256.982 500.891 256.982
509.778 200.851 529.686 200.851 529.686 255.784 509.778 255.784
513.383 200.896 533.583 200.896 533.583 255.511 513.383 255.511
518.052 209.309 538.226 209.309 538.226 264.184 518.052 264.184
526.967 206.087 547.074 206.087 547.074 261.152 526.967 261.152
526.764 206.564 546.788 206.564 546.788 261.929 526.764 261.929
531.237 204.513 551.217 204.513 551.217 260.164 531.237 260.164
535.912 207.523 555.813 207.523 555.813 263.525 535.912 263.525
540.753 209.914 560.486 209.914 560.486 266.537 540.753 266.537
544.895 208.002 564.924 208.002 564.924 264.562 544.895 264.562
544.592 208.939 564.595 208.939 564.595 266.128 544.592 266.128
544.115 209.904 564.155 209.904 564.155 267.328 544.115 267.328
543.935 213.456 564.095 213.456 564.095 271.304 543.935 271.304
544.150 213.047 564.366 213.047 564.366 271.470 544.150 271.470
549.026 209.375 569.405 209.375 569.405 267.926 549.026 267.926
558.244 211.992 578.693 211.992 578.693 270.554 558.244 270.554
557.864 212.340 578.361 212.340 578.361 271.472 557.864 271.472
562.498 210.310 583.210 210.310 583.210 269.288 562.498 269.288
566.814 212.617 587.751 212.617 587.751 271.723 566.814 271.723
571.470 214.473 592.479 214.473 592.479 274.174 571.470 274.174
575.722 211.632 596.902 211.632 596.902 271.451 575.722 271.451
580.150 212.089 601.424 212.089 601.424 272.054 580.150 272.054
579.937 213.933 601.391 213.933 601.391 273.802 579.937 273.802
589.679 211.775 611.179 211.775 611.179 271.663 589.679 271.663
589.324 213.968 610.993 213.968 610.993 274.000 589.324 274.000
594.007 215.969 615.734 215.969 615.734 276.620 594.007 276.620
598.961 217.987 620.648 217.987 620.648 279.318 598.961 279.318
