332.000 266.000 406.000 266.000 406.000 396.000 332.000 396.000
331.008 260.949 404.568 260.949 404.568 390.712 331.008 390.712
334.725 262.722 408.893 262.722 408.893 391.733 334.725 391.733
340.601 261.385 414.503 261.385 414.503 390.258 340.601 390.258
346.106 259.069 419.577 259.069 419.577 387.263 346.106 387.263
349.591 255.682 423.177 255.682 423.177 383.776 349.591 383.776
355.446 251.651 428.796 251.651 428.796 379.520 355.446 379.520
357.167 251.753 430.166 251.753 430.166 379.403 357.167 379.403
362.045 247.359 434.402 247.359 434.402 375.313 362.045 375.313
366.666 246.140 438.193 246.140 438.193 373.700 366.666 373.700
371.793 245.281 442.361 245.281 442.361 372.237 371.793 372.237
377.196 239.668 446.731 239.668 446.731 365.939 377.196 365.939
379.021 237.551 447.803 237.551 447.803 362.382 379.021 362.382
382.873 238.429 451.116 238.429 451.116 362.026 382.873 362.026
388.859 234.717 456.467 234.717 456.467 356.961 388.859 356.961
391.551 235.307 458.337 235.307 458.337 356.060 391.551 356.060
394.924 233.283 461.076 233.283 461.076 353.609 394.924 353.609
396.806 231.722 461.925 231.722 461.925 351.873 396.806 351.873
401.071 228.353 465.281 228.353 465.281 347.632 401.071 347.632
403.517 226.860 467.073 226.860 467.073 345.342 403.517 345.342
406.274 226.745 469.148 226.745 469.148 344.289 406.274 344.289
409.059 223.988 471.255 223.988 471.255 340.174 409.059 340.174
412.732 223.652 474.223 223.652 474.223 338.404 412.732 338.404
414.862 220.143 475.653 220.143 475.653 333.824 414.862 333.824
417.619 221.158 477.753 221.158 477.753 333.768 417.619 333.768
419.796 216.992 479.351 216.992 479.351 328.473 419.796 328.473
422.853 216.789 481.439 216.789 481.439 327.569 422.853 327.569
423.540 214.915 481.736 214.915 481.736 325.268 423.540 325.268
427.796 213.859 485.409 213.859 485.409 323.720 427.796 323.720
429.689 212.147 486.875 212.147 486.875 320.686 429.689 320.686
431.524 210.509 488.154 210.509 488.154 317.953 431.524 317.953
434.220 210.363 490.373 210.363 490.373 317.092 434.220 317.092
434.587 208.836 490.367 208.836 490.367 314.881 434.587 314.881
438.977 207.360 494.248 207.360 494.248 312.671 438.977 312.671
440.603 204.193 495.521 204.193 495.521 308.750 440.603 308.750
442.522 203.059 497.292 203.059 497.292 306.849 442.522 306.849
444.496 202.810 498.899 202.810 498.899 305.798 444.496 305.798
446.212 200.490 500.442 200.490 500.442 302.657 446.212 302.657
449.476 198.682 503.231 198.682 503.231 300.381 449.476 300.381
450.888 198.781 504.297 198.781 504.297 299.977 450.888 299.977
452.991 196.531 506.071 196.531 506.071 297.107 452.991 297.107
455.499 194.713 508.220 194.713 508.220 294.852 455.499 294.852
456.494 193.446 508.968 193.446 508.968 293.321 456.494 293.321
460.984 193.047 513.172 193.047 513.172 292.362 460.984 292.362
461.446 191.802 513.441 191.802 513.441 290.567 461.446 290.567
464.422 189.839 516.136 189.839 516.136 287.919 464.422 287.919
465.258 188.577 516.713 188.577 516.713 286.699 465.258 286.699
469.257 188.720 520.429 188.720 520.429 286.266 469.257 286.266
470.868 185.994 521.897 185.994 521.897 282.953 470.868 282.953
472.373 187.289 523.111 187.289 523.111 284.202 472.373 284.202
474.910 184.287 525.114 184.287 525.114 281.195 474.910 281.195
476.472 183.284 526.603 183.284 526.603 279.795 476.472 279.795
482.450 182.734 532.412 182.734 532.412 278.903 482.450 278.903
481.922 180.921 532.060 180.921 532.060 276.984 481.922 276.984
484.022 180.828 533.937 180.828 533.937 276.679 484.022 276.679
488.314 178.220 538.005 178.220 538.005 273.606 488.314 273.606
489.759 176.576 539.315 176.576 539.315 271.687 489.759 271.687
491.587 175.816 541.181 175.816 541.181 270.534 491.587 270.534
493.789 174.163 543.242 174.163 543.242 268.347 493.789 268.347
494.942 174.553 544.136 174.553 544.136 268.423 494.942 268.423
498.023 173.416 547.110 173.416 547.110 266.572 498.023 266.572
498.792 172.675 547.575 172.675 547.575 265.231 498.792 265.231
499.879 171.306 548.436 171.306 548.436 263.274 499.879 263.274
501.189 171.441 549.384 171.441 549.384 262.929 501.189 262.929
502.351 169.582 550.246 169.582 550.246 260.223 502.351 260.223
503.160 168.770 550.872 168.770 550.872 258.546 503.160 258.546
504.152 168.890 551.558 168.890 551.558 258.400 504.152 258.400
505.664 168.619 552.774 168.619 552.774 257.509 505.664 257.509
506.575 167.542 553.209 167.542 553.209 256.170 506.575 256.170
508.637 166.609 554.857 166.609 554.857 254.799 508.637 254.799
508.291 165.692 554.433 165.692 554.433 253.478 508.291 253.478
508.235 165.350 554.037 165.350 554.037 252.407 508.235 252.407
509.116 163.473 554.696 163.473 554.696 250.209 509.116 250.209
510.109 162.607 555.358 162.607 555.358 248.696 510.109 248.696
511.004 161.686 555.984 161.686 555.984 247.214 511.004 247.214
511.179 160.887 555.711 160.887 555.711 245.919 511.179 245.919
511.148 161.348 555.398 161.348 555.398 245.796 511.148 245.796
511.900 159.870 555.827 159.870 555.827 243.871 511.900 243.871
512.155 159.354 556.159 159.354 556.159 243.231 512.155 243.231
513.167 157.246 557.143 157.246 557.143 240.481 513.167 240.481
513.566 156.498 557.241 156.498 557.241 239.054 513.566 239.054
514.807 156.498 558.213 156.498 558.213 238.657 514.807 238.657
515.777 155.281 558.932 155.281 558.932 236.976 515.777 236.976
515.640 154.554 558.514 154.554 558.514 236.083 515.640 236.083
517.551 154.163 560.301 154.163 560.301 234.877 517.551 234.877
516.370 152.951 558.931 152.951 558.931 233.527 516.370 233.527
518.608 152.666 560.958 152.666 560.958 233.209 518.608 233.209
518.898 151.181 561.043 151.181 561.043 231.372 518.898 231.372
520.427 151.173 562.605 151.173 562.605 230.977 520.427 230.977
520.792 149.380 563.240 149.380 563.240 228.681 520.792 228.681
521.868 150.098 564.169 150.098 564.169 229.045 521.868 229.045
522.998 147.773 565.236 147.773 565.236 226.360 522.998 226.360
523.906 146.232 565.778 146.232 565.778 225.002 523.906 225.002
523.225 146.206 565.023 146.206 565.023 224.982 523.225 224.982
526.250 145.982 567.829 145.982 567.829 224.584 526.250 224.584
526.004 144.401 567.717 144.401 567.717 222.436 526.004 222.436
526.404 143.934 567.904 143.934 567.904 222.114 526.404 222.114
527.725 142.093 569.079 142.093 569.079 220.325 527.725 220.325
528.378 143.187 569.479 143.187 569.479 221.198 528.378 221.198
529.655 139.470 570.253 139.470 570.253 217.385 529.655 217.385
528.839 141.230 569.361 141.230 569.361 218.897 528.839 218.897
529.749 138.001 569.805 138.001 569.805 215.784 529.749 215.784
530.610 138.077 570.717 138.077 570.717 215.606 530.610 215.606
530.478 138.800 570.327 138.800 570.327 216.048 530.478 216.048
531.683 137.058 571.393 137.058 571.393 213.876 531.683 213.876
532.364 137.223 571.793 137.223 571.793 214.095 532.364 214.095
533.350 135.415 572.694 135.415 572.694 211.764 533.350 211.764
533.284 136.421 572.417 136.421 572.417 212.516 533.284 212.516
533.690 134.420 572.794 134.420 572.794 210.481 533.690 210.481
533.980 132.439 573.010 132.439 573.010 208.157 533.980 208.157
534.150 133.663 573.080 133.663 573.080 208.978 534.150 208.978
534.480 132.715 573.363 132.715 573.363 207.771 534.480 207.771
533.857 133.138 572.593 133.138 572.593 208.046 533.857 208.046
534.216 130.004 572.663 130.004 572.663 204.724 534.216 204.724
534.050 129.586 572.274 129.586 572.274 204.360 534.050 204.360
533.913 129.229 572.039 129.229 572.039 203.950 533.913 203.950
533.867 128.473 571.878 128.473 571.878 203.065 533.867 203.065
533.702 126.289 571.595 126.289 571.595 200.804 533.702 200.804
533.846 126.378 571.652 126.378 571.652 200.454 533.846 200.454
532.603 125.299 570.510 125.299 570.510 199.124 532.603 199.124
532.264 124.094 569.990 124.094 569.990 197.913 532.264 197.913
531.545 123.065 569.201 123.065 569.201 196.912 531.545 196.912
531.144 123.614 568.714 123.614 568.714 197.064 531.144 197.064
530.203 122.627 567.930 122.627 567.930 196.078 530.203 196.078
529.900 120.825 567.396 120.825 567.396 194.236 529.900 194.236
529.570 120.759 566.846 120.759 566.846 193.902 529.570 193.902
529.728 119.995 566.962 119.995 566.962 193.045 529.728 193.045
529.315 120.224 566.492 120.224 566.492 192.812 529.315 192.812
528.721 119.311 566.007 119.311 566.007 191.604 528.721 191.604
527.792 119.404 564.920 119.404 564.920 191.840 527.792 191.840
527.402 118.603 564.591 118.603 564.591 191.023 527.402 191.023
527.384 117.162 564.396 117.162 564.396 189.892 527.384 189.892
526.875 116.640 563.659 116.640 563.659 189.398 526.875 189.398
526.071 115.978 562.975 115.978 562.975 188.496 526.071 188.496
526.213 116.408 562.799 116.408 562.799 188.727 526.213 188.727
525.961 114.470 562.405 114.470 562.405 186.581 525.961 186.581
525.305 114.367 561.653 114.367 561.653 186.109 525.305 186.109
525.056 113.133 561.176 113.133 561.176 184.744 525.056 184.744
525.085 112.748 560.939 112.748 560.939 184.094 525.085 184.094
524.958 112.955 560.739 112.955 560.739 184.088 524.958 184.088
525.082 111.970 560.833 111.970 560.833 182.880 525.082 182.880
524.522 111.607 560.075 111.607 560.075 182.286 524.522 182.286
524.515 111.010 559.852 111.010 559.852 181.418 524.515 181.418
524.219 110.998 559.576 110.998 559.576 181.025 524.219 181.025
523.870 110.162 559.219 110.162 559.219 179.871 523.870 179.871
523.719 109.573 558.943 109.573 558.943 179.434 523.719 179.434
524.033 109.542 558.919 109.542 558.919 179.245 524.033 179.245
523.921 109.653 558.724 109.653 558.724 179.099 523.921 179.099
523.887 108.569 558.414 108.569 558.414 177.739 523.887 177.739
523.883 107.908 558.365 107.908 558.365 176.731 523.883 176.731
523.758 107.330 557.876 107.330 557.876 175.900 523.758 175.900
523.826 105.986 557.542 105.986 557.542 174.405 523.826 174.405
523.912 105.346 557.326 105.346 557.326 173.421 523.912 173.421
524.006 105.589 557.185 105.589 557.185 173.159 524.006 173.159
523.661 105.894 556.903 105.894 556.903 172.888 523.661 172.888
523.541 104.940 556.680 104.940 556.680 171.472 523.541 171.472
523.785 104.350 556.759 104.350 556.759 170.763 523.785 170.763
524.318 104.319 556.957 104.319 556.957 170.709 524.318 170.709
524.096 103.079 556.517 103.079 556.517 169.017 524.096 169.017
524.106 103.147 556.275 103.147 556.275 168.682 524.106 168.682
524.580 101.764 556.476 101.764 556.476 167.269 524.580 167.269
524.582 100.914 556.154 100.914 556.154 166.240 524.582 166.240
524.518 100.286 556.016 100.286 556.016 165.504 524.518 165.504
523.984 99.647 555.400 99.647 555.400 164.599 523.984 164.599
524.410 98.520 555.682 98.520 555.682 163.188 524.410 163.188
524.328 98.150 555.536 98.150 555.536 162.598 524.328 162.598
524.235 97.289 555.367 97.289 555.367 161.459 524.235 161.459
524.293 97.063 555.400 97.063 555.400 161.066 524.293 161.066
524.259 96.634 555.243 96.634 555.243 160.564 524.259 160.564
524.378 96.107 555.220 96.107 555.220 159.884 524.378 159.884
523.964 96.195 554.790 96.195 554.790 159.440 523.964 159.440
523.497 94.815 554.216 94.815 554.216 157.906 523.497 157.906
523.384 95.392 553.986 95.392 553.986 158.247 523.384 158.247
522.987 94.312 553.423 94.312 553.423 156.923 522.987 156.923
522.488 94.550 552.768 94.550 552.768 156.893 522.488 156.893
522.053 94.459 552.361 94.459 552.361 156.474 522.053 156.474
521.994 93.344 552.344 93.344 552.344 155.064 521.994 155.064
521.780 93.773 552.115 93.773 552.115 155.561 521.780 155.561
521.326 91.585 551.504 91.585 551.504 153.245 521.326 153.245
521.034 92.446 551.028 92.446 551.028 154.046 521.034 154.046
520.855 90.933 550.887 90.933 550.887 152.105 520.855 152.105
520.480 91.306 550.485 91.306 550.485 152.329 520.480 152.329
519.681 90.486 549.659 90.486 549.659 151.421 519.681 151.421
519.711 91.169 549.628 91.169 549.628 152.010 519.711 152.010
519.423 89.818 549.578 89.818 549.578 149.915 519.423 149.915
518.991 90.766 548.977 90.766 548.977 150.662 518.991 150.662
518.972 89.634 548.716 89.634 548.716 149.474 518.972 149.474
518.796 88.666 548.543 88.666 548.543 148.304 518.796 148.304
518.636 88.943 548.117 88.943 548.117 148.624 518.636 148.624
518.256 89.076 547.532 89.076 547.532 148.653 518.256 148.653
518.214 89.125 547.262 89.125 547.262 148.404 518.214 148.404
518.003 88.331 546.865 88.331 546.865 147.536 518.003 147.536
518.110 88.106 546.804 88.106 546.804 147.085 518.110 147.085
518.104 87.098 546.645 87.098 546.645 146.029 518.104 146.029
518.018 86.946 546.380 86.946 546.380 145.850 518.018 145.850
517.754 85.891 546.022 85.891 546.022 144.784 517.754 144.784
517.934 85.308 546.194 85.308 546.194 143.829 517.934 143.829
517.759 84.716 546.066 84.716 546.066 143.003 517.759 143.003
517.846 84.048 545.969 84.048 545.969 142.274 517.846 142.274
517.844 83.370 545.781 83.370 545.781 141.734 517.844 141.734
517.674 83.240 545.564 83.240 545.564 141.387 517.674 141.387
517.170 82.845 545.058 82.845 545.058 141.041 517.170 141.041
516.727 81.983 544.501 81.983 544.501 140.051 516.727 140.051
516.529 81.040 544.354 81.040 544.354 139.001 516.529 139.001
515.520 80.128 543.531 80.128 543.531 137.899 515.520 137.899
514.796 79.012 542.955 79.012 542.955 136.748 514.796 136.748
514.243 77.824 542.511 77.824 542.511 135.618 514.243 135.618
513.437 77.690 541.837 77.690 541.837 135.213 513.437 135.213
513.527 76.916 541.978 76.916 541.978 134.497 513.527 134.497
512.898 76.683 541.614 76.683 541.614 134.123 512.898 134.123
511.833 76.457 540.742 76.457 540.742 133.880 511.833 133.880
511.626 76.357 540.605 76.357 540.605 133.965 511.626 133.965
510.415 76.924 539.618 76.924 539.618 134.718 510.415 134.718
509.468 76.034 539.117 76.034 539.117 133.522 509.468 133.522
507.947 74.999 537.963 74.999 537.963 132.320 507.947 132.320
507.077 73.921 537.303 73.921 537.303 131.370 507.077 131.370
506.322 73.938 536.660 73.938 536.660 131.575 506.322 131.575
504.675 76.076 535.307 76.076 535.307 133.330 504.675 133.330
504.501 74.071 535.091 74.071 535.091 131.379 504.501 131.379
503.378 76.047 533.544 76.047 533.544 133.564 503.378 133.564
503.390 73.270 533.363 73.270 533.363 131.016 503.390 131.016
503.276 71.788 533.226 71.788 533.226 129.453 503.276 129.453
502.817 73.976 532.669 73.976 532.669 131.479 502.817 131.479
502.396 72.876 532.358 72.876 532.358 130.311 502.396 130.311
502.723 71.875 532.702 71.875 532.702 129.320 502.723 129.320
501.747 73.280 531.729 73.280 531.729 130.516 501.747 130.516
501.558 71.061 531.463 71.061 531.463 128.399 501.558 128.399
500.872 72.738 530.652 72.738 530.652 129.803 500.872 129.803
500.572 71.266 530.376 71.266 530.376 128.107 500.572 128.107
499.602 72.880 529.376 72.880 529.376 129.725 499.602 129.725
499.013 70.364 528.738 70.364 528.738 127.300 499.013 127.300
498.398 68.560 528.116 68.560 528.116 125.531 498.398 125.531
494.055 70.351 523.663 70.351 523.663 127.366 494.055 127.366
493.859 70.594 523.431 70.594 523.431 127.477 493.859 127.477
493.701 66.994 523.254 66.994 523.254 123.932 493.701 123.932
493.544 65.215 523.088 65.215 523.088 122.254 493.544 122.254
492.888 66.713 522.453 66.713 522.453 123.744 492.888 123.744
492.282 65.751 521.809 65.751 521.809 122.884 492.282 122.884
488.214 63.655 517.666 63.655 517.666 120.904 488.214 120.904
488.190 64.676 517.605 64.676 517.605 121.936 488.190 121.936
488.774 62.532 518.164 62.532 518.164 119.834 488.774 119.834
488.554 65.316 517.774 65.316 517.774 122.754 488.554 122.754
488.239 63.149 517.373 63.149 517.373 120.698 488.239 120.698
487.145 64.679 516.262 64.679 516.262 122.164 487.145 122.164
486.899 62.125 516.008 62.125 516.008 119.622 486.899 119.622
481.629 66.515 510.734 66.515 510.734 123.886 481.629 123.886
482.249 62.773 511.159 62.773 511.159 120.217 482.249 120.217
481.971 64.048 510.860 64.048 510.860 121.449 481.971 121.449
481.592 60.388 510.355 60.388 510.355 117.929 481.592 117.929
476.784 57.845 505.407 57.845 505.407 115.498 476.784 115.498
476.843 55.955 505.302 55.955 505.302 113.842 476.843 113.842
476.264 55.458 504.470 55.458 504.470 113.490 476.264 113.490
475.761 55.131 503.842 55.131 503.842 113.244 475.761 113.244
475.450 54.028 503.386 54.028 503.386 112.293 475.450 112.293
474.986 56.293 502.867 56.293 502.867 114.461 474.986 114.461
474.019 55.010 501.844 55.010 501.844 113.274 474.019 113.274
469.631 55.653 497.431 55.653 497.431 113.772 469.631 113.772
470.413 57.571 498.199 57.571 498.199 115.614 470.413 115.614
470.656 54.806 498.264 54.806 498.264 112.937 470.656 112.937
470.729 57.504 498.374 57.504 498.374 115.290 470.729 115.290
470.288 55.086 497.845 55.086 497.845 112.920 470.288 112.920
454.913 34.842 482.724 34.842 482.724 92.433 454.913 92.433
454.865 34.650 482.821 34.650 482.821 92.128 454.865 92.128
454.703 29.764 482.772 29.764 482.772 87.314 454.703 87.314
454.469 35.417 482.650 35.417 482.650 92.811 454.469 92.811
454.348 34.993 482.543 34.993 482.543 92.489 454.348 92.489
454.202 35.336 482.497 35.336 482.497 92.793 454.202 92.793
454.357 34.940 482.702 34.940 482.702 92.347 454.357 92.347
454.620 34.826 482.989 34.826 482.989 92.352 454.620 92.352
454.376 34.046 482.861 34.046 482.861 91.573 454.376 91.573
454.367 34.711 482.955 34.711 482.955 92.127 454.367 92.127
454.276 34.833 482.974 34.833 482.974 92.162 454.276 92.162
453.923 34.336 482.700 34.336 482.700 91.751 453.923 91.751
453.472 34.189 482.332 34.189 482.332 91.689 453.472 91.689
453.775 34.903 482.584 34.903 482.584 92.586 453.775 92.586
453.867 35.560 482.649 35.560 482.649 93.364 453.867 93.364
454.209 31.693 483.005 31.693 483.005 89.836 454.209 89.836
454.428 31.898 483.255 31.898 483.255 90.089 454.428 90.089
454.338 32.451 483.153 32.451 483.153 90.733 454.338 90.733
454.236 32.847 483.161 32.847 483.161 91.185 454.236 91.185
454.357 32.927 483.441 32.927 483.441 91.109 454.357 91.109
454.126 33.108 483.155 33.108 483.155 91.558 454.126 91.558
453.444 32.625 482.625 32.625 482.625 90.744 453.444 90.744
454.039 27.694 483.171 27.694 483.171 86.176 454.039 86.176
453.099 33.866 482.391 33.866 482.391 92.161 453.099 92.161
453.151 28.992 482.498 28.992 482.498 87.518 453.151 87.518
452.897 29.354 482.255 29.354 482.255 88.039 452.897 88.039
453.372 24.323 482.767 24.323 482.767 83.675 453.372 83.675
453.265 31.035 482.748 31.035 482.748 90.370 453.265 90.370
453.197 27.054 482.889 27.054 482.889 86.719 453.197 86.719
448.944 28.594 478.717 28.594 478.717 88.535 448.944 88.535
450.098 29.614 479.780 29.614 479.780 89.743 450.098 89.743
450.758 30.787 480.488 30.787 480.488 91.005 450.758 91.005
450.413 31.696 480.192 31.696 480.192 91.840 450.413 91.840
451.148 27.007 481.155 27.007 481.155 87.316 451.148 87.316
451.917 22.826 482.047 22.826 482.047 83.361 451.917 83.361
452.772 24.084 482.946 24.084 482.946 84.704 452.772 84.704
447.644 31.486 477.806 31.486 477.806 92.164 447.644 92.164
447.699 36.886 477.971 36.886 477.971 97.459 447.699 97.459
442.156 36.704 472.387 36.704 472.387 97.322 442.156 97.322
447.894 31.884 478.234 31.884 478.234 92.502 447.894 92.502
448.052 33.910 478.491 33.910 478.491 94.351 448.052 94.351
447.512 33.768 478.049 33.768 478.049 94.037 447.512 94.037
447.604 34.570 478.207 34.570 478.207 94.751 447.604 94.751
442.013 34.846 472.754 34.846 472.754 94.877 442.013 94.877
442.017 35.956 472.718 35.956 472.718 96.023 442.017 96.023
448.294 34.862 479.046 34.862 479.046 94.873 448.294 94.873
442.482 35.768 473.257 35.768 473.257 95.692 442.482 95.692
448.143 34.847 479.077 34.847 479.077 94.478 448.143 94.478
448.168 34.454 479.131 34.454 479.131 94.032 448.168 94.032
448.756 33.902 479.726 33.902 479.726 93.470 448.756 93.470
449.491 33.135 480.471 33.135 480.471 92.681 449.491 92.681
450.356 32.741 481.347 32.741 481.347 92.241 450.356 92.241
450.830 32.885 481.840 32.885 481.840 92.356 450.830 92.356
451.266 31.944 482.285 31.944 482.285 91.396 451.266 91.396
451.232 31.973 482.251 31.973 482.251 91.423 451.232 91.423
451.428 31.757 482.443 31.757 482.443 91.213 451.428 91.213
451.659 31.362 482.674 31.362 482.674 90.817 451.659 90.817
451.546 30.399 482.560 30.399 482.560 89.853 451.546 89.853
456.138 30.466 487.142 30.466 487.142 89.935 456.138 89.935
455.031 30.351 486.030 30.351 486.030 89.841 455.031 89.841
454.324 29.649 485.312 29.649 485.312 89.145 454.324 89.145
458.353 28.640 489.330 28.640 489.330 88.150 458.353 88.150
456.727 27.717 487.696 27.717 487.696 87.264 456.727 87.264
455.093 26.991 486.058 26.991 486.058 86.544 455.093 86.544
454.117 31.217 485.067 31.217 485.067 90.750 454.117 90.750
453.709 29.479 484.646 29.479 484.646 89.023 453.709 89.023
453.368 29.654 484.297 29.654 484.297 89.208 453.368 89.208
453.162 29.383 484.079 29.383 484.079 88.948 453.162 88.948
452.759 29.358 483.673 29.358 483.673 88.925 452.759 88.925
452.434 29.055 483.343 29.055 483.343 88.627 452.434 88.627
452.522 28.794 483.425 28.794 483.425 88.370 452.522 88.370
451.995 27.612 482.894 27.612 482.894 87.195 451.995 87.195
