157.000 175.000 170.000 175.000 170.000 187.000 157.000 187.000
157.090 176.475 169.812 176.475 169.812 188.740 157.090 188.740
157.480 176.837 169.886 176.837 169.886 189.274 157.480 189.274
158.194 176.639 170.417 176.639 170.417 189.141 158.194 189.141
158.319 178.048 170.298 178.048 170.298 190.546 158.319 190.546
158.719 178.288 170.573 178.288 170.573 190.727 158.719 190.727
158.803 178.532 170.482 178.532 170.482 190.900 158.803 190.900
159.104 178.757 170.829 178.757 170.829 190.977 159.104 190.977
159.180 179.088 170.913 179.088 170.913 191.184 159.180 191.184
159.611 178.929 171.441 178.929 171.441 190.888 159.611 190.888
160.302 178.899 172.060 178.899 172.060 190.748 160.302 190.748
160.748 178.895 172.448 178.895 172.448 190.663 160.748 190.663
161.383 178.766 172.983 178.766 172.983 190.534 161.383 190.534
163.028 178.710 174.558 178.710 174.558 190.491 163.028 190.491
163.386 180.105 174.858 180.105 174.858 191.755 163.386 191.755
164.878 180.213 176.424 180.213 176.424 191.792 164.878 191.792
166.350 180.311 177.937 180.311 177.937 191.856 166.350 191.856
166.842 180.510 178.475 180.510 178.475 192.013 166.842 192.013
167.498 180.740 179.164 180.740 179.164 192.064 167.498 192.064
168.068 180.710 179.789 180.710 179.789 191.904 168.068 191.904
168.632 180.507 180.359 180.507 180.359 191.638 168.632 191.638
169.291 180.474 180.916 180.474 180.916 191.570 169.291 191.570
169.813 180.581 181.329 180.581 181.329 191.658 169.813 191.658
170.267 180.975 181.671 180.975 181.671 192.104 170.267 192.104
170.825 181.466 182.311 181.466 182.311 192.588 170.825 192.588
171.446 181.835 182.841 181.835 182.841 192.932 171.446 192.932
172.081 182.267 183.439 182.267 183.439 193.343 172.081 193.343
172.545 182.347 183.873 182.347 183.873 193.393 172.545 193.393
173.143 182.146 184.527 182.146 184.527 193.087 173.143 193.087
173.584 182.000 184.882 182.000 184.882 192.859 173.584 192.859
174.207 181.983 185.500 181.983 185.500 192.728 174.207 192.728
175.074 182.115 186.313 182.115 186.313 192.840 175.074 192.840
175.767 182.212 186.921 182.212 186.921 192.975 175.767 192.975
176.494 182.278 187.568 182.278 187.568 193.054 176.494 193.054
178.294 183.494 189.328 183.494 189.328 194.273 178.294 194.273
179.819 183.373 190.823 183.373 190.823 194.106 179.819 194.106
179.949 184.433 190.974 184.433 190.974 195.058 179.949 195.058
181.307 184.067 192.341 184.067 192.341 194.629 181.307 194.629
181.567 183.849 192.578 183.849 192.578 194.390 181.567 194.390
183.161 183.493 194.098 183.493 194.098 194.095 183.161 194.095
183.224 183.257 194.017 183.257 194.017 193.950 183.224 193.950
183.300 183.993 193.972 183.993 193.972 194.752 183.300 194.752
183.655 184.954 194.241 184.954 194.241 195.670 183.655 195.670
183.898 184.904 194.440 184.904 194.440 195.564 183.898 195.564
183.903 185.899 194.402 185.899 194.402 196.530 183.903 196.530
183.955 185.728 194.456 185.728 194.456 196.338 183.955 196.338
184.170 185.637 194.720 185.637 194.720 196.170 184.170 196.170
185.733 185.453 196.296 185.453 196.296 195.974 185.733 195.974
185.954 185.229 196.466 185.229 196.466 195.778 185.954 195.778
186.193 185.781 196.719 185.781 196.719 196.308 186.193 196.308
186.566 185.176 197.073 185.176 197.073 195.700 186.566 195.700
187.986 185.819 198.467 185.819 198.467 196.361 187.986 196.361
188.097 185.432 198.568 185.432 198.568 195.989 188.097 195.989
189.285 186.209 199.712 186.209 199.712 196.830 189.285 196.830
190.368 186.044 200.753 186.044 200.753 196.707 190.368 196.707
191.544 185.961 201.906 185.961 201.906 196.640 191.544 196.640
192.610 185.922 202.978 185.922 202.978 196.589 192.610 196.589
192.224 187.063 202.505 187.063 202.505 197.784 192.224 197.784
191.908 186.615 202.121 186.615 202.121 197.369 191.908 197.369
191.963 186.464 202.192 186.464 202.192 197.079 191.963 197.079
192.093 186.298 202.345 186.298 202.345 196.798 192.093 196.798
193.171 186.171 203.488 186.171 203.488 196.707 193.171 196.707
192.794 187.297 203.088 187.297 203.088 197.869 192.794 197.869
192.853 187.252 203.181 187.252 203.181 197.858 192.853 197.858
192.655 187.242 202.976 187.242 202.976 197.916 192.655 197.916
192.648 188.414 202.945 188.414 202.945 199.100 192.648 199.100
192.882 188.259 203.223 188.259 203.223 198.922 192.882 198.922
192.775 188.288 203.237 188.288 203.237 198.863 192.775 198.863
192.808 188.057 203.283 188.057 203.283 198.642 192.808 198.642
192.761 187.594 203.199 187.594 203.199 198.190 192.761 198.190
193.241 187.672 203.788 187.672 203.788 198.176 193.241 198.176
193.734 188.794 204.284 188.794 204.284 199.275 193.734 199.275
194.202 188.857 204.725 188.857 204.725 199.261 194.202 199.261
194.965 189.169 205.463 189.169 205.463 199.512 194.965 199.512
196.536 189.051 207.033 189.051 207.033 199.459 196.536 199.459
197.043 189.129 207.568 189.129 207.568 199.556 197.043 199.556
197.319 189.258 207.830 189.258 207.830 199.726 197.319 199.726
197.933 189.100 208.425 189.100 208.425 199.618 197.933 199.618
198.501 188.980 209.032 188.980 209.032 199.436 198.501 199.436
198.896 188.726 209.398 188.726 209.398 199.230 198.896 199.230
199.069 188.543 209.378 188.543 209.378 199.124 199.069 199.124
199.363 188.601 209.655 188.601 209.655 199.096 199.363 199.096
200.051 188.876 210.338 188.876 210.338 199.354 200.051 199.354
200.356 190.405 210.618 190.405 210.618 200.865 200.356 200.865
200.218 190.402 210.398 190.402 210.398 200.912 200.218 200.912
200.391 190.503 210.586 190.503 210.586 201.029 200.391 201.029
200.362 190.455 210.499 190.455 210.499 201.036 200.362 201.036
200.450 190.408 210.608 190.408 210.608 200.968 200.450 200.968
200.655 190.222 210.841 190.222 210.841 200.729 200.655 200.729
201.189 190.080 211.500 190.080 211.500 200.592 201.189 200.592
201.570 190.216 212.002 190.216 212.002 200.680 201.570 200.680
202.199 190.167 212.661 190.167 212.661 200.688 202.199 200.688
202.769 190.211 213.289 190.211 213.289 200.718 202.769 200.718
203.330 190.486 213.850 190.486 213.850 201.044 203.330 201.044
203.919 192.063 214.439 192.063 214.439 202.629 203.919 202.629
204.508 191.866 214.897 191.866 214.897 202.534 204.508 202.534
205.081 191.785 215.459 191.785 215.459 202.433 205.081 202.433
205.246 191.728 215.582 191.728 215.582 202.397 205.246 202.397
205.489 191.709 215.771 191.709 215.771 202.311 205.489 202.311
205.640 191.904 215.942 191.904 215.942 202.401 205.640 202.401
206.164 191.734 216.413 191.734 216.413 202.203 206.164 202.203
206.714 191.768 216.968 191.768 216.968 202.255 206.714 202.255
207.099 191.848 217.313 191.848 217.313 202.367 207.099 202.367
207.473 192.100 217.702 192.100 217.702 202.575 207.473 202.575
207.506 192.274 217.751 192.274 217.751 202.711 207.506 202.711
207.302 192.586 217.567 192.586 217.567 203.079 207.302 203.079
207.570 192.872 217.770 192.872 217.770 203.367 207.570 203.367
206.567 194.540 216.755 194.540 216.755 204.992 206.567 204.992
206.514 194.577 216.764 194.577 216.764 204.978 206.514 204.978
206.419 194.293 216.661 194.293 216.661 204.697 206.419 204.697
206.254 194.273 216.597 194.273 216.597 204.708 206.254 204.708
206.671 194.146 217.114 194.146 217.114 204.592 206.671 204.592
207.287 194.100 217.819 194.100 217.819 204.533 207.287 204.533
208.003 194.202 218.544 194.202 218.544 204.675 208.003 204.675
208.486 194.533 219.030 194.533 219.030 205.049 208.486 205.049
209.037 195.796 219.673 195.796 219.673 206.275 209.037 206.275
209.140 195.318 219.777 195.318 219.777 205.832 209.140 205.832
209.666 195.271 220.257 195.271 220.257 205.827 209.666 205.827
209.919 195.149 220.436 195.149 220.436 205.776 209.919 205.776
210.081 195.009 220.593 195.009 220.593 205.641 210.081 205.641
210.090 194.820 220.565 194.820 220.565 205.480 210.090 205.480
210.182 194.575 220.658 194.575 220.658 205.229 210.182 205.229
210.369 194.761 220.786 194.761 220.786 205.437 210.369 205.437
210.296 194.696 220.745 194.696 220.745 205.387 210.296 205.387
210.134 195.374 220.733 195.374 220.733 206.069 210.134 206.069
210.007 195.807 220.621 195.807 220.621 206.453 210.007 206.453
209.697 196.223 220.334 196.223 220.334 206.929 209.697 206.929
209.443 196.399 219.966 196.399 219.966 207.121 209.443 207.121
209.382 196.876 219.939 196.876 219.939 207.539 209.382 207.539
209.144 196.646 219.574 196.646 219.574 207.395 209.144 207.395
208.773 196.480 219.221 196.480 219.221 207.326 208.773 207.326
208.629 196.191 219.126 196.191 219.126 207.089 208.629 207.089
208.588 196.264 219.062 196.264 219.062 207.117 208.588 207.117
208.694 196.544 219.202 196.544 219.202 207.328 208.694 207.328
208.937 196.843 219.522 196.843 219.522 207.653 208.937 207.653
209.299 197.372 219.977 197.372 219.977 208.157 209.299 208.157
209.342 197.657 220.032 197.657 220.032 208.480 209.342 208.480
209.572 198.158 220.281 198.158 220.281 208.976 209.572 208.976
209.835 198.202 220.491 198.202 220.491 209.074 209.835 209.074
210.195 198.590 220.911 198.590 220.911 209.422 210.195 209.422
209.926 198.807 220.633 198.807 220.633 209.643 209.926 209.643
210.217 198.774 220.949 198.774 220.949 209.617 210.217 209.617
209.136 198.461 219.836 198.461 219.836 209.334 209.136 209.334
209.413 198.474 220.105 198.474 220.105 209.359 209.413 209.359
209.352 198.560 220.045 198.560 220.045 209.449 209.352 209.449
209.436 198.842 220.174 198.842 220.174 209.719 209.436 209.719
209.092 199.586 219.856 199.586 219.856 210.426 209.092 210.426
208.729 200.114 219.519 200.114 219.519 210.905 208.729 210.905
207.417 200.525 218.217 200.525 218.217 211.423 207.417 211.423
206.984 200.732 217.644 200.732 217.644 211.702 206.984 211.702
206.903 200.605 217.427 200.605 217.427 211.678 206.903 211.678
205.882 200.547 216.335 200.547 216.335 211.693 205.882 211.693
206.162 200.422 216.594 200.422 216.594 211.555 206.162 211.555
206.136 200.255 216.604 200.255 216.604 211.352 206.136 211.352
206.126 199.974 216.568 199.974 216.568 211.109 206.126 211.109
206.096 200.252 216.585 200.252 216.585 211.324 206.096 211.324
206.416 200.525 216.864 200.525 216.864 211.623 206.416 211.623
205.983 202.007 216.477 202.007 216.477 213.090 205.983 213.090
206.370 202.439 216.911 202.439 216.911 213.483 206.370 213.483
206.230 202.537 216.813 202.537 216.813 213.538 206.230 213.538
206.280 202.550 216.823 202.550 216.823 213.564 206.280 213.564
205.955 202.612 216.464 202.612 216.464 213.655 205.955 213.655
206.231 202.501 216.743 202.501 216.743 213.550 206.231 213.550
206.343 202.405 216.851 202.405 216.851 213.485 206.343 213.485
204.826 202.439 215.277 202.439 215.277 213.578 204.826 213.578
204.941 202.605 215.468 202.605 215.468 213.694 204.941 213.694
204.833 202.828 215.415 202.828 215.415 213.884 204.833 213.884
204.424 203.144 215.029 203.144 215.029 214.137 204.424 214.137
203.853 203.406 214.514 203.406 214.514 214.344 203.853 214.344
203.577 203.902 214.309 203.902 214.309 214.796 203.577 214.796
203.073 204.473 213.868 204.473 213.868 215.294 203.073 215.294
201.951 204.538 212.689 204.538 212.689 215.417 201.951 215.417
201.730 204.614 212.486 204.614 212.486 215.512 201.730 215.512
201.544 204.739 212.324 204.739 212.324 215.624 201.544 215.624
201.580 204.471 212.398 204.471 212.398 215.350 201.580 215.350
201.773 204.382 212.615 204.382 212.615 215.268 201.773 215.268
202.191 204.256 213.009 204.256 213.009 215.135 202.191 215.135
202.260 204.447 213.051 204.447 213.051 215.324 202.260 215.324
202.141 204.993 212.958 204.993 212.958 215.812 202.141 215.812
202.562 205.817 213.429 205.817 213.429 216.594 202.562 216.594
202.656 206.211 213.537 206.211 213.537 217.009 202.656 217.009
203.286 206.545 214.260 206.545 214.260 217.416 203.286 217.416
203.531 206.534 214.423 206.534 214.423 217.433 203.531 217.433
203.407 206.289 214.199 206.289 214.199 217.237 203.407 217.237
203.100 205.895 213.780 205.895 213.780 216.921 203.100 216.921
202.938 206.195 213.697 206.195 213.697 217.276 202.938 217.276
202.556 206.867 213.441 206.867 213.441 217.915 202.556 217.915
202.428 207.192 213.351 207.192 213.351 218.233 202.428 218.233
202.492 207.741 213.511 207.741 213.511 218.753 202.492 218.753
201.739 208.100 212.745 208.100 212.745 219.138 201.739 219.138
200.978 208.371 211.961 208.371 211.961 219.423 200.978 219.423
200.660 208.629 211.564 208.629 211.564 219.757 200.660 219.757
199.241 208.459 210.139 208.459 210.139 219.619 199.241 219.619
199.521 208.451 210.458 208.451 210.458 219.589 199.521 219.589
199.723 208.365 210.768 208.365 210.768 219.557 199.723 219.557
200.007 208.347 211.105 208.347 211.105 219.597 200.007 219.597
200.377 208.504 211.497 208.504 211.497 219.794 200.377 219.794
200.507 209.004 211.633 209.004 211.633 220.350 200.507 220.350
200.792 209.377 211.863 209.377 211.863 220.789 200.792 220.789
201.407 210.019 212.559 210.019 212.559 221.363 201.407 221.363
201.650 210.319 212.828 210.319 212.828 221.657 201.650 221.657
202.159 210.554 213.372 210.554 213.372 221.922 202.159 221.922
202.023 210.924 213.328 210.924 213.328 222.216 202.023 222.216
201.959 210.675 213.342 210.675 213.342 222.043 201.959 222.043
201.999 210.417 213.344 210.417 213.344 221.919 201.999 221.919
201.929 210.362 213.289 210.362 213.289 221.904 201.929 221.904
201.833 210.368 213.193 210.368 213.193 221.941 201.833 221.941
201.499 210.599 212.930 210.599 212.930 222.144 201.499 222.144
200.876 211.415 212.318 211.415 212.318 222.952 200.876 222.952
200.745 212.071 212.316 212.071 212.316 223.532 200.745 223.532
200.412 212.770 212.011 212.770 212.011 224.207 200.412 224.207
199.842 212.987 211.387 212.987 211.387 224.485 199.842 224.485
199.612 213.395 211.151 213.395 211.151 224.893 199.612 224.893
199.377 213.197 210.782 213.197 210.782 224.799 199.377 224.799
199.267 212.881 210.727 212.881 210.727 224.573 199.267 224.573
199.549 213.003 210.986 213.003 210.986 224.697 199.549 224.697
199.474 212.812 210.912 212.812 210.912 224.608 199.474 224.608
199.730 213.037 211.118 213.037 211.118 224.845 199.730 224.845
199.919 213.340 211.367 213.340 211.367 225.200 199.919 225.200
199.806 214.931 211.278 214.931 211.278 226.817 199.806 226.817
200.017 214.838 211.505 214.838 211.505 226.729 200.017 226.729
200.293 214.842 211.772 214.842 211.772 226.784 200.293 226.784
200.572 215.044 212.054 215.044 212.054 227.000 200.572 227.000
201.104 215.020 212.590 215.020 212.590 226.989 201.104 226.989
200.940 214.810 212.432 214.810 212.432 226.783 200.940 226.783
200.679 214.227 212.148 214.227 212.148 226.245 200.679 226.245
201.035 215.352 212.505 215.352 212.505 227.395 201.035 227.395
200.656 215.089 212.094 215.089 212.094 227.161 200.656 227.161
200.728 215.271 212.224 215.271 212.224 227.307 200.728 227.307
200.331 215.633 211.828 215.633 211.828 227.652 200.331 227.652
200.168 215.879 211.685 215.879 211.685 227.852 200.168 227.852
199.545 217.506 211.099 217.506 211.099 229.487 199.545 229.487
199.518 217.474 211.142 217.474 211.142 229.555 199.518 229.555
198.866 217.455 210.451 217.455 210.451 229.622 198.866 229.622
198.724 217.341 210.351 217.341 210.351 229.566 198.724 229.566
198.660 217.108 210.343 217.108 210.343 229.364 198.660 229.364
198.532 216.629 210.199 216.629 210.199 228.967 198.532 228.967
198.185 216.719 209.914 216.719 209.914 228.987 198.185 228.987
198.291 216.703 209.971 216.703 209.971 228.997 198.291 228.997
197.418 218.301 209.148 218.301 209.148 230.534 197.418 230.534
197.734 218.327 209.557 218.327 209.557 230.482 197.734 230.482
198.114 219.637 209.927 219.637 209.927 231.791 198.114 231.791
198.439 219.591 210.267 219.591 210.267 231.731 198.439 231.731
198.599 219.582 210.487 219.582 210.487 231.694 198.599 231.694
198.857 219.761 210.776 219.761 210.776 231.855 198.857 231.855
199.088 219.670 211.066 219.670 211.066 231.737 199.088 231.737
197.903 220.901 209.821 220.901 209.821 232.961 197.903 232.961
198.026 220.472 209.968 220.472 209.968 232.591 198.026 232.591
196.998 220.342 208.865 220.342 208.865 232.501 196.998 232.501
197.403 220.296 209.243 220.296 209.243 232.457 197.403 232.457
197.449 220.105 209.345 220.105 209.345 232.250 197.449 232.250
196.239 221.696 208.127 221.696 208.127 233.830 196.239 233.830
196.332 221.693 208.242 221.693 208.242 233.788 196.332 233.788
195.271 221.726 207.168 221.726 207.168 233.834 195.271 233.834
195.470 221.537 207.332 221.537 207.332 233.672 195.470 233.672
195.342 221.603 207.179 221.603 207.179 233.754 195.342 233.754
195.451 221.697 207.275 221.697 207.275 233.841 195.451 233.841
195.833 221.745 207.750 221.745 207.750 233.837 195.833 233.837
195.672 221.460 207.588 221.460 207.588 233.508 195.672 233.508
195.559 221.522 207.520 221.522 207.520 233.486 195.559 233.486
195.536 222.953 207.451 222.953 207.451 234.953 195.536 234.953
195.742 224.159 207.659 224.159 207.659 236.203 195.742 236.203
196.222 223.946 208.161 223.946 208.161 235.986 196.222 235.986
196.272 225.465 208.367 225.465 208.367 237.498 196.272 237.498
196.582 225.370 208.691 225.370 208.691 237.351 196.582 237.351
197.161 225.336 209.194 225.336 209.194 237.357 197.161 237.357
197.401 225.063 209.450 225.063 209.450 237.077 197.401 237.077
197.852 225.068 210.018 225.068 210.018 237.114 197.852 237.114
198.216 224.806 210.397 224.806 210.397 236.940 198.216 236.940
198.630 224.693 210.858 224.693 210.858 236.868 198.630 236.868
198.618 225.020 210.873 225.020 210.873 237.175 198.618 237.175
198.676 226.906 211.013 226.906 211.013 239.003 198.676 239.003
198.735 227.205 211.127 227.205 211.127 239.278 198.735 239.278
198.839 227.702 211.169 227.702 211.169 239.859 198.839 239.859
198.769 228.061 211.017 228.061 211.017 240.311 198.769 240.311
199.101 228.143 211.316 228.143 211.316 240.457 199.101 240.457
199.385 228.439 211.609 228.439 211.609 240.723 199.385 240.723
199.423 228.212 211.707 228.212 211.707 240.580 199.423 240.580
199.693 227.718 211.982 227.718 211.982 240.181 199.693 240.181
200.142 227.272 212.393 227.272 212.393 239.719 200.142 239.719
200.659 227.333 213.048 227.333 213.048 239.745 200.659 239.745
201.331 227.740 213.929 227.740 213.929 240.020 201.331 240.020
201.687 228.772 214.388 228.772 214.388 240.956 201.687 240.956
202.139 229.546 214.892 229.546 214.892 241.714 202.139 241.714
202.604 229.854 215.401 229.854 215.401 242.027 202.604 242.027
203.065 230.053 215.862 230.053 215.862 242.328 203.065 242.328
203.608 230.286 216.414 230.286 216.414 242.638 203.608 242.638
203.953 229.904 216.583 229.904 216.583 242.349 203.953 242.349
203.922 229.978 216.590 229.978 216.590 242.482 203.922 242.482
204.293 229.952 216.986 229.952 216.986 242.491 204.293 242.491
204.259 229.818 216.949 229.818 216.949 242.394 204.259 242.394
204.086 230.351 216.843 230.351 216.843 242.854 204.086 242.854
204.194 230.664 216.984 230.664 216.984 243.165 204.194 243.165
203.827 231.450 216.626 231.450 216.626 243.925 203.827 243.925
204.252 232.444 217.189 232.444 217.189 244.828 204.252 244.828
203.662 232.734 216.583 232.734 216.583 245.149 203.662 245.149
203.599 233.166 216.525 233.166 216.525 245.601 203.599 245.601
203.543 233.644 216.467 233.644 216.467 246.106 203.543 246.106
203.594 233.532 216.469 233.532 216.469 246.081 203.594 246.081
203.803 233.389 216.691 233.389 216.691 245.971 203.803 245.971
204.248 233.294 217.125 233.294 217.125 245.896 204.248 245.896
204.515 233.406 217.501 233.406 217.501 246.059 204.515 246.059
204.862 233.679 217.871 233.679 217.871 246.394 204.862 246.394
205.407 234.179 218.340 234.179 218.340 246.871 205.407 246.871
206.013 234.876 219.022 234.876 219.022 247.590 206.013 247.590
206.568 235.582 219.628 235.582 219.628 248.311 206.568 248.311
206.927 236.402 220.046 236.402 220.046 249.088 206.927 249.088
207.603 236.528 220.764 236.528 220.764 249.220 207.603 249.220
207.736 236.584 220.844 236.584 220.844 249.310 207.736 249.310
208.126 235.900 221.153 235.900 221.153 248.885 208.126 248.885
208.456 235.625 221.467 235.625 221.467 248.638 208.456 248.638
208.498 235.844 221.550 235.844 221.550 248.913 208.498 248.913
208.285 236.163 221.315 236.163 221.315 249.181 208.285 249.181
208.001 236.870 220.997 236.870 220.997 249.870 208.001 249.870
208.103 237.614 221.200 237.614 221.200 250.506 208.103 250.506
207.947 238.367 221.193 238.367 221.193 251.266 207.947 251.266
207.426 238.924 220.722 238.924 220.722 251.870 207.426 251.870
206.850 239.556 220.164 239.556 220.164 252.472 206.850 252.472
206.492 239.821 219.815 239.821 219.815 252.739 206.492 252.739
206.582 239.825 219.954 239.825 219.954 252.752 206.582 252.752
206.554 239.876 219.967 239.876 219.967 252.779 206.554 252.779
206.183 240.159 219.572 240.159 219.572 253.072 206.183 253.072
206.061 240.220 219.372 240.220 219.372 253.220 206.061 253.220
206.061 240.368 219.425 240.368 219.425 253.359 206.061 253.359
206.301 240.777 219.744 240.777 219.744 253.709 206.301 253.709
206.782 241.473 220.290 241.473 220.290 254.319 206.782 254.319
207.043 242.396 220.584 242.396 220.584 255.227 207.043 255.227
207.455 242.542 220.986 242.542 220.986 255.408 207.455 255.408
208.024 242.888 221.544 242.888 221.544 255.798 208.024 255.798
207.819 242.822 221.326 242.822 221.326 255.870 207.819 255.870
207.987 242.651 221.448 242.651 221.448 255.832 207.987 255.832
208.092 242.581 221.514 242.581 221.514 255.870 208.092 255.870
207.955 242.367 221.450 242.367 221.450 255.643 207.955 255.643
207.411 242.436 220.884 242.436 220.884 255.869 207.411 255.869
207.005 242.894 220.531 242.894 220.531 256.337 207.005 256.337
206.442 243.361 219.888 243.361 219.888 256.776 206.442 256.776
205.863 244.243 219.387 244.243 219.387 257.650 205.863 257.650
205.657 244.418 219.170 244.418 219.170 257.896 205.657 257.896
204.761 245.046 218.281 245.046 218.281 258.553 204.761 258.553
204.194 245.190 217.801 245.190 217.801 258.699 204.194 258.699
203.960 245.211 217.619 245.211 217.619 258.721 203.960 258.721
203.478 245.224 217.089 245.224 217.089 258.813 203.478 258.813
204.113 245.375 217.862 245.375 217.862 258.926 204.113 258.926
204.109 245.363 217.913 245.363 217.913 258.881 204.109 258.881
204.579 245.491 218.404 245.491 218.404 258.982 204.579 258.982
205.482 245.868 219.266 245.868 219.266 259.336 205.482 259.336
206.407 246.407 220.295 246.407 220.295 259.795 206.407 259.795
207.470 246.853 221.390 246.853 221.390 260.225 207.470 260.225
208.537 247.345 222.534 247.345 222.534 260.802 208.537 260.802
209.381 247.532 223.366 247.532 223.366 260.975 209.381 260.975
209.897 247.445 223.894 247.445 223.894 261.027 209.897 261.027
210.837 247.548 224.896 247.548 224.896 261.201 210.837 261.201
211.310 247.359 225.446 247.359 225.446 260.997 211.310 260.997
211.496 247.349 225.521 247.349 225.521 261.116 211.496 261.116
211.698 247.575 225.862 247.575 225.862 261.289 211.698 261.289
211.946 248.180 226.133 248.180 226.133 261.877 211.946 261.877
212.216 248.723 226.474 248.723 226.474 262.438 212.216 262.438
211.859 249.591 226.090 249.591 226.090 263.243 211.859 263.243
212.059 249.937 226.290 249.937 226.290 263.586 212.059 263.586
212.153 249.996 226.409 249.996 226.409 263.727 212.153 263.727
212.368 250.139 226.639 250.139 226.639 263.912 212.368 263.912
212.376 250.308 226.598 250.308 226.598 264.193 212.376 264.193
212.741 250.424 226.958 250.424 226.958 264.365 212.741 264.365
213.160 250.741 227.457 250.741 227.457 264.685 213.160 264.685
213.736 250.450 228.032 250.450 228.032 264.455 213.736 264.455
214.113 250.932 228.644 250.932 228.644 264.875 214.113 264.875
215.095 251.534 229.543 251.534 229.543 265.516 215.095 265.516
215.933 252.388 230.583 252.388 230.583 266.278 215.933 266.278
216.567 252.673 231.254 252.673 231.254 266.601 216.567 266.601
217.674 253.370 232.406 253.370 232.406 267.321 217.674 267.321
218.677 253.637 233.414 253.637 233.414 267.672 218.677 267.672
219.402 253.880 234.078 253.880 234.078 268.016 219.402 268.016
219.886 253.609 234.681 253.609 234.681 267.787 219.886 267.787
220.235 253.303 235.057 253.303 235.057 267.575 220.235 267.575
220.064 253.559 234.877 253.559 234.877 267.909 220.064 267.909
220.383 253.336 235.152 253.336 235.152 267.742 220.383 267.742
220.457 254.122 235.412 254.122 235.412 268.501 220.457 268.501
220.607 254.762 235.640 254.762 235.640 269.135 220.607 269.135
220.635 255.676 235.671 255.676 235.671 269.958 220.635 269.958
220.488 256.164 235.489 256.164 235.489 270.464 220.488 270.464
220.091 256.840 235.164 256.840 235.164 271.172 220.091 271.172
219.789 257.460 234.754 257.460 234.754 271.833 219.789 271.833
219.233 257.780 234.196 257.780 234.196 272.281 219.233 272.281
219.898 257.504 234.919 257.504 234.919 271.922 219.898 271.922
219.930 257.628 234.990 257.628 234.990 272.068 219.930 272.068
220.824 257.889 235.950 257.889 235.950 272.363 220.824 272.363
221.142 257.634 236.272 257.634 236.272 272.155 221.142 272.155
221.943 258.270 237.207 258.270 237.207 272.807 221.943 272.807
222.656 258.732 238.029 258.732 238.029 273.203 222.656 273.203
223.991 259.740 239.526 259.740 239.526 274.164 223.991 274.164
224.708 260.350 240.313 260.350 240.313 274.814 224.708 274.814
225.513 260.485 241.006 260.485 241.006 275.090 225.513 275.090
227.042 260.700 242.482 260.700 242.482 275.382 227.042 275.382
227.372 260.608 242.720 260.608 242.720 275.402 227.372 275.402
227.823 260.079 243.095 260.079 243.095 275.000 227.823 275.000
228.241 260.245 243.549 260.245 243.549 275.279 228.241 275.279
228.190 260.335 243.563 260.335 243.563 275.403 228.190 275.403
228.441 260.637 243.830 260.637 243.830 275.780 228.441 275.780
228.198 260.947 243.563 260.947 243.563 276.147 228.198 276.147
228.808 262.155 244.318 262.155 244.318 277.267 228.808 277.267
228.908 262.927 244.373 262.927 244.373 278.087 228.908 278.087
229.114 263.531 244.588 263.531 244.588 278.703 229.114 278.703
229.508 263.964 244.983 263.964 244.983 279.321 229.508 279.321
230.010 264.060 245.652 264.060 245.652 279.406 230.010 279.406
230.220 263.957 245.931 263.957 245.931 279.315 230.220 279.315
231.424 263.753 247.263 263.753 247.263 279.150 231.424 279.150
232.333 263.486 248.176 263.486 248.176 278.952 232.333 278.952
233.367 263.127 249.110 263.127 249.110 278.751 233.367 278.751
235.056 264.043 250.924 264.043 250.924 279.588 235.056 279.588
236.866 264.559 252.725 264.559 252.725 280.126 236.866 280.126
238.659 265.449 254.681 265.449 254.681 280.880 238.659 280.880
240.223 265.955 256.236 265.955 256.236 281.429 240.223 281.429
241.906 266.947 257.917 266.947 257.917 282.431 241.906 282.431
243.342 267.329 259.246 267.329 259.246 282.895 243.342 282.895
244.740 267.065 260.637 267.065 260.637 282.611 244.740 282.611
246.669 267.001 262.553 267.001 262.553 282.521 246.669 282.521
248.298 266.268 264.132 266.268 264.132 281.817 248.298 281.817
248.965 265.546 264.612 265.546 264.612 281.240 248.965 281.240
250.495 265.954 266.187 265.954 266.187 281.581 250.495 281.581
250.298 267.089 266.018 267.089 266.018 282.681 250.298 282.681
250.502 268.161 266.352 268.161 266.352 283.651 250.502 283.651
251.059 268.970 266.974 268.970 266.974 284.422 251.059 284.422
251.897 269.668 267.873 269.668 267.873 285.114 251.897 285.114
252.261 270.151 268.256 270.151 268.256 285.619 252.261 285.619
252.383 270.648 268.205 270.648 268.205 286.238 252.383 286.238
253.131 270.415 268.993 270.415 268.993 286.025 253.131 286.025
253.824 270.054 269.676 270.054 269.676 285.683 253.824 285.683
255.510 270.078 271.450 270.078 271.450 285.615 255.510 285.615
256.539 270.279 272.473 270.279 272.473 285.837 256.539 285.837
257.800 270.599 273.852 270.599 273.852 286.147 257.800 286.147
259.418 271.167 275.347 271.167 275.347 286.779 259.418 286.779
260.477 271.879 276.574 271.879 276.574 287.485 260.477 287.485
262.128 272.820 278.301 272.820 278.301 288.433 262.128 288.433
263.713 273.531 280.054 273.531 280.054 289.088 263.713 289.088
265.648 274.502 282.129 274.502 282.129 289.953 265.648 289.953
266.649 274.875 283.141 274.875 283.141 290.372 266.649 290.372
267.951 274.906 284.493 274.906 284.493 290.522 267.951 290.522
268.370 274.505 284.914 274.505 284.914 290.252 268.370 290.252
269.127 274.207 285.662 274.207 285.662 290.030 269.127 290.030
269.680 274.286 286.145 274.286 286.145 290.224 269.680 290.224
270.700 274.794 287.191 274.794 287.191 290.723 270.700 290.723
270.799 275.703 287.238 275.703 287.238 291.674 270.799 291.674
270.888 276.533 287.311 276.533 287.311 292.540 270.888 292.540
271.261 277.403 287.744 277.403 287.744 293.373 271.261 293.373
271.068 278.369 287.456 278.369 287.456 294.368 271.068 294.368
270.562 278.570 286.927 278.570 286.927 294.628 270.562 294.628
271.143 278.699 287.561 278.699 287.561 294.725 271.143 294.725
271.749 278.652 288.249 278.652 288.249 294.651 271.749 294.651
272.556 278.337 288.995 278.337 288.995 294.405 272.556 294.405
273.554 278.160 289.977 278.160 289.977 294.256 273.554 294.256
274.616 278.141 291.159 278.141 291.159 294.199 274.616 294.199
275.597 279.084 292.311 279.084 292.311 295.108 275.597 295.108
276.554 279.985 293.436 279.985 293.436 295.953 276.554 295.953
277.947 281.071 294.888 281.071 294.888 297.023 277.947 297.023
278.948 282.102 296.020 282.102 296.020 297.992 278.948 297.992
280.454 282.980 297.423 282.980 297.423 298.968 280.454 298.968
281.206 283.255 298.174 283.255 298.174 299.310 281.206 299.310
281.817 283.396 298.809 283.396 298.809 299.543 281.817 299.543
282.083 283.057 299.004 283.057 299.004 299.372 282.083 299.372
282.567 282.662 299.441 282.662 299.441 299.050 282.567 299.050
282.678 283.359 299.671 283.359 299.671 299.718 282.678 299.718
282.558 283.809 299.593 283.809 299.593 300.198 282.558 300.198
282.751 284.726 299.900 284.726 299.900 301.136 282.751 301.136
283.146 285.682 300.427 285.682 300.427 302.106 283.146 302.106
282.536 286.549 299.927 286.549 299.927 302.931 282.536 302.931
282.732 287.244 300.138 287.244 300.138 303.688 282.732 303.688
282.191 287.905 299.697 287.905 299.697 304.398 282.191 304.398
282.422 288.182 299.869 288.182 299.869 304.701 282.422 304.701
282.624 288.311 300.124 288.311 300.124 304.906 282.624 304.906
283.130 288.195 300.653 288.195 300.653 304.848 283.130 304.848
284.234 288.003 301.769 288.003 301.769 304.725 284.234 304.725
284.770 288.154 302.345 288.154 302.345 304.868 284.770 304.868
285.948 289.220 303.581 289.220 303.581 305.947 285.948 305.947
286.505 290.543 304.228 290.543 304.228 307.262 286.505 307.262
288.008 291.220 305.826 291.220 305.826 307.920 288.008 307.920
288.902 292.969 306.803 292.969 306.803 309.602 288.902 309.602
289.955 294.292 308.160 294.292 308.160 310.736 289.955 310.736
291.998 294.820 310.126 294.820 310.126 311.214 291.998 311.214
293.032 295.569 311.294 295.569 311.294 311.930 293.032 311.930
294.363 296.786 312.638 296.786 312.638 313.084 294.363 313.084
295.601 297.877 313.982 297.877 313.982 314.093 295.601 314.093
297.316 300.544 315.835 300.544 315.835 316.623 297.316 316.623
298.723 301.607 317.160 301.607 317.160 317.540 298.723 317.540
302.080 303.080 320.507 303.080 320.507 318.938 302.080 318.938
303.605 303.739 322.028 303.739 322.028 319.685 303.605 319.685
305.106 304.146 323.443 304.146 323.443 320.105 305.106 320.105
305.685 303.586 323.731 303.586 323.731 319.821 305.685 319.821
306.460 303.217 324.515 303.217 324.515 319.423 306.460 319.423
306.477 303.069 324.417 303.069 324.417 319.271 306.477 319.271
306.671 303.268 324.554 303.268 324.554 319.467 306.671 319.467
307.482 304.475 325.351 304.475 325.351 320.668 307.482 320.668
307.252 306.212 325.031 306.212 325.031 322.496 307.252 322.496
307.761 307.386 325.382 307.386 325.382 323.813 307.761 323.813
307.719 308.523 325.404 308.523 325.404 324.871 307.719 324.871
307.712 309.092 325.468 309.092 325.468 325.320 307.712 325.320
307.651 310.037 325.444 310.037 325.444 326.073 307.651 326.073
307.716 310.108 325.528 310.108 325.528 326.061 307.716 326.061
307.799 310.070 325.613 310.070 325.613 325.945 307.799 325.945
308.871 309.832 326.624 309.832 326.624 325.810 308.871 325.810
309.929 309.734 327.685 309.734 327.685 325.730 309.929 325.730
311.722 310.222 329.472 310.222 329.472 326.225 311.722 326.225
312.370 311.889 330.191 311.889 330.191 327.827 312.370 327.827
314.223 312.779 332.028 312.779 332.028 328.730 314.223 328.730
315.818 313.634 333.624 313.634 333.624 329.626 315.818 329.626
317.621 315.016 335.310 315.016 335.310 331.073 317.621 331.073
319.478 316.143 337.104 316.143 337.104 332.214 319.478 332.214
320.684 316.848 338.345 316.848 338.345 332.888 320.684 332.888
322.090 316.434 339.610 316.434 339.610 332.666 322.090 332.666
322.614 315.667 340.044 315.667 340.044 332.010 322.614 332.010
323.150 315.406 340.421 315.406 340.421 331.849 323.150 331.849
323.162 315.558 340.360 315.558 340.360 332.104 323.162 332.104
322.992 316.288 340.190 316.288 340.190 332.840 322.992 332.840
322.818 317.538 340.157 317.538 340.157 333.976 322.818 333.976
323.040 319.008 340.476 319.008 340.476 335.391 323.040 335.391
322.744 321.046 340.459 321.046 340.459 337.249 322.744 337.249
323.007 322.272 340.718 322.272 340.718 338.457 323.007 338.457
322.767 323.506 340.575 323.506 340.575 339.725 322.767 339.725
323.160 323.873 340.960 323.873 340.960 340.227 323.160 340.227
323.758 323.577 341.458 323.577 341.458 340.026 323.758 340.026
324.821 323.315 342.521 323.315 342.521 339.899 324.821 339.899
325.573 322.714 343.242 322.714 343.242 339.428 325.573 339.428
327.031 323.128 344.994 323.128 344.994 339.732 327.031 339.732
327.732 323.864 345.692 323.864 345.692 340.506 327.732 340.506
328.447 324.972 346.507 324.972 346.507 341.610 328.447 341.610
330.144 326.339 348.215 326.339 348.215 342.983 330.144 342.983
331.346 327.895 349.530 327.895 349.530 344.469 331.346 344.469
332.773 329.953 351.025 329.953 351.025 346.445 332.773 346.445
333.836 330.831 352.091 330.831 352.091 347.389 333.836 347.389
334.901 330.767 353.075 330.767 353.075 347.416 334.901 347.416
335.853 330.392 353.825 330.392 353.825 347.346 335.853 347.346
336.181 329.791 353.961 329.791 353.961 347.032 336.181 347.032
336.663 329.463 354.355 329.463 354.355 346.908 336.663 346.908
337.280 330.295 355.133 330.295 355.133 347.647 337.280 347.647
337.198 331.615 355.238 331.615 355.238 348.941 337.198 348.941
337.664 333.007 355.780 333.007 355.780 350.219 337.664 350.219
337.989 334.885 356.340 334.885 356.340 351.854 337.989 351.854
337.706 336.452 356.155 336.452 356.155 353.325 337.706 353.325
337.540 337.075 356.176 337.075 356.176 353.957 337.540 353.957
337.896 337.357 356.359 337.357 356.359 354.339 337.896 354.339
338.968 337.630 357.495 337.630 357.495 354.700 338.968 354.700
339.681 337.860 358.111 337.860 358.111 355.043 339.681 355.043
340.965 337.301 359.377 337.301 359.377 354.544 340.965 354.544
341.870 336.942 360.339 336.942 360.339 354.241 341.870 354.241
342.510 337.404 361.114 337.404 361.114 354.700 342.510 354.700
343.405 338.448 362.109 338.448 362.109 355.596 343.405 355.596
344.049 339.398 362.923 339.398 362.923 356.399 344.049 356.399
346.395 340.597 365.169 340.597 365.169 357.605 346.395 357.605
348.895 342.944 367.444 342.944 367.444 360.124 348.895 360.124
351.221 342.884 369.660 342.884 369.660 360.346 351.221 360.346
353.705 344.722 371.963 344.722 371.963 362.490 353.705 362.490
354.148 344.014 372.330 344.014 372.330 361.936 354.148 361.936
354.569 343.800 372.781 343.800 372.781 361.701 354.569 361.701
357.181 345.668 375.453 345.668 375.453 363.645 357.181 363.645
359.589 345.051 377.980 345.051 377.980 363.023 359.589 363.023
360.463 345.301 378.900 345.301 378.900 363.370 360.463 363.370
361.135 346.956 379.722 346.956 379.722 364.877 361.135 364.877
362.519 347.914 381.231 347.914 381.231 365.801 362.519 365.801
362.942 350.170 381.775 350.170 381.775 367.908 362.942 367.908
363.927 351.761 382.980 351.761 382.980 369.346 363.927 369.346
364.293 352.900 383.493 352.900 383.493 370.544 364.293 370.544
364.894 353.572 384.251 353.572 384.251 371.251 364.894 371.251
366.704 353.301 385.894 353.301 385.894 371.230 366.704 371.230
367.348 352.663 386.365 352.663 386.365 370.850 367.348 370.850
369.189 352.936 388.247 352.936 388.247 371.115 369.189 371.115
371.141 353.183 390.397 353.183 390.397 371.351 371.141 371.351
373.181 354.121 392.372 354.121 392.372 372.371 373.181 372.371
374.529 355.540 393.801 355.540 393.801 373.757 374.529 373.757
377.106 357.158 396.455 357.158 396.455 375.282 377.106 375.282
378.875 358.905 398.481 358.905 398.481 376.851 378.875 376.851
381.629 360.222 401.115 360.222 401.115 378.276 381.629 378.276
384.421 361.156 403.832 361.156 403.832 379.209 384.421 379.209
386.178 361.986 405.660 361.986 405.660 380.079 386.178 380.079
387.382 361.708 406.771 361.708 406.771 379.969 387.382 379.969
388.742 361.600 408.024 361.600 408.024 379.993 388.742 379.993
389.756 361.823 408.988 361.823 408.988 380.264 389.756 380.264
390.845 363.321 410.042 363.321 410.042 381.700 390.845 381.700
391.490 365.549 410.797 365.549 410.797 383.857 391.490 383.857
392.268 367.732 411.632 367.732 411.632 385.925 392.268 385.925
392.476 368.786 411.794 368.786 411.794 387.024 392.476 387.024
393.091 370.452 412.460 370.452 412.460 388.574 393.091 388.574
393.598 370.948 412.941 370.948 412.941 389.145 393.598 389.145
395.096 371.701 414.398 371.701 414.398 389.880 395.096 389.880
395.708 371.841 415.115 371.841 415.115 390.014 395.708 390.014
398.350 371.601 417.742 371.601 417.742 389.835 398.350 389.835
399.831 371.260 419.300 371.260 419.300 389.525 399.831 389.525
401.758 372.284 421.404 372.284 421.404 390.459 401.758 390.459
403.913 373.278 423.753 373.278 423.753 391.319 403.913 391.319
406.003 374.936 425.944 374.936 425.944 392.849 406.003 392.849
407.411 376.826 427.421 376.826 427.421 394.600 407.411 394.600
410.378 379.205 430.362 379.205 430.362 396.976 410.378 396.976
411.819 380.126 431.743 380.126 431.743 397.882 411.819 397.882
414.414 381.050 434.285 381.050 434.285 398.835 414.414 398.835
416.063 381.705 435.929 381.705 435.929 399.509 416.063 399.509
418.067 382.030 438.142 382.030 438.142 399.878 418.067 399.878
418.927 381.721 438.829 381.721 438.829 399.739 418.927 399.739
420.746 382.413 440.670 382.413 440.670 400.505 420.746 400.505
421.768 383.241 441.551 383.241 441.551 401.479 421.768 401.479
422.686 384.949 442.486 384.949 442.486 403.193 422.686 403.193
423.184 386.900 443.279 386.900 443.279 405.050 423.184 405.050
424.519 389.178 444.738 389.178 444.738 407.254 424.519 407.254
425.621 391.121 446.017 391.121 446.017 409.153 425.621 409.153
426.394 392.223 446.846 392.223 446.846 410.326 426.394 410.326
427.589 392.921 448.077 392.921 448.077 411.047 427.589 411.047
429.286 392.923 449.848 392.923 449.848 411.164 429.286 411.164
431.592 392.532 452.069 392.532 452.069 410.958 431.592 410.958
433.679 392.960 454.242 392.960 454.242 411.483 433.679 411.483
435.589 393.433 456.317 393.433 456.317 411.895 435.589 411.895
437.401 394.568 458.087 394.568 458.087 412.962 437.401 412.962
439.641 398.251 460.388 398.251 460.388 416.594 439.641 416.594
441.637 399.286 462.399 399.286 462.399 417.636 441.637 417.636
445.544 401.082 466.345 401.082 466.345 419.309 445.544 419.309
447.129 401.894 468.078 401.894 468.078 420.008 447.129 420.008
449.795 403.247 470.742 403.247 470.742 421.432 449.795 421.432
451.095 403.236 471.891 403.236 471.891 421.629 451.095 421.629
453.107 403.275 473.731 403.275 473.731 421.911 453.107 421.911
454.489 403.523 475.024 403.523 475.024 422.286 454.489 422.286
455.603 403.881 476.120 403.881 476.120 422.709 455.603 422.709
457.495 405.724 478.164 405.724 478.164 424.354 457.495 424.354
458.161 407.492 478.769 407.492 478.769 426.077 458.161 426.077
459.872 411.577 480.542 411.577 480.542 430.053 459.872 430.053
461.299 412.987 481.953 412.987 481.953 431.466 461.299 431.466
462.642 414.250 483.364 414.250 483.364 432.725 462.642 432.725
463.267 414.850 483.999 414.850 483.999 433.324 463.267 433.324
464.579 415.311 485.419 415.311 485.419 433.785 464.579 433.785
466.589 415.171 487.230 415.171 487.230 433.726 466.589 433.726
468.484 414.893 489.194 414.893 489.194 433.362 468.484 433.362
471.194 415.426 491.931 415.426 491.931 433.818 471.194 433.818
473.823 416.067 494.378 416.067 494.378 434.547 473.823 434.547
475.723 417.399 496.302 417.399 496.302 435.704 475.723 435.704
479.064 419.212 499.948 419.212 499.948 437.195 479.064 437.195
482.699 422.647 503.559 422.647 503.559 440.642 482.699 440.642
487.081 424.434 508.115 424.434 508.115 442.190 487.081 442.190
491.188 426.026 512.345 426.026 512.345 443.731 491.188 443.731
495.290 427.978 516.511 427.978 516.511 445.619 495.290 445.619
499.402 428.441 520.733 428.441 520.733 446.178 499.402 446.178
500.844 428.232 522.094 428.232 522.094 446.210 500.844 446.210
503.090 428.383 524.401 428.383 524.401 446.510 503.090 446.510
505.133 429.736 526.509 429.736 526.509 447.814 505.133 447.814
506.994 430.205 528.298 430.205 528.298 448.303 506.994 448.303
509.752 432.089 531.005 432.089 531.005 450.146 509.752 450.146
512.742 434.073 533.940 434.073 533.940 452.107 512.742 452.107
513.424 436.132 534.548 436.132 534.548 454.127 513.424 454.127
514.826 437.127 535.926 437.127 535.926 455.124 514.826 455.124
517.203 438.943 538.140 438.943 538.140 457.061 517.203 457.061
519.793 439.113 540.824 439.113 540.824 457.133 519.793 457.133
523.685 439.480 544.668 439.480 544.668 457.516 523.685 457.516
526.792 439.638 547.665 439.638 547.665 457.658 526.792 457.658
528.570 440.106 549.552 440.106 549.552 457.936 528.570 457.936
534.019 441.172 555.002 441.172 555.002 458.853 534.019 458.853
536.653 442.345 557.874 442.345 557.874 459.711 536.653 459.711
540.546 444.817 561.689 444.817 561.689 462.062 540.546 462.062
545.485 445.303 566.522 445.303 566.522 462.408 545.485 462.408
545.751 443.057 566.703 443.057 566.703 460.174 545.751 460.174
546.069 442.871 567.010 442.871 567.010 459.992 546.069 459.992
546.057 442.218 566.990 442.218 566.990 459.342 546.057 459.342
546.364 441.499 567.281 441.499 567.281 458.630 546.364 458.630
546.430 440.769 567.338 440.769 567.338 457.905 546.430 457.905
