229.000 310.000 269.000 310.000 269.000 383.000 229.000 383.000
232.971 308.910 271.981 308.910 271.981 382.683 232.971 382.683
242.580 308.209 281.114 308.209 281.114 381.727 242.580 381.727
258.114 307.086 295.987 307.086 295.987 380.892 258.114 380.892
267.215 306.370 304.533 306.370 304.533 380.508 267.215 380.508
274.761 304.755 311.827 304.755 311.827 379.079 274.761 379.079
283.487 303.859 320.462 303.859 320.462 377.822 283.487 377.822
292.428 302.328 328.998 302.328 328.998 376.504 292.428 376.504
299.949 302.525 336.255 302.525 336.255 376.690 299.949 376.690
307.461 301.852 343.626 301.852 343.626 375.898 307.461 375.898
316.440 299.647 352.233 299.647 352.233 373.988 316.440 373.988
329.629 297.524 365.312 297.524 365.312 371.882 329.629 371.882
336.861 294.057 372.208 294.057 372.208 368.868 336.861 368.868
343.417 292.020 378.853 292.020 378.853 366.541 343.417 366.541
356.587 290.880 392.089 290.880 392.089 365.328 356.587 365.328
362.252 290.583 397.825 290.583 397.825 364.901 362.252 364.901
368.918 289.765 404.452 289.765 404.452 363.982 368.918 363.982
374.813 286.805 410.214 286.805 410.214 361.200 374.813 361.200
380.490 285.501 415.977 285.501 415.977 359.704 380.490 359.704
386.113 285.462 421.679 285.462 421.679 359.768 386.113 359.768
390.943 284.927 426.590 284.927 426.590 359.412 390.943 359.412
396.813 283.672 432.300 283.672 432.300 358.453 396.813 358.453
402.782 283.323 438.092 283.323 438.092 358.488 402.782 358.488
408.936 283.491 444.227 283.491 444.227 358.391 408.936 358.391
409.710 281.873 444.711 281.873 444.711 357.194 409.710 357.194
415.720 280.206 450.559 280.206 450.559 355.589 415.720 355.589
415.412 275.058 450.400 275.058 450.400 349.759 415.412 349.759
422.124 274.992 456.962 274.992 456.962 349.792 422.124 349.792
422.079 275.350 456.899 275.350 456.899 349.788 422.079 349.788
428.492 273.805 463.231 273.805 463.231 347.912 428.492 347.912
433.753 271.166 468.291 271.166 468.291 345.412 433.753 345.412
431.867 270.425 465.887 270.425 465.887 345.303 431.867 345.303
410.949 275.853 445.175 275.853 445.175 350.220 410.949 350.220
369.464 262.218 403.469 262.218 403.469 336.952 369.464 336.952
356.380 273.421 389.836 273.421 389.836 348.588 356.380 348.588
343.357 283.275 375.878 283.275 375.878 359.727 343.357 359.727
307.310 256.415 340.414 256.415 340.414 332.677 307.310 332.677
306.046 257.569 339.581 257.569 339.581 333.277 306.046 333.277
304.553 258.159 338.030 258.159 338.030 334.087 304.553 334.087
304.452 254.501 337.943 254.501 337.943 330.224 304.452 330.224
304.395 255.670 337.657 255.670 337.657 331.583 304.395 331.583
304.064 258.759 337.441 258.759 337.441 334.392 304.064 334.392
303.975 257.674 337.228 257.674 337.228 333.011 303.975 333.011
304.516 256.988 337.236 256.988 337.236 332.493 304.516 332.493
304.411 256.591 336.922 256.591 336.922 331.553 304.411 331.553
304.807 253.457 337.225 253.457 337.225 328.026 304.807 328.026
305.151 254.627 337.574 254.627 337.574 328.876 305.151 328.876
305.185 255.439 337.579 255.439 337.579 329.298 305.185 329.298
305.828 251.309 338.239 251.309 338.239 324.734 305.828 324.734
306.072 251.035 338.134 251.035 338.134 324.410 306.072 324.410
306.203 250.825 338.315 250.825 338.315 323.727 306.203 323.727
306.177 250.848 338.264 250.848 338.264 323.181 306.177 323.181
305.887 249.243 337.909 249.243 337.909 321.150 305.887 321.150
311.177 246.509 343.254 246.509 343.254 318.530 311.177 318.530
310.416 244.679 342.388 244.679 342.388 316.619 310.416 316.619
309.615 243.004 341.368 243.004 341.368 314.697 309.615 314.697
308.778 241.679 340.539 241.679 340.539 312.981 308.778 312.981
308.394 242.203 340.008 242.203 340.008 313.722 308.394 313.722
307.965 241.435 339.372 241.435 339.372 313.084 307.965 313.084
306.803 240.332 338.129 240.332 338.129 311.812 306.803 311.812
306.678 236.813 337.997 236.813 337.997 307.931 306.678 307.931
306.551 236.226 337.409 236.226 337.409 307.560 306.551 307.560
306.070 235.356 336.846 235.356 336.846 306.679 306.070 306.679
305.387 235.265 336.239 235.265 336.239 306.481 305.387 306.481
304.973 233.895 335.597 233.895 335.597 305.311 304.973 305.311
304.400 232.750 335.007 232.750 335.007 304.110 304.400 304.110
303.589 231.478 334.426 231.478 334.426 302.463 303.589 302.463
302.360 231.876 333.463 231.876 333.463 302.429 302.360 302.429
301.426 229.826 332.414 229.826 332.414 300.467 301.426 300.467
300.529 229.852 331.430 229.852 331.430 300.255 300.529 300.255
299.872 229.265 330.935 229.265 330.935 299.111 299.872 299.111
299.263 228.815 330.538 228.815 330.538 298.058 299.263 298.058
298.965 227.864 330.405 227.864 330.405 296.599 298.965 296.599
298.363 227.495 329.725 227.495 329.725 296.132 298.363 296.132
297.837 226.446 329.399 226.446 329.399 294.700 297.837 294.700
297.529 225.981 329.282 225.981 329.282 293.796 297.529 293.796
297.218 226.398 329.091 226.398 329.091 293.989 297.218 293.989
297.244 226.123 329.258 226.123 329.258 293.424 297.244 293.424
297.383 226.348 329.318 226.348 329.318 293.573 297.383 293.573
298.139 221.501 330.107 221.501 330.107 288.312 298.139 288.312
303.376 222.192 335.144 222.192 335.144 289.307 303.376 289.307
303.686 218.081 335.085 218.081 335.085 285.708 303.686 285.708
303.668 219.420 334.746 219.420 334.746 287.467 303.668 287.467
303.982 215.997 334.918 215.997 334.918 283.868 303.982 283.868
304.456 216.960 335.190 216.960 335.190 284.945 304.456 284.945
310.920 210.768 341.242 210.768 341.242 279.275 310.920 279.275
316.771 206.172 346.835 206.172 346.835 274.759 316.771 274.759
316.519 206.514 346.443 206.514 346.443 275.221 316.519 275.221
316.233 206.087 345.983 206.087 345.983 274.581 316.233 274.581
321.711 204.270 351.248 204.270 351.248 272.935 321.711 272.935
320.604 205.441 349.926 205.441 349.926 274.223 320.604 274.223
320.107 204.497 349.375 204.497 349.375 273.006 320.107 273.006
325.162 203.274 354.594 203.274 354.594 271.333 325.162 271.333
330.027 202.192 359.680 202.192 359.680 269.816 330.027 269.816
329.223 201.432 358.838 201.432 358.838 269.186 329.223 269.186
334.514 200.730 364.183 200.730 364.183 268.276 334.514 268.276
333.164 199.884 362.753 199.884 362.753 267.647 333.164 267.647
338.071 195.700 367.657 195.700 367.657 263.224 338.071 263.224
337.294 195.559 366.954 195.559 366.954 262.825 337.294 262.825
335.685 194.712 365.250 194.712 365.250 262.176 335.685 262.176
340.280 193.947 369.756 193.947 369.756 261.492 340.280 261.492
339.760 187.959 369.219 187.959 369.219 255.608 339.760 255.608
338.646 191.689 368.132 191.689 368.132 259.360 338.646 259.360
355.913 190.610 385.447 190.610 385.447 258.145 355.913 258.145
355.015 194.457 384.460 194.457 384.460 262.025 355.015 262.025
353.732 187.474 383.158 187.474 383.158 254.961 353.732 254.961
358.553 176.632 388.070 176.632 388.070 244.031 358.553 244.031
357.470 177.142 387.010 177.142 387.010 244.518 357.470 244.518
374.606 193.691 403.685 193.691 403.685 261.785 374.606 261.785
374.844 196.786 403.887 196.786 403.887 265.016 374.844 265.016
374.929 194.104 403.944 194.104 403.944 262.442 374.929 262.442
380.462 192.965 409.216 192.965 409.216 261.666 380.462 261.666
380.128 190.455 408.580 190.455 408.580 259.487 380.128 259.487
380.240 188.675 408.473 188.675 408.473 258.042 380.240 258.042
379.466 186.721 407.573 186.721 407.573 256.102 379.466 256.102
378.785 183.348 406.660 183.348 406.660 252.786 378.785 252.786
378.018 180.247 405.797 180.247 405.797 249.731 378.018 249.731
371.298 176.450 398.972 176.450 398.972 246.027 371.298 246.027
370.980 172.707 398.532 172.707 398.532 242.765 370.980 242.765
371.229 172.770 398.741 172.770 398.741 243.367 371.229 243.367
371.326 172.654 398.776 172.654 398.776 243.629 371.326 243.629
371.214 172.929 398.647 172.929 398.647 244.217 371.214 244.217
371.645 175.396 398.858 175.396 398.858 247.149 371.645 247.149
372.061 176.405 399.062 176.405 399.062 248.690 372.061 248.690
372.121 174.365 399.314 174.365 399.314 246.715 372.121 246.715
372.136 176.562 399.114 176.562 399.114 249.769 372.136 249.769
371.320 174.584 398.501 174.584 398.501 247.951 371.320 247.951
371.290 178.211 398.529 178.211 398.529 252.018 371.290 252.018
370.316 171.166 397.714 171.166 397.714 244.855 370.316 244.855
369.300 169.879 396.813 169.879 396.813 243.523 369.300 243.523
368.317 169.812 396.000 169.812 396.000 243.285 368.317 243.285
367.942 174.333 395.560 174.333 395.560 247.992 367.942 247.992
367.629 173.777 395.156 173.777 395.156 247.523 367.629 247.523
367.466 178.117 394.953 178.117 394.953 251.944 367.466 251.944
373.260 180.605 400.610 180.605 400.610 254.721 373.260 254.721
372.522 181.848 399.752 181.848 399.752 256.216 372.522 256.216
365.454 174.389 392.892 174.389 392.892 248.423 365.454 248.423
359.423 175.981 387.023 175.981 387.023 249.718 359.423 249.718
365.774 180.422 393.365 180.422 393.365 254.153 365.774 254.153
366.316 175.222 394.029 175.222 394.029 248.843 366.316 248.843
366.999 171.057 394.804 171.057 394.804 244.635 366.999 244.635
367.507 172.152 395.455 172.152 395.455 245.585 367.507 245.585
367.581 173.930 395.586 173.930 395.586 247.331 367.581 247.331
367.621 175.028 395.684 175.028 395.684 248.298 367.621 248.298
367.730 176.356 396.258 176.356 396.258 248.957 367.730 248.957
368.234 177.746 397.146 177.746 397.146 249.819 368.234 249.819
368.680 178.814 397.843 178.814 397.843 250.425 368.680 250.425
368.884 178.597 398.383 178.597 398.383 249.600 368.884 249.600
369.804 179.548 399.587 179.548 399.587 249.999 369.804 249.999
375.767 179.239 405.696 179.239 405.696 249.344 375.767 249.344
375.464 178.819 405.552 178.819 405.552 248.549 375.464 248.549
376.081 178.930 406.289 178.930 406.289 248.372 376.081 248.372
376.062 180.090 406.492 180.090 406.492 249.084 376.062 249.084
381.594 191.187 411.210 191.187 411.210 261.475 381.594 261.475
381.415 191.545 410.644 191.545 410.644 262.419 381.415 262.419
381.434 191.049 410.669 191.049 410.669 261.910 381.434 261.910
342.984 193.130 371.778 193.130 371.778 264.487 342.984 264.487
341.859 190.705 370.231 190.705 370.231 262.595 341.859 262.595
341.242 189.061 369.270 189.061 369.270 261.280 341.242 261.280
339.884 188.041 367.634 188.041 367.634 260.528 339.884 260.528
339.345 190.098 366.772 190.098 366.772 262.873 339.345 262.873
338.424 187.377 365.793 187.377 365.793 260.163 338.424 260.163
337.641 187.456 364.990 187.456 364.990 260.128 337.641 260.128
294.319 184.868 322.136 184.868 322.136 256.207 294.319 256.207
294.060 185.134 322.168 185.134 322.168 255.453 294.060 255.453
293.584 185.166 321.927 185.166 321.927 254.325 293.584 254.325
293.839 190.770 322.183 190.770 322.183 258.882 293.839 258.882
293.918 191.854 322.446 191.854 322.446 258.706 293.918 258.706
294.021 192.429 322.598 192.429 322.598 257.949 294.021 257.949
293.901 191.065 322.283 191.065 322.283 255.818 293.901 255.818
294.081 192.442 322.053 192.442 322.053 256.842 294.081 256.842
294.295 191.934 321.839 191.934 321.839 256.106 294.295 256.106
294.514 193.592 321.814 193.592 321.814 257.268 294.514 257.268
294.722 194.294 321.799 194.294 321.799 257.246 294.722 257.246
287.975 194.661 315.121 194.661 315.121 256.892 287.975 256.892
293.913 195.095 321.016 195.095 321.016 256.768 293.913 256.768
287.775 182.639 314.987 182.639 314.987 243.943 287.775 243.943
287.038 179.996 314.250 179.996 314.250 241.299 287.038 241.299
309.046 225.874 336.331 225.874 336.331 286.808 309.046 286.808
309.235 226.688 336.492 226.688 336.492 287.538 309.235 287.538
314.195 229.174 341.502 229.174 341.502 289.968 314.195 289.968
314.145 227.914 341.330 227.914 341.330 288.671 314.145 288.671
314.556 228.247 341.677 228.247 341.677 289.010 314.556 289.010
320.233 226.125 347.299 226.125 347.299 286.931 320.233 286.931
320.583 225.487 347.600 225.487 347.600 286.351 320.583 286.351
321.230 224.359 348.243 224.359 348.243 285.233 321.230 285.233
326.807 226.019 353.740 226.019 353.740 287.053 326.807 287.053
331.578 225.289 358.372 225.289 358.372 286.545 331.578 286.545
330.792 227.360 357.350 227.360 357.350 289.000 330.792 289.000
335.481 222.687 361.905 222.687 361.905 284.493 335.481 284.493
335.329 224.363 361.656 224.363 361.656 286.295 335.329 286.295
340.461 220.130 366.700 220.130 366.700 282.226 340.461 282.226
335.034 220.753 361.294 220.753 361.294 282.788 335.034 282.788
334.904 221.006 361.167 221.006 361.167 283.035 334.904 283.035
356.586 221.469 383.069 221.469 383.069 283.030 356.586 283.030
351.290 221.640 377.994 221.640 377.994 282.796 351.290 282.796
355.807 221.788 382.656 221.788 382.656 282.485 355.807 282.485
350.627 219.890 377.741 219.890 377.741 279.846 350.627 279.846
356.113 218.318 383.272 218.318 383.272 278.034 356.113 278.034
351.530 220.162 378.608 220.162 378.608 279.504 351.530 279.504
357.228 217.965 384.303 217.965 384.303 277.074 357.228 277.074
357.678 219.807 384.647 219.807 384.647 278.895 357.678 278.895
357.976 217.501 384.953 217.501 384.953 276.424 357.976 276.424
358.535 216.016 385.496 216.016 385.496 274.754 358.535 274.754
358.455 218.755 385.406 218.755 385.406 277.346 358.455 277.346
358.644 220.053 385.605 220.053 385.605 278.422 358.644 278.422
363.134 216.080 390.170 216.080 390.170 274.196 363.134 274.196
362.989 216.900 389.996 216.900 389.996 274.720 362.989 274.720
362.639 218.099 389.678 218.099 389.678 275.562 362.639 275.562
362.578 218.476 389.573 218.476 389.573 275.603 362.578 275.603
362.654 218.900 389.562 218.900 389.562 275.809 362.654 275.809
362.551 219.439 389.367 219.439 389.367 276.216 362.551 276.216
362.603 218.770 389.367 218.770 389.367 275.319 362.603 275.319
362.550 218.321 389.316 218.321 389.316 274.670 362.550 274.670
367.425 216.999 394.168 216.999 394.168 273.212 367.425 273.212
366.666 216.730 393.364 216.730 393.364 272.841 366.666 272.841
366.461 216.534 393.068 216.534 393.068 272.530 366.461 272.530
365.996 216.249 392.582 216.249 392.582 272.092 365.996 272.092
365.734 215.628 392.321 215.628 392.321 271.319 365.734 271.319
365.509 214.948 392.063 214.948 392.063 270.530 365.509 270.530
360.087 215.567 386.577 215.567 386.577 271.031 360.087 271.031
354.212 213.137 380.679 213.137 380.679 268.454 354.212 268.454
358.881 211.953 385.323 211.953 385.323 267.139 358.881 267.139
358.602 213.103 384.921 213.103 384.921 267.861 358.602 267.861
358.557 212.971 384.629 212.971 384.629 267.681 358.557 267.681
358.837 214.271 384.818 214.271 384.818 268.482 358.837 268.482
358.102 212.115 384.063 212.115 384.063 265.759 358.102 265.759
358.145 209.825 384.092 209.825 384.092 262.935 358.145 262.935
362.616 212.696 388.731 212.696 388.731 264.924 362.616 264.924
361.956 210.667 387.996 210.667 387.996 262.406 361.956 262.406
357.323 208.566 383.125 208.566 383.125 260.055 357.323 260.055
357.628 211.123 383.220 211.123 383.220 262.476 357.628 262.476
357.595 209.075 383.046 209.075 383.046 260.292 357.595 260.292
357.350 209.932 382.755 209.932 382.755 260.883 357.350 260.883
357.271 208.846 382.603 208.846 382.603 259.502 357.271 259.502
352.592 208.616 378.096 208.616 378.096 258.856 352.592 258.856
352.289 210.532 377.879 210.532 377.879 260.327 352.289 260.327
351.885 208.474 377.578 208.474 377.578 258.065 351.885 258.065
351.337 207.659 377.014 207.659 377.014 257.133 351.337 257.133
351.110 207.228 376.618 207.228 376.618 256.942 351.110 256.942
350.519 209.332 375.783 209.332 375.783 259.196 350.519 259.196
349.898 206.354 375.280 206.354 375.280 256.014 349.898 256.014
349.196 207.712 374.467 207.712 374.467 257.534 349.196 257.534
349.027 204.919 374.134 204.919 374.134 254.921 349.027 254.921
348.772 206.534 373.901 206.534 373.901 256.658 348.772 256.658
348.244 207.694 373.392 207.694 373.392 257.877 348.244 257.877
348.024 204.931 372.967 204.931 372.967 255.227 348.024 255.227
348.179 205.993 373.046 205.993 373.046 256.326 348.179 256.326
348.140 207.243 372.397 207.243 372.397 258.367 348.140 258.367
348.255 203.709 372.592 203.709 372.592 254.645 348.255 254.645
348.337 205.048 372.326 205.048 372.326 256.415 348.337 256.415
348.495 202.512 372.227 202.512 372.227 254.210 348.495 254.210
348.766 205.040 372.592 205.040 372.592 256.627 348.766 256.627
349.140 210.723 372.624 210.723 372.624 262.966 349.140 262.966
349.621 212.351 372.890 212.351 372.890 264.976 349.621 264.976
353.799 195.052 377.377 195.052 377.377 247.244 353.799 247.244
352.948 196.925 376.687 196.925 376.687 248.843 352.948 248.843
352.470 197.857 376.263 197.857 376.263 249.682 352.470 249.682
352.102 198.890 375.763 198.890 375.763 250.918 352.102 250.918
355.782 195.396 379.638 195.396 379.638 247.095 355.782 247.095
354.972 196.658 378.976 196.658 378.976 248.133 354.972 248.133
354.322 193.174 378.438 193.174 378.438 244.528 354.322 244.528
353.834 197.459 377.889 197.459 377.889 248.910 353.834 248.910
353.353 197.474 377.351 197.474 377.351 249.017 353.353 249.017
357.205 197.034 381.253 197.034 381.253 248.522 357.205 248.522
356.357 196.569 380.382 196.569 380.382 248.113 356.357 248.113
342.491 173.194 366.468 173.194 366.468 224.703 342.491 224.703
342.996 173.682 366.855 173.682 366.855 224.925 342.996 224.925
347.196 169.137 371.158 169.137 371.158 220.050 347.196 220.050
347.349 168.548 371.412 168.548 371.412 219.184 347.349 219.184
348.026 172.067 372.116 172.067 372.116 222.581 348.026 222.581
349.217 170.533 373.357 170.533 373.357 220.824 349.217 220.824
354.074 168.981 378.271 168.981 378.271 219.194 354.074 219.194
353.539 188.736 378.136 188.736 378.136 238.384 353.539 238.384
353.290 185.128 378.334 185.128 378.334 234.328 353.290 234.328
353.187 186.054 378.509 186.054 378.509 234.819 353.187 234.819
352.800 191.729 378.176 191.729 378.176 240.366 352.800 240.366
357.124 195.969 382.528 195.969 382.528 244.587 357.124 244.587
356.800 195.240 382.141 195.240 382.141 244.062 356.800 244.062
357.174 194.805 382.041 194.805 382.041 244.334 357.174 244.334
356.992 190.863 382.017 190.863 382.017 240.246 356.992 240.246
356.954 190.486 382.066 190.486 382.066 239.881 356.954 239.881
361.396 185.835 386.627 185.835 386.627 235.072 361.396 235.072
361.308 185.480 386.710 185.480 386.710 234.597 361.308 234.597
360.994 185.078 386.464 185.078 386.464 234.159 360.994 234.159
360.895 184.866 386.325 184.866 386.325 234.007 360.895 234.007
365.634 185.244 391.022 185.244 391.022 234.448 365.634 234.448
360.522 189.630 385.872 189.630 385.872 238.921 360.522 238.921
360.116 189.177 385.436 189.177 385.436 238.543 360.116 238.543
359.760 188.972 385.060 188.972 385.060 238.369 359.760 238.369
368.901 188.359 393.925 188.359 393.925 238.106 368.901 238.106
368.531 188.111 393.483 188.111 393.483 237.903 368.531 237.903
368.649 187.258 393.572 187.258 393.572 237.091 368.649 237.091
368.637 185.939 393.537 185.939 393.537 235.807 368.637 235.807
368.469 184.998 393.349 184.998 393.349 234.891 368.469 234.891
358.397 210.135 382.632 210.135 382.632 261.104 358.397 261.104
358.435 207.264 382.072 207.264 382.072 259.281 358.435 259.281
358.542 208.998 381.651 208.998 381.651 261.949 358.542 261.949
358.825 206.083 381.517 206.083 381.517 259.807 358.825 259.807
359.084 207.473 381.373 207.473 381.373 262.178 359.084 262.178
359.245 211.981 381.165 211.981 381.165 267.392 359.245 267.392
359.523 208.768 381.230 208.768 381.230 264.636 359.523 264.636
360.090 206.029 381.520 206.029 381.520 262.556 360.090 262.556
360.568 207.160 381.851 207.160 381.851 264.064 360.568 264.064
361.126 207.772 382.353 207.772 382.353 264.846 361.126 264.846
361.410 208.579 382.543 208.579 382.543 265.907 361.410 265.907
361.815 206.387 382.925 206.387 382.925 263.887 361.815 263.887
361.929 204.025 383.110 204.025 383.110 261.560 361.929 261.560
362.378 206.701 383.539 206.701 383.539 264.413 362.378 264.413
362.239 209.729 383.289 209.729 383.289 267.622 362.239 267.622
362.383 206.772 383.414 206.772 383.414 264.806 362.383 264.806
362.776 204.967 383.807 204.967 383.807 263.064 362.776 263.064
363.374 203.972 384.412 203.972 384.412 262.161 363.374 262.161
363.793 206.318 384.839 206.318 384.839 264.530 363.793 264.530
364.219 204.769 385.293 204.769 385.293 262.994 364.219 262.994
363.967 210.295 385.052 210.295 385.052 268.490 363.967 268.490
368.056 207.322 389.170 207.322 389.170 265.523 368.056 265.523
367.559 206.082 388.727 206.082 388.727 264.295 367.559 264.295
367.583 204.550 388.769 204.550 388.769 262.792 367.583 262.792
367.792 202.748 388.988 202.748 388.988 260.997 367.792 260.997
405.981 202.024 427.719 202.024 427.719 259.973 405.981 259.973
405.669 199.202 427.505 199.202 427.505 257.154 405.669 257.154
409.684 200.966 431.800 200.966 431.800 258.944 409.684 258.944
408.976 201.915 431.546 201.915 431.546 259.416 408.976 259.416
408.894 203.316 431.874 203.316 431.874 260.495 408.894 260.495
408.507 204.480 431.871 204.480 431.871 261.307 408.507 261.307
428.203 202.672 451.164 202.672 451.164 260.231 428.203 260.231
427.878 203.935 450.625 203.935 450.625 261.785 427.878 261.785
427.551 206.713 450.169 206.713 450.169 264.902 427.551 264.902
427.096 205.958 449.750 205.958 449.750 264.168 427.096 264.168
426.775 205.466 449.333 205.466 449.333 263.965 426.775 263.965
426.387 205.027 449.012 205.027 449.012 263.681 426.387 263.681
425.871 204.654 448.706 204.654 448.706 263.198 425.871 263.198
