177.000 81.000 189.000 81.000 189.000 108.000 177.000 108.000
177.621 80.898 189.604 80.898 189.604 107.805 177.621 107.805
178.440 80.250 190.498 80.250 190.498 107.239 178.440 107.239
179.112 80.518 191.227 80.518 191.227 107.625 179.112 107.625
179.366 81.702 191.598 81.702 191.598 108.702 179.366 108.702
180.591 81.809 192.802 81.809 192.802 108.903 180.591 108.903
181.365 81.684 193.686 81.684 193.686 108.878 181.365 108.878
182.656 80.750 194.950 80.750 194.950 108.259 182.656 108.259
184.293 80.889 196.675 80.889 196.675 108.401 184.293 108.401
185.558 80.618 198.015 80.618 198.015 108.133 185.558 108.133
187.003 81.081 199.565 81.081 199.565 108.598 187.003 108.598
188.611 80.203 201.189 80.203 201.189 107.734 188.611 107.734
189.900 80.671 202.430 80.671 202.430 108.306 189.900 108.306
190.880 80.642 203.305 80.642 203.305 108.517 190.880 108.517
191.524 80.511 204.018 80.511 204.018 108.625 191.524 108.625
192.360 80.669 204.936 80.669 204.936 108.605 192.360 108.605
193.606 81.296 206.253 81.296 206.253 109.411 193.606 109.411
194.737 79.821 207.472 79.821 207.472 107.725 194.737 107.725
195.768 80.135 208.638 80.135 208.638 107.936 195.768 107.936
197.367 79.131 210.327 79.131 210.327 106.920 197.367 106.920
199.069 79.297 212.036 79.297 212.036 107.079 199.069 107.079
200.553 79.777 213.593 79.777 213.593 107.545 200.553 107.545
201.613 80.121 214.579 80.121 214.579 108.066 201.613 108.066
202.532 79.792 215.555 79.792 215.555 108.028 202.532 108.028
203.709 79.040 216.788 79.040 216.788 107.227 203.709 107.227
204.758 79.998 217.752 79.998 217.752 108.441 204.758 108.441
205.757 79.729 218.789 79.729 218.789 108.484 205.757 108.484
206.982 79.962 220.001 79.962 220.001 108.953 206.982 108.953
208.351 79.618 221.311 79.618 221.311 108.748 208.351 108.748
209.104 78.602 222.021 78.602 222.021 107.687 209.104 107.687
209.488 78.510 222.384 78.510 222.384 107.525 209.488 107.525
210.589 78.483 223.473 78.483 223.473 107.659 210.589 107.659
211.258 78.982 224.021 78.982 224.021 108.261 211.258 108.261
211.978 78.556 224.797 78.556 224.797 107.764 211.978 107.764
212.729 79.343 225.595 79.343 225.595 108.609 212.729 108.609
213.352 77.544 226.324 77.544 226.324 106.702 213.352 106.702
214.343 78.315 227.211 78.315 227.211 107.545 214.343 107.545
215.568 77.212 228.464 77.212 228.464 106.295 215.568 106.295
218.855 76.756 231.661 76.756 231.661 105.914 218.855 105.914
219.860 77.054 232.656 77.054 232.656 106.324 219.860 106.324
221.257 76.169 234.142 76.169 234.142 105.203 221.257 105.203
221.853 76.765 234.718 76.765 234.718 105.772 221.853 105.772
222.833 77.711 235.700 77.711 235.700 106.660 222.833 106.660
223.982 77.309 236.952 77.309 236.952 106.301 223.982 106.301
224.737 77.082 237.870 77.082 237.870 105.943 224.737 105.943
225.840 77.152 239.052 77.152 239.052 105.929 225.840 105.929
226.998 76.703 240.334 76.703 240.334 105.215 226.998 105.215
228.155 77.652 241.396 77.652 241.396 106.145 228.155 106.145
229.326 76.659 242.622 76.659 242.622 104.951 229.326 104.951
230.156 77.760 243.595 77.760 243.595 105.818 230.156 105.818
231.537 77.629 244.824 77.629 244.824 105.716 231.537 105.716
232.191 77.207 245.492 77.207 245.492 105.313 232.191 105.313
232.811 77.019 246.041 77.019 246.041 105.378 232.811 105.378
233.244 77.565 246.492 77.565 246.492 106.004 233.244 106.004
233.807 77.804 247.032 77.804 247.032 106.343 233.807 106.343
234.737 76.932 247.907 76.932 247.907 105.608 234.737 105.608
235.816 77.331 249.027 77.331 249.027 105.999 235.816 105.999
236.847 74.607 250.054 74.607 250.054 103.264 236.847 103.264
237.728 74.591 250.929 74.591 250.929 103.284 237.728 103.284
239.000 74.278 252.104 74.278 252.104 103.111 239.000 103.111
239.952 73.747 253.083 73.747 253.083 102.622 239.952 102.622
240.832 75.338 253.884 75.338 253.884 104.184 240.832 104.184
241.681 73.715 254.698 73.715 254.698 102.716 241.681 102.716
242.737 74.402 255.729 74.402 255.729 103.571 242.737 103.571
243.977 73.748 257.055 73.748 257.055 102.718 243.977 102.718
244.908 74.097 258.134 74.097 258.134 102.998 244.908 102.998
246.261 75.112 259.478 75.112 259.478 104.217 246.261 104.217
246.914 77.222 260.208 77.222 260.208 106.360 246.914 106.360
247.709 83.926 260.874 83.926 260.874 113.324 247.709 113.324
248.722 90.869 261.915 90.869 261.915 120.216 248.722 120.216
251.032 99.828 264.245 99.828 264.245 129.171 251.032 129.171
251.626 102.803 264.964 102.803 264.964 132.054 251.626 132.054
251.510 108.721 264.844 108.721 264.844 138.139 251.510 138.139
252.193 112.872 265.543 112.872 265.543 142.343 252.193 142.343
252.368 119.010 265.748 119.010 265.748 148.650 252.368 148.650
254.850 123.404 268.258 123.404 268.258 153.029 254.850 153.029
255.518 127.586 268.829 127.586 268.829 157.347 255.518 157.347
258.324 133.472 271.687 133.472 271.687 163.166 258.324 163.166
258.177 137.101 271.685 137.101 271.685 166.409 258.177 166.409
258.124 142.195 271.585 142.195 271.585 171.480 258.124 171.480
258.439 148.161 271.764 148.161 271.764 177.486 258.439 177.486
259.487 153.765 272.844 153.765 272.844 183.104 259.487 183.104
260.328 159.251 273.601 159.251 273.601 188.596 260.328 188.596
262.619 165.955 276.062 165.955 276.062 195.034 262.619 195.034
263.272 171.050 276.687 171.050 276.687 200.090 263.272 200.090
265.593 178.107 278.959 178.107 278.959 207.275 265.593 207.275
266.266 181.722 279.571 181.722 279.571 211.053 266.266 211.053
267.152 189.493 280.269 189.493 280.269 218.796 267.152 218.796
269.672 195.378 282.871 195.378 282.871 224.751 269.672 224.751
269.270 198.774 282.593 198.774 282.593 228.049 269.270 228.049
269.775 198.538 283.199 198.538 283.199 227.432 269.775 227.432
270.463 199.311 283.975 199.311 283.975 227.913 270.463 227.913
271.060 199.926 284.745 199.926 284.745 228.302 271.060 228.302
271.639 200.776 285.328 200.776 285.328 229.079 271.639 229.079
272.067 199.712 285.747 199.712 285.747 227.904 272.067 227.904
272.570 197.974 286.175 197.974 286.175 226.075 272.570 226.075
273.223 197.639 286.894 197.639 286.894 225.622 273.223 225.622
273.557 198.110 287.164 198.110 287.164 226.087 273.557 226.087
274.308 197.595 287.877 197.595 287.877 225.711 274.308 225.711
275.675 197.838 289.167 197.838 289.167 225.880 275.675 225.880
276.476 196.540 289.834 196.540 289.834 224.446 276.476 224.446
277.366 195.519 290.819 195.519 290.819 223.223 277.366 223.223
277.771 195.657 291.308 195.657 291.308 223.197 277.771 223.197
278.657 196.952 292.379 196.952 292.379 224.269 278.657 224.269
278.955 197.964 292.873 197.964 292.873 225.080 278.955 225.080
279.886 197.527 293.966 197.527 293.966 224.509 279.886 224.509
280.430 196.740 294.619 196.740 294.619 223.538 280.430 223.538
281.171 196.166 295.283 196.166 295.283 223.021 281.171 223.021
282.140 195.871 296.423 195.871 296.423 222.524 282.140 222.524
283.287 197.383 297.538 197.383 297.538 223.785 283.287 223.785
283.945 196.566 298.028 196.566 298.028 222.838 283.945 222.838
284.818 196.879 298.931 196.879 298.931 222.903 284.818 222.903
284.744 196.070 298.664 196.070 298.664 222.125 284.744 222.125
285.420 195.476 299.217 195.476 299.217 221.474 285.420 221.474
286.684 195.281 300.516 195.281 300.516 220.968 286.684 220.968
287.326 196.127 301.018 196.127 301.018 221.946 287.326 221.946
287.361 197.346 300.970 197.346 300.970 223.320 287.361 223.320
288.454 195.668 301.800 195.668 301.800 222.070 288.454 222.070
289.088 195.860 302.446 195.860 302.446 222.423 289.088 222.423
288.872 194.786 302.117 194.786 302.117 221.365 288.872 221.365
289.978 194.412 303.401 194.412 303.401 220.925 289.978 220.925
290.304 193.983 303.568 193.983 303.568 220.605 290.304 220.605
291.208 194.372 304.554 194.372 304.554 220.999 291.208 220.999
291.965 193.232 305.311 193.232 305.311 219.647 291.965 219.647
292.432 192.068 305.528 192.068 305.528 218.549 292.432 218.549
292.873 190.487 305.877 190.487 305.877 216.894 292.873 216.894
293.223 191.958 306.186 191.958 306.186 218.425 293.223 218.425
294.294 190.870 307.092 190.870 307.092 217.537 294.294 217.537
294.681 192.067 307.526 192.067 307.526 218.815 294.681 218.815
295.170 192.122 307.981 192.122 307.981 218.943 295.170 218.943
296.097 191.642 308.916 191.642 308.916 218.437 296.097 218.437
296.661 191.282 309.563 191.282 309.563 218.210 296.661 218.210
297.432 189.888 310.380 189.888 310.380 216.734 297.432 216.734
298.285 190.388 311.418 190.388 311.418 216.785 298.285 216.785
299.467 190.956 312.772 190.956 312.772 217.286 299.467 217.286
300.502 190.621 314.086 190.621 314.086 216.811 300.502 216.811
303.906 189.111 317.349 189.111 317.349 215.495 303.906 215.495
304.444 189.112 318.060 189.112 318.060 215.418 304.444 215.418
305.185 188.623 319.017 188.623 319.017 214.698 305.185 214.698
305.664 187.837 319.617 187.837 319.617 213.769 305.664 213.769
306.268 187.774 320.302 187.774 320.302 213.725 306.268 213.725
306.911 187.953 320.917 187.953 320.917 213.878 306.911 213.878
307.612 186.775 321.625 186.775 321.625 212.623 307.612 212.623
307.711 186.263 321.691 186.263 321.691 211.999 307.711 211.999
308.294 185.487 322.246 185.487 322.246 211.216 308.294 211.216
309.399 185.735 323.249 185.735 323.249 211.801 309.399 211.801
310.100 186.141 323.976 186.141 323.976 212.249 310.100 212.249
310.683 186.005 324.406 186.005 324.406 212.335 310.683 212.335
311.149 186.552 325.015 186.552 325.015 212.837 311.149 212.837
311.778 185.289 325.851 185.289 325.851 211.576 311.778 211.576
312.240 185.263 326.463 185.263 326.463 211.377 312.240 211.377
312.391 186.209 326.749 186.209 326.749 212.100 312.391 212.100
313.505 186.832 327.979 186.832 327.979 212.526 313.505 212.526
314.565 187.053 329.058 187.053 329.058 212.640 314.565 212.640
315.520 186.367 330.077 186.367 330.077 211.851 315.520 211.851
316.291 185.276 330.723 185.276 330.723 210.803 316.291 210.803
316.575 184.883 331.014 184.883 331.014 210.111 316.575 210.111
316.873 185.095 331.183 185.095 331.183 210.239 316.873 210.239
317.795 186.499 332.071 186.499 332.071 211.529 317.795 211.529
318.722 186.098 332.950 186.098 332.950 211.215 318.722 211.215
319.477 185.544 333.569 185.544 333.569 210.759 319.477 210.759
319.918 184.609 334.067 184.609 334.067 209.683 319.918 209.683
320.121 184.011 334.283 184.011 334.283 209.169 320.121 209.169
320.545 185.017 334.805 185.017 334.805 210.103 320.545 210.103
321.591 184.791 335.785 184.791 335.785 209.945 321.591 209.945
322.414 183.761 336.616 183.761 336.616 208.782 322.414 208.782
322.888 183.068 337.127 183.068 337.127 208.060 322.888 208.060
323.233 181.918 337.518 181.918 337.518 206.925 323.233 206.925
323.695 181.306 337.993 181.306 337.993 206.218 323.695 206.218
324.726 181.278 338.929 181.278 338.929 206.458 324.726 206.458
325.486 181.913 339.626 181.913 339.626 207.184 325.486 207.184
325.626 180.866 339.721 180.866 339.721 206.014 325.626 206.014
326.082 180.322 340.055 180.322 340.055 205.443 326.082 205.443
326.231 180.157 340.253 180.157 340.253 205.038 326.231 205.038
326.797 179.736 340.780 179.736 340.780 204.655 326.797 204.655
327.004 180.030 341.056 180.030 341.056 204.846 327.004 204.846
327.506 181.051 341.602 181.051 341.602 206.077 327.506 206.077
328.324 180.617 342.508 180.617 342.508 205.538 328.324 205.538
328.909 180.822 343.048 180.822 343.048 205.692 328.909 205.692
329.575 180.798 343.732 180.798 343.732 205.669 329.575 205.669
331.238 180.816 345.393 180.816 345.393 205.850 331.238 205.850
331.340 180.047 345.356 180.047 345.356 205.180 331.340 205.180
331.547 180.093 345.531 180.093 345.531 205.307 331.547 205.307
332.254 179.497 346.237 179.497 346.237 204.831 332.254 204.831
332.829 180.085 346.840 180.085 346.840 205.523 332.829 205.523
333.533 181.341 347.533 181.341 347.533 206.833 333.533 206.833
334.153 180.819 348.137 180.819 348.137 206.356 334.153 206.356
334.815 179.735 348.654 179.735 348.654 205.388 334.815 205.388
335.072 178.956 348.912 178.956 348.912 204.557 335.072 204.557
335.362 178.485 349.142 178.485 349.142 204.023 335.362 204.023
335.685 177.630 349.372 177.630 349.372 203.285 335.685 203.285
336.577 178.518 350.406 178.518 350.406 204.144 336.577 204.144
337.504 177.490 351.383 177.490 351.383 203.032 337.504 203.032
337.930 177.175 351.826 177.175 351.826 202.652 337.930 202.652
339.080 176.885 352.809 176.885 352.809 202.543 339.080 202.543
339.812 175.582 353.588 175.582 353.588 201.043 339.812 201.043
340.572 174.512 354.253 174.512 354.253 199.868 340.572 199.868
340.784 176.394 354.443 176.394 354.443 201.604 340.784 201.604
341.020 175.883 354.603 175.883 354.603 201.105 341.020 201.105
341.465 175.490 354.969 175.490 354.969 200.637 341.465 200.637
341.918 174.934 355.424 174.934 355.424 199.997 341.918 199.997
342.586 174.767 356.070 174.767 356.070 199.860 342.586 199.860
343.144 175.331 356.609 175.331 356.609 200.574 343.144 200.574
343.963 175.532 357.484 175.532 357.484 200.852 343.963 200.852
344.562 175.869 358.085 175.869 358.085 201.269 344.562 201.269
345.179 174.761 358.740 174.761 358.740 200.109 345.179 200.109
345.468 175.150 359.040 175.150 359.040 200.561 345.468 200.561
346.363 173.451 359.945 173.451 359.945 198.855 346.363 198.855
346.957 174.191 360.549 174.191 360.549 199.673 346.957 199.673
347.594 174.990 361.246 174.990 361.246 200.443 347.594 200.443
348.266 175.824 361.953 175.824 361.953 201.442 348.266 201.442
342.265 175.966 356.102 175.966 356.102 201.362 342.265 201.362
327.198 176.297 341.187 176.297 341.187 201.359 327.198 201.359
324.190 173.237 338.325 173.237 338.325 197.985 324.190 197.985
312.950 174.414 327.830 174.414 327.830 198.130 312.950 198.130
307.847 175.557 322.571 175.557 322.571 199.536 307.847 199.536
300.955 176.036 316.461 176.036 316.461 199.019 300.955 199.019
290.875 174.449 306.648 174.449 306.648 196.987 290.875 196.987
285.280 174.716 301.347 174.716 301.347 196.865 285.280 196.865
279.293 172.626 295.309 172.626 295.309 194.696 279.293 194.696
271.395 172.041 287.651 172.041 287.651 193.847 271.395 193.847
264.364 173.393 280.019 173.393 280.019 195.799 264.364 195.799
263.718 172.584 279.373 172.584 279.373 194.990 263.718 194.990
263.253 172.192 278.908 172.192 278.908 194.598 263.253 194.598
262.832 171.789 278.487 171.789 278.487 194.195 262.832 194.195
284.433 161.650 299.454 161.650 299.454 184.683 284.433 184.683
277.139 161.701 291.711 161.701 291.711 185.281 277.139 185.281
269.481 161.543 283.919 161.543 283.919 185.328 269.481 185.328
268.533 161.853 282.971 161.853 282.971 185.639 268.533 185.639
268.562 161.708 282.999 161.708 282.999 185.494 268.562 185.494
268.553 161.236 282.979 161.236 282.979 185.033 268.553 185.033
270.685 158.694 285.077 158.694 285.077 182.538 270.685 182.538
270.460 158.941 284.834 158.941 284.834 182.807 270.460 182.807
270.099 161.775 284.453 161.775 284.453 185.671 270.099 185.671
269.815 161.594 284.163 161.594 284.163 185.497 269.815 185.497
269.835 161.384 284.159 161.384 284.159 185.317 269.835 185.317
269.991 160.823 284.284 160.823 284.284 184.792 269.991 184.792
269.805 160.433 284.046 160.433 284.046 184.457 269.805 184.457
269.717 159.802 283.952 159.802 283.952 183.832 269.717 183.832
269.805 160.131 284.014 160.131 284.014 184.191 269.805 184.191
271.920 161.950 286.066 161.950 286.066 186.108 271.920 186.108
271.595 161.334 285.727 161.334 285.727 185.510 271.595 185.510
271.483 160.755 285.608 160.755 285.608 184.942 271.483 184.942
271.295 160.628 285.371 160.628 285.371 184.886 271.295 184.886
271.181 158.218 285.200 158.218 285.200 182.545 271.181 182.545
270.811 158.701 284.749 158.701 284.749 183.129 270.811 183.129
270.754 161.033 284.638 161.033 284.638 185.522 270.754 185.522
249.430 162.663 262.908 162.663 262.908 187.763 249.430 187.763
249.426 162.244 262.606 162.244 262.606 187.805 249.426 187.805
251.673 161.329 264.659 161.329 264.659 187.244 251.673 187.244
251.671 161.066 264.554 161.066 264.554 187.391 251.671 187.391
251.664 162.546 264.491 162.546 264.491 189.108 251.664 189.108
253.723 161.687 266.343 161.687 266.343 188.611 253.723 188.611
253.216 161.357 265.629 161.357 265.629 188.571 253.216 188.571
253.432 160.700 265.695 160.700 265.695 188.091 253.432 188.091
253.507 159.001 265.786 159.001 265.786 186.502 253.507 186.502
255.563 159.591 267.742 159.591 267.742 187.349 255.563 187.349
255.465 160.396 267.605 160.396 267.605 188.382 255.465 188.382
255.275 160.753 267.338 160.753 267.338 189.034 255.275 189.034
255.367 160.436 267.412 160.436 267.412 188.883 255.367 188.883
255.107 160.476 267.242 160.476 267.242 188.947 255.107 188.947
255.068 160.485 267.158 160.485 267.158 189.029 255.068 189.029
254.931 160.091 266.970 160.091 266.970 188.783 254.931 188.783
255.218 159.899 267.262 159.899 267.262 188.693 255.218 188.693
255.226 159.636 267.354 159.636 267.354 188.533 255.226 188.533
257.307 160.217 269.468 160.217 269.468 189.233 257.307 189.233
257.025 158.959 269.210 158.959 269.210 188.105 257.025 188.105
257.043 159.237 269.258 159.237 269.258 188.631 257.043 188.631
256.725 159.637 268.976 159.637 268.976 189.162 256.725 189.162
256.739 160.404 269.108 160.404 269.108 189.868 256.739 189.868
258.964 161.130 271.389 161.130 271.389 190.723 258.964 190.723
258.851 161.132 271.336 161.132 271.336 190.753 258.851 190.753
259.042 160.393 271.568 160.393 271.568 190.169 259.042 190.169
259.123 160.172 271.655 160.172 271.655 190.137 259.123 190.137
261.665 158.705 274.151 158.705 274.151 188.854 261.665 188.854
261.823 161.125 274.287 161.125 274.287 191.341 261.823 191.341
261.449 160.317 273.886 160.317 273.886 190.473 261.449 190.473
261.674 160.967 274.163 160.967 274.163 191.216 261.674 191.216
261.698 160.243 274.181 160.243 274.181 190.548 261.698 190.548
261.770 161.554 274.382 161.554 274.382 191.522 261.770 191.522
261.545 161.375 274.147 161.375 274.147 191.376 261.545 191.376
263.995 161.814 276.544 161.814 276.544 191.854 263.995 191.854
261.755 161.420 274.245 161.420 274.245 191.557 261.755 191.557
262.491 163.447 275.174 163.447 275.174 193.368 262.491 193.368
262.681 162.150 275.278 162.150 275.278 191.985 262.681 191.985
262.929 161.177 275.599 161.177 275.599 190.813 262.929 190.813
263.082 161.279 275.844 161.279 275.844 190.953 263.082 190.953
263.344 161.966 276.188 161.966 276.188 191.605 263.344 191.605
263.780 161.658 276.777 161.658 276.777 191.267 263.780 191.267
264.149 162.052 277.095 162.052 277.095 191.661 264.149 191.661
264.137 162.309 277.191 162.309 277.191 191.839 264.137 191.839
266.403 161.976 279.560 161.976 279.560 191.574 266.403 191.574
266.491 161.407 279.697 161.407 279.697 191.206 266.491 191.206
266.931 161.006 280.168 161.006 280.168 190.846 266.931 190.846
267.117 160.518 280.325 160.518 280.325 190.464 267.117 190.464
266.918 160.358 280.021 160.358 280.021 190.589 266.918 190.589
266.960 162.384 279.951 162.384 279.951 192.658 266.960 192.658
266.728 162.114 279.832 162.114 279.832 192.256 266.728 192.256
262.816 160.384 276.318 160.384 276.318 189.940 262.816 189.940
254.387 161.589 267.959 161.589 267.959 190.991 254.387 190.991
250.795 161.542 264.326 161.542 264.326 190.849 250.795 190.849
243.796 161.063 257.644 161.063 257.644 189.925 243.796 189.925
237.656 162.840 251.682 162.840 251.682 191.406 237.656 191.406
231.673 164.272 245.871 164.272 245.871 192.582 231.673 192.582
225.903 160.709 240.186 160.709 240.186 188.718 225.903 188.718
220.256 162.739 234.414 162.739 234.414 191.038 220.256 191.038
211.887 161.305 226.163 161.305 226.163 189.683 211.887 189.683
206.499 161.175 220.736 161.175 220.736 189.602 206.499 189.602
203.081 163.722 216.989 163.722 216.989 192.464 203.081 192.464
203.204 166.184 217.035 166.184 217.035 195.034 203.204 195.034
203.792 165.900 217.403 165.900 217.403 194.806 203.792 194.806
204.273 163.118 217.816 163.118 217.816 192.146 204.273 192.146
204.780 163.560 218.338 163.560 218.338 192.618 204.780 192.618
204.982 162.774 218.529 162.774 218.529 191.946 204.982 191.946
205.193 162.999 218.790 162.999 218.790 192.064 205.193 192.064
205.814 164.891 219.344 164.891 219.344 193.916 205.814 193.916
206.175 164.879 219.563 164.879 219.563 194.036 206.175 194.036
205.594 164.348 218.915 164.348 218.915 193.330 205.594 193.330
199.979 164.279 213.239 164.279 213.239 193.381 199.979 193.381
193.650 164.069 207.268 164.069 207.268 192.827 193.650 192.827
188.298 164.029 202.177 164.029 202.177 192.439 188.298 192.439
180.734 165.876 194.612 165.876 194.612 194.296 180.734 194.296
180.849 164.760 194.600 164.760 194.600 193.293 180.849 193.293
180.468 164.806 194.095 164.806 194.095 193.459 180.468 193.459
180.206 164.640 193.710 164.640 193.710 193.390 180.206 193.390
180.117 164.543 193.481 164.543 193.481 193.248 180.117 193.248
180.552 164.976 193.966 164.976 193.966 193.624 180.552 193.624
182.686 165.680 196.118 165.680 196.118 194.252 182.686 194.252
182.779 166.177 196.307 166.177 196.307 194.753 182.779 194.753
183.477 165.572 196.941 165.572 196.941 194.469 183.477 194.469
183.854 164.804 197.297 164.804 197.297 193.674 183.854 193.674
185.878 164.692 199.439 164.692 199.439 193.498 185.878 193.498
185.710 166.568 199.305 166.568 199.305 195.380 185.710 195.380
183.161 163.416 196.972 163.416 196.972 191.912 183.161 191.912
174.873 165.164 188.709 165.164 188.709 193.598 174.873 193.598
171.665 162.986 185.557 162.986 185.557 191.284 171.665 191.284
166.029 165.052 179.855 165.052 179.855 193.339 166.029 193.339
163.606 165.246 177.431 165.246 177.431 193.485 163.606 193.485
164.055 166.079 177.876 166.079 177.876 194.392 164.055 194.392
164.461 165.531 178.439 165.531 178.439 193.772 164.461 193.772
166.697 165.686 180.500 165.686 180.500 194.188 166.697 194.188
167.383 166.104 180.993 166.104 180.993 194.785 167.383 194.785
167.615 165.886 181.196 165.886 181.196 194.533 167.615 194.533
168.317 165.625 181.809 165.625 181.809 194.419 168.317 194.419
169.081 165.152 182.606 165.152 182.606 193.905 169.081 193.905
171.362 165.851 184.977 165.851 184.977 194.624 171.362 194.624
171.240 165.529 184.888 165.529 184.888 194.284 171.240 194.284
174.110 163.616 187.812 163.616 187.812 192.485 174.110 192.485
171.433 166.285 185.256 166.285 185.256 195.057 171.433 195.057
165.855 166.466 179.733 166.466 179.733 195.264 165.855 195.264
162.513 164.450 176.575 164.450 176.575 193.067 162.513 193.067
156.790 164.723 170.986 164.723 170.986 193.419 156.790 193.419
151.052 164.527 165.269 164.527 165.269 193.284 151.052 193.284
147.806 164.755 162.085 164.755 162.085 193.473 147.806 193.473
147.081 166.017 161.360 166.017 161.360 194.734 147.081 194.734
168.587 189.979 183.116 189.979 183.116 218.272 168.587 218.272
167.732 193.305 182.780 193.305 182.780 220.864 167.732 220.864
169.870 194.258 185.549 194.258 185.549 220.989 169.870 220.989
169.113 195.104 185.000 195.104 185.000 221.531 169.113 221.531
174.026 196.181 189.848 196.181 189.848 222.631 174.026 222.631
165.841 193.502 181.839 193.502 181.839 219.642 165.841 219.642
168.186 191.394 184.323 191.394 184.323 217.329 168.186 217.329
167.386 192.205 183.831 192.205 183.831 217.619 167.386 217.619
167.190 192.585 183.695 192.585 183.695 217.834 167.190 217.834
167.471 193.151 183.718 193.151 183.718 218.675 167.471 218.675
167.613 194.017 183.676 194.017 183.676 219.710 167.613 219.710
167.332 192.252 183.473 192.252 183.473 217.798 167.332 217.798
166.924 195.022 182.991 195.022 182.991 220.604 166.924 220.604
168.740 193.588 185.017 193.588 185.017 218.831 168.740 218.831
170.358 196.557 186.749 196.557 186.749 221.616 170.358 221.616
167.604 191.806 183.659 191.806 183.659 217.205 167.604 217.205
167.077 194.757 183.294 194.757 183.294 219.771 167.077 219.771
169.112 195.135 185.468 195.135 185.468 219.906 169.112 219.906
168.828 192.830 185.230 192.830 185.230 217.533 168.828 217.533
166.218 193.199 182.421 193.199 182.421 218.092 166.218 218.092
165.732 191.478 182.073 191.478 182.073 216.099 165.732 216.099
165.281 191.924 181.774 191.924 181.774 216.304 165.281 216.304
170.008 195.138 186.604 195.138 186.604 219.377 170.008 219.377
167.017 192.983 183.640 192.983 183.640 217.183 167.017 217.183
166.757 193.361 183.283 193.361 183.283 217.638 166.757 217.638
166.349 193.428 182.907 193.428 182.907 217.653 166.349 217.653
168.344 194.148 184.968 194.148 184.968 218.276 168.344 218.276
165.646 192.043 182.333 192.043 182.333 216.087 165.646 216.087
165.639 192.143 182.342 192.143 182.342 216.155 165.639 216.155
165.567 191.993 182.320 191.993 182.320 215.893 165.567 215.893
165.334 192.247 182.077 192.247 182.077 216.156 165.334 216.156
165.107 190.918 181.761 190.918 181.761 214.903 165.107 214.903
167.478 194.125 184.176 194.125 184.176 218.018 167.478 218.018
166.793 194.458 183.571 194.458 183.571 218.058 166.793 218.058
166.555 192.280 183.355 192.280 183.355 215.840 166.555 215.840
165.959 190.396 182.786 190.396 182.786 213.908 165.959 213.908
168.126 193.379 184.981 193.379 184.981 216.845 168.126 216.845
165.275 193.356 182.150 193.356 182.150 216.772 165.275 216.772
165.162 193.799 182.071 193.799 182.071 217.105 165.162 217.105
167.376 193.723 184.301 193.723 184.301 216.984 167.376 216.984
167.006 194.075 183.956 194.075 183.956 217.127 167.006 217.127
169.070 194.866 186.108 194.866 186.108 217.708 169.070 217.708
168.575 192.868 185.634 192.868 185.634 215.679 168.575 215.679
166.165 193.369 183.240 193.369 183.240 216.082 166.165 216.082
168.466 196.429 185.568 196.429 185.568 219.098 168.466 219.098
170.102 199.534 187.228 199.534 187.228 222.163 170.102 222.163
169.778 195.038 186.942 195.038 186.942 217.566 169.778 217.566
169.366 195.542 186.556 195.542 186.556 218.027 169.366 218.027
168.905 195.842 186.095 195.842 186.095 218.315 168.905 218.315
168.556 196.156 185.745 196.156 185.745 218.621 168.556 218.621
168.471 195.917 185.661 195.917 185.661 218.374 168.471 218.374
168.346 196.046 185.536 196.046 185.536 218.483 168.346 218.483
167.870 193.554 185.080 193.554 185.080 215.955 167.870 215.955
165.218 190.863 182.401 190.863 182.401 213.215 165.218 213.215
167.279 193.605 184.476 193.605 184.476 215.914 167.279 215.914
167.030 193.598 184.227 193.598 184.227 215.887 167.030 215.887
165.007 191.077 181.480 191.077 181.480 214.105 165.007 214.105
164.558 190.860 181.047 190.860 181.047 213.858 164.558 213.858
166.862 193.694 183.380 193.694 183.380 216.629 166.862 216.629
166.735 194.002 183.299 194.002 183.299 216.847 166.735 216.847
166.205 192.150 182.878 192.150 182.878 214.652 166.205 214.652
