263.000 198.000 294.000 198.000 294.000 271.000 263.000 271.000
262.101 198.588 292.631 198.588 292.631 271.346 262.101 271.346
261.947 196.697 292.311 196.697 292.311 269.185 261.947 269.185
260.117 197.971 290.362 197.971 290.362 269.994 260.117 269.994
261.238 195.974 291.281 195.974 291.281 267.952 261.238 267.952
259.289 197.781 289.444 197.781 289.444 269.770 259.289 269.770
259.703 195.729 289.793 195.729 289.793 267.654 259.703 267.654
259.907 197.149 290.100 197.149 290.100 268.849 259.907 268.849
259.367 195.760 289.652 195.760 289.652 267.233 259.367 267.233
258.797 196.335 288.983 196.335 288.983 267.537 258.797 267.537
259.455 194.625 289.476 194.625 289.476 266.122 259.455 266.122
259.289 195.404 289.201 195.404 289.201 267.092 259.289 267.092
258.246 194.877 288.016 194.877 288.016 266.738 258.246 266.738
258.378 193.992 287.946 193.992 287.946 266.167 258.378 266.167
258.227 195.305 287.590 195.305 287.590 267.521 258.227 267.521
257.498 195.199 286.889 195.199 286.889 267.469 257.498 267.469
257.650 195.053 286.918 195.053 286.918 267.724 257.650 267.724
256.125 192.133 285.590 192.133 285.590 265.173 256.125 265.173
255.845 192.164 285.713 192.164 285.713 264.667 255.845 264.667
255.712 190.532 285.709 190.532 285.709 262.877 255.712 262.877
255.407 192.375 285.686 192.375 285.686 264.404 255.407 264.404
256.129 189.066 286.256 189.066 286.256 261.013 256.129 261.013
255.378 190.535 285.436 190.535 285.436 262.189 255.378 262.189
255.268 189.080 285.267 189.080 285.267 260.712 255.268 260.712
254.981 190.237 284.799 190.237 284.799 261.488 254.981 261.488
254.313 188.562 284.226 188.562 284.226 259.535 254.313 259.535
253.631 187.650 283.501 187.650 283.501 258.580 253.631 258.580
253.502 188.166 283.333 188.166 283.333 258.990 253.502 258.990
252.916 188.053 282.753 188.053 282.753 258.784 252.916 258.784
252.656 188.885 282.415 188.885 282.415 259.430 252.656 259.430
252.285 187.597 282.059 187.597 282.059 258.055 252.285 258.055
252.319 187.372 281.954 187.372 281.954 257.739 252.319 257.739
252.044 187.433 281.413 187.433 281.413 257.537 252.044 257.537
251.923 185.803 281.033 185.803 281.033 255.941 251.923 255.941
251.964 187.530 281.034 187.530 281.034 257.079 251.964 257.079
251.290 185.868 280.298 185.868 280.298 255.625 251.290 255.625
251.854 185.896 280.822 185.896 280.822 255.724 251.854 255.724
251.531 185.255 280.351 185.255 280.351 255.346 251.531 255.346
250.446 186.482 279.245 186.482 279.245 256.029 250.446 256.029
250.820 185.883 279.446 185.883 279.446 255.402 250.820 255.402
246.273 183.874 275.107 183.874 275.107 253.457 246.273 253.457
247.590 183.996 276.377 183.996 276.377 253.198 247.590 253.198
246.774 184.388 275.581 184.388 275.581 253.389 246.774 253.389
246.792 183.618 275.505 183.618 275.505 252.562 246.792 252.562
246.571 183.632 275.276 183.632 275.276 252.416 246.571 252.416
246.070 183.120 274.752 183.120 274.752 251.968 246.070 251.968
245.568 182.158 274.176 182.158 274.176 251.208 245.568 251.208
245.508 181.675 274.099 181.675 274.099 250.764 245.508 250.764
244.825 183.111 273.427 183.111 273.427 252.339 244.825 252.339
244.462 181.263 272.963 181.263 272.963 250.535 244.462 250.535
243.545 182.111 271.959 182.111 271.959 251.224 243.545 251.224
242.514 182.169 271.156 182.169 271.156 250.765 242.514 250.765
242.331 179.765 270.828 179.765 270.828 248.461 242.331 248.461
241.455 179.036 269.867 179.036 269.867 247.962 241.455 247.962
241.524 178.795 269.653 178.795 269.653 248.128 241.524 248.128
241.137 178.947 269.227 178.947 269.227 248.573 241.137 248.573
240.821 178.198 269.053 178.198 269.053 247.928 240.821 247.928
240.043 178.566 268.119 178.566 268.119 248.803 240.043 248.803
238.640 177.398 267.000 177.398 267.000 248.110 238.640 248.110
237.981 176.805 266.562 176.805 266.562 248.046 237.981 248.046
239.091 176.599 267.653 176.599 267.653 248.263 239.091 248.263
238.225 176.104 266.724 176.104 266.724 248.085 238.225 248.085
238.348 174.568 266.548 174.568 266.548 247.022 238.348 247.022
237.763 173.106 265.687 173.106 265.687 245.954 237.763 245.954
237.776 173.293 265.250 173.293 265.250 246.717 237.776 246.717
237.855 173.090 265.177 173.090 265.177 246.984 237.855 246.984
237.000 171.744 264.343 171.744 264.343 245.956 237.000 245.956
237.047 171.527 264.287 171.527 264.287 246.714 237.047 246.714
236.532 170.286 263.809 170.286 263.809 246.335 236.532 246.335
236.040 168.553 263.431 168.553 263.431 245.732 236.040 245.732
236.142 165.356 263.606 165.356 263.606 243.288 236.142 243.288
236.046 164.546 263.733 164.546 263.733 243.310 236.046 243.310
236.115 163.477 263.703 163.477 263.703 242.432 236.115 242.432
235.344 164.176 263.047 164.176 263.047 242.767 235.344 242.767
235.622 164.034 263.514 164.034 263.514 242.104 235.622 242.104
235.391 162.936 263.496 162.936 263.496 240.920 235.391 240.920
236.084 162.140 264.231 162.140 264.231 240.024 236.084 240.024
235.605 161.169 263.873 161.169 263.873 238.879 235.605 238.879
234.921 161.509 263.355 161.509 263.355 239.297 234.921 239.297
234.738 160.416 263.272 160.416 263.272 238.295 234.738 238.295
234.843 161.975 263.770 161.975 263.770 239.855 234.843 239.855
234.604 160.984 263.702 160.984 263.702 238.529 234.604 238.529
234.535 160.452 263.914 160.452 263.914 237.488 234.535 237.488
234.803 160.451 264.444 160.451 264.444 236.893 234.803 236.893
235.074 161.418 264.915 161.418 264.915 237.512 235.074 237.512
234.776 161.578 264.989 161.578 264.989 236.795 234.776 236.795
235.333 162.711 265.916 162.711 265.916 237.024 235.333 237.024
236.556 162.473 267.248 162.473 267.248 235.937 236.556 235.937
239.320 161.106 269.891 161.106 269.891 233.957 239.320 233.957
242.085 159.440 272.459 159.440 272.459 231.392 242.085 231.392
244.319 161.015 274.533 161.015 274.533 231.722 244.319 231.722
246.222 160.549 275.805 160.549 275.805 230.216 246.222 230.216
246.832 162.669 275.991 162.669 275.991 231.223 246.832 231.223
247.276 163.740 275.944 163.740 275.944 232.005 247.276 232.005
248.192 163.210 276.442 163.210 276.442 231.077 248.192 231.077
248.055 162.868 275.844 162.868 275.844 230.310 248.055 230.310
248.261 163.711 275.832 163.711 275.832 231.195 248.261 231.195
248.390 162.862 275.825 162.862 275.825 230.151 248.390 230.151
249.371 163.140 276.559 163.140 276.559 230.850 249.371 230.850
250.472 162.461 277.363 162.461 277.363 230.488 250.472 230.488
250.610 162.361 277.288 162.361 277.288 230.354 250.610 230.354
250.966 162.360 277.407 162.360 277.407 230.483 250.966 230.483
250.807 163.063 277.110 163.063 277.110 231.068 250.807 231.068
252.025 162.292 278.192 162.292 278.192 230.485 252.025 230.485
253.450 161.822 279.437 161.822 279.437 230.352 253.450 230.352
253.948 161.739 279.499 161.739 279.499 231.127 253.948 231.127
255.762 160.310 281.222 160.310 281.222 229.995 255.762 229.995
255.778 161.165 280.987 161.165 280.987 231.231 255.778 231.231
255.837 161.756 280.944 161.756 280.944 231.845 255.837 231.845
257.287 161.414 282.201 161.414 282.201 231.567 257.287 231.567
257.195 161.695 281.847 161.695 281.847 232.084 257.195 232.084
257.227 163.542 281.986 163.542 281.986 233.393 257.227 233.393
257.175 162.962 282.082 162.962 282.082 232.275 257.175 232.275
259.601 167.353 284.665 167.353 284.665 235.797 259.601 235.797
260.909 165.715 286.412 165.715 286.412 233.219 260.909 233.219
262.717 167.729 288.363 167.729 288.363 234.502 262.717 234.502
263.842 165.279 289.548 165.279 289.548 231.805 263.842 231.805
264.521 167.482 290.050 167.482 290.050 234.141 264.521 234.141
265.617 167.367 291.141 167.367 291.141 233.943 265.617 233.943
265.204 168.260 290.781 168.260 290.781 234.609 265.204 234.609
267.454 167.511 292.966 167.511 292.966 233.885 267.454 233.885
268.341 171.007 293.880 171.007 293.880 237.521 268.341 237.521
270.098 169.212 295.744 169.212 295.744 235.585 270.098 235.585
271.474 170.749 297.209 170.749 297.209 236.929 271.474 236.929
272.403 169.828 298.332 169.828 298.332 235.945 272.403 235.945
274.706 168.989 300.507 168.989 300.507 235.501 274.706 235.501
276.347 170.368 301.994 170.368 301.994 236.954 276.347 236.954
278.095 170.629 303.463 170.629 303.463 237.578 278.095 237.578
278.103 171.304 303.573 171.304 303.573 238.364 278.103 238.364
279.628 171.837 305.160 171.837 305.160 238.810 279.628 238.810
281.497 170.522 307.034 170.522 307.034 237.458 281.497 237.458
282.676 170.708 308.378 170.708 308.378 237.775 282.676 237.775
283.371 171.082 309.117 171.082 309.117 238.892 283.371 238.892
284.467 172.108 310.360 172.108 310.360 240.252 284.467 240.252
286.309 172.949 312.353 172.949 312.353 241.674 286.309 241.674
287.502 170.905 313.753 170.905 313.753 239.958 287.502 239.958
288.652 172.088 315.119 172.088 315.119 241.070 288.652 241.070
290.869 172.444 317.709 172.444 317.709 241.330 290.869 241.330
291.894 171.815 319.021 171.815 319.021 240.347 291.894 240.347
293.392 171.173 320.434 171.173 320.434 239.992 293.392 239.992
294.207 172.601 321.207 172.601 321.207 241.422 294.207 241.422
295.226 172.205 322.307 172.205 322.307 240.803 295.226 240.803
296.933 172.957 323.965 172.957 323.965 241.618 296.933 241.618
297.834 172.993 324.832 172.993 324.832 241.910 297.834 241.910
299.752 175.387 326.769 175.387 326.769 244.130 299.752 244.130
300.777 174.482 327.935 174.482 327.935 243.113 300.777 243.113
301.256 174.368 328.495 174.368 328.495 242.840 301.256 242.840
302.306 175.063 329.405 175.063 329.405 243.682 302.306 243.682
304.162 173.222 331.396 173.222 331.396 241.974 304.162 241.974
305.162 173.598 332.459 173.598 332.459 243.098 305.162 243.098
306.545 173.419 334.078 173.419 334.078 243.135 306.545 243.135
307.500 174.455 335.380 174.455 335.380 244.415 307.500 244.415
308.732 174.942 337.031 174.942 337.031 244.495 308.732 244.495
310.465 175.355 339.129 175.355 339.129 244.868 310.465 244.868
311.394 173.861 340.365 173.861 340.365 243.572 311.394 243.572
313.409 172.916 342.626 172.916 342.626 242.862 313.409 242.862
314.930 173.951 344.159 173.951 344.159 244.247 314.930 244.247
316.224 172.880 345.686 172.880 345.686 243.177 316.224 243.177
317.623 172.105 347.160 172.105 347.160 242.202 317.623 242.202
319.300 171.931 348.669 171.931 348.669 241.883 319.300 241.883
320.626 171.789 349.543 171.789 349.543 241.691 320.626 241.691
321.598 170.106 350.097 170.106 350.097 240.144 321.598 240.144
322.365 170.427 350.539 170.427 350.539 240.846 322.365 240.846
322.650 169.066 350.577 169.066 350.577 239.495 322.650 239.495
323.916 170.796 351.593 170.796 351.593 241.276 323.916 241.276
323.990 170.364 351.508 170.364 351.508 240.869 323.990 240.869
324.671 170.035 351.911 170.035 351.911 240.597 324.671 240.597
325.406 171.396 352.412 171.396 352.412 242.408 325.406 242.408
325.628 170.975 352.850 170.975 352.850 241.792 325.628 241.792
326.430 172.207 353.821 172.207 353.821 243.143 326.430 243.143
326.813 170.827 354.328 170.827 354.328 241.960 326.813 241.960
326.845 171.844 354.444 171.844 354.444 243.465 326.845 243.465
327.653 172.450 355.337 172.450 355.337 244.502 327.653 244.502
327.932 172.284 355.664 172.284 355.664 244.442 327.932 244.442
328.008 173.813 355.948 173.813 355.948 246.114 328.008 246.114
329.348 172.524 357.443 172.524 357.443 244.942 329.348 244.942
330.740 172.304 358.756 172.304 358.756 245.078 330.740 245.078
331.336 170.605 359.352 170.605 359.352 243.398 331.336 243.398
333.338 170.185 361.308 170.185 361.308 242.983 333.338 242.983
333.824 171.506 361.561 171.506 361.561 244.850 333.824 244.850
334.100 171.645 361.818 171.645 361.818 245.479 334.100 245.479
333.922 172.585 361.416 172.585 361.416 247.396 333.922 247.396
334.035 172.202 361.338 172.202 361.338 247.549 334.035 247.549
333.715 172.244 360.892 172.244 360.892 248.355 333.715 248.355
333.832 172.127 361.170 172.127 361.170 248.461 333.832 248.461
333.347 170.359 360.756 170.359 360.756 246.973 333.347 246.973
333.124 170.813 360.509 170.813 360.509 247.982 333.124 247.982
337.823 174.996 365.171 174.996 365.171 252.168 337.823 252.168
337.387 174.680 364.786 174.680 364.786 251.873 337.387 251.873
337.723 173.762 364.937 173.762 364.937 251.228 337.723 251.228
338.150 175.139 365.273 175.139 365.273 252.889 338.150 252.889
339.665 176.359 367.017 176.359 367.017 254.098 339.665 254.098
340.462 176.137 368.114 176.137 368.114 253.373 340.462 253.373
339.851 176.528 367.625 176.528 367.625 253.419 339.851 253.419
341.252 176.050 369.081 176.050 369.081 252.786 341.252 252.786
340.852 177.078 368.808 177.078 368.808 253.862 340.852 253.862
342.147 177.904 370.118 177.904 370.118 255.019 342.147 255.019
342.707 178.665 370.756 178.665 370.756 255.653 342.707 255.653
342.894 179.336 371.034 179.336 371.034 256.321 342.894 256.321
344.350 179.388 372.574 179.388 372.574 256.316 344.350 256.316
346.104 179.079 374.254 179.079 374.254 255.876 346.104 255.876
347.234 178.743 375.373 178.743 375.373 255.370 347.234 255.370
348.197 178.332 376.125 178.332 376.125 255.580 348.197 255.580
349.386 178.795 377.037 178.795 377.037 256.748 349.386 256.748
350.314 179.288 377.978 179.288 377.978 256.863 350.314 256.863
350.799 181.131 378.439 181.131 378.439 258.329 350.799 258.329
351.104 180.188 378.730 180.188 378.730 257.092 351.104 257.092
350.942 180.376 378.595 180.376 378.595 257.240 350.942 257.240
352.341 181.120 380.048 181.120 380.048 258.304 352.341 258.304
352.048 181.407 379.843 181.407 379.843 258.649 352.048 258.649
352.592 181.209 380.476 181.209 380.476 258.531 352.592 258.531
353.659 182.051 381.463 182.051 381.463 260.081 353.659 260.081
355.084 182.936 383.094 182.936 383.094 261.380 355.084 261.380
355.605 182.561 384.063 182.561 384.063 260.878 355.605 260.878
356.550 183.913 385.330 183.913 385.330 261.917 356.550 261.917
358.146 183.086 387.237 183.086 387.237 260.539 358.146 260.539
360.103 183.145 389.361 183.145 389.361 260.172 360.103 260.172
362.060 183.874 390.982 183.874 390.982 261.208 362.060 261.208
363.220 184.059 392.010 184.059 392.010 261.565 363.220 261.565
363.671 184.879 392.356 184.879 392.356 262.115 363.671 262.115
364.742 186.214 393.348 186.214 393.348 262.946 364.742 262.946
365.230 185.572 393.715 185.572 393.715 262.222 365.230 262.222
365.945 185.585 394.379 185.585 394.379 262.090 365.945 262.090
366.344 186.264 394.829 186.264 394.829 262.399 366.344 262.399
366.574 186.023 395.037 186.023 395.037 262.286 366.574 262.286
367.243 187.394 395.696 187.394 395.696 263.848 367.243 263.848
367.470 187.608 395.929 187.608 395.929 264.256 367.470 264.256
369.054 188.613 397.274 188.613 397.274 265.535 369.054 265.535
370.871 191.209 399.197 191.209 399.197 267.967 370.871 267.967
372.156 190.721 400.664 190.721 400.664 267.307 372.156 267.307
373.632 188.692 402.042 188.692 402.042 265.066 373.632 265.066
374.984 189.513 403.163 189.513 403.163 266.168 374.984 266.168
377.030 190.155 405.192 190.155 405.192 266.741 377.030 266.741
377.602 192.094 405.782 192.094 405.782 268.572 377.602 268.572
378.145 191.604 406.288 191.604 406.288 268.339 378.145 268.339
378.712 192.299 406.971 192.299 406.971 268.599 378.712 268.599
379.768 193.118 408.097 193.118 408.097 269.220 379.768 269.220
380.211 192.259 408.436 192.259 408.436 268.792 380.211 268.792
380.052 192.336 408.425 192.336 408.425 268.842 380.052 268.842
380.806 193.730 409.243 193.730 409.243 270.796 380.806 270.796
381.520 195.105 410.147 195.105 410.147 272.596 381.520 272.596
382.494 196.565 411.217 196.565 411.217 274.279 382.494 274.279
383.678 196.140 412.678 196.140 412.678 273.925 383.678 273.925
385.461 196.666 414.571 196.666 414.571 274.597 385.461 274.597
386.462 196.984 415.593 196.984 415.593 275.247 386.462 275.247
387.552 194.546 416.746 194.546 416.746 272.878 387.552 272.878
388.889 194.597 418.002 194.597 418.002 272.858 388.889 272.858
390.000 194.112 418.977 194.112 418.977 272.599 390.000 272.599
390.565 195.533 419.487 195.533 419.487 274.269 390.565 274.269
391.537 196.289 420.428 196.289 420.428 275.140 391.537 275.140
391.773 196.448 420.693 196.448 420.693 275.252 391.773 275.252
392.716 196.406 421.644 196.406 421.644 275.326 392.716 275.326
393.387 195.178 422.266 195.178 422.266 274.383 393.387 274.383
393.395 194.909 422.250 194.909 422.250 274.326 393.395 274.326
394.814 195.932 423.627 195.932 423.627 275.700 394.814 275.700
395.123 198.638 423.993 198.638 423.993 278.632 395.123 278.632
434.965 176.158 464.530 176.158 464.530 256.057 434.965 256.057
440.985 174.780 470.719 174.780 470.719 254.682 440.985 254.682
440.379 173.978 470.119 173.978 470.119 253.945 440.379 253.945
439.858 174.150 469.615 174.150 469.615 253.779 439.858 253.779
440.741 175.199 470.414 175.199 470.414 254.761 440.741 254.761
442.528 174.817 471.631 174.817 471.631 254.437 442.528 254.437
442.764 174.917 471.547 174.917 471.547 253.694 442.764 253.694
442.686 173.419 471.100 173.419 471.100 251.887 442.686 251.887
442.846 173.981 470.961 173.981 470.961 252.117 442.846 252.117
438.027 175.215 466.081 175.215 466.081 253.003 438.027 253.003
439.389 176.394 467.364 176.394 467.364 253.750 439.389 253.750
438.972 176.560 466.962 176.560 466.962 253.186 438.972 253.186
438.163 175.307 466.083 175.307 466.083 251.493 438.163 251.493
433.502 174.829 461.283 174.829 461.283 250.643 433.502 250.643
433.123 172.766 461.053 172.766 461.053 247.719 433.123 247.719
432.591 172.565 460.540 172.565 460.540 246.834 432.591 246.834
432.618 173.014 460.386 173.014 460.386 246.858 432.618 246.858
431.637 172.425 459.307 172.425 459.307 245.929 431.637 245.929
431.665 173.778 459.197 173.778 459.197 246.586 431.665 246.586
430.571 173.476 458.069 173.476 458.069 245.865 430.571 245.865
430.093 173.825 457.579 173.825 457.579 245.937 430.093 245.937
429.819 174.092 457.149 174.092 457.149 246.655 429.819 246.655
429.643 174.261 456.985 174.261 456.985 247.463 429.643 247.463
429.979 173.379 457.288 173.379 457.288 246.911 429.979 246.911
429.884 172.360 457.360 172.360 457.360 245.640 429.884 245.640
423.678 172.060 451.024 172.060 451.024 245.655 423.678 245.655
423.654 171.250 450.755 171.250 450.755 245.090 423.654 245.090
419.082 170.011 446.137 170.011 446.137 244.079 419.082 244.079
419.906 169.907 446.604 169.907 446.604 244.371 419.906 244.371
419.862 169.198 446.254 169.198 446.254 244.480 419.862 244.480
420.308 170.377 446.469 170.377 446.469 245.209 420.308 245.209
419.657 170.546 445.516 170.546 445.516 245.298 419.657 245.298
418.767 170.166 444.198 170.166 444.198 245.384 418.767 245.384
418.366 168.879 443.567 168.879 443.567 244.028 418.366 244.028
418.051 168.706 443.102 168.706 443.102 243.687 418.051 243.687
417.553 167.154 442.410 167.154 442.410 242.269 417.553 242.269
417.119 167.692 441.743 167.692 441.743 242.655 417.119 242.655
416.477 167.655 440.987 167.655 440.987 242.375 416.477 242.375
416.584 168.342 440.904 168.342 440.904 242.872 416.584 242.872
416.134 167.811 440.462 167.811 440.462 241.738 416.134 241.738
415.900 168.150 440.221 168.150 440.221 241.745 415.900 241.745
415.632 167.589 439.838 167.589 439.838 241.092 415.632 241.092
415.734 167.747 439.838 167.747 439.838 241.415 415.734 241.415
415.268 166.740 439.274 166.740 439.274 240.194 415.268 240.194
415.032 167.232 438.926 167.232 438.926 240.508 415.032 240.508
414.931 167.213 438.830 167.213 438.830 240.262 414.931 240.262
414.748 166.047 438.560 166.047 438.560 239.290 414.748 239.290
