206.000 174.000 277.000 174.000 277.000 231.000 206.000 231.000
207.456 174.080 278.499 174.080 278.499 231.114 207.456 231.114
206.871 173.709 277.802 173.709 277.802 230.733 206.871 230.733
207.314 173.547 278.187 173.547 278.187 230.490 207.314 230.490
206.696 173.605 277.655 173.605 277.655 230.492 206.696 230.492
207.217 173.820 278.187 173.820 278.187 230.534 207.217 230.534
206.293 174.330 277.371 174.330 277.371 231.024 206.293 231.024
206.592 174.345 277.539 174.345 277.539 231.215 206.592 231.215
206.512 174.471 277.582 174.471 277.582 231.201 206.512 231.201
207.103 174.336 278.140 174.336 278.140 231.128 207.103 231.128
205.268 174.095 276.189 174.095 276.189 230.761 205.268 230.761
206.183 174.935 277.038 174.935 277.038 231.351 206.183 231.351
206.660 174.175 277.265 174.175 277.265 230.763 206.660 230.763
208.531 174.945 279.117 174.945 279.117 231.514 208.531 231.514
206.579 173.980 277.089 173.980 277.089 230.536 206.579 230.536
207.895 174.267 278.188 174.267 278.188 230.930 207.895 230.930
207.562 174.299 277.673 174.299 277.673 230.998 207.562 230.998
206.216 174.099 276.405 174.099 276.405 230.747 206.216 230.747
207.005 173.991 277.209 173.991 277.209 230.526 207.005 230.526
207.395 175.534 277.789 175.534 277.789 232.031 207.395 232.031
206.893 173.625 277.261 173.625 277.261 230.167 206.893 230.167
207.593 173.882 277.978 173.882 277.978 230.461 207.593 230.461
207.041 174.350 277.617 174.350 277.617 230.747 207.041 230.747
207.144 174.672 277.897 174.672 277.897 230.796 207.144 230.796
205.839 175.779 276.631 175.779 276.631 231.611 205.839 231.611
205.872 175.392 276.761 175.392 276.761 231.295 205.872 231.295
206.469 175.539 277.275 175.539 277.275 231.419 206.469 231.419
207.025 175.232 278.005 175.232 278.005 230.938 207.025 230.938
205.867 175.447 276.789 175.447 276.789 230.828 205.867 230.828
207.003 175.147 278.152 175.147 278.152 230.095 207.003 230.095
207.203 176.404 278.882 176.404 278.882 230.758 207.203 230.758
206.835 175.360 279.061 175.360 279.061 229.096 206.835 229.096
205.911 175.209 278.401 175.209 278.401 228.623 205.911 228.623
204.683 175.304 277.284 175.304 277.284 228.713 204.683 228.713
204.706 174.432 277.403 174.432 277.403 227.888 204.706 227.888
204.961 176.288 277.594 176.288 277.594 229.703 204.961 229.703
203.524 176.517 276.428 176.517 276.428 229.569 203.524 229.569
205.169 176.147 277.775 176.147 277.775 229.299 205.169 229.299
207.124 175.186 279.195 175.186 279.195 228.386 207.124 228.386
206.246 178.478 277.716 178.478 277.716 232.308 206.246 232.308
207.828 177.911 278.528 177.911 278.528 232.597 207.828 232.597
207.891 176.714 278.179 176.714 278.179 231.905 207.891 231.905
206.840 175.360 276.852 175.360 276.852 230.794 206.840 230.794
205.718 175.572 276.312 175.572 276.312 230.807 205.718 230.807
204.541 175.389 275.449 175.389 275.449 230.426 204.541 230.426
205.778 175.317 276.814 175.317 276.814 230.377 205.778 230.377
206.107 175.660 276.753 175.660 276.753 230.914 206.107 230.914
206.071 176.469 276.722 176.469 276.722 231.560 206.071 231.560
205.867 175.259 276.688 175.259 276.688 230.570 205.867 230.570
205.212 174.656 275.575 174.656 275.575 230.177 205.212 230.177
207.663 175.318 278.116 175.318 278.116 230.992 207.663 230.992
206.944 175.528 277.483 175.528 277.483 231.008 206.944 231.008
206.357 176.394 276.816 176.394 276.816 231.713 206.357 231.713
205.666 176.128 276.342 176.128 276.342 231.263 205.666 231.263
205.775 174.347 276.437 174.347 276.437 229.657 205.775 229.657
206.419 175.211 276.772 175.211 276.772 230.665 206.419 230.665
204.275 175.643 274.619 175.643 274.619 231.056 204.275 231.056
206.431 176.830 276.747 176.830 276.747 232.417 206.431 232.417
206.685 174.878 276.787 174.878 276.787 230.510 206.685 230.510
205.644 174.724 275.820 174.724 275.820 230.296 205.644 230.296
206.812 174.428 276.827 174.428 276.827 230.103 206.812 230.103
206.846 175.347 277.128 175.347 277.128 231.044 206.846 231.044
206.946 175.243 277.044 175.243 277.044 231.227 206.946 231.227
207.881 175.603 278.074 175.603 278.074 231.607 207.881 231.607
207.205 175.835 277.403 175.835 277.403 231.768 207.205 231.768
206.855 175.095 277.185 175.095 277.185 231.113 206.855 231.113
207.374 174.339 277.872 174.339 277.872 230.508 207.374 230.508
206.577 174.593 277.140 174.593 277.140 230.686 206.577 230.686
205.474 175.234 276.132 175.234 276.132 231.239 205.474 231.239
206.166 175.360 276.691 175.360 276.691 231.283 206.166 231.283
207.587 175.204 277.894 175.204 277.894 231.169 207.587 231.169
207.084 174.075 277.510 174.075 277.510 230.050 207.084 230.050
205.178 174.629 275.557 174.629 275.557 230.416 205.178 230.416
207.013 174.917 277.513 174.917 277.513 230.459 207.013 230.459
208.151 175.704 278.522 175.704 278.522 231.320 208.151 231.320
207.435 176.081 277.708 176.081 277.708 231.541 207.435 231.541
207.228 174.624 277.703 174.624 277.703 230.024 207.228 230.024
205.206 175.070 275.501 175.070 275.501 230.580 205.206 230.580
206.946 174.988 277.293 174.988 277.293 230.661 206.946 230.661
205.288 175.224 275.763 175.224 275.763 230.717 205.288 230.717
208.780 175.776 279.205 175.776 279.205 231.326 208.780 231.326
207.265 175.883 277.486 175.883 277.486 231.610 207.265 231.610
205.778 174.062 275.988 174.062 275.988 229.832 205.778 229.832
205.449 175.344 275.768 175.344 275.768 230.977 205.449 230.977
206.927 174.933 277.127 174.933 277.127 230.547 206.927 230.547
207.403 175.313 277.438 175.313 277.438 231.082 207.403 231.082
208.303 176.162 278.402 176.162 278.402 231.912 208.303 231.912
206.460 175.508 276.777 175.508 276.777 231.117 206.460 231.117
205.320 175.560 275.610 175.560 275.610 231.121 205.320 231.121
205.117 175.324 275.467 175.324 275.467 230.813 205.117 230.813
208.014 175.953 278.458 175.953 278.458 231.523 208.014 231.523
206.727 175.672 277.029 175.672 277.029 231.401 206.727 231.401
205.978 175.332 276.476 175.332 276.476 230.995 205.978 230.995
205.913 174.301 276.154 174.301 276.154 230.102 205.913 230.102
207.460 176.010 277.725 176.010 277.725 231.856 207.460 231.856
205.941 176.223 276.145 176.223 276.145 231.972 205.941 231.972
205.990 175.557 276.437 175.557 276.437 231.339 205.990 231.339
207.213 174.980 277.717 174.980 277.717 230.680 207.213 230.680
207.274 175.338 277.777 175.338 277.777 230.952 207.274 230.952
207.973 175.906 278.405 175.906 278.405 231.443 207.973 231.443
205.836 175.261 276.462 175.261 276.462 230.705 205.836 230.705
206.215 174.635 276.787 174.635 276.787 230.048 206.215 230.048
207.136 174.679 277.730 174.679 277.730 230.106 207.136 230.106
207.308 174.816 277.695 174.816 277.695 230.485 207.308 230.485
208.004 175.629 278.411 175.629 278.411 231.246 208.004 231.246
207.884 175.529 278.217 175.529 278.217 231.188 207.884 231.188
205.906 174.594 276.321 174.594 276.321 230.211 205.906 230.211
206.452 174.280 276.702 174.280 276.702 229.846 206.452 229.846
206.045 175.638 276.306 175.638 276.306 231.364 206.045 231.364
207.205 176.037 277.533 176.037 277.533 231.679 207.205 231.679
207.014 176.002 277.479 176.002 277.479 231.789 207.014 231.789
206.916 175.179 277.685 175.179 277.685 230.897 206.916 230.897
204.903 174.783 275.705 174.783 275.705 230.443 204.903 230.443
208.292 174.805 278.931 174.805 278.931 230.636 208.292 230.636
207.448 176.015 278.066 176.015 278.066 231.790 207.448 231.790
207.500 175.537 278.321 175.537 278.321 231.124 207.500 231.124
206.839 174.709 277.628 174.709 277.628 230.418 206.839 230.418
206.917 174.459 277.642 174.459 277.642 230.031 206.917 230.031
206.701 175.171 277.018 175.171 277.018 230.536 206.701 230.536
207.730 175.593 278.007 175.593 278.007 230.954 207.730 230.954
207.138 175.489 277.465 175.489 277.465 230.886 207.138 230.886
205.892 174.643 276.246 174.643 276.246 230.079 205.892 230.079
206.511 175.272 276.892 175.272 276.892 230.822 206.511 230.822
206.164 175.860 276.479 175.860 276.479 231.206 206.164 231.206
207.918 175.373 278.253 175.373 278.253 230.566 207.918 230.566
205.896 175.379 276.286 175.379 276.286 230.822 205.896 230.822
204.755 174.753 275.153 174.753 275.153 230.141 204.755 230.141
206.292 175.694 276.667 175.694 276.667 231.041 206.292 231.041
207.716 175.772 278.096 175.772 278.096 231.060 207.716 231.060
207.415 175.688 277.837 175.688 277.837 230.798 207.415 230.798
208.891 175.217 279.356 175.217 279.356 230.258 208.891 230.258
206.482 174.715 276.583 174.715 276.583 229.979 206.482 229.979
206.367 173.679 276.317 173.679 276.317 228.875 206.367 228.875
209.301 175.328 279.468 175.328 279.468 230.748 209.301 230.748
206.340 175.337 276.502 175.337 276.502 230.620 206.340 230.620
205.485 175.246 275.664 175.246 275.664 230.500 205.485 230.500
205.869 173.779 275.991 173.779 275.991 229.073 205.869 229.073
207.963 175.443 278.429 175.443 278.429 230.556 207.963 230.556
207.813 175.490 278.262 175.490 278.262 230.664 207.813 230.664
205.861 176.162 276.268 176.162 276.268 231.256 205.861 231.256
206.038 174.300 276.483 174.300 276.483 229.620 206.038 229.620
206.739 175.325 277.126 175.325 277.126 230.823 206.739 230.823
207.273 175.398 277.742 175.398 277.742 231.099 207.273 231.099
207.532 176.245 277.930 176.245 277.930 231.422 207.532 231.422
207.084 176.003 277.684 176.003 277.684 231.152 207.084 231.152
205.811 175.962 276.324 175.962 276.324 231.127 205.811 231.127
204.476 176.466 274.581 176.466 274.581 231.914 204.476 231.914
204.360 177.342 273.819 177.342 273.819 233.414 204.360 233.414
205.806 176.388 275.634 176.388 275.634 232.393 205.806 232.393
200.649 171.133 270.086 171.133 270.086 227.549 200.649 227.549
196.518 171.880 266.228 171.880 266.228 228.138 196.518 228.138
193.038 170.691 262.503 170.691 262.503 227.329 193.038 227.329
203.906 165.073 274.126 165.073 274.126 220.862 203.906 220.862
205.996 167.456 278.306 167.456 278.306 221.550 205.996 221.550
205.806 173.151 278.909 173.151 278.909 226.453 205.806 226.453
206.646 175.326 279.783 175.326 279.783 228.411 206.646 228.411
205.215 176.523 278.320 176.523 278.320 229.580 205.215 229.580
204.001 177.967 277.019 177.967 277.019 231.362 204.001 231.362
206.455 177.394 278.973 177.394 278.973 231.726 206.455 231.726
204.731 175.162 276.897 175.162 276.897 229.685 204.731 229.685
205.616 174.389 277.125 174.389 277.125 229.112 205.616 229.112
205.984 175.568 277.228 175.568 277.228 230.566 205.984 230.566
205.599 175.709 276.418 175.709 276.418 230.875 205.599 230.875
206.240 176.355 276.924 176.355 276.924 231.491 206.240 231.491
206.176 174.697 276.875 174.697 276.875 230.077 206.176 230.077
205.984 174.212 276.589 174.212 276.589 229.363 205.984 229.363
205.911 174.727 276.575 174.727 276.575 229.750 205.911 229.750
206.275 177.454 276.861 177.454 276.861 232.755 206.275 232.755
206.022 174.705 276.563 174.705 276.563 229.834 206.022 229.834
206.649 175.082 277.227 175.082 277.227 230.262 206.649 230.262
205.454 173.691 276.306 173.691 276.306 228.856 205.454 228.856
205.541 177.036 276.255 177.036 276.255 232.255 205.541 232.255
205.806 175.015 276.376 175.015 276.376 230.497 205.806 230.497
207.251 174.816 277.854 174.816 277.854 230.420 207.251 230.420
206.533 174.314 276.893 174.314 276.893 230.095 206.533 230.095
207.264 174.097 277.624 174.097 277.624 229.890 207.264 229.890
206.962 174.599 277.280 174.599 277.280 230.283 206.962 230.283
207.741 175.890 278.337 175.890 278.337 231.396 207.741 231.396
205.604 174.255 276.434 174.255 276.434 229.517 205.604 229.517
205.234 174.786 276.187 174.786 276.187 229.805 205.234 229.805
206.644 175.531 277.627 175.531 277.627 230.600 206.644 230.600
208.102 176.098 279.172 176.098 279.172 231.140 208.102 231.140
207.611 176.028 278.483 176.028 278.483 231.302 207.611 231.302
205.899 174.790 276.972 174.790 276.972 230.014 205.899 230.014
206.095 174.902 277.216 174.902 277.216 229.939 206.095 229.939
205.708 175.819 276.941 175.819 276.941 230.728 205.708 230.728
207.002 176.060 278.183 176.060 278.183 230.984 207.002 230.984
207.676 176.399 279.206 176.399 279.206 231.029 207.676 231.029
205.427 175.334 276.993 175.334 276.993 229.909 205.427 229.909
207.313 175.254 278.704 175.254 278.704 230.022 207.313 230.022
205.441 175.812 276.585 175.812 276.585 230.335 205.441 230.335
206.873 178.175 277.612 178.175 277.612 233.074 206.873 233.074
206.043 177.291 277.063 177.291 277.063 231.734 206.043 231.734
206.470 177.129 277.818 177.129 277.818 231.083 206.470 231.083
205.295 178.427 276.898 178.427 276.898 231.941 205.295 231.941
204.673 179.146 276.156 179.146 276.156 232.560 204.673 232.560
204.948 178.040 276.228 178.040 276.228 231.510 204.948 231.510
205.806 178.130 276.934 178.130 276.934 231.917 205.806 231.917
204.460 178.016 275.313 178.016 275.313 231.796 204.460 231.796
204.276 176.868 274.781 176.868 274.781 230.487 204.276 230.487
204.896 176.157 274.682 176.157 274.682 230.066 204.896 230.066
206.099 177.646 275.403 177.646 275.403 231.434 206.099 231.434
205.581 177.280 274.813 177.280 274.813 230.900 205.581 230.900
206.123 178.324 275.231 178.324 275.231 231.790 206.123 231.790
207.837 176.753 276.402 176.753 276.402 230.541 207.837 230.541
207.605 177.067 275.796 177.067 275.796 231.174 207.605 231.174
209.081 177.723 277.254 177.723 277.254 232.274 209.081 232.274
209.176 178.468 276.936 178.468 276.936 233.184 209.176 233.184
208.717 178.534 276.219 178.534 276.219 233.321 208.717 233.321
208.603 177.396 276.161 177.396 276.161 232.069 208.603 232.069
207.478 175.524 275.296 175.524 275.296 230.154 207.478 230.154
208.357 175.939 276.549 175.939 276.549 230.668 208.357 230.668
208.127 176.823 276.348 176.823 276.348 231.892 208.127 231.892
207.920 176.338 276.243 176.338 276.243 231.831 207.920 231.831
208.399 175.717 276.913 175.717 276.913 231.591 208.399 231.591
208.358 174.633 277.016 174.633 277.016 230.849 208.358 230.849
206.457 174.424 275.291 174.424 275.291 230.635 206.457 230.635
207.052 174.906 276.218 174.906 276.218 230.837 207.052 230.837
208.394 176.333 277.658 176.333 277.658 232.238 208.394 232.238
207.838 175.397 277.481 175.397 277.481 231.057 207.838 231.057
206.676 174.084 276.282 174.084 276.282 229.777 206.676 229.777
207.397 175.199 277.144 175.199 277.144 230.779 207.397 230.779
206.934 175.405 276.594 175.405 276.594 230.940 206.934 230.940
207.441 175.292 277.300 175.292 277.300 230.836 207.441 230.836
206.109 176.123 275.975 176.123 275.975 231.655 206.109 231.655
206.855 175.327 276.899 175.327 276.899 231.085 206.855 231.085
205.530 175.724 275.596 175.724 275.596 231.407 205.530 231.407
204.905 174.419 275.032 174.419 275.032 230.186 204.905 230.186
207.768 175.744 277.939 175.744 277.939 231.575 207.768 231.575
207.171 175.685 277.237 175.685 277.237 231.467 207.171 231.467
207.919 174.778 278.212 174.778 278.212 230.902 207.919 230.902
205.963 174.209 276.456 174.209 276.456 230.364 205.963 230.364
205.526 173.921 276.140 173.921 276.140 230.028 205.526 230.028
206.208 176.928 276.787 176.928 276.787 232.886 206.208 232.886
206.010 175.148 276.741 175.148 276.741 231.014 206.010 231.014
206.225 174.773 277.037 174.773 277.037 230.489 206.225 230.489
205.895 174.747 276.697 174.747 276.697 230.283 205.895 230.283
206.632 174.463 277.353 174.463 277.353 229.920 206.632 229.920
207.785 175.129 278.450 175.129 278.450 230.615 207.785 230.615
205.778 176.335 276.220 176.335 276.220 231.982 205.778 231.982
206.892 176.271 277.231 176.271 277.231 231.959 206.892 231.959
207.183 175.643 277.675 175.643 277.675 231.481 207.183 231.481
205.095 172.796 275.468 172.796 275.468 228.381 205.095 228.381
207.466 175.292 277.871 175.292 277.871 230.751 207.466 230.751
206.913 176.110 277.215 176.110 277.215 231.566 206.913 231.566
206.513 176.596 276.954 176.596 276.954 231.997 206.513 231.997
206.643 175.851 277.349 175.851 277.349 231.247 206.643 231.247
206.510 175.254 277.234 175.254 277.234 230.704 206.510 230.704
206.245 175.015 276.831 175.015 276.831 230.475 206.245 230.475
206.138 175.207 276.308 175.207 276.308 230.849 206.138 230.849
206.639 178.136 276.864 178.136 276.864 233.752 206.639 233.752
207.460 176.052 277.807 176.052 277.807 231.594 207.460 231.594
205.042 174.408 275.712 174.408 275.712 229.753 205.042 229.753
206.625 174.700 277.211 174.700 277.211 230.124 206.625 230.124
206.936 175.000 277.565 175.000 277.565 230.581 206.936 230.581
206.468 177.589 276.962 177.589 276.962 233.051 206.468 233.051
206.911 176.777 277.460 176.777 277.460 232.334 206.911 232.334
206.147 174.248 276.827 174.248 276.827 229.813 206.147 229.813
204.699 175.131 275.294 175.131 275.294 230.506 204.699 230.506
205.495 175.139 275.982 175.139 275.982 230.615 205.495 230.615
205.988 177.187 276.433 177.187 276.433 232.682 205.988 232.682
206.494 176.643 277.061 176.643 277.061 232.173 206.494 232.173
206.343 173.809 277.001 173.809 277.001 229.171 206.343 229.171
206.363 175.206 277.095 175.206 277.095 230.465 206.363 230.465
203.769 175.922 274.657 175.922 274.657 230.918 203.769 230.918
207.901 176.796 278.742 176.796 278.742 232.009 207.901 232.009
205.423 175.588 276.187 175.588 276.187 230.778 205.423 230.778
207.807 175.786 278.621 175.786 278.621 231.043 207.807 231.043
205.434 174.781 276.436 174.781 276.436 230.048 205.434 230.048
207.753 175.023 278.698 175.023 278.698 230.213 207.753 230.213
204.992 175.094 275.889 175.094 275.889 230.331 204.992 230.331
208.318 176.678 279.123 176.678 279.123 232.018 208.318 232.018
205.364 175.587 275.885 175.587 275.885 230.857 205.364 230.857
204.819 175.186 275.314 175.186 275.314 230.639 204.819 230.639
205.314 175.008 275.873 175.008 275.873 230.507 205.314 230.507
206.550 174.862 276.681 174.862 276.681 230.539 206.550 230.539
205.170 175.549 275.320 175.549 275.320 231.180 205.170 231.180
209.004 175.727 279.081 175.727 279.081 231.455 209.004 231.455
206.482 173.517 276.623 173.517 276.623 229.110 206.482 229.110
205.102 175.836 275.337 175.836 275.337 231.536 205.102 231.536
206.205 173.662 276.529 173.662 276.529 229.216 206.205 229.216
209.493 175.830 279.878 175.830 279.878 231.417 209.493 231.417
205.522 175.726 275.823 175.726 275.823 231.095 205.522 231.095
207.750 175.364 278.099 175.364 278.099 230.577 207.750 230.577
205.190 174.811 275.368 174.811 275.368 230.205 205.190 230.205
206.820 174.501 277.217 174.501 277.217 229.518 206.820 229.518
205.838 175.357 276.455 175.357 276.455 230.293 205.838 230.293
207.668 176.179 278.234 176.179 278.234 231.599 207.668 231.599
206.413 176.109 276.817 176.109 276.817 231.634 206.413 231.634
206.585 174.541 277.047 174.541 277.047 230.215 206.585 230.215
205.604 174.083 275.967 174.083 275.967 229.765 205.604 229.765
206.849 174.635 277.326 174.635 277.326 230.342 206.849 230.342
207.891 174.846 278.255 174.846 278.255 230.629 207.891 230.629
208.437 177.027 279.075 177.027 279.075 232.617 208.437 232.617
206.693 176.087 277.176 176.087 277.176 231.595 206.693 231.595
205.020 174.585 275.535 174.585 275.535 229.954 205.020 229.954
206.153 174.888 276.586 174.888 276.586 230.396 206.153 230.396
205.872 174.677 276.261 174.677 276.261 230.140 205.872 230.140
207.848 176.851 278.285 176.851 278.285 232.416 207.848 232.416
207.191 174.832 277.618 174.832 277.618 230.372 207.191 230.372
205.984 175.094 276.406 175.094 276.406 230.485 205.984 230.485
205.165 173.513 275.792 173.513 275.792 228.870 205.165 228.870
207.276 174.642 277.809 174.642 277.809 230.320 207.276 230.320
206.554 176.767 277.303 176.767 277.303 232.187 206.554 232.187
205.487 176.160 276.343 176.160 276.343 231.421 205.487 231.421
207.542 176.112 278.484 176.112 278.484 231.248 207.542 231.248
206.480 175.578 277.392 175.578 277.392 230.866 206.480 230.866
206.174 173.908 277.253 173.908 277.253 229.306 206.174 229.306
207.672 175.294 278.680 175.294 278.680 230.850 207.672 230.850
205.832 176.848 276.830 176.848 276.830 232.276 205.832 232.276
206.626 176.584 277.297 176.584 277.297 232.149 206.626 232.149
207.583 175.553 278.225 175.553 278.225 231.289 207.583 231.289
205.089 174.064 275.833 174.064 275.833 229.642 205.089 229.642
207.470 175.128 278.325 175.128 278.325 230.733 207.470 230.733
205.333 175.393 276.270 175.393 276.270 230.840 205.333 230.840
208.854 175.602 279.721 175.602 279.721 231.056 208.854 231.056
205.798 175.223 276.690 175.223 276.690 230.381 205.798 230.381
204.843 174.461 275.586 174.461 275.586 229.675 204.843 229.675
207.603 174.634 278.375 174.634 278.375 229.944 207.603 229.944
206.718 174.794 277.520 174.794 277.520 230.001 206.718 230.001
206.237 177.028 277.008 177.028 277.008 232.206 206.237 232.206
205.173 177.029 275.990 177.029 275.990 231.980 205.173 231.980
207.670 175.037 278.565 175.037 278.565 230.046 207.670 230.046
204.491 174.502 275.483 174.502 275.483 229.468 204.491 229.468
207.278 175.123 278.271 175.123 278.271 230.179 207.278 230.179
205.118 176.172 275.964 176.172 275.964 231.161 205.118 231.161
207.613 176.079 278.439 176.079 278.439 231.251 207.613 231.251
205.740 176.551 276.386 176.551 276.386 231.562 205.740 231.562
205.629 173.770 276.129 173.770 276.129 229.037 205.629 229.037
204.516 175.542 274.931 175.542 274.931 230.863 204.516 230.863
204.838 176.197 275.140 176.197 275.140 231.756 204.838 231.756
206.222 176.414 276.544 176.414 276.544 232.133 206.222 232.133
206.633 175.675 277.154 175.675 277.154 231.223 206.633 231.223
207.448 175.039 278.018 175.039 278.018 230.670 207.448 230.670
207.263 174.704 277.691 174.704 277.691 230.478 207.263 230.478
207.399 174.817 277.592 174.817 277.592 230.652 207.399 230.652
207.538 176.078 277.766 176.078 277.766 231.826 207.538 231.826
205.895 176.393 276.191 176.393 276.191 231.963 205.895 231.963
206.059 175.390 276.502 175.390 276.502 231.045 206.059 231.045
206.918 174.811 277.540 174.811 277.540 230.655 206.918 230.655
206.746 174.514 277.502 174.514 277.502 230.157 206.746 230.157
206.851 174.846 277.573 174.846 277.573 230.644 206.851 230.644
206.178 176.860 277.018 176.860 277.018 232.405 206.178 232.405
205.868 175.439 276.525 175.439 276.525 230.964 205.868 230.964
205.398 173.920 276.216 173.920 276.216 229.440 205.398 229.440
208.331 174.064 279.028 174.064 279.028 229.771 208.331 229.771
204.881 174.802 275.506 174.802 275.506 230.570 204.881 230.570
206.441 177.261 277.050 177.261 277.050 232.951 206.441 232.951
207.542 175.729 278.118 175.729 278.118 231.423 207.542 231.423
208.121 175.076 278.769 175.076 278.769 230.814 208.121 230.814
204.691 173.827 275.179 173.827 275.179 229.678 204.691 229.678
208.326 173.828 278.789 173.828 278.789 229.799 208.326 229.799
208.008 175.731 278.606 175.731 278.606 231.552 208.008 231.552
207.880 175.984 278.373 175.984 278.373 231.891 207.880 231.891
206.121 174.791 276.824 174.791 276.824 230.660 206.121 230.660
205.058 174.282 275.725 174.282 275.725 230.094 205.058 230.094
206.627 174.706 277.271 174.706 277.271 230.651 206.627 230.651
206.259 173.898 277.042 173.898 277.042 229.913 206.259 229.913
206.138 176.177 276.948 176.177 276.948 232.133 206.138 232.133
206.406 176.388 277.167 176.388 277.167 232.521 206.406 232.521
206.831 175.257 277.596 175.257 277.596 231.510 206.831 231.510
206.221 173.773 277.057 173.773 277.057 229.973 206.221 229.973
205.764 174.291 276.431 174.291 276.431 230.509 205.764 230.509
207.516 175.332 278.220 175.332 278.220 231.462 207.516 231.462
208.199 177.111 279.267 177.111 279.267 233.001 208.199 233.001
205.367 174.480 276.364 174.480 276.364 230.324 205.367 230.324
204.532 175.574 275.637 175.574 275.637 231.288 204.532 231.288
207.591 174.500 278.700 174.500 278.700 230.441 207.591 230.441
207.274 174.795 278.203 174.795 278.203 230.797 207.274 230.797
207.376 175.993 278.508 175.993 278.508 231.983 207.376 231.983
206.638 175.783 277.747 175.783 277.747 231.589 206.638 231.589
206.710 174.164 277.935 174.164 277.935 230.293 206.710 230.293
204.260 174.187 275.381 174.187 275.381 230.053 204.260 230.053
205.038 174.700 276.308 174.700 276.308 230.587 205.038 230.587
208.169 176.608 279.327 176.608 279.327 232.621 208.169 232.621
205.384 176.217 276.229 176.217 276.229 232.152 205.384 232.152
207.699 175.229 278.691 175.229 278.691 231.351 207.699 231.351
205.774 174.211 276.541 174.211 276.541 230.393 205.774 230.393
206.965 174.005 277.760 174.005 277.760 230.345 206.965 230.345
207.070 174.979 277.831 174.979 277.831 231.034 207.070 231.034
206.269 177.452 276.849 177.452 276.849 233.354 206.269 233.354
207.788 176.397 278.231 176.397 278.231 232.285 207.788 232.285
206.869 174.701 277.280 174.701 277.280 230.721 206.869 230.721
207.121 174.425 277.664 174.425 277.664 230.292 207.121 230.292
206.679 174.797 277.427 174.797 277.427 230.407 206.679 230.407
206.329 175.980 276.870 175.980 276.870 231.705 206.329 231.705
208.264 176.493 278.780 176.493 278.780 232.151 208.264 232.151
205.815 175.715 276.344 175.715 276.344 231.227 205.815 231.227
206.814 173.787 277.297 173.787 277.297 229.526 206.814 229.526
205.798 174.444 276.142 174.444 276.142 230.150 205.798 230.150
206.893 174.499 277.484 174.499 277.484 229.970 206.893 229.970
206.272 177.273 276.840 177.273 276.840 232.750 206.272 232.750
205.520 175.788 275.946 175.788 275.946 231.332 205.520 231.332
207.786 175.387 278.522 175.387 278.522 230.931 207.786 230.931
205.074 174.151 275.824 174.151 275.824 229.549 205.074 229.549
206.138 175.115 276.784 175.115 276.784 230.486 206.138 230.486
205.956 175.143 276.552 175.143 276.552 230.412 205.956 230.412
205.775 177.570 276.285 177.570 276.285 232.818 205.775 232.818
206.325 176.490 277.031 176.490 277.031 231.611 206.325 231.611
205.874 174.869 276.859 174.869 276.859 230.123 205.874 230.123
206.777 174.709 277.473 174.709 277.473 230.176 206.777 230.176
207.281 175.144 277.909 175.144 277.909 230.575 207.281 230.575
206.235 176.660 276.669 176.660 276.669 232.203 206.235 232.203
206.650 175.804 277.056 175.804 277.056 231.346 206.650 231.346
206.836 174.966 277.358 174.966 277.358 230.839 206.836 230.839
206.836 174.464 277.536 174.464 277.536 230.555 206.836 230.555
206.645 174.237 277.235 174.237 277.235 230.468 206.645 230.468
205.689 176.693 276.324 176.693 276.324 232.785 205.689 232.785
206.831 175.714 277.641 175.714 277.641 231.844 206.831 231.844
207.273 175.016 278.127 175.016 278.127 231.429 207.273 231.429
206.790 174.100 277.529 174.100 277.529 230.636 206.790 230.636
206.466 174.268 277.035 174.268 277.035 230.905 206.466 230.905
206.447 175.574 276.929 175.574 276.929 231.872 206.447 231.872
206.106 175.545 276.735 175.545 276.735 231.648 206.106 231.648
207.559 175.661 278.314 175.661 278.314 231.716 207.559 231.716
204.753 173.525 275.551 173.525 275.551 229.428 204.753 229.428
206.916 174.237 277.535 174.237 277.535 230.248 206.916 230.248
