381.000 94.000 411.000 94.000 411.000 165.000 381.000 165.000
381.856 95.846 411.787 95.846 411.787 167.046 381.856 167.046
382.133 94.470 411.872 94.470 411.872 165.874 382.133 165.874
381.196 94.455 410.866 94.455 410.866 165.862 381.196 165.862
380.648 92.876 410.175 92.876 410.175 164.491 380.648 164.491
381.070 93.384 410.490 93.384 410.490 164.913 381.070 164.913
381.136 91.316 410.417 91.316 410.417 162.196 381.136 162.196
380.545 92.208 409.798 92.208 409.798 162.761 380.545 162.761
380.488 91.962 409.620 91.962 409.620 162.397 380.488 162.397
379.775 91.522 408.890 91.522 408.890 161.623 379.775 161.623
379.490 90.100 408.521 90.100 408.521 160.248 379.490 160.248
379.872 90.206 408.730 90.206 408.730 160.059 379.872 160.059
380.147 90.809 408.991 90.809 408.991 160.403 380.147 160.403
378.448 89.813 407.165 89.813 407.165 159.517 378.448 159.517
379.537 89.911 407.981 89.911 407.981 159.910 379.537 159.910
378.695 89.510 407.046 89.510 407.046 159.709 378.695 159.709
378.296 90.514 406.542 90.514 406.542 160.896 378.296 160.896
377.910 88.182 406.046 88.182 406.046 158.626 377.910 158.626
377.985 89.398 406.120 89.398 406.120 159.807 377.985 159.807
377.572 88.800 405.711 88.800 405.711 159.036 377.572 159.036
377.015 88.592 405.034 88.592 405.034 158.332 377.015 158.332
376.176 88.356 403.962 88.356 403.962 157.654 376.176 157.654
376.072 85.272 403.629 85.272 403.629 154.195 376.072 154.195
374.920 88.993 402.519 88.993 402.519 157.781 374.920 157.781
375.463 84.765 402.849 84.765 402.849 153.294 375.463 153.294
374.422 86.237 401.749 86.237 401.749 154.522 374.422 154.522
372.005 83.443 399.187 83.443 399.187 151.191 372.005 151.191
368.918 83.610 395.912 83.610 395.912 150.967 368.918 150.967
368.885 80.669 395.665 80.669 395.665 147.621 368.885 147.621
366.690 82.142 393.468 82.142 393.468 148.719 366.690 148.719
367.835 81.628 394.220 81.628 394.220 148.037 367.835 148.037
366.510 81.580 392.702 81.580 392.702 147.283 366.510 147.283
366.302 80.951 392.288 80.951 392.288 146.427 366.302 146.427
365.236 80.032 391.170 80.032 391.170 145.260 365.236 145.260
364.726 80.874 390.575 80.874 390.575 145.835 364.726 145.835
364.457 80.972 390.288 80.972 390.288 146.038 364.457 146.038
363.922 79.728 389.810 79.728 389.810 144.775 363.922 144.775
363.300 79.795 388.890 79.795 388.890 145.115 363.300 145.115
362.900 79.214 388.302 79.214 388.302 144.867 362.900 144.867
362.400 77.775 387.789 77.775 387.789 143.767 362.400 143.767
361.598 76.248 386.850 76.248 386.850 142.585 361.598 142.585
360.980 76.839 386.329 76.839 386.329 143.259 360.980 143.259
360.365 75.626 385.567 75.626 385.567 142.233 360.365 142.233
360.450 76.170 385.730 76.170 385.730 142.711 360.450 142.711
359.638 74.591 384.809 74.591 384.809 141.169 359.638 141.169
358.821 74.694 383.973 74.694 383.973 141.276 358.821 141.276
358.737 72.648 383.958 72.648 383.958 138.678 358.737 138.678
358.971 72.373 384.187 72.373 384.187 138.297 358.971 138.297
358.262 71.259 383.374 71.259 383.374 136.991 358.262 136.991
357.518 72.233 382.627 72.233 382.627 138.029 357.518 138.029
356.177 70.338 381.256 70.338 381.256 136.189 356.177 136.189
356.318 70.198 381.510 70.198 381.510 136.492 356.318 136.492
355.513 70.418 380.818 70.418 380.818 137.287 355.513 137.287
355.197 70.060 380.735 70.060 380.735 137.548 355.197 137.548
354.546 71.868 380.150 71.868 380.150 139.620 354.546 139.620
353.791 70.378 379.455 70.378 379.455 138.272 353.791 138.272
352.733 69.725 378.442 69.725 378.442 138.113 352.733 138.113
352.966 68.414 378.603 68.414 378.603 136.947 352.966 136.947
352.584 67.124 378.187 67.124 378.187 135.721 352.584 135.721
351.945 66.266 377.545 66.266 377.545 135.146 351.945 135.146
351.038 63.026 376.861 63.026 376.861 132.159 351.038 132.159
350.212 66.957 375.991 66.957 375.991 137.025 350.212 137.025
349.799 71.553 375.495 71.553 375.495 143.159 349.799 143.159
349.645 80.094 375.132 80.094 375.132 153.663 349.645 153.663
349.051 93.657 374.737 93.657 374.737 167.871 349.051 167.871
348.711 92.565 374.621 92.565 374.621 166.954 348.711 166.954
348.014 92.948 374.400 92.948 374.400 167.486 348.014 167.486
352.734 93.245 379.434 93.245 379.434 168.110 352.734 168.110
353.215 91.078 380.063 91.078 380.063 166.480 353.215 166.480
354.400 89.826 381.427 89.826 381.427 165.472 354.400 165.472
362.862 92.136 390.127 92.136 390.127 168.076 362.862 168.076
364.383 90.819 391.835 90.819 391.835 167.246 364.383 167.246
365.220 88.386 392.645 88.386 392.645 165.844 365.220 165.844
365.684 87.377 393.303 87.377 393.303 165.328 365.684 165.328
366.847 87.447 394.939 87.447 394.939 165.354 366.847 165.354
373.134 88.774 401.459 88.774 401.459 166.770 373.134 166.770
374.352 89.172 402.815 89.172 402.815 167.190 374.352 167.190
380.022 89.189 409.021 89.189 409.021 167.158 380.022 167.158
381.687 86.861 410.467 86.861 410.467 165.668 381.687 165.668
384.144 85.895 413.028 85.895 413.028 165.359 384.144 165.359
386.568 86.526 415.670 86.526 415.670 166.176 386.568 166.176
388.890 85.525 418.092 85.525 418.092 165.780 388.890 165.780
390.004 86.349 419.581 86.349 419.581 166.532 390.004 166.532
391.532 84.359 421.602 84.359 421.602 164.059 391.532 164.059
393.261 83.632 423.681 83.632 423.681 163.346 393.261 163.346
400.648 88.112 431.290 88.112 431.290 168.320 400.648 168.320
403.327 85.488 434.152 85.488 434.152 165.595 403.327 165.595
406.091 84.989 437.132 84.989 437.132 165.405 406.091 165.405
408.412 86.365 439.410 86.365 439.410 166.885 408.412 166.885
410.124 85.248 441.246 85.248 441.246 165.561 410.124 165.561
415.754 87.753 447.197 87.753 447.197 167.991 415.754 167.991
415.495 85.841 446.837 85.841 446.837 166.592 415.495 166.592
415.954 85.264 447.356 85.264 447.356 166.031 415.954 166.031
415.724 85.114 446.978 85.114 446.978 166.127 415.724 166.127
414.582 85.592 445.775 85.592 445.775 166.727 414.582 166.727
407.166 85.656 438.225 85.656 438.225 167.020 407.166 167.020
399.243 84.793 430.108 84.793 430.108 165.864 399.243 165.864
392.802 84.456 423.482 84.456 423.482 165.069 392.802 165.069
393.184 86.363 423.607 86.363 423.607 166.639 393.184 166.639
392.064 87.801 422.715 87.801 422.715 167.310 392.064 167.310
391.240 87.256 421.769 87.256 421.769 166.807 391.240 166.807
376.837 86.090 408.004 86.090 408.004 164.843 376.837 164.843
349.860 77.574 380.884 77.574 380.884 157.063 349.860 157.063
350.461 78.820 381.630 78.820 381.630 158.260 350.461 158.260
342.662 79.024 374.430 79.024 374.430 157.930 342.662 157.930
341.198 79.248 372.982 79.248 372.982 158.131 341.198 158.131
341.748 78.314 373.436 78.314 373.436 156.925 341.748 156.925
343.151 78.570 374.407 78.570 374.407 157.034 343.151 157.034
345.342 78.992 376.126 78.992 376.126 157.016 345.342 157.016
347.842 79.694 378.214 79.694 378.214 156.822 347.842 156.822
349.998 79.323 380.030 79.323 380.030 155.738 349.998 155.738
351.733 79.689 381.413 79.689 381.413 155.363 351.733 155.363
353.304 78.905 382.499 78.905 382.499 154.323 353.304 154.323
355.330 78.409 384.186 78.409 384.186 153.157 355.330 153.157
356.837 77.815 385.179 77.815 385.179 152.527 356.837 152.527
359.043 79.132 386.995 79.132 386.995 153.784 359.043 153.784
360.920 78.146 388.635 78.146 388.635 152.749 360.920 152.749
362.271 77.751 390.017 77.751 390.017 152.011 362.271 152.011
364.567 79.466 392.221 79.466 392.221 153.648 364.567 153.648
366.470 80.331 394.017 80.331 394.017 153.769 366.470 153.769
369.007 80.168 396.423 80.168 396.423 153.248 369.007 153.248
371.384 84.786 398.496 84.786 398.496 158.060 371.384 158.060
373.680 85.127 400.605 85.127 400.605 158.108 373.680 158.108
375.458 89.895 402.120 89.895 402.120 162.769 375.458 162.769
378.060 96.403 404.758 96.403 404.758 169.016 378.060 169.016
380.560 102.106 407.285 102.106 407.285 174.516 380.560 174.516
383.681 107.635 410.248 107.635 410.248 179.624 383.681 179.624
385.102 112.553 411.651 112.553 411.651 184.229 385.102 184.229
387.215 116.126 413.518 116.126 413.518 187.303 387.215 187.303
389.639 116.696 415.530 116.696 415.530 188.146 389.639 188.146
391.385 122.297 417.169 122.297 417.169 193.812 391.385 193.812
393.902 125.534 419.624 125.534 419.624 196.843 393.902 196.843
396.089 129.439 421.785 129.439 421.785 200.507 396.089 200.507
398.089 132.431 423.705 132.431 423.705 203.521 398.089 203.521
399.923 133.366 425.781 133.366 425.781 204.744 399.923 204.744
401.960 134.633 427.956 134.633 427.956 206.198 401.960 206.198
409.308 132.647 435.460 132.647 435.460 205.361 409.308 205.361
410.874 127.138 437.263 127.138 437.263 200.436 410.874 200.436
412.133 127.046 438.847 127.046 438.847 201.264 412.133 201.264
413.008 129.366 440.147 129.366 440.147 203.945 413.008 203.945
414.435 135.225 441.944 135.225 441.944 209.833 414.435 209.833
416.960 139.387 444.658 139.387 444.658 214.489 416.960 214.489
419.008 142.737 446.877 142.737 446.877 218.392 419.008 218.392
421.100 141.576 449.239 141.576 449.239 217.053 421.100 217.053
421.596 140.677 449.827 140.677 449.827 216.063 421.596 216.063
423.452 139.776 451.662 139.776 451.662 215.549 423.452 215.549
424.426 139.597 452.531 139.597 452.531 216.048 424.426 216.048
424.622 139.089 452.337 139.089 452.337 216.289 424.622 216.289
425.284 138.678 452.922 138.678 452.922 216.290 425.284 216.290
426.162 142.036 453.651 142.036 453.651 220.066 426.162 220.066
427.262 148.114 454.845 148.114 454.845 226.030 427.262 226.030
432.922 149.795 460.683 149.795 460.683 227.504 432.922 227.504
433.052 151.471 460.970 151.471 460.970 229.405 433.052 229.405
434.258 155.446 462.103 155.446 462.103 233.297 434.258 233.297
434.817 161.495 462.905 161.495 462.905 239.415 434.817 239.415
436.207 166.819 464.405 166.819 464.405 244.884 436.207 244.884
437.079 172.613 465.486 172.613 465.486 250.865 437.079 250.865
437.894 178.827 466.390 178.827 466.390 257.433 437.894 257.433
439.862 183.911 468.584 183.911 468.584 262.655 439.862 262.655
452.640 189.620 481.346 189.620 481.346 268.130 452.640 268.130
460.340 196.095 488.974 196.095 488.974 274.356 460.340 274.356
467.116 258.359 496.242 258.359 496.242 336.630 467.116 336.630
466.803 262.030 496.192 262.030 496.192 340.301 466.803 340.301
453.616 312.013 482.703 312.013 482.703 392.046 453.616 392.046
452.836 312.075 481.936 312.075 481.936 393.120 452.836 393.120
451.569 313.510 480.746 313.510 480.746 395.599 451.569 395.599
451.419 313.626 480.762 313.626 480.762 396.905 451.419 396.905
450.440 312.571 480.001 312.571 480.001 396.453 450.440 396.453
449.526 311.891 479.134 311.891 479.134 396.431 449.526 396.431
449.072 311.358 478.784 311.358 478.784 396.221 449.072 396.221
448.139 312.105 477.914 312.105 477.914 397.564 448.139 397.564
447.968 311.689 477.809 311.689 477.809 397.566 447.968 397.566
447.457 311.685 477.474 311.685 477.474 398.014 447.457 398.014
447.085 312.311 477.416 312.311 477.416 398.594 447.085 398.594
446.260 311.395 476.974 311.395 476.974 397.258 446.260 397.258
446.125 312.641 477.053 312.641 477.053 398.542 446.125 398.542
445.261 310.905 476.525 310.905 476.525 396.378 445.261 396.378
444.310 310.582 475.595 310.582 475.595 396.030 444.310 396.030
443.813 310.645 475.030 310.645 475.030 395.831 443.813 395.831
440.378 308.037 471.181 308.037 471.181 393.529 440.378 393.529
440.680 309.602 471.132 309.602 471.132 395.445 440.680 395.445
439.539 310.143 470.148 310.143 470.148 395.737 439.539 395.737
437.754 310.836 468.664 310.836 468.664 396.059 437.754 396.059
436.108 309.818 467.351 309.818 467.351 394.067 436.108 394.067
434.628 310.520 466.003 310.520 466.003 394.079 434.628 394.079
432.405 311.078 464.059 311.078 464.059 394.114 432.405 394.114
431.308 309.876 462.956 309.876 462.956 392.897 431.308 392.897
430.406 309.942 462.235 309.942 462.235 392.845 430.406 392.845
428.812 307.460 460.706 307.460 460.706 390.402 428.812 390.402
428.593 306.741 460.274 306.741 460.274 390.126 428.593 390.126
427.975 305.826 459.466 305.826 459.466 389.552 427.975 389.552
427.591 307.725 458.778 307.725 458.778 392.017 427.591 392.017
426.845 306.425 458.008 306.425 458.008 391.116 426.845 391.116
425.407 306.665 456.599 306.665 456.599 391.495 425.407 391.495
425.010 306.351 456.041 306.351 456.041 391.548 425.010 391.548
424.016 305.380 455.470 305.380 455.470 390.376 424.016 390.376
422.429 305.591 454.050 305.591 454.050 390.686 422.429 390.686
421.892 304.999 453.533 304.999 453.533 390.059 421.892 390.059
420.948 304.315 452.725 304.315 452.725 389.524 420.948 389.524
420.839 304.285 452.609 304.285 452.609 389.778 420.839 389.778
419.553 305.216 451.287 305.216 451.287 390.879 419.553 390.879
419.011 304.089 450.747 304.089 450.747 390.016 419.011 390.016
418.296 302.874 450.072 302.874 450.072 389.057 418.296 389.057
416.992 302.571 448.728 302.571 448.728 388.781 416.992 388.781
417.015 301.886 448.633 301.886 448.633 388.676 417.015 388.676
415.949 301.048 447.527 301.048 447.527 388.119 415.949 388.119
414.913 300.014 446.474 300.014 446.474 387.505 414.913 387.505
414.382 298.911 446.061 298.911 446.061 386.514 414.382 386.514
413.873 298.768 445.544 298.768 445.544 386.972 413.873 386.972
413.312 297.750 445.193 297.750 445.193 385.869 413.312 385.869
412.980 297.270 444.909 297.270 444.909 385.597 412.980 385.597
412.962 297.049 444.837 297.049 444.837 385.326 412.962 385.326
412.765 296.019 444.705 296.019 444.705 384.194 412.765 384.194
412.098 296.788 444.012 296.788 444.012 384.965 412.098 384.965
411.757 296.562 443.683 296.562 443.683 384.406 411.757 384.406
411.581 296.519 443.480 296.519 443.480 384.312 411.581 384.312
411.054 296.925 442.996 296.925 442.996 384.842 411.054 384.842
411.217 297.039 443.113 297.039 443.113 384.701 411.217 384.701
411.189 295.592 442.966 295.592 442.966 383.354 411.189 383.354
411.139 297.471 442.762 297.471 442.762 385.289 411.139 385.289
411.316 296.014 442.835 296.014 442.835 383.326 411.316 383.326
411.135 297.463 442.388 297.463 442.388 385.044 411.135 385.044
410.093 296.906 441.562 296.906 441.562 383.834 410.093 383.834
409.723 296.340 441.127 296.340 441.127 382.922 409.723 382.922
409.789 295.639 441.076 295.639 441.076 381.941 409.789 381.941
409.195 297.160 440.689 297.160 440.689 382.421 409.195 382.421
408.026 296.392 439.603 296.392 439.603 381.205 408.026 381.205
407.360 296.031 439.144 296.031 439.144 380.119 407.360 380.119
406.306 295.498 438.424 295.498 438.424 378.801 406.306 378.801
406.415 296.057 438.294 296.057 438.294 379.239 406.415 379.239
405.988 296.467 437.727 296.467 437.727 379.326 405.988 379.326
405.685 294.776 437.331 294.776 437.331 377.183 405.685 377.183
405.367 296.377 436.782 296.377 436.782 378.954 405.367 378.954
404.433 296.842 436.117 296.842 436.117 378.468 404.433 378.468
404.147 296.464 435.817 296.464 435.817 377.535 404.147 377.535
403.672 296.008 435.064 296.008 435.064 376.925 403.672 376.925
403.364 296.017 434.277 296.017 434.277 377.102 403.364 377.102
403.451 298.646 434.050 298.646 434.050 379.892 403.451 379.892
402.494 298.304 432.892 298.304 432.892 379.890 402.494 379.890
402.644 297.908 432.904 297.908 432.904 379.207 402.644 379.207
402.015 297.514 432.317 297.514 432.317 378.423 402.015 378.423
401.235 297.171 431.631 297.171 431.631 377.941 401.235 377.941
401.329 297.096 431.508 297.096 431.508 377.849 401.329 377.849
401.213 297.121 431.450 297.121 431.450 377.440 401.213 377.440
400.976 297.165 431.202 297.165 431.202 377.404 400.976 377.404
400.319 298.312 430.538 298.312 430.538 378.584 400.319 378.584
399.510 295.289 429.668 295.289 429.668 375.666 399.510 375.666
398.731 294.720 428.867 294.720 428.867 374.768 398.731 374.768
398.617 293.282 428.437 293.282 428.437 373.362 398.617 373.362
398.645 294.453 428.401 294.453 428.401 374.247 398.645 374.247
398.340 294.319 428.194 294.319 428.194 373.579 398.340 373.579
398.002 293.547 427.797 293.547 427.797 372.412 398.002 372.412
398.510 294.468 428.228 294.468 428.228 373.082 398.510 373.082
398.035 293.774 427.825 293.774 427.825 371.844 398.035 371.844
397.291 293.443 427.204 293.443 427.204 370.869 397.291 370.869
397.165 293.785 427.033 293.785 427.033 370.943 397.165 370.943
397.622 294.295 427.383 294.295 427.383 370.882 397.622 370.882
396.923 294.908 426.577 294.908 426.577 371.221 396.923 371.221
396.234 293.687 425.808 293.687 425.808 369.587 396.234 369.587
389.888 293.118 419.302 293.118 419.302 369.045 389.888 369.045
382.900 294.679 412.567 294.679 412.567 370.059 382.900 370.059
376.473 294.417 406.273 294.417 406.273 369.513 376.473 369.513
370.688 292.789 400.278 292.789 400.278 367.605 370.688 367.605
363.918 293.722 393.442 293.722 393.442 368.635 363.918 368.635
357.441 292.578 386.918 292.578 386.918 367.423 357.441 367.423
352.356 292.788 381.828 292.788 381.828 367.420 352.356 367.420
344.890 293.442 374.472 293.442 374.472 368.224 344.890 368.224
337.154 292.826 367.098 292.826 367.098 367.202 337.154 367.202
329.347 294.186 359.618 294.186 359.618 368.116 329.347 368.116
322.599 294.705 352.797 294.705 352.797 368.639 322.599 368.639
315.075 293.432 345.684 293.432 345.684 366.960 315.075 366.960
307.431 294.388 338.127 294.388 338.127 367.432 307.431 367.432
305.537 292.568 336.497 292.568 336.497 364.998 305.537 364.998
303.333 292.676 334.576 292.676 334.576 364.910 303.333 364.910
295.670 292.166 326.993 292.166 326.993 364.225 295.670 364.225
288.073 292.285 319.304 292.285 319.304 364.247 288.073 364.247
280.956 292.825 312.023 292.825 312.023 364.964 280.956 364.964
279.041 292.064 310.259 292.064 310.259 363.899 279.041 363.899
270.772 293.158 302.428 293.158 302.428 364.602 270.772 364.602
263.032 292.267 294.752 292.267 294.752 363.589 263.032 363.589
260.865 293.962 292.852 293.962 292.852 364.897 260.865 364.897
253.214 294.129 285.069 294.129 285.069 365.116 253.214 365.116
251.065 294.548 283.040 294.548 283.040 365.581 251.065 365.581
242.981 292.358 275.076 292.358 275.076 363.163 242.981 363.163
234.545 293.316 266.766 293.316 266.766 363.742 234.545 363.742
226.399 293.576 258.577 293.576 258.577 364.113 226.399 364.113
218.673 293.450 250.997 293.450 250.997 363.852 218.673 363.852
211.438 292.322 243.632 292.322 243.632 362.546 211.438 362.546
210.089 294.111 242.288 294.111 242.288 364.476 210.089 364.476
202.011 293.224 234.420 293.224 234.420 363.272 202.011 363.272
194.727 291.966 226.951 291.966 226.951 362.253 194.727 362.253
193.168 292.047 225.316 292.047 225.316 362.077 193.168 362.077
186.885 291.323 218.182 291.323 218.182 361.727 186.885 361.727
187.355 289.642 218.201 289.642 218.201 360.127 187.355 360.127
187.899 290.698 218.304 290.698 218.304 361.322 187.899 361.322
187.625 290.219 217.662 290.219 217.662 361.390 187.625 361.390
187.377 290.191 217.119 290.191 217.119 361.405 187.377 361.405
186.684 292.244 216.185 292.244 216.185 363.594 186.684 363.594
186.361 292.340 215.597 292.340 215.597 364.066 186.361 364.066
186.633 291.667 215.574 291.667 215.574 363.591 186.633 363.591
186.357 291.531 215.098 291.531 215.098 363.828 186.357 363.828
186.894 290.741 215.256 290.741 215.256 363.496 186.894 363.496
191.910 285.631 220.493 285.631 220.493 358.360 191.910 358.360
190.741 286.054 219.482 286.054 219.482 358.888 190.741 358.888
189.437 286.807 218.117 286.807 218.117 360.034 189.437 360.034
188.162 286.065 216.878 286.065 216.878 359.650 188.162 359.650
187.443 285.662 216.190 285.662 216.190 359.816 187.443 359.816
186.559 284.289 215.318 284.289 215.318 358.611 186.559 358.611
186.206 284.766 214.976 284.766 214.976 359.470 186.206 359.470
185.977 284.328 214.635 284.328 214.635 359.382 185.977 359.382
185.884 283.513 214.473 283.513 214.473 358.848 185.884 358.848
185.873 283.817 214.368 283.817 214.368 359.244 185.873 359.244
185.563 282.972 214.006 282.972 214.006 358.437 185.563 358.437
185.132 283.199 213.583 283.199 213.583 358.446 185.132 358.446
184.819 284.560 213.272 284.560 213.272 359.535 184.819 359.535
184.431 283.837 212.808 283.837 212.808 358.529 184.431 358.529
184.434 282.734 212.620 282.734 212.620 357.403 184.434 357.403
184.630 283.018 212.645 283.018 212.645 357.878 184.630 357.878
184.021 281.848 211.911 281.848 211.911 356.901 184.021 356.901
183.954 284.045 211.824 284.045 211.824 358.628 183.954 358.628
183.462 285.037 211.388 285.037 211.388 359.214 183.462 359.214
182.860 283.854 210.692 283.854 210.692 358.128 182.860 358.128
182.319 283.927 210.140 283.927 210.140 358.039 182.319 358.039
182.473 282.774 210.209 282.774 210.209 356.825 182.473 356.825
182.235 281.304 209.984 281.304 209.984 355.601 182.235 355.601
181.527 282.943 209.329 282.943 209.329 357.132 181.527 357.132
181.535 283.065 209.389 283.065 209.389 356.934 181.535 356.934
176.910 282.578 204.717 282.578 204.717 356.411 176.910 356.411
178.381 280.790 206.049 280.790 206.049 354.967 178.381 354.967
179.231 282.457 206.890 282.457 206.890 356.528 179.231 356.528
179.642 281.045 207.386 281.045 207.386 355.166 179.642 355.166
180.189 281.650 207.912 281.650 207.912 356.213 180.189 356.213
179.680 281.710 207.543 281.710 207.543 356.290 179.680 356.290
179.513 281.149 207.423 281.149 207.423 355.748 179.513 355.748
179.529 280.575 207.492 280.575 207.492 355.244 179.529 355.244
128.939 284.841 156.485 284.841 156.485 358.360 128.939 358.360
128.642 285.933 155.634 285.933 155.634 358.685 128.642 358.685
128.747 286.622 155.281 286.622 155.281 358.663 128.747 358.663
129.277 286.790 155.407 286.790 155.407 358.041 129.277 358.041
129.942 287.511 155.573 287.511 155.573 358.246 129.942 358.246
129.586 287.294 154.984 287.294 154.984 357.253 129.586 357.253
130.007 286.852 155.081 286.852 155.081 356.064 130.007 356.064
129.747 286.508 154.387 286.508 154.387 355.325 129.747 355.325
129.862 286.512 154.276 286.512 154.276 354.685 129.862 354.685
129.297 287.434 153.544 287.434 153.544 354.935 129.297 354.935
129.467 286.465 153.570 286.465 153.570 353.480 129.467 353.480
129.596 287.512 153.363 287.512 153.363 354.209 129.596 354.209
129.342 287.021 153.009 287.021 153.009 353.057 129.342 353.057
129.475 288.304 152.874 288.304 152.874 353.929 129.475 353.929
129.163 288.516 152.316 288.516 152.316 353.511 129.163 353.511
128.739 288.009 151.651 288.009 151.651 352.160 128.739 352.160
128.331 288.544 151.136 288.544 151.136 352.144 128.331 352.144
127.983 288.692 150.692 288.692 150.692 351.777 127.983 351.777
128.259 288.642 150.847 288.642 150.847 351.373 128.259 351.373
127.877 289.978 150.425 289.978 150.425 351.988 127.877 351.988
127.527 288.493 149.937 288.493 149.937 350.097 127.527 350.097
127.177 289.830 149.470 289.830 149.470 351.205 127.177 351.205
127.227 288.445 149.270 288.445 149.270 349.649 127.227 349.649
127.110 288.015 149.082 288.015 149.082 349.159 127.110 349.159
127.150 289.886 149.079 289.886 149.079 350.964 127.150 350.964
126.424 289.325 148.386 289.325 148.386 349.657 126.424 349.657
125.884 288.455 147.751 288.455 147.751 348.620 125.884 348.620
126.435 287.597 148.152 287.597 148.152 347.821 126.435 347.821
126.920 287.178 148.428 287.178 148.428 347.387 126.920 347.387
126.890 286.971 148.368 286.971 148.368 347.115 126.890 347.115
126.380 287.454 147.826 287.454 147.826 347.677 126.380 347.677
126.208 287.222 147.643 287.222 147.643 347.438 126.208 347.438
125.899 287.145 147.304 287.145 147.304 347.192 125.899 347.192
125.761 287.080 147.286 287.080 147.286 346.926 125.761 346.926
125.573 287.186 147.156 287.186 147.156 346.722 125.573 346.722
125.244 286.945 146.746 286.945 146.746 346.520 125.244 346.520
125.157 287.179 146.588 287.179 146.588 346.891 125.157 346.891
124.641 287.356 146.129 287.356 146.129 346.895 124.641 346.895
124.406 286.747 145.920 286.747 145.920 345.748 124.406 345.748
123.267 286.369 144.754 286.369 144.754 345.832 123.267 345.832
122.698 284.958 144.068 284.958 144.068 344.386 122.698 344.386
122.566 282.923 143.762 282.923 143.762 342.394 122.566 342.394
122.420 284.135 143.625 284.135 143.625 343.698 122.420 343.698
122.278 282.722 143.462 282.722 143.462 342.188 122.278 342.188
