503.000 142.000 522.000 142.000 522.000 178.000 503.000 178.000
503.276 143.744 522.714 143.744 522.714 179.435 503.276 179.435
502.374 143.152 522.082 143.152 522.082 178.980 502.374 178.980
502.340 143.740 522.238 143.740 522.238 179.637 502.340 179.637
503.068 143.219 523.137 143.219 523.137 179.211 503.068 179.211
502.953 143.713 523.078 143.713 523.078 179.912 502.953 179.912
502.547 143.613 522.718 143.613 522.718 180.141 502.547 180.141
502.692 142.187 522.896 142.187 522.896 178.882 502.692 178.882
501.309 142.216 521.790 142.216 521.790 178.997 501.309 178.997
501.946 142.657 522.482 142.657 522.482 179.720 501.946 179.720
502.236 142.394 522.925 142.394 522.925 179.597 502.236 179.597
501.854 142.748 522.651 142.748 522.651 180.071 501.854 180.071
500.728 142.875 521.780 142.875 521.780 180.154 500.728 180.154
499.965 142.900 521.076 142.900 521.076 180.296 499.965 180.296
500.489 142.717 521.639 142.717 521.639 180.080 500.489 180.080
500.232 142.159 521.432 142.159 521.432 179.415 500.232 179.415
499.851 142.515 521.132 142.515 521.132 179.855 499.851 179.855
499.292 142.996 520.776 142.996 520.776 180.276 499.292 180.276
498.770 142.519 520.299 142.519 520.299 179.837 498.770 179.837
498.812 142.781 520.527 142.781 520.527 179.929 498.812 179.929
498.586 142.729 520.460 142.729 520.460 179.733 498.586 179.733
498.362 142.823 520.230 142.823 520.230 179.866 498.362 179.866
497.953 142.318 519.822 142.318 519.822 179.422 497.953 179.422
498.786 142.974 520.700 142.974 520.700 180.073 498.786 180.073
498.044 143.451 520.048 143.451 520.048 180.544 498.044 180.544
497.029 142.973 519.178 142.973 519.178 179.982 497.029 179.982
498.421 142.584 520.442 142.584 520.442 179.700 498.421 179.700
497.285 142.120 519.461 142.120 519.461 179.155 497.285 179.155
497.050 142.051 519.297 142.051 519.297 178.884 497.050 178.884
496.572 141.985 518.923 141.985 518.923 178.724 496.572 178.724
496.924 141.762 519.252 141.762 519.252 178.574 496.924 178.574
495.359 142.382 517.777 142.382 517.777 179.116 495.359 179.116
495.468 142.562 517.648 142.562 517.648 179.332 495.468 179.332
494.105 142.392 516.179 142.392 516.179 179.199 494.105 179.199
493.909 142.760 516.019 142.760 516.019 179.533 493.909 179.533
492.989 142.391 514.927 142.391 514.927 179.179 492.989 179.179
492.984 142.089 514.813 142.089 514.813 178.814 492.984 178.814
492.305 142.329 514.157 142.329 514.157 179.021 492.305 179.021
492.535 141.097 514.397 141.097 514.397 177.684 492.535 177.684
491.582 141.390 513.500 141.390 513.500 177.741 491.582 177.741
491.689 141.742 513.495 141.742 513.495 178.063 491.689 178.063
491.100 142.592 512.875 142.592 512.875 178.794 491.100 178.794
490.852 142.606 512.518 142.606 512.518 178.796 490.852 178.796
490.246 142.758 511.901 142.758 511.901 178.762 490.246 178.762
490.716 142.693 512.214 142.693 512.214 178.714 490.716 178.714
490.189 141.334 511.474 141.334 511.474 177.445 490.189 177.445
489.748 141.164 510.915 141.164 510.915 177.263 489.748 177.263
488.736 140.972 509.681 140.972 509.681 177.328 488.736 177.328
488.580 141.633 508.315 141.633 508.315 179.006 488.580 179.006
488.801 141.274 507.481 141.274 507.481 179.588 488.801 179.588
488.679 140.550 506.545 140.550 506.545 179.327 488.679 179.327
488.541 140.365 505.853 140.365 505.853 179.270 488.541 179.270
487.749 140.228 504.762 140.228 504.762 179.056 487.749 179.056
487.420 140.709 504.217 140.709 504.217 179.385 487.420 179.385
486.590 140.722 503.170 140.722 503.170 179.153 486.590 179.153
486.496 140.653 503.035 140.653 503.035 178.783 486.496 178.783
485.953 140.075 502.424 140.075 502.424 178.064 485.953 178.064
486.162 140.221 502.437 140.221 502.437 178.218 486.162 178.218
485.235 140.126 501.495 140.126 501.495 177.941 485.235 177.941
485.388 140.574 501.642 140.574 501.642 178.297 485.388 178.297
485.305 140.370 501.429 140.370 501.429 178.062 485.305 178.062
484.946 140.378 500.964 140.378 500.964 177.898 484.946 177.898
484.626 140.679 500.603 140.679 500.603 178.061 484.626 178.061
484.796 140.225 500.642 140.225 500.642 177.456 484.796 177.456
484.421 140.905 500.200 140.905 500.200 177.972 484.421 177.972
484.012 140.682 499.719 140.682 499.719 177.764 484.012 177.764
484.119 140.458 499.740 140.458 499.740 177.415 484.119 177.415
483.823 139.196 499.301 139.196 499.301 176.100 483.823 176.100
483.794 139.794 499.236 139.794 499.236 176.399 483.794 176.399
483.439 139.758 498.716 139.758 498.716 176.387 483.439 176.387
483.495 139.905 498.687 139.905 498.687 176.332 483.495 176.332
483.175 140.439 498.250 140.439 498.250 176.814 483.175 176.814
482.866 139.750 497.857 139.750 497.857 176.024 482.866 176.024
482.435 139.544 497.462 139.544 497.462 175.627 482.435 175.627
482.319 139.108 497.271 139.108 497.271 175.170 482.319 175.170
481.307 139.207 496.317 139.207 496.317 175.147 481.307 175.147
481.170 139.954 496.238 139.954 496.238 175.707 481.170 175.707
481.125 139.482 496.244 139.482 496.244 175.112 481.125 175.112
480.633 140.280 495.774 140.280 495.774 175.841 480.633 175.841
481.283 139.547 496.398 139.547 496.398 175.053 481.283 175.053
480.848 139.694 495.924 139.694 495.924 175.232 480.848 175.232
481.225 139.816 496.257 139.816 496.257 175.316 481.225 175.316
480.293 140.037 495.331 140.037 495.331 175.500 480.293 175.500
480.578 140.160 495.604 140.160 495.604 175.763 480.578 175.763
480.708 139.999 495.788 139.999 495.788 175.593 480.708 175.593
480.419 139.458 495.481 139.458 495.481 175.303 480.419 175.303
479.642 138.524 494.802 138.524 494.802 174.445 479.642 174.445
479.214 137.476 494.384 137.476 494.384 173.595 479.214 173.595
479.230 137.610 494.353 137.610 494.353 173.626 479.230 173.626
478.948 137.765 494.049 137.765 494.049 173.759 478.948 173.759
478.450 138.437 493.573 138.437 493.573 174.434 478.450 174.434
478.238 138.727 493.435 138.727 493.435 174.674 478.238 174.674
477.974 137.907 493.206 137.907 493.206 173.836 477.974 173.836
476.918 137.921 492.139 137.921 492.139 173.892 476.918 173.892
476.407 138.224 491.706 138.224 491.706 174.149 476.407 174.149
475.084 137.525 490.485 137.525 490.485 173.479 475.084 173.479
474.672 138.332 490.075 138.332 490.075 174.278 474.672 174.278
473.942 137.040 489.456 137.040 489.456 172.790 473.942 172.790
473.572 137.565 489.238 137.565 489.238 173.184 473.572 173.184
473.039 137.308 488.753 137.308 488.753 172.767 473.039 172.767
472.763 138.228 488.508 138.228 488.508 173.588 472.763 173.588
471.980 138.505 487.713 138.505 487.713 173.802 471.980 173.802
471.768 138.191 487.425 138.191 487.425 173.509 471.768 173.509
471.060 138.652 486.751 138.652 486.751 173.991 471.060 173.991
471.022 138.073 486.503 138.073 486.503 173.669 471.022 173.669
470.247 137.801 485.648 137.801 485.648 173.457 470.247 173.457
469.104 137.341 484.523 137.341 484.523 172.963 469.104 172.963
468.684 136.949 484.108 136.949 484.108 172.483 468.684 172.483
467.462 137.280 482.991 137.280 482.991 172.693 467.462 172.693
467.207 137.131 482.771 137.131 482.771 172.412 467.207 172.412
466.456 136.656 481.997 136.656 481.997 171.816 466.456 171.816
465.508 136.883 480.998 136.883 480.998 171.966 465.508 171.966
465.400 137.140 480.879 137.140 480.879 172.210 465.400 172.210
464.131 136.236 479.650 136.236 479.650 171.205 464.131 171.205
463.407 136.642 478.959 136.642 478.959 171.663 463.407 171.663
463.405 136.880 478.908 136.880 478.908 172.097 463.405 172.097
462.547 137.982 478.041 137.982 478.041 173.383 462.547 173.383
461.864 137.349 477.414 137.349 477.414 172.826 461.864 172.826
462.089 137.083 477.616 137.083 477.616 172.496 462.089 172.496
461.257 137.765 476.839 137.765 476.839 173.164 461.257 173.164
461.027 137.587 476.600 137.587 476.600 172.790 461.027 172.790
460.571 138.406 476.087 138.406 476.087 173.659 460.571 173.659
460.434 137.854 475.859 137.854 475.859 173.061 460.434 173.061
459.984 138.170 475.459 138.170 475.459 173.317 459.984 173.317
459.051 136.693 474.487 136.693 474.487 171.909 459.051 171.909
458.513 135.870 473.922 135.870 473.922 170.976 458.513 170.976
458.633 136.601 474.003 136.601 474.003 171.565 458.633 171.565
457.626 136.560 473.108 136.560 473.108 171.583 457.626 171.583
457.707 136.129 473.176 136.129 473.176 171.101 457.707 171.101
456.678 136.384 472.176 136.384 472.176 171.231 456.678 171.231
455.887 136.668 471.300 136.668 471.300 171.719 455.887 171.719
455.162 137.065 470.529 137.065 470.529 172.142 455.162 172.142
454.392 137.656 469.652 137.656 469.652 172.745 454.392 172.745
454.118 136.600 469.316 136.600 469.316 171.663 454.118 171.663
453.897 136.120 469.050 136.120 469.050 171.133 453.897 171.133
452.946 136.534 468.173 136.534 468.173 171.546 452.946 171.546
452.817 137.091 468.049 137.091 468.049 172.174 452.817 172.174
452.113 137.035 467.325 137.035 467.325 172.021 452.113 172.021
452.226 136.926 467.377 136.926 467.377 171.814 452.226 171.814
451.617 137.194 466.729 137.194 466.729 171.962 451.617 171.962
451.484 137.027 466.572 137.027 466.572 171.659 451.484 171.659
451.182 138.008 466.264 138.008 466.264 172.567 451.182 172.567
450.506 137.464 465.580 137.464 465.580 171.916 450.506 171.916
450.192 136.408 465.244 136.408 465.244 170.805 450.192 170.805
450.250 136.030 465.224 136.030 465.224 170.396 450.250 170.396
449.888 135.826 464.870 135.826 464.870 170.191 449.888 170.191
449.302 136.129 464.295 136.129 464.295 170.545 449.302 170.545
449.122 135.857 464.106 135.857 464.106 170.225 449.122 170.225
448.512 136.067 463.537 136.067 463.537 170.436 448.512 170.436
448.021 134.909 462.985 134.909 462.985 169.316 448.021 169.316
447.423 135.204 462.494 135.204 462.494 169.555 447.423 169.555
446.759 134.606 461.806 134.606 461.806 168.887 446.759 168.887
446.101 133.916 461.103 133.916 461.103 168.036 446.101 168.036
446.123 134.330 461.137 134.330 461.137 168.278 446.123 168.278
445.804 134.505 460.923 134.505 460.923 168.473 445.804 168.473
445.322 134.790 460.461 134.790 460.461 168.811 445.322 168.811
445.231 136.015 460.415 136.015 460.415 170.158 445.231 170.158
445.374 135.754 460.597 135.754 460.597 169.993 445.374 169.993
444.747 135.349 459.988 135.349 459.988 169.668 444.747 169.668
444.741 136.276 459.962 136.276 459.962 170.600 444.741 170.600
444.714 135.748 459.880 135.748 459.880 170.126 444.714 170.126
444.327 135.084 459.522 135.084 459.522 169.456 444.327 169.456
443.832 135.368 459.063 135.368 459.063 169.835 443.832 169.835
443.931 134.700 459.146 134.700 459.146 169.292 443.931 169.292
443.342 134.260 458.507 134.260 458.507 168.824 443.342 168.824
442.983 134.171 458.101 134.171 458.101 168.907 442.983 168.907
442.333 134.476 457.416 134.476 457.416 169.338 442.333 169.338
441.617 134.341 456.598 134.341 456.598 169.248 441.617 169.248
441.293 134.252 456.344 134.252 456.344 168.940 441.293 168.940
440.844 134.321 455.915 134.321 455.915 168.965 440.844 168.965
440.788 134.040 455.886 134.040 455.886 168.582 440.788 168.582
440.629 134.356 455.687 134.356 455.687 168.876 440.629 168.876
439.716 133.942 454.781 133.942 454.781 168.305 439.716 168.305
438.992 134.991 454.190 134.991 454.190 169.234 438.992 169.234
438.976 136.019 454.213 136.019 454.213 170.204 438.976 170.204
438.983 136.068 454.267 136.068 454.267 170.195 438.983 170.195
438.849 135.686 454.098 135.686 454.098 169.885 438.849 169.885
438.459 135.280 453.648 135.280 453.648 169.454 438.459 169.454
438.106 134.857 453.184 134.857 453.184 169.009 438.106 169.009
438.038 135.761 453.093 135.761 453.093 169.878 438.038 169.878
437.842 135.541 452.829 135.541 452.829 169.541 437.842 169.541
437.468 135.674 452.470 135.674 452.470 169.574 437.468 169.574
437.876 135.535 452.887 135.535 452.887 169.391 437.876 169.391
437.273 134.243 452.266 134.243 452.266 168.044 437.273 168.044
437.090 135.600 451.976 135.600 451.976 169.595 437.090 169.595
437.184 135.067 451.895 135.067 451.895 169.369 437.184 169.369
436.975 134.249 451.614 134.249 451.614 168.471 436.975 168.471
436.620 135.061 451.220 135.061 451.220 169.212 436.620 169.212
435.770 134.063 450.336 134.063 450.336 168.127 435.770 168.127
435.644 135.261 450.184 135.261 450.184 169.372 435.644 169.372
435.306 134.835 449.804 134.835 449.804 168.909 435.306 168.909
435.085 133.810 449.574 133.810 449.574 167.768 435.085 167.768
434.566 134.105 449.151 134.105 449.151 167.679 434.566 167.679
434.609 134.249 449.153 134.249 449.153 167.701 434.609 167.701
434.240 135.279 448.800 135.279 448.800 168.662 434.240 168.662
434.374 135.065 448.873 135.065 448.873 168.374 434.374 168.374
433.754 134.970 448.260 134.970 448.260 168.232 433.754 168.232
434.162 135.149 448.646 135.149 448.646 168.494 434.162 168.494
434.377 135.396 448.850 135.396 448.850 168.643 434.377 168.643
433.873 135.451 448.433 135.451 448.433 168.608 433.873 168.608
434.039 135.130 448.496 135.130 448.496 168.533 434.039 168.533
434.219 135.692 448.579 135.692 448.579 169.258 434.219 169.258
434.127 135.888 448.543 135.888 448.543 169.379 434.127 169.379
433.799 135.458 448.292 135.458 448.292 168.695 433.799 168.695
432.805 134.735 447.261 134.735 447.261 168.011 432.805 168.011
432.435 134.657 446.784 134.657 446.784 167.999 432.435 167.999
431.894 135.281 446.268 135.281 446.268 168.651 431.894 168.651
431.513 134.307 445.834 134.307 445.834 167.726 431.513 167.726
430.183 134.231 444.592 134.231 444.592 167.735 430.183 167.735
430.134 133.446 444.461 133.446 444.461 167.011 430.134 167.011
429.348 133.975 443.783 133.975 443.783 167.374 429.348 167.374
428.162 133.480 442.581 133.480 442.581 166.912 428.162 166.912
428.644 133.268 443.049 133.268 443.049 166.707 428.644 166.707
428.150 132.742 442.652 132.742 442.652 166.138 428.150 166.138
428.076 133.153 442.628 133.153 442.628 166.676 428.076 166.676
427.861 132.915 442.431 132.915 442.431 166.427 427.861 166.427
427.940 132.745 442.650 132.745 442.650 166.250 427.940 166.250
427.789 133.232 442.647 133.232 442.647 166.740 427.789 166.740
427.645 133.312 442.557 133.312 442.557 166.928 427.645 166.928
426.829 133.364 441.878 133.364 441.878 166.933 426.829 166.933
426.048 133.567 441.132 133.567 441.132 167.191 426.048 167.191
424.746 133.424 439.981 133.424 439.981 166.932 424.746 166.932
424.789 131.834 439.954 131.834 439.954 165.452 424.789 165.452
424.348 131.287 439.532 131.287 439.532 164.820 424.348 164.820
423.089 131.620 438.219 131.620 438.219 165.312 423.089 165.312
421.812 132.364 436.927 132.364 436.927 166.246 421.812 166.246
420.813 132.263 435.911 132.263 435.911 166.320 420.813 166.320
420.121 132.379 435.282 132.379 435.282 166.322 420.121 166.322
418.722 133.098 434.146 133.098 434.146 166.743 418.722 166.743
415.750 133.399 431.199 133.399 431.199 166.935 415.750 166.935
415.507 132.824 431.128 132.824 431.128 166.095 415.507 166.095
412.996 133.463 428.528 133.463 428.528 166.857 412.996 166.857
412.853 131.788 428.461 131.788 428.461 164.830 412.853 164.830
409.849 132.484 425.350 132.484 425.350 165.556 409.849 165.556
409.704 131.894 425.127 131.894 425.127 165.012 409.704 165.012
409.365 132.064 424.623 132.064 424.623 165.121 409.365 165.121
408.806 131.853 423.919 131.853 423.919 164.868 408.806 164.868
406.234 133.324 421.475 133.324 421.475 166.389 406.234 166.389
406.302 132.652 421.899 132.652 421.899 165.324 406.302 165.324
405.913 133.719 421.758 133.719 421.758 166.138 405.913 166.138
402.621 133.124 418.656 133.124 418.656 165.405 402.621 165.405
402.839 133.689 418.748 133.689 418.748 166.349 402.839 166.349
402.506 132.977 418.197 132.977 418.197 165.946 402.506 165.946
401.985 132.587 417.703 132.587 417.703 165.622 401.985 165.622
402.064 132.529 417.681 132.529 417.681 165.604 402.064 165.604
401.853 131.918 417.326 131.918 417.326 165.050 401.853 165.050
398.586 132.024 414.047 132.024 414.047 165.128 398.586 165.128
398.267 131.795 413.633 131.795 413.633 164.854 398.267 164.854
395.393 132.397 410.728 132.397 410.728 165.309 395.393 165.309
394.987 132.093 410.338 132.093 410.338 164.880 394.987 164.880
392.210 133.216 407.419 133.216 407.419 166.053 392.210 166.053
392.007 132.627 407.137 132.627 407.137 165.338 392.007 165.338
389.402 132.282 404.474 132.282 404.474 164.830 389.402 164.830
389.738 132.622 404.761 132.622 404.761 165.165 389.738 165.165
389.106 133.161 403.804 133.161 403.804 166.082 389.106 166.082
388.453 133.322 402.792 133.322 402.792 166.279 388.453 166.279
387.986 133.190 402.158 133.190 402.158 166.305 387.986 166.305
385.028 133.053 399.146 133.053 399.146 166.236 385.028 166.236
384.556 132.463 398.639 132.463 398.639 165.614 384.556 165.614
383.578 131.447 397.762 131.447 397.762 164.363 383.578 164.363
380.341 132.386 394.408 132.386 394.408 165.209 380.341 165.209
379.926 133.435 394.085 133.435 394.085 166.164 379.926 166.164
377.254 133.202 391.380 133.202 391.380 165.877 377.254 165.877
377.009 133.578 391.097 133.578 391.097 166.301 377.009 166.301
375.936 132.829 390.023 132.829 390.023 165.681 375.936 165.681
374.783 132.907 388.869 132.907 388.869 165.588 374.783 165.588
373.842 132.575 387.893 132.575 387.893 165.422 373.842 165.422
371.114 133.718 385.225 133.718 385.225 166.419 371.114 166.419
368.725 134.525 382.975 134.525 382.975 167.020 368.725 167.020
367.871 134.091 382.117 134.091 382.117 166.580 367.871 166.580
367.121 133.185 381.408 133.185 381.408 165.596 367.121 165.596
366.293 132.964 380.391 132.964 380.391 165.580 366.293 165.580
365.401 133.710 379.616 133.710 379.616 166.291 365.401 166.291
364.454 134.994 378.585 134.994 378.585 167.632 364.454 167.632
361.772 136.118 375.892 136.118 375.892 168.720 361.772 168.720
360.839 135.382 374.876 135.382 374.876 167.800 360.839 167.800
360.202 135.375 374.113 135.375 374.113 167.764 360.202 167.764
358.918 134.056 372.815 134.056 372.815 166.312 358.918 166.312
356.065 134.280 369.789 134.280 369.789 166.554 356.065 166.554
355.226 134.803 369.002 134.803 369.002 167.142 355.226 167.142
354.409 134.397 368.188 134.397 368.188 166.562 354.409 166.562
351.619 135.858 365.437 135.858 365.437 168.028 351.619 168.028
351.391 134.824 365.036 134.824 365.036 167.415 351.391 167.415
351.024 134.340 364.695 134.340 364.695 166.917 351.024 166.917
349.777 133.579 363.406 133.579 363.406 166.325 349.777 166.325
348.902 133.868 362.535 133.868 362.535 166.470 348.902 166.470
347.915 133.640 361.593 133.640 361.593 166.150 347.915 166.150
344.635 134.426 358.362 134.426 358.362 166.850 344.635 166.850
342.289 134.308 356.198 134.308 356.198 166.572 342.289 166.572
341.728 134.056 355.728 134.056 355.728 166.217 341.728 166.217
341.125 134.383 355.034 134.383 355.034 166.581 341.125 166.581
340.244 133.358 354.152 133.358 354.152 165.769 340.244 165.769
339.430 136.205 353.292 136.205 353.292 168.578 339.430 168.578
338.932 136.539 352.881 136.539 352.881 168.785 338.932 168.785
338.286 136.769 352.256 136.769 352.256 168.994 338.286 168.994
335.185 136.415 349.039 136.415 349.039 168.690 335.185 168.690
334.529 134.952 348.332 134.952 348.332 167.199 334.529 167.199
333.506 134.054 347.199 134.054 347.199 166.282 333.506 166.282
330.557 134.137 344.241 134.137 344.241 166.402 330.557 166.402
329.745 135.577 343.514 135.577 343.514 167.723 329.745 167.723
327.078 134.295 340.870 134.295 340.870 166.337 327.078 166.337
326.917 134.429 340.553 134.429 340.553 166.819 326.917 166.819
324.413 133.963 338.021 133.963 338.021 166.385 324.413 166.385
324.388 134.652 338.020 134.652 338.020 167.229 324.388 167.229
323.844 133.743 337.352 133.743 337.352 166.370 323.844 166.370
322.875 133.986 336.364 133.986 336.364 166.570 322.875 166.570
321.730 133.477 335.320 133.477 335.320 165.905 321.730 165.905
320.478 132.668 334.076 132.668 334.076 165.137 320.478 165.137
317.508 132.875 331.134 132.875 331.134 165.278 317.508 165.278
317.229 134.185 330.781 134.185 330.781 166.623 317.229 166.623
316.397 134.068 330.052 134.068 330.052 166.306 316.397 166.306
315.711 135.446 329.331 135.446 329.331 167.787 315.711 167.787
314.838 134.569 328.497 134.569 328.497 166.670 314.838 166.670
311.828 135.304 325.342 135.304 325.342 167.458 311.828 167.458
311.305 135.564 324.752 135.564 324.752 167.662 311.305 167.662
310.145 133.654 323.616 133.654 323.616 165.737 310.145 165.737
309.133 134.063 322.653 134.063 322.653 166.329 309.133 166.329
305.413 134.390 318.938 134.390 318.938 166.896 305.413 166.896
304.899 132.837 318.324 132.837 318.324 165.536 304.899 165.536
304.010 133.479 317.457 133.479 317.457 166.360 304.010 166.360
303.284 133.000 316.667 133.000 316.667 166.100 303.284 166.100
302.704 133.633 316.043 133.633 316.043 167.009 302.704 167.009
302.010 133.239 315.347 133.239 315.347 166.585 302.010 166.585
298.694 135.599 312.035 135.599 312.035 169.158 298.694 169.158
297.774 134.962 311.086 134.962 311.086 168.582 297.774 168.582
296.777 132.427 310.182 132.427 310.182 166.194 296.777 166.194
293.557 133.526 307.095 133.526 307.095 167.262 293.557 167.262
292.654 133.392 306.424 133.392 306.424 167.098 292.654 167.098
292.143 133.647 305.966 133.647 305.966 167.233 292.143 167.233
291.410 135.010 305.378 135.010 305.378 168.403 291.410 168.403
290.561 135.325 304.592 135.325 304.592 168.462 290.561 168.462
289.752 135.805 303.788 135.805 303.788 168.789 289.752 168.789
289.143 135.540 303.104 135.540 303.104 168.664 289.143 168.664
285.786 133.417 299.800 133.417 299.800 166.531 285.786 166.531
285.040 134.342 299.084 134.342 299.084 167.541 285.040 167.541
284.302 133.645 298.355 133.645 298.355 166.924 284.302 166.924
283.645 132.958 297.674 132.958 297.674 166.503 283.645 166.503
282.985 132.369 296.696 132.369 296.696 166.372 282.985 166.372
282.322 132.350 295.941 132.350 295.941 166.518 282.322 166.518
279.368 134.532 292.833 134.532 292.833 168.797 279.368 168.797
279.433 134.085 292.959 134.085 292.959 168.238 279.433 168.238
278.684 133.298 292.363 133.298 292.363 167.430 278.684 167.430
278.444 133.224 292.064 133.224 292.064 167.451 278.444 167.451
275.127 136.133 288.827 136.133 288.827 170.386 275.127 170.386
274.237 135.481 288.075 135.481 288.075 169.637 274.237 169.637
276.204 134.495 290.285 134.495 290.285 168.268 276.204 168.268
275.666 134.352 289.625 134.352 289.625 168.409 275.666 168.409
271.842 135.268 285.936 135.268 285.936 169.259 271.842 169.259
266.199 141.938 280.464 141.938 280.464 175.833 266.199 175.833
266.150 142.446 280.579 142.446 280.579 176.071 266.150 176.071
266.578 143.960 281.166 143.960 281.166 177.303 266.578 177.303
266.563 145.091 281.500 145.091 281.500 178.170 266.563 178.170
266.342 145.601 281.527 145.601 281.527 178.816 266.342 178.816
265.849 149.746 281.228 149.746 281.228 183.135 265.849 183.135
265.440 150.228 280.928 150.228 280.928 183.760 265.440 183.760
265.125 151.174 280.608 151.174 280.608 184.779 265.125 184.779
265.092 150.247 280.546 150.247 280.546 183.979 265.092 183.979
264.938 152.218 280.439 152.218 280.439 185.897 264.938 185.897
264.699 151.803 280.256 151.803 280.256 185.533 264.699 185.533
264.432 151.413 279.926 151.413 279.926 185.210 264.432 185.210
267.443 154.129 283.092 154.129 283.092 187.689 267.443 187.689
270.235 155.138 286.103 155.138 286.103 188.478 270.235 188.478
270.267 157.102 286.331 157.102 286.331 190.124 270.267 190.124
270.123 155.616 286.203 155.616 286.203 188.661 270.123 188.661
270.050 156.712 286.221 156.712 286.221 189.488 270.050 189.488
269.795 156.497 286.061 156.497 286.061 189.145 269.795 189.145
272.779 159.798 289.017 159.798 289.017 192.388 272.779 192.388
272.770 159.106 288.933 159.106 288.933 191.650 272.770 191.650
272.894 159.068 289.080 159.068 289.080 191.595 272.894 191.595
273.096 159.466 289.239 159.466 289.239 192.058 273.096 192.058
275.749 158.926 291.836 158.926 291.836 191.457 275.749 191.457
275.225 158.856 291.284 158.856 291.284 191.350 275.225 191.350
275.741 160.614 291.679 160.614 291.679 193.218 275.741 193.218
276.048 160.085 292.016 160.085 292.016 192.678 276.048 192.678
276.180 161.149 292.132 161.149 292.132 193.780 276.180 193.780
278.715 160.888 294.624 160.888 294.624 193.446 278.715 193.446
278.348 161.257 294.240 161.257 294.240 193.760 278.348 193.760
278.453 161.166 294.301 161.166 294.301 193.668 278.453 193.668
278.895 162.735 294.594 162.735 294.594 195.329 278.895 195.329
281.344 162.997 297.042 162.997 297.042 195.484 281.344 195.484
278.466 161.631 294.143 161.631 294.143 194.158 278.466 194.158
281.559 164.025 297.197 164.025 297.197 196.646 281.559 196.646
281.198 162.669 296.813 162.669 296.813 195.439 281.198 195.439
281.624 164.826 297.230 164.826 297.230 197.675 281.624 197.675
281.938 163.195 297.502 163.195 297.502 196.392 281.938 196.392
284.380 164.614 299.990 164.614 299.990 197.611 284.380 197.611
284.535 165.680 300.132 165.680 300.132 198.641 284.535 198.641
284.882 166.661 300.424 166.661 300.424 199.690 284.882 199.690
285.000 165.304 300.529 165.304 300.529 198.654 285.000 198.654
287.439 166.584 302.951 166.584 302.951 199.849 287.439 199.849
287.705 167.757 303.252 167.757 303.252 201.004 287.705 201.004
288.105 168.254 303.651 168.254 303.651 201.619 288.105 201.619
