14.000 250.000 41.000 250.000 41.000 275.000 14.000 275.000
19.613 250.373 45.965 250.373 45.965 275.958 19.613 275.958
26.049 247.981 51.892 247.981 51.892 273.787 26.049 273.787
30.555 248.558 56.161 248.558 56.161 274.289 30.555 274.289
37.340 247.760 62.514 247.760 62.514 273.811 37.340 273.811
43.165 247.691 67.867 247.691 67.867 273.970 43.165 273.970
48.970 248.419 73.318 248.419 73.318 274.800 48.970 274.800
55.007 250.828 79.077 250.828 79.077 277.191 55.007 277.191
59.863 252.144 83.601 252.144 83.601 278.433 59.863 278.433
63.155 254.739 87.155 254.739 87.155 280.843 63.155 280.843
66.461 258.895 90.449 258.895 90.449 284.894 66.461 284.894
72.229 258.987 96.425 258.987 96.425 284.722 72.229 284.722
81.384 261.213 105.538 261.213 105.538 286.851 81.384 286.851
89.737 260.073 113.472 260.073 113.472 285.775 89.737 285.775
98.300 259.650 121.750 259.650 121.750 285.331 98.300 285.331
109.844 258.475 133.204 258.475 133.204 284.028 109.844 284.028
120.803 267.227 144.259 267.227 144.259 292.658 120.803 292.658
127.994 266.016 151.512 266.016 151.512 291.332 127.994 291.332
131.432 266.064 155.062 266.064 155.062 291.187 131.432 291.187
126.450 267.306 150.258 267.306 150.258 292.158 126.450 292.158
127.473 266.105 151.217 266.105 151.217 291.076 127.473 291.076
127.671 264.951 151.491 264.951 151.491 289.899 127.671 289.899
130.953 254.494 154.737 254.494 154.737 279.599 130.953 279.599
131.578 250.900 155.536 250.900 155.536 275.768 131.578 275.768
131.734 253.627 155.699 253.627 155.699 278.410 131.734 278.410
133.213 254.285 157.083 254.285 157.083 279.047 133.213 279.047
134.228 253.957 158.137 253.957 158.137 278.673 134.228 278.673
134.662 253.374 158.361 253.374 158.361 278.175 134.662 278.175
135.807 252.736 159.792 252.736 159.792 277.298 135.807 277.298
136.525 252.695 160.564 252.695 160.564 277.090 136.525 277.090
137.570 252.179 161.553 252.179 161.553 276.630 137.570 276.630
138.236 252.249 162.169 252.249 162.169 276.469 138.236 276.469
138.353 251.695 162.394 251.695 162.394 275.686 138.353 275.686
137.950 251.579 162.166 251.579 162.166 275.212 137.950 275.212
138.755 251.198 163.109 251.198 163.109 274.458 138.755 274.458
138.386 250.234 162.602 250.234 162.602 273.445 138.386 273.445
137.010 250.247 161.253 250.247 161.253 273.177 137.010 273.177
136.704 250.371 160.907 250.371 160.907 273.198 136.704 273.198
136.155 250.473 160.134 250.473 160.134 273.202 136.155 273.202
135.778 250.152 159.577 250.152 159.577 272.906 135.778 272.906
135.550 250.235 159.216 250.235 159.216 272.872 135.550 272.872
134.868 250.809 158.535 250.809 158.535 273.209 134.868 273.209
134.392 251.888 157.962 251.888 157.962 274.246 134.392 274.246
135.208 251.787 158.584 251.787 158.584 274.260 135.208 274.260
135.519 252.217 158.777 252.217 158.777 274.664 135.519 274.664
136.131 252.246 159.088 252.246 159.088 274.808 136.131 274.808
136.517 252.113 159.278 252.113 159.278 274.622 136.517 274.622
136.905 252.076 159.557 252.076 159.557 274.587 136.905 274.587
137.377 252.672 160.033 252.672 160.033 275.118 137.377 275.118
137.935 252.258 160.412 252.258 160.412 274.607 137.935 274.607
139.002 252.205 161.479 252.205 161.479 274.312 139.002 274.312
139.038 252.499 161.582 252.499 161.582 274.293 139.038 274.293
139.496 252.261 162.117 252.261 162.117 273.776 139.496 273.776
139.781 252.242 162.237 252.242 162.237 273.717 139.781 273.717
139.962 252.456 162.497 252.456 162.497 273.697 139.962 273.697
139.533 252.721 162.067 252.721 162.067 273.771 139.533 273.771
139.854 252.618 162.159 252.618 162.159 273.561 139.854 273.561
139.122 252.740 161.292 252.740 161.292 273.620 139.122 273.620
138.509 253.142 160.504 253.142 160.504 274.063 138.509 274.063
137.125 254.186 158.946 254.186 158.946 275.074 137.125 275.074
137.489 254.217 159.050 254.217 159.050 275.179 137.489 275.179
137.552 253.983 158.863 253.983 158.863 275.040 137.552 275.040
138.033 253.999 159.269 253.999 159.269 275.033 138.033 275.033
137.746 253.899 158.823 253.899 158.823 274.976 137.746 274.976
137.878 253.294 158.824 253.294 158.824 274.348 137.878 274.348
137.206 253.706 158.170 253.706 158.170 274.624 137.206 274.624
137.386 253.513 158.414 253.513 158.414 274.266 137.386 274.266
137.394 254.171 158.383 254.171 158.383 274.801 137.394 274.801
138.269 254.140 159.302 254.140 159.302 274.576 138.269 274.576
138.039 253.985 158.970 253.985 158.970 274.392 138.039 274.392
138.734 254.511 159.486 254.511 159.486 274.842 138.734 274.842
138.676 254.624 159.312 254.624 159.312 274.896 138.676 274.896
138.594 255.612 158.998 255.612 158.998 275.824 138.594 275.824
138.855 255.450 159.094 255.450 159.094 275.758 138.855 275.758
138.431 255.567 158.429 255.567 158.429 275.993 138.431 275.993
138.389 255.585 158.186 255.585 158.186 276.120 138.389 276.120
139.655 253.665 159.283 253.665 159.283 274.292 139.655 274.292
139.004 253.741 158.413 253.741 158.413 274.512 139.004 274.512
138.094 253.847 157.420 253.847 157.420 274.611 138.094 274.611
135.663 256.457 155.221 256.457 155.221 277.096 135.663 277.096
135.316 256.059 154.812 256.059 154.812 276.808 135.316 276.808
134.288 253.698 153.557 253.698 153.557 274.618 134.288 274.618
131.760 254.439 151.176 254.439 151.176 275.244 131.760 275.244
128.551 254.462 148.053 254.462 148.053 275.181 128.551 275.181
125.579 254.602 145.311 254.602 145.311 275.221 125.579 275.221
124.547 254.332 144.371 254.332 144.371 274.852 124.547 274.852
123.145 254.179 143.284 254.179 143.284 274.408 123.145 274.408
122.136 253.612 142.243 253.612 142.243 273.912 122.136 273.912
121.154 253.840 141.275 253.840 141.275 274.128 121.154 274.128
119.941 255.872 140.130 255.872 140.130 275.981 119.941 275.981
117.041 250.977 136.916 250.977 136.916 271.414 117.041 271.414
113.429 245.873 133.344 245.873 133.344 266.274 113.429 266.274
114.595 246.795 134.514 246.795 134.514 267.297 114.595 267.297
113.673 247.099 133.670 247.099 133.670 267.605 113.673 267.605
112.953 247.223 133.055 247.223 133.055 267.871 112.953 267.871
111.959 246.931 131.886 246.931 131.886 267.864 111.959 267.864
111.217 247.211 130.884 247.211 130.884 268.524 111.217 268.524
110.616 247.737 130.039 247.737 130.039 269.444 110.616 269.444
109.475 247.587 128.882 247.587 128.882 269.283 109.475 269.283
108.799 247.260 128.085 247.260 128.085 268.972 108.799 268.972
107.520 247.336 126.910 247.336 126.910 269.058 107.520 269.058
107.094 246.807 126.576 246.807 126.576 268.521 107.094 268.521
105.938 246.426 125.579 246.426 125.579 268.076 105.938 268.076
