273.000 213.000 304.000 213.000 304.000 290.000 273.000 290.000
275.192 210.654 306.426 210.654 306.426 287.152 275.192 287.152
274.201 210.313 305.529 210.313 305.529 285.778 274.201 285.778
275.324 210.507 306.795 210.507 306.795 285.297 275.324 285.297
274.608 210.785 306.167 210.785 306.167 285.009 274.608 285.009
275.470 211.378 306.912 211.378 306.912 285.060 275.470 285.060
276.232 211.343 307.533 211.343 307.533 285.032 276.232 285.032
275.141 210.759 306.646 210.759 306.646 284.032 275.141 284.032
277.508 210.117 308.857 210.117 308.857 283.150 277.508 283.150
275.912 209.502 307.270 209.502 307.270 282.004 275.912 282.004
276.899 210.505 308.161 210.505 308.161 282.868 276.899 282.868
276.408 209.997 307.728 209.997 307.728 282.469 276.408 282.469
276.695 207.537 307.956 207.537 307.956 280.025 276.695 280.025
276.389 210.074 307.702 210.074 307.702 281.949 276.389 281.949
277.740 208.286 309.075 208.286 309.075 279.972 277.740 279.972
276.208 208.619 307.502 208.619 307.502 280.127 276.208 280.127
277.729 208.458 309.127 208.458 309.127 279.818 277.729 279.818
277.009 207.268 308.495 207.268 308.495 278.645 277.009 278.645
277.851 207.508 309.076 207.508 309.076 279.014 277.851 279.014
277.240 206.772 308.398 206.772 308.398 278.126 277.240 278.126
277.694 205.919 308.721 205.919 308.721 277.275 277.694 277.275
278.454 206.007 309.306 206.007 309.306 277.657 278.454 277.657
277.465 205.643 308.237 205.643 308.237 277.100 277.465 277.100
278.477 206.308 309.147 206.308 309.147 277.688 278.477 277.688
277.844 205.939 308.649 205.939 308.649 277.326 277.844 277.326
279.271 205.791 310.266 205.791 310.266 276.894 279.271 276.894
277.883 205.560 308.837 205.560 308.837 276.449 277.883 276.449
278.642 204.972 309.452 204.972 309.452 276.090 278.642 276.090
279.521 204.219 310.188 204.219 310.188 275.376 279.521 275.376
279.312 205.815 309.909 205.815 309.909 276.983 279.312 276.983
279.430 202.768 310.022 202.768 310.022 273.904 279.430 273.904
279.944 204.497 310.561 204.497 310.561 275.463 279.944 275.463
279.909 203.464 310.631 203.464 310.631 274.030 279.909 274.030
280.098 203.144 310.676 203.144 310.676 273.668 280.098 273.668
279.393 202.885 310.044 202.885 310.044 273.218 279.393 273.218
280.816 202.953 311.433 202.953 311.433 273.537 280.816 273.537
279.495 203.823 310.272 203.823 310.272 273.940 279.495 273.940
280.949 203.774 311.848 203.774 311.848 273.738 280.949 273.738
279.610 203.586 310.593 203.586 310.593 273.638 279.610 273.638
280.320 202.291 311.317 202.291 311.317 272.531 280.320 272.531
279.472 203.456 310.507 203.456 310.507 273.703 279.472 273.703
280.245 200.597 311.190 200.597 311.190 271.409 280.245 271.409
280.091 201.708 310.920 201.708 310.920 272.560 280.091 272.560
279.862 202.393 310.687 202.393 310.687 273.150 279.862 273.150
280.008 199.517 310.734 199.517 310.734 270.603 280.008 270.603
279.842 201.308 310.499 201.308 310.499 272.155 279.842 272.155
280.131 200.252 310.910 200.252 310.910 270.927 280.131 270.927
279.708 200.697 310.353 200.697 310.353 271.319 279.708 271.319
279.748 199.675 310.414 199.675 310.414 270.164 279.748 270.164
279.611 200.545 310.124 200.545 310.124 271.056 279.611 271.056
279.185 200.514 309.762 200.514 309.762 270.935 279.185 270.935
279.051 199.304 309.601 199.304 309.601 269.571 279.051 269.571
278.835 199.742 309.333 199.742 309.333 270.136 278.835 270.136
277.790 199.629 308.360 199.629 308.360 269.707 277.790 269.707
278.583 199.620 309.099 199.620 309.099 269.944 278.583 269.944
278.353 200.698 308.899 200.698 308.899 270.824 278.353 270.824
278.007 198.499 308.317 198.499 308.317 268.727 278.007 268.727
277.325 198.682 307.329 198.682 307.329 269.137 277.325 269.137
278.327 197.621 308.059 197.621 308.059 267.959 278.327 267.959
276.340 198.811 305.998 198.811 305.998 269.051 276.340 269.051
277.276 197.453 306.948 197.453 306.948 267.332 277.276 267.332
276.535 197.643 306.144 197.643 306.144 267.429 276.535 267.429
277.679 196.833 307.105 196.833 307.105 266.512 277.679 266.512
276.121 198.211 305.461 198.211 305.461 267.617 276.121 267.617
276.601 196.014 305.852 196.014 305.852 265.239 276.601 265.239
276.110 194.897 305.299 194.897 305.299 263.966 276.110 263.966
276.484 195.941 305.548 195.941 305.548 265.174 276.484 265.174
275.845 195.963 304.834 195.963 304.834 264.950 275.845 264.950
275.826 194.449 304.688 194.449 304.688 263.412 275.826 263.412
276.345 194.847 305.109 194.847 305.109 263.632 276.345 263.632
275.319 195.745 304.006 195.745 304.006 264.533 275.319 264.533
275.986 194.163 304.637 194.163 304.637 262.949 275.986 262.949
275.248 194.535 303.906 194.535 303.906 263.054 275.248 263.054
276.125 194.414 304.638 194.414 304.638 262.814 276.125 262.814
275.698 194.424 304.076 194.424 304.076 262.657 275.698 262.657
276.215 194.161 304.487 194.161 304.487 262.354 276.215 262.354
275.678 193.167 303.849 193.167 303.849 261.494 275.678 261.494
277.444 193.413 305.558 193.413 305.558 261.663 277.444 261.663
276.055 193.972 304.123 193.972 304.123 262.156 276.055 262.156
275.939 192.647 303.868 192.647 303.868 260.633 275.939 260.633
276.968 193.066 304.898 193.066 304.898 260.908 276.968 260.908
276.417 193.077 304.276 193.077 304.276 260.724 276.417 260.724
277.293 192.694 305.011 192.694 305.011 260.320 277.293 260.320
276.611 192.331 304.348 192.331 304.348 260.066 276.611 260.066
277.528 193.148 305.233 193.148 305.233 260.880 277.528 260.880
277.360 191.572 305.102 191.572 305.102 259.551 277.360 259.551
278.271 192.783 306.005 192.783 306.005 260.864 278.271 260.864
277.971 191.364 305.705 191.364 305.705 259.638 277.971 259.638
277.819 191.050 305.729 191.050 305.729 259.022 277.819 259.022
278.460 192.767 306.319 192.767 306.319 260.684 278.460 260.684
279.082 190.440 307.015 190.440 307.015 258.404 279.082 258.404
278.321 191.464 306.259 191.464 306.259 259.223 278.321 259.223
279.331 191.385 307.423 191.385 307.423 259.009 279.331 259.009
278.841 191.625 307.033 191.625 307.033 259.295 278.841 259.295
278.992 191.310 307.146 191.310 307.146 259.212 278.992 259.212
278.916 190.554 307.036 190.554 307.036 258.497 278.916 258.497
278.711 190.994 306.756 190.994 306.756 258.835 278.711 258.835
278.600 190.193 306.651 190.193 306.651 257.924 278.600 257.924
278.383 190.428 306.392 190.428 306.392 257.884 278.383 257.884
279.200 190.508 307.193 190.508 307.193 257.798 279.200 257.798
278.793 190.242 306.738 190.242 306.738 257.575 278.793 257.575
279.452 190.498 307.491 190.498 307.491 257.592 279.452 257.592
278.650 189.996 306.588 189.996 306.588 256.936 278.650 256.936
278.729 189.897 306.672 189.897 306.672 256.755 278.729 256.755
278.912 189.195 306.756 189.195 306.756 256.130 278.912 256.130
279.245 188.198 307.070 188.198 307.070 254.982 279.245 254.982
279.164 190.148 306.960 190.148 306.960 256.647 279.164 256.647
278.752 188.413 306.565 188.413 306.565 254.725 278.752 254.725
279.323 189.061 307.178 189.061 307.178 255.163 279.323 255.163
278.989 187.744 306.714 187.744 306.714 253.836 278.989 253.836
278.945 188.679 306.598 188.679 306.598 254.660 278.945 254.660
278.337 188.984 305.923 188.984 305.923 254.851 278.337 254.851
278.968 187.699 306.560 187.699 306.560 253.421 278.968 253.421
278.988 188.923 306.506 188.923 306.506 254.635 278.988 254.635
278.809 188.205 306.233 188.205 306.233 253.937 278.809 253.937
278.575 187.769 305.932 187.769 305.932 253.332 278.575 253.332
278.856 187.081 306.094 187.081 306.094 252.593 278.856 252.593
278.224 187.791 305.434 187.791 305.434 253.441 278.224 253.441
278.047 186.974 305.246 186.974 305.246 252.483 278.047 252.483
278.473 187.117 305.634 187.117 305.634 252.747 278.473 252.747
274.202 185.761 301.625 185.761 301.625 251.910 274.202 251.910
268.674 186.933 296.285 186.933 296.285 252.804 268.674 252.804
264.100 186.887 291.784 186.887 291.784 253.080 264.100 253.080
260.783 186.351 288.495 186.351 288.495 252.608 260.783 252.608
255.471 186.765 283.375 186.765 283.375 253.032 255.471 253.032
251.949 186.384 279.884 186.384 279.884 252.696 251.949 252.696
247.328 186.083 275.319 186.083 275.319 252.190 247.328 252.190
242.545 185.123 270.484 185.123 270.484 251.024 242.545 251.024
238.404 186.441 266.220 186.441 266.220 252.259 238.404 252.259
233.460 185.897 261.064 185.897 261.064 251.371 233.460 251.371
228.965 186.764 256.829 186.764 256.829 251.312 228.965 251.312
224.228 186.579 252.155 186.579 252.155 250.527 224.228 250.527
220.369 187.297 248.117 187.297 248.117 251.097 220.369 251.097
223.810 185.161 251.586 185.161 251.586 248.867 223.810 248.867
227.790 185.736 255.698 185.736 255.698 249.250 227.790 249.250
231.825 185.278 259.777 185.278 259.777 248.595 231.825 248.595
235.197 185.444 263.030 185.444 263.030 248.553 235.197 248.553
239.741 184.369 267.550 184.369 267.550 247.570 239.741 247.570
243.859 184.706 271.422 184.706 271.422 248.139 243.859 248.139
247.942 182.935 275.580 182.935 275.580 246.257 247.942 246.257
251.949 184.248 279.634 184.248 279.634 247.623 251.949 247.623
257.571 182.798 284.975 182.798 284.975 246.494 257.571 246.494
261.095 184.362 288.517 184.362 288.517 248.138 261.095 248.138
265.470 183.255 292.856 183.255 292.856 246.995 265.470 246.995
269.766 183.749 297.203 183.749 297.203 247.055 269.766 247.055
274.010 183.237 301.413 183.237 301.413 246.339 274.010 246.339
270.664 182.803 297.841 182.803 297.841 245.943 270.664 245.943
266.700 183.080 293.696 183.080 293.696 245.821 266.700 245.821
262.528 183.007 289.398 183.007 289.398 245.793 262.528 245.793
259.063 182.901 285.881 182.901 285.881 245.490 259.063 245.490
254.561 183.254 281.165 183.254 281.165 245.644 254.561 245.644
251.271 183.727 277.909 183.727 277.909 246.010 251.271 246.010
247.056 182.584 273.648 182.584 273.648 244.628 247.056 244.628
242.385 182.160 269.024 182.160 269.024 244.042 242.385 244.042
238.452 182.148 265.003 182.148 265.003 243.717 238.452 243.717
233.768 181.505 260.292 181.505 260.292 242.838 233.768 242.838
230.066 182.409 256.606 182.409 256.606 243.658 230.066 243.658
225.806 183.248 252.201 183.248 252.201 244.210 225.806 244.210
221.800 181.920 248.099 181.920 248.099 242.887 221.800 242.887
223.796 182.888 250.094 182.888 250.094 243.952 223.796 243.952
226.918 180.868 253.421 180.868 253.421 241.911 226.918 241.911
231.279 181.625 257.877 181.625 257.877 242.672 231.279 242.672
235.141 181.427 261.829 181.427 261.829 242.863 235.141 242.863
239.541 182.390 266.261 182.390 266.261 244.198 239.541 244.198
244.007 180.311 270.560 180.311 270.560 242.732 244.007 242.732
248.162 179.102 274.703 179.102 274.703 241.663 248.162 241.663
252.010 180.262 278.607 180.262 278.607 242.812 252.010 242.812
256.023 179.773 282.705 179.773 282.705 242.672 256.023 242.672
259.945 178.874 286.755 178.874 286.755 241.809 259.945 241.809
264.913 178.684 291.772 178.684 291.772 241.705 264.913 241.705
269.592 178.189 296.474 178.189 296.474 241.255 269.592 241.255
273.392 178.191 300.310 178.191 300.310 241.412 273.392 241.412
272.690 177.770 299.574 177.770 299.574 240.376 272.690 240.376
268.333 178.045 295.082 178.045 295.082 240.337 268.333 240.337
264.640 179.351 291.400 179.351 291.400 241.637 264.640 241.637
261.048 178.811 287.783 178.811 287.783 240.928 261.048 240.928
256.890 178.095 283.559 178.095 283.559 239.785 256.890 239.785
253.211 178.141 279.862 178.141 279.862 239.698 253.211 239.698
248.700 178.090 275.305 178.090 275.305 239.304 248.700 239.304
242.129 177.844 268.758 177.844 268.758 239.267 242.129 239.267
238.011 178.823 264.628 178.823 264.628 239.940 238.011 239.940
234.161 178.732 260.587 178.732 260.587 239.846 234.161 239.846
230.737 178.258 257.091 178.258 257.091 239.240 230.737 239.240
226.469 179.570 252.708 179.570 252.708 240.461 226.469 240.461
223.274 179.041 249.458 179.041 249.458 239.668 223.274 239.668
223.014 178.453 248.856 178.453 248.856 239.535 223.014 239.535
225.952 177.298 251.698 177.298 251.698 238.839 225.952 238.839
230.285 177.366 255.977 177.366 255.977 239.659 230.285 239.659
233.729 176.997 259.656 176.997 259.656 239.313 233.729 239.313
238.087 177.101 264.175 177.101 264.175 239.750 238.087 239.750
241.608 175.400 267.763 175.400 267.763 238.727 241.608 238.727
249.031 176.150 275.176 176.150 275.176 239.443 249.031 239.443
251.769 176.308 278.221 176.308 278.221 239.600 251.769 239.600
255.363 174.988 282.086 174.988 282.086 238.649 255.363 238.649
259.463 175.617 286.429 175.617 286.429 239.703 259.463 239.703
263.151 173.885 290.349 173.885 290.349 238.452 263.151 238.452
266.660 174.310 293.805 174.310 293.805 239.425 266.660 239.425
273.571 174.496 300.606 174.496 300.606 239.516 273.571 239.516
275.405 175.040 302.225 175.040 302.225 240.110 275.405 240.110
270.206 174.880 296.692 174.880 296.692 239.604 270.206 239.604
268.435 175.111 294.712 175.111 294.712 239.531 268.435 239.531
263.117 173.231 289.199 173.231 289.199 237.468 263.117 237.468
258.130 172.892 284.189 172.892 284.189 237.058 258.130 237.058
255.659 173.608 281.583 173.608 281.583 237.507 255.659 237.507
249.849 174.021 275.767 174.021 275.767 237.416 249.849 237.416
245.266 173.076 270.785 173.076 270.785 237.012 245.266 237.012
240.921 173.930 266.182 173.930 266.182 237.728 240.921 237.728
236.488 173.644 261.645 173.644 261.645 237.635 236.488 237.635
234.767 173.968 259.912 173.968 259.912 237.727 234.767 237.727
229.327 174.396 254.312 174.396 254.312 237.722 229.327 237.722
224.834 172.548 249.773 172.548 249.773 235.823 224.834 235.823
223.352 172.139 248.370 172.139 248.370 234.997 223.352 234.997
228.100 171.831 252.906 171.831 252.906 234.654 228.100 234.654
209.979 171.133 235.128 171.133 235.128 235.051 209.979 235.051
213.231 171.506 238.531 171.506 238.531 236.627 213.231 236.627
217.468 171.200 243.085 171.200 243.085 237.032 217.468 237.032
222.480 169.773 248.338 169.773 248.338 236.170 222.480 236.170
227.611 168.025 253.737 168.025 253.737 235.207 227.611 235.207
231.712 168.729 258.394 168.729 258.394 236.481 231.712 236.481
236.753 167.519 263.956 167.519 263.956 236.135 236.753 236.135
241.201 167.502 269.289 167.502 269.289 236.427 241.201 236.427
246.097 167.621 274.916 167.621 274.916 236.980 246.097 236.980
247.680 167.414 277.040 167.414 277.040 236.949 247.680 236.949
253.707 168.249 283.622 168.249 283.622 238.336 253.707 238.336
273.286 173.479 303.005 173.479 303.005 243.835 273.286 243.835
266.709 172.316 296.708 172.316 296.708 242.796 266.709 242.796
263.834 172.956 293.496 172.956 293.496 243.332 263.834 243.332
256.364 171.732 286.009 171.732 286.009 242.280 256.364 242.280
249.200 170.153 278.987 170.153 278.987 241.259 249.200 241.259
242.412 170.481 272.470 170.481 272.470 241.372 242.412 241.372
234.988 170.634 265.192 170.634 265.192 241.981 234.988 241.981
228.340 169.157 258.785 169.157 258.785 240.738 228.340 240.738
221.872 168.473 253.005 168.473 253.005 239.960 221.872 239.960
214.831 168.458 246.426 168.458 246.426 240.393 214.831 240.393
207.600 168.438 239.692 168.438 239.692 240.644 207.600 240.644
200.534 168.522 233.152 168.522 233.152 241.093 200.534 241.093
199.141 168.760 231.696 168.760 231.696 241.380 199.141 241.380
191.900 167.331 224.835 167.331 224.835 239.711 191.900 239.711
191.683 167.990 225.372 167.990 225.372 240.485 191.683 240.485
193.118 168.408 226.823 168.408 226.823 241.094 193.118 241.094
200.259 167.501 234.455 167.501 234.455 240.065 200.259 240.065
207.654 167.928 242.488 167.928 242.488 240.661 207.654 240.661
209.460 167.840 244.311 167.840 244.311 240.908 209.460 240.908
217.094 167.986 252.066 167.986 252.066 241.777 217.094 241.777
219.464 168.788 254.376 168.788 254.376 242.665 219.464 242.665
227.321 167.403 262.475 167.403 262.475 241.708 227.321 241.708
229.895 168.080 264.870 168.080 264.870 242.606 229.895 242.606
237.630 167.151 272.872 167.151 272.872 242.220 237.630 242.220
240.803 167.911 275.871 167.911 275.871 243.181 240.803 243.181
248.471 167.226 283.815 167.226 283.815 243.003 248.471 243.003
255.458 165.726 291.314 165.726 291.314 242.080 255.458 242.080
254.981 165.349 291.262 165.349 291.262 242.047 254.981 242.047
254.108 164.059 290.164 164.059 290.164 240.701 254.108 240.701
246.617 164.504 282.820 164.504 282.820 241.396 246.617 241.396
245.926 165.761 281.752 165.761 281.752 242.038 245.926 242.038
238.453 165.284 274.171 165.284 274.171 241.131 238.453 241.131
230.933 165.536 266.585 165.536 266.585 241.355 230.933 241.355
224.020 165.156 259.848 165.156 259.848 240.836 224.020 240.836
223.387 164.646 258.834 164.646 258.834 239.717 223.387 239.717
216.272 164.833 251.537 164.833 251.537 239.601 216.272 239.601
209.220 163.781 244.143 163.781 244.143 238.694 209.220 238.694
202.445 164.384 237.252 164.384 237.252 239.417 202.445 239.417
202.419 165.456 236.767 165.456 236.767 239.711 202.419 239.711
196.571 164.018 230.315 164.018 230.315 237.770 196.571 237.770
196.854 164.016 230.760 164.016 230.760 237.369 196.854 237.369
196.724 164.110 231.265 164.110 231.265 237.606 196.724 237.606
203.397 164.569 238.228 164.569 238.228 238.189 203.397 238.189
210.441 163.378 245.286 163.378 245.286 237.411 210.441 237.411
209.716 162.413 245.115 162.413 245.115 236.740 209.716 236.740
210.512 162.579 245.915 162.579 245.915 237.694 210.512 237.694
218.183 162.832 253.843 162.832 253.843 238.541 218.183 238.541
225.519 160.686 261.252 160.686 261.252 237.192 225.519 237.192
232.239 160.253 268.310 160.253 268.310 236.893 232.239 236.893
239.132 160.585 275.722 160.585 275.722 237.299 239.132 237.299
245.877 159.151 282.879 159.151 282.879 235.542 245.877 235.542
246.531 159.707 283.588 159.707 283.588 236.204 246.531 236.204
254.187 158.777 291.408 158.777 291.408 235.208 254.187 235.208
254.755 159.850 292.105 159.850 292.105 236.761 254.755 236.761
254.646 159.152 292.240 159.152 292.240 234.977 254.646 234.977
253.152 158.872 290.330 158.872 290.330 234.185 253.152 234.185
251.476 159.244 288.104 159.244 288.104 233.208 251.476 233.208
243.803 158.534 279.916 158.534 279.916 231.949 243.803 231.949
236.939 160.295 272.739 160.295 272.739 233.073 236.939 233.073
229.996 159.017 265.408 159.017 265.408 231.074 229.996 231.074
223.129 160.217 258.429 160.217 258.429 231.771 223.129 231.771
222.805 160.597 257.474 160.597 257.474 231.340 222.805 231.340
215.418 160.146 249.624 160.146 249.624 230.767 215.418 230.767
208.578 160.726 242.494 160.726 242.494 230.787 208.578 230.787
206.816 160.845 240.147 160.845 240.147 229.853 206.816 229.853
200.090 159.973 233.138 159.973 233.138 228.127 200.090 228.127
200.138 160.702 232.632 160.702 232.632 228.524 200.138 228.524
200.102 161.030 232.914 161.030 232.914 228.419 200.102 228.419
199.768 159.457 232.899 159.457 232.899 227.727 199.768 227.727
200.763 158.741 233.545 158.741 233.545 228.207 200.763 228.207
207.884 158.741 240.889 158.741 240.889 228.628 207.884 228.628
210.717 157.686 243.384 157.686 243.384 228.008 210.717 228.008
218.106 156.894 250.930 156.894 250.930 227.440 218.106 227.440
225.548 155.776 258.661 155.776 258.661 226.876 225.548 226.876
232.596 155.313 265.939 155.313 265.939 227.116 232.596 227.116
234.463 155.779 267.632 155.779 267.632 227.727 234.463 227.727
242.275 155.275 275.507 155.275 275.507 227.240 242.275 227.240
249.327 155.261 282.949 155.261 282.949 227.102 249.327 227.102
252.304 155.723 285.779 155.723 285.779 227.296 252.304 227.296
254.743 154.927 288.307 154.927 288.307 226.624 254.743 226.624
254.290 155.068 288.362 155.068 288.362 226.836 254.290 226.836
254.145 156.391 288.218 156.391 288.218 227.981 254.145 227.981
246.432 156.819 280.390 156.819 280.390 227.982 246.432 227.982
239.118 158.015 272.719 158.015 272.719 229.113 239.118 229.113
231.990 157.981 265.040 157.981 265.040 228.343 231.990 228.343
224.553 158.837 257.096 158.837 257.096 229.489 224.553 229.489
211.903 159.437 244.478 159.437 244.478 230.176 211.903 230.176
205.735 158.969 238.108 158.969 238.108 229.062 205.735 229.062
199.314 158.976 231.585 158.976 231.585 228.677 199.314 228.677
191.280 162.535 223.457 162.535 223.457 231.905 191.280 231.905
183.722 158.957 215.700 158.957 215.700 227.864 183.722 227.864
176.211 159.356 207.706 159.356 207.706 227.940 176.211 227.940
170.433 157.994 201.710 157.994 201.710 225.814 170.433 225.814
177.650 158.251 208.650 158.251 208.650 226.038 177.650 226.038
184.332 158.961 215.252 158.961 215.252 226.861 184.332 226.861
178.247 157.321 208.979 157.321 208.979 226.267 178.247 226.267
189.783 157.310 220.862 157.310 220.862 226.768 189.783 226.768
195.413 155.837 226.421 155.837 226.421 225.888 195.413 225.888
207.113 154.703 238.373 154.703 238.373 225.358 207.113 225.358
213.485 154.183 244.603 154.183 244.603 225.512 213.485 225.512
220.804 153.438 251.735 153.438 251.735 225.091 220.804 225.091
232.976 152.556 263.863 152.556 263.863 224.507 232.976 224.507
239.833 151.337 270.549 151.337 270.549 223.788 239.833 223.788
252.015 151.719 282.811 151.719 282.811 224.356 252.015 224.356
258.616 151.237 289.184 151.237 289.184 224.168 258.616 224.168
286.752 152.338 317.143 152.338 317.143 224.032 286.752 224.032
280.040 151.327 309.990 151.327 309.990 222.705 280.040 222.705
274.622 152.344 304.266 152.344 304.266 222.925 274.622 222.925
266.849 153.073 296.302 153.073 296.302 222.743 266.849 222.743
256.036 152.636 285.380 152.636 285.380 221.866 256.036 221.866
249.441 154.383 278.454 154.383 278.454 222.210 249.441 222.210
243.164 154.701 271.576 154.701 271.576 222.724 243.164 222.724
235.252 154.876 263.398 154.876 263.398 222.305 235.252 222.305
226.935 155.723 254.988 155.723 254.988 221.947 226.935 221.947
220.447 155.016 248.038 155.016 248.038 221.423 220.447 221.423
209.621 155.893 237.161 155.893 237.161 221.677 209.621 221.677
202.215 157.041 229.775 157.041 229.775 221.933 202.215 221.933
195.292 155.853 222.540 155.853 222.540 220.167 195.292 220.167
188.724 156.507 215.765 156.507 215.765 220.600 188.724 220.600
196.506 157.312 223.464 157.312 223.464 221.278 196.506 221.278
203.437 157.131 230.089 157.131 230.089 220.803 203.437 220.803
215.458 156.074 242.045 156.074 242.045 219.298 215.458 219.298
222.055 157.565 248.157 157.565 248.157 221.241 222.055 221.241
230.767 156.286 256.734 156.286 256.734 219.811 230.767 219.811
242.338 154.389 268.052 154.389 268.052 217.951 242.338 217.951
252.975 155.314 278.826 155.314 278.826 218.336 252.975 218.336
260.480 154.484 286.193 154.484 286.193 217.457 260.480 217.457
268.938 155.000 294.578 155.000 294.578 217.897 268.938 217.897
280.043 152.898 305.459 152.898 305.459 215.797 280.043 215.797
287.578 152.665 313.084 152.665 313.084 215.007 287.578 215.007
295.544 153.239 320.922 153.239 320.922 215.287 295.544 215.287
305.058 154.227 330.303 154.227 330.303 215.548 305.058 215.548
300.920 152.315 326.073 152.315 326.073 213.637 300.920 213.637
293.829 152.969 319.403 152.969 319.403 213.417 293.829 213.417
286.826 153.880 312.716 153.880 312.716 213.975 286.826 213.975
279.364 153.437 305.184 153.437 305.184 213.434 279.364 213.434
270.620 154.853 296.790 154.853 296.790 214.358 270.620 214.358
263.326 154.120 289.751 154.120 289.751 213.037 263.326 213.037
252.477 152.623 278.933 152.623 278.933 211.197 252.477 211.197
244.861 154.877 271.416 154.877 271.416 213.133 244.861 213.133
237.704 155.533 264.683 155.533 264.683 212.873 237.704 212.873
227.342 154.776 254.095 154.776 254.095 212.088 227.342 212.088
220.059 155.046 246.845 155.046 246.845 212.090 220.059 212.090
213.268 155.174 240.188 155.174 240.188 211.550 213.268 211.550
204.885 154.305 231.829 154.305 231.829 210.533 204.885 210.533
206.740 154.039 233.210 154.039 233.210 210.652 206.740 210.652
215.129 154.553 241.412 154.553 241.412 211.022 215.129 211.022
226.099 152.776 251.988 152.776 251.988 209.683 226.099 209.683
233.926 152.721 259.620 152.721 259.620 209.690 233.926 209.690
245.155 153.052 270.831 153.052 270.831 209.852 245.155 209.852
252.764 152.267 277.878 152.267 277.878 209.560 252.764 209.560
263.467 151.447 288.525 151.447 288.525 208.859 263.467 208.859
271.207 153.863 296.245 153.863 296.245 211.247 271.207 211.247
281.931 151.154 306.694 151.154 306.694 209.047 281.931 209.047
291.824 150.485 316.368 150.485 316.368 208.431 291.824 208.431
298.933 150.692 323.659 150.692 323.659 208.415 298.933 208.415
309.144 150.859 333.924 150.859 333.924 208.565 309.144 208.565
316.762 150.146 341.606 150.146 341.606 207.887 316.762 207.887
317.443 151.019 342.242 151.019 342.242 208.582 317.443 208.582
316.856 150.853 341.654 150.853 341.654 208.416 316.856 208.416
316.401 151.494 341.199 151.494 341.199 209.057 316.401 209.057
316.039 151.619 340.837 151.619 340.837 209.182 316.039 209.182
315.687 152.215 340.485 152.215 340.485 209.778 315.687 209.778
315.130 152.057 339.928 152.057 339.928 209.620 315.130 209.620
314.895 151.974 339.693 151.974 339.693 209.537 314.895 209.537
314.392 151.120 339.190 151.120 339.190 208.683 314.392 208.683
314.863 150.105 339.661 150.105 339.661 207.668 314.863 207.668
314.705 148.406 339.503 148.406 339.503 205.969 314.705 205.969
314.519 147.571 339.317 147.571 339.317 205.134 314.519 205.134
314.268 145.699 339.066 145.699 339.066 203.262 314.268 203.262
314.330 144.497 339.128 144.497 339.128 202.060 314.330 202.060
314.302 143.946 339.100 143.946 339.100 201.509 314.302 201.509
314.131 142.917 338.929 142.917 338.929 200.480 314.131 200.480
313.727 142.924 338.525 142.924 338.525 200.487 313.727 200.487
313.546 142.114 338.344 142.114 338.344 199.677 313.546 199.677
313.115 142.020 337.913 142.020 337.913 199.583 313.115 199.583
313.082 142.709 337.880 142.709 337.880 200.272 313.082 200.272
312.815 143.235 337.613 143.235 337.613 200.798 312.815 200.798
312.836 143.615 337.634 143.615 337.634 201.178 312.836 201.178
312.345 144.754 337.143 144.754 337.143 202.317 312.345 202.317
312.061 145.738 336.859 145.738 336.859 203.301 312.061 203.301
311.799 147.139 336.597 147.139 336.597 204.702 311.799 204.702
301.264 146.497 325.937 146.497 325.937 204.192 301.264 204.192
302.173 146.731 326.846 146.731 326.846 204.426 302.173 204.426
291.794 146.970 316.141 146.970 316.141 205.545 291.794 205.545
292.683 146.487 317.029 146.487 317.029 205.059 292.683 205.059
292.574 145.618 316.682 145.618 316.682 204.622 292.574 204.622
292.080 146.409 316.188 146.409 316.188 205.413 292.080 205.413
291.806 147.582 315.914 147.582 315.914 206.586 291.806 206.586
291.577 147.916 315.685 147.916 315.685 206.920 291.577 206.920
291.231 148.641 315.339 148.641 315.339 207.645 291.231 207.645
291.322 149.023 315.430 149.023 315.430 208.027 291.322 208.027
291.300 148.846 315.408 148.846 315.408 207.850 291.300 207.850
291.243 148.769 315.351 148.769 315.351 207.773 291.243 207.773
291.267 147.711 315.375 147.711 315.375 206.715 291.267 206.715
290.823 146.471 314.931 146.471 314.931 205.475 290.823 205.475
290.151 145.236 314.259 145.236 314.259 204.240 290.151 204.240
289.616 144.569 313.724 144.569 313.724 203.573 289.616 203.573
289.194 144.348 313.302 144.348 313.302 203.352 289.194 203.352
288.817 144.089 312.925 144.089 312.925 203.093 288.817 203.093
288.745 144.410 312.853 144.410 312.853 203.414 288.745 203.414
288.344 144.404 312.452 144.404 312.452 203.408 288.344 203.408
288.109 145.332 312.217 145.332 312.217 204.336 288.109 204.336
287.916 145.823 312.024 145.823 312.024 204.827 287.916 204.827
287.749 147.542 311.857 147.542 311.857 206.546 287.749 206.546
287.157 148.954 311.265 148.954 311.265 207.958 287.157 207.958
246.500 143.242 270.460 143.242 270.460 202.105 246.500 202.105
241.220 144.259 265.175 144.259 265.175 203.144 241.220 203.144
252.250 143.469 276.204 143.469 276.204 202.445 252.250 202.445
252.293 143.535 276.247 143.535 276.247 202.511 252.293 202.511
252.038 142.473 275.992 142.473 275.992 201.449 252.038 201.449
252.560 141.998 276.514 141.998 276.514 200.974 252.560 200.974
258.778 143.227 282.759 143.227 282.759 202.326 258.778 202.326
259.744 142.776 283.723 142.776 283.723 201.875 259.744 201.875
259.138 142.448 283.047 142.448 283.047 201.640 259.138 201.640
258.598 142.963 282.507 142.963 282.507 202.155 258.598 202.155
258.230 143.900 282.139 143.900 282.139 203.092 258.230 203.092
258.089 145.019 281.998 145.019 281.998 204.211 258.089 204.211
257.703 146.317 281.612 146.317 281.612 205.509 257.703 205.509
257.611 146.566 281.520 146.566 281.520 205.758 257.611 205.758
257.595 145.645 281.504 145.645 281.504 204.837 257.595 204.837
257.339 145.305 281.248 145.305 281.248 204.497 257.339 204.497
257.402 143.765 281.311 143.765 281.311 202.957 257.402 202.957
257.230 143.506 281.139 143.506 281.139 202.698 257.230 202.698
256.971 143.168 280.880 143.168 280.880 202.360 256.971 202.360
256.729 142.103 280.638 142.103 280.638 201.295 256.729 201.295
256.578 142.694 280.487 142.694 280.487 201.886 256.578 201.886
256.390 143.473 280.299 143.473 280.299 202.664 256.390 202.664
256.125 144.894 280.034 144.894 280.034 204.085 256.125 204.085
256.111 145.976 280.020 145.976 280.020 205.167 256.111 205.167
255.695 146.897 279.604 146.897 279.604 206.088 255.695 206.088
225.239 142.234 248.931 142.234 248.931 201.519 225.239 201.519
247.232 141.029 270.795 141.029 270.795 200.593 247.232 200.593
273.580 145.241 297.083 145.241 297.083 204.757 273.580 204.757
294.512 139.568 317.893 139.568 317.893 199.019 294.512 199.019
284.441 139.227 307.747 139.227 307.747 198.830 284.441 198.830
300.396 139.150 323.604 139.150 323.604 198.986 300.396 198.986
300.994 140.295 324.114 140.295 324.114 200.242 300.994 200.242
306.106 137.767 329.139 137.767 329.139 198.055 306.106 198.055
305.257 137.468 328.290 137.468 328.290 197.756 305.257 197.756
264.268 141.492 287.377 141.492 287.377 201.644 264.268 201.644
263.754 141.731 286.863 141.731 286.863 201.882 263.754 201.882
217.689 141.639 240.876 141.639 240.876 201.673 217.689 201.673
217.173 141.779 240.360 141.779 240.360 201.812 217.173 201.812
217.147 142.514 240.334 142.514 240.334 202.547 217.147 202.547
216.520 142.682 239.707 142.682 239.707 202.715 216.520 202.715
216.606 142.439 239.793 142.439 239.793 202.472 216.606 202.472
216.427 141.996 239.614 141.996 239.614 202.029 216.427 202.029
216.329 142.207 239.516 142.207 239.516 202.240 216.329 202.240
216.004 142.564 239.192 142.564 239.192 202.597 216.004 202.597
215.840 142.348 239.028 142.348 239.028 202.381 215.840 202.381
215.882 143.504 239.070 143.504 239.070 203.537 215.882 203.537
215.613 144.557 238.801 144.557 238.801 204.589 215.613 204.589
215.380 145.628 238.568 145.628 238.568 205.660 215.380 205.660
215.277 146.856 238.465 146.856 238.465 206.888 215.277 206.888
174.001 140.263 197.084 140.263 197.084 200.249 174.001 200.249
169.039 145.479 192.192 145.479 192.192 205.357 169.039 205.357
180.280 140.878 203.455 140.878 203.455 200.765 180.280 200.765
180.555 140.750 203.730 140.750 203.730 200.637 180.555 200.637
180.307 138.619 203.482 138.619 203.482 198.506 180.307 198.506
179.985 136.758 203.160 136.758 203.160 196.645 179.985 196.645
179.522 136.259 202.697 136.259 202.697 196.147 179.522 196.147
179.474 136.236 202.648 136.236 202.648 196.124 179.474 196.124
179.768 136.618 202.942 136.618 202.942 196.509 179.768 196.509
179.438 135.559 202.612 135.559 202.612 195.450 179.438 195.450
179.373 134.555 202.547 134.555 202.547 194.446 179.373 194.446
179.137 133.374 202.311 133.374 202.311 193.265 179.137 193.265
178.986 133.069 202.160 133.069 202.160 192.960 178.986 192.960
189.221 138.710 212.460 138.710 212.460 198.627 189.221 198.627
194.451 138.334 217.715 138.334 217.715 198.189 194.451 198.189
178.563 137.438 201.696 137.438 201.696 197.277 178.563 197.277
177.840 137.753 200.973 137.753 200.973 197.592 177.840 197.592
177.718 137.918 200.851 137.918 200.851 197.757 177.718 197.757
177.398 138.387 200.531 138.387 200.531 198.225 177.398 198.225
177.402 138.456 200.535 138.456 200.535 198.294 177.402 198.294
177.156 137.482 200.290 137.482 200.290 197.320 177.156 197.320
176.799 137.566 199.933 137.566 199.933 197.404 176.799 197.404
176.487 137.060 199.621 137.060 199.621 196.898 176.487 196.898
176.492 137.194 199.627 137.194 199.627 197.032 176.492 197.032
176.453 137.647 199.588 137.647 199.588 197.485 176.453 197.485
176.133 138.445 199.268 138.445 199.268 198.283 176.133 198.283
170.097 138.372 193.614 138.372 193.614 197.539 170.097 197.539
160.282 137.817 183.910 137.817 183.910 196.851 160.282 196.851
180.993 142.109 204.571 142.109 204.571 201.222 180.993 201.222
207.199 136.712 230.860 136.712 230.860 195.692 207.199 195.692
207.833 135.623 231.494 135.623 231.494 194.603 207.833 194.603
207.919 133.703 231.580 133.703 231.580 192.683 207.919 192.683
207.598 131.755 231.259 131.755 231.259 190.735 207.598 190.735
207.306 130.783 230.967 130.783 230.967 189.763 207.306 189.763
206.610 129.670 230.271 129.670 230.271 188.650 206.610 188.650
206.449 127.787 230.110 127.787 230.110 186.767 206.449 186.767
206.249 125.730 229.910 125.730 229.910 184.710 206.249 184.710
206.169 125.537 229.830 125.537 229.830 184.517 206.169 184.517
207.208 125.808 230.869 125.808 230.869 184.788 207.208 184.788
207.036 127.575 230.697 127.575 230.697 186.555 207.036 186.555
206.790 127.158 230.444 127.158 230.444 186.141 206.790 186.141
206.479 126.586 230.133 126.586 230.133 185.569 206.479 185.569
205.910 125.926 229.564 125.926 229.564 184.909 205.910 184.909
205.521 124.764 229.175 124.764 229.175 183.747 205.521 183.747
205.328 124.287 228.982 124.287 228.982 183.269 205.328 183.269
204.903 123.471 228.557 123.471 228.557 182.453 204.903 182.453
204.738 121.690 228.392 121.690 228.392 180.672 204.738 180.672
204.567 119.710 228.221 119.710 228.221 178.692 204.567 178.692
204.372 118.261 228.026 118.261 228.026 177.243 204.372 177.243
203.652 117.088 227.306 117.088 227.306 176.070 203.652 176.070
202.976 115.608 226.630 115.608 226.630 174.590 202.976 174.590
202.994 114.022 226.648 114.022 226.648 173.004 202.994 173.004
162.551 138.553 185.958 138.553 185.958 197.389 162.551 197.389
162.318 137.408 185.803 137.408 185.803 196.159 162.318 196.159
177.962 140.558 201.675 140.558 201.675 198.724 177.962 198.724
178.746 139.022 202.459 139.022 202.459 197.188 178.746 197.188
178.621 136.984 202.334 136.984 202.334 195.150 178.621 195.150
178.567 134.901 202.280 134.901 202.280 193.067 178.567 193.067
177.883 133.418 201.595 133.418 201.595 191.584 177.883 191.584
177.581 133.733 201.291 133.733 201.291 191.902 177.581 191.902
177.744 133.895 201.452 133.895 201.452 192.074 177.744 192.074
183.297 142.424 206.965 142.424 206.965 200.606 183.297 200.606
188.453 146.278 211.984 146.278 211.984 204.258 188.453 204.258
183.992 144.895 207.443 144.895 207.443 202.880 183.992 202.880
188.825 148.372 212.119 148.372 212.119 206.260 188.825 206.260
188.144 147.634 211.366 147.634 211.366 205.259 188.144 205.259
187.813 147.958 210.812 147.958 210.812 205.240 187.813 205.240
187.972 146.897 210.759 146.897 210.759 203.657 187.972 203.657
188.192 147.151 210.688 147.151 210.688 203.181 188.192 203.181
187.545 147.477 210.000 147.477 210.000 202.631 187.545 202.631
187.751 145.888 210.101 145.888 210.101 200.527 187.751 200.527
187.707 145.748 209.808 145.748 209.808 200.132 187.707 200.132
187.691 148.901 209.527 148.901 209.527 203.077 187.691 203.077
187.786 147.313 209.429 147.313 209.429 200.964 187.786 200.964
187.795 146.412 209.258 146.412 209.258 200.028 187.795 200.028
188.135 148.947 209.394 148.947 209.394 202.383 188.135 202.383
187.774 148.273 208.963 148.273 208.963 200.984 187.774 200.984
188.168 147.417 209.140 147.417 209.140 199.837 188.168 199.837
188.468 149.846 209.148 149.846 209.148 202.102 188.468 202.102
188.491 148.514 209.050 148.514 209.050 200.537 188.491 200.537
188.647 147.704 209.112 147.704 209.112 199.376 188.647 199.376
188.402 149.656 208.799 149.656 208.799 200.869 188.402 200.869
188.756 148.020 208.957 148.020 208.957 199.216 188.756 199.216
188.827 150.271 208.863 150.271 208.863 201.114 188.827 201.114
188.859 148.944 208.876 148.944 208.876 199.520 188.859 199.520
189.036 148.309 208.819 148.309 208.819 198.875 189.036 198.875
188.508 148.409 208.329 148.409 208.329 198.245 188.508 198.245
188.587 148.026 208.248 148.026 208.248 197.815 188.587 197.815
188.517 147.960 208.042 147.960 208.042 197.564 188.517 197.564
188.698 150.389 208.124 150.389 208.124 199.927 188.698 199.927
188.729 148.906 208.013 148.906 208.013 198.534 188.729 198.534
188.670 149.056 207.852 149.056 207.852 198.530 188.670 198.530
188.742 151.194 207.837 151.194 207.837 200.518 188.742 200.518
188.862 149.823 207.851 149.823 207.851 198.949 188.862 198.949
188.942 149.031 207.813 149.031 207.813 198.102 188.942 198.102
188.849 151.138 207.677 151.138 207.677 199.903 188.849 199.903
188.865 150.684 207.602 150.684 207.602 199.245 188.865 199.245
189.001 149.184 207.645 149.184 207.645 197.792 189.001 197.792
188.689 148.681 207.293 148.681 207.293 197.201 188.689 197.201
189.098 150.467 207.565 150.467 207.565 198.995 189.098 198.995
188.852 149.182 207.307 149.182 207.307 197.479 188.852 197.479
189.224 151.234 207.670 151.234 207.670 199.461 189.224 199.461
189.139 149.902 207.551 149.902 207.551 198.111 189.139 198.111
188.828 149.354 207.191 149.354 207.191 197.605 188.828 197.605
189.034 151.384 207.358 151.384 207.358 199.621 189.034 199.621
189.109 149.975 207.444 149.975 207.444 198.070 189.109 198.070
189.203 149.682 207.452 149.682 207.452 197.744 189.203 197.744
189.272 148.553 207.473 148.553 207.473 196.548 189.272 196.548
188.971 150.751 207.101 150.751 207.101 198.755 188.971 198.755
188.922 150.434 207.068 150.434 207.068 198.352 188.922 198.352
188.862 149.339 207.036 149.339 207.036 197.171 188.862 197.171
189.055 149.486 207.229 149.486 207.229 197.249 189.055 197.249
188.824 149.676 206.949 149.676 206.949 197.469 188.824 197.469
192.268 150.149 210.316 150.149 210.316 197.873 192.268 197.873
188.423 149.543 206.462 149.543 206.462 197.271 188.423 197.271
188.842 151.758 206.844 151.758 206.844 199.477 188.842 199.477
188.722 150.723 206.753 150.723 206.753 198.424 188.722 198.424
191.941 150.190 209.905 150.190 209.905 197.765 191.941 197.765
191.600 149.555 209.459 149.555 209.459 196.985 191.600 196.985
191.080 149.687 208.882 149.687 208.882 197.146 191.080 197.146
190.744 151.997 208.399 151.997 208.399 199.345 190.744 199.345
190.471 150.745 208.088 150.745 208.088 198.238 190.471 198.238
190.035 152.750 207.651 152.750 207.651 200.184 190.035 200.184
189.992 152.050 207.626 152.050 207.626 199.360 189.992 199.360
190.027 151.292 207.672 151.292 207.672 198.560 190.027 198.560
189.939 151.109 207.554 151.109 207.554 198.310 189.939 198.310
189.546 150.402 207.153 150.402 207.153 197.669 189.546 197.669
189.712 151.256 207.369 151.256 207.369 198.290 189.712 198.290
189.871 151.509 207.673 151.509 207.673 198.061 189.871 198.061
189.911 151.640 207.747 151.640 207.747 198.015 189.911 198.015
189.843 154.617 207.658 154.617 207.658 201.041 189.843 201.041
190.006 152.606 207.742 152.606 207.742 199.174 190.006 199.174
189.931 151.784 207.634 151.784 207.634 198.332 189.931 198.332
189.452 152.118 207.139 152.118 207.139 198.656 189.452 198.656
189.315 151.551 206.988 151.551 206.988 198.073 189.315 198.073
189.314 150.760 206.963 150.760 206.963 197.384 189.314 197.384
189.090 150.907 206.729 150.907 206.729 197.556 189.090 197.556
188.773 150.738 206.403 150.738 206.403 197.404 188.773 197.404
188.730 150.394 206.366 150.394 206.366 197.075 188.730 197.075
188.588 150.465 206.201 150.465 206.201 197.190 188.588 197.190
188.316 150.075 205.929 150.075 205.929 196.802 188.316 196.802
188.448 151.851 206.057 151.851 206.057 198.620 188.448 198.620
191.611 151.876 209.211 151.876 209.211 198.643 191.611 198.643
191.055 151.514 208.618 151.514 208.618 198.146 191.055 198.146
190.397 150.553 207.818 150.553 207.818 197.332 190.397 197.332
190.026 150.703 207.437 150.703 207.437 197.494 190.026 197.494
189.733 150.883 207.160 150.883 207.160 197.681 189.733 197.681
189.517 150.673 206.970 150.673 206.970 197.438 189.517 197.438
189.028 150.552 206.490 150.552 206.490 197.322 189.028 197.322
192.379 150.549 209.857 150.549 209.857 197.368 192.379 197.368
191.449 150.661 208.899 150.661 208.899 197.464 191.449 197.464
190.739 150.878 208.173 150.878 208.173 197.711 190.739 197.711
190.652 152.875 208.052 152.875 208.052 199.740 190.652 199.740
190.116 152.113 207.492 152.113 207.492 199.054 190.116 199.054
189.705 150.883 207.052 150.883 207.052 197.837 189.705 197.837
189.310 150.684 206.655 150.684 206.655 197.647 189.310 197.647
189.128 150.790 206.512 150.790 206.512 197.738 189.128 197.738
188.769 150.797 206.186 150.797 206.186 197.784 188.769 197.784
188.638 153.201 206.059 153.201 206.059 200.229 188.638 200.229
188.669 151.448 206.125 151.448 206.125 198.462 188.669 198.462
192.173 151.132 209.617 151.132 209.617 198.126 192.173 198.126
188.245 150.558 205.736 150.558 205.736 197.542 188.245 197.542
191.615 152.499 209.061 152.499 209.061 199.511 191.615 199.511
191.247 151.537 208.703 151.537 208.703 198.541 191.247 198.541
190.770 151.055 208.210 151.055 208.210 198.040 190.770 198.040
190.343 153.224 207.713 153.224 207.713 200.274 190.343 200.274
190.180 152.303 207.520 152.303 207.520 199.390 190.180 199.390
189.817 151.622 207.163 151.622 207.163 198.748 189.817 198.748
189.455 150.992 206.834 150.992 206.834 198.077 189.455 198.077
189.355 150.543 206.749 150.543 206.749 197.618 189.355 197.618
188.961 150.414 206.375 150.414 206.375 197.478 188.961 197.478
188.738 150.594 206.164 150.594 206.164 197.671 188.738 197.671
188.693 153.204 206.153 153.204 206.153 200.240 188.693 200.240
188.930 151.864 206.417 151.864 206.417 198.907 188.930 198.907
188.906 151.436 206.416 151.436 206.416 198.466 188.906 198.466
188.709 151.184 206.221 151.184 206.221 198.261 188.709 198.261
188.700 151.494 206.216 151.494 206.216 198.603 188.700 198.603
188.491 150.836 206.018 150.836 206.018 197.942 188.491 197.942
188.002 150.649 205.548 150.649 205.548 197.748 188.002 197.748
187.952 152.932 205.503 152.932 205.503 200.057 187.952 200.057
187.921 151.930 205.482 151.930 205.482 199.060 187.921 199.060
187.756 151.284 205.320 151.284 205.320 198.420 187.756 198.420
191.055 151.221 208.613 151.221 208.613 198.357 191.055 198.357
190.437 151.025 207.977 151.025 207.977 198.177 190.437 198.177
189.990 151.034 207.534 151.034 207.534 198.195 189.990 198.195
189.576 150.858 207.120 150.858 207.120 198.027 189.576 198.027
189.073 150.814 206.628 150.814 206.628 197.980 189.073 197.980
188.678 150.768 206.234 150.768 206.234 197.938 188.678 197.938
188.374 150.646 205.928 150.646 205.928 197.820 188.374 197.820
188.182 151.667 205.736 151.667 205.736 198.838 188.182 198.838
188.193 151.956 205.748 151.956 205.748 199.134 188.193 199.134
187.793 152.066 205.349 152.066 205.349 199.252 187.793 199.252
187.534 152.396 205.095 152.396 205.095 199.589 187.534 199.589
187.647 152.359 205.207 152.359 205.207 199.558 187.647 199.558
187.125 151.865 204.684 151.865 204.684 199.068 187.125 199.068
186.940 152.008 204.523 152.008 204.523 199.228 186.940 199.228
186.782 152.356 204.372 152.356 204.372 199.570 186.782 199.570
186.621 152.536 204.212 152.536 204.212 199.754 186.621 199.754
186.492 152.637 204.084 152.637 204.084 199.857 186.492 199.857
186.580 152.626 204.176 152.626 204.176 199.849 186.580 199.849
186.596 152.749 204.194 152.749 204.194 199.987 186.596 199.987
190.209 152.959 207.807 152.959 207.807 200.214 190.209 200.214
189.933 153.035 207.531 153.035 207.531 200.299 189.933 200.299
189.514 152.592 207.115 152.592 207.115 199.874 189.514 199.874
189.057 153.260 206.661 153.260 206.661 200.543 189.057 200.543
188.518 153.688 206.123 153.688 206.123 200.990 188.518 200.990
188.523 153.946 206.127 153.946 206.127 201.277 188.523 201.277
188.052 154.621 205.659 154.621 205.659 201.957 188.052 201.957
187.901 154.286 205.510 154.286 205.510 201.630 187.901 201.630
187.829 155.072 205.437 155.072 205.437 202.427 187.829 202.427
187.645 154.827 205.256 154.827 205.256 202.182 187.645 202.182
187.388 154.397 204.999 154.397 204.999 201.753 187.388 201.753
187.188 154.193 204.799 154.193 204.799 201.551 187.188 201.551
186.737 154.725 204.352 154.725 204.352 202.092 186.737 202.092
186.835 155.343 204.454 155.343 204.454 202.747 186.835 202.747
186.780 155.165 204.401 155.165 204.401 202.575 186.780 202.575
186.875 154.597 204.495 154.597 204.495 202.016 186.875 202.016
186.918 154.435 204.536 154.435 204.536 201.893 186.918 201.893
186.751 154.746 204.370 154.746 204.370 202.220 186.751 202.220
186.717 154.562 204.336 154.562 204.336 202.042 186.717 202.042
186.684 155.016 204.304 155.016 204.304 202.503 186.684 202.503
186.520 154.963 204.145 154.963 204.145 202.478 186.520 202.478
186.554 155.559 204.185 155.559 204.185 203.095 186.554 203.095
190.028 155.593 207.654 155.593 207.654 203.146 190.028 203.146
189.760 154.547 207.384 154.547 207.384 202.108 189.760 202.108
189.291 153.640 206.916 153.640 206.916 201.220 189.291 201.220
188.888 154.127 206.515 154.127 206.515 201.707 188.888 201.707
188.446 154.121 206.069 154.121 206.069 201.716 188.446 201.716
188.183 153.948 205.808 153.948 205.808 201.548 188.183 201.548
188.036 153.740 205.668 153.740 205.668 201.332 188.036 201.332
187.847 153.820 205.490 153.820 205.490 201.403 187.847 201.403
187.614 153.294 205.257 153.294 205.257 200.877 187.614 200.877
187.475 153.786 205.126 153.786 205.126 201.361 187.475 201.361
187.308 154.047 204.959 154.047 204.959 201.625 187.308 201.625
187.172 154.292 204.836 154.292 204.836 201.869 187.172 201.869
187.266 154.592 204.934 154.592 204.934 202.220 187.266 202.220
186.882 154.361 204.551 154.361 204.551 202.001 186.882 202.001
186.774 153.834 204.445 153.834 204.445 201.474 186.774 201.474
186.765 153.216 204.445 153.216 204.445 200.853 186.765 200.853
186.820 153.497 204.501 153.497 204.501 201.137 186.820 201.137
187.011 153.553 204.699 153.553 204.699 201.196 187.011 201.196
187.055 153.402 204.744 153.402 204.744 201.050 187.055 201.050
187.029 153.128 204.721 153.128 204.721 200.774 187.029 200.774
187.048 153.381 204.741 153.381 204.741 201.033 187.048 201.033
187.062 153.458 204.756 153.458 204.756 201.114 187.062 201.114
186.940 153.548 204.637 153.548 204.637 201.209 186.940 201.209
186.946 152.940 204.643 152.940 204.643 200.605 186.946 200.605
186.903 153.435 204.599 153.435 204.599 201.101 186.903 201.101
187.136 153.731 204.835 153.731 204.835 201.404 187.136 201.404
190.774 153.467 208.468 153.467 208.468 201.155 190.774 201.155
190.483 153.412 208.177 153.412 208.177 201.110 190.483 201.110
189.879 153.863 207.579 153.863 207.579 201.573 189.879 201.573
189.315 153.475 207.015 153.475 207.015 201.194 189.315 201.194
188.718 154.403 206.425 154.403 206.425 202.127 188.718 202.127
188.436 154.170 206.141 154.170 206.141 201.909 188.436 201.909
188.036 154.052 205.744 154.052 205.744 201.798 188.036 201.798
187.936 153.981 205.645 153.981 205.645 201.741 187.936 201.741
187.661 153.605 205.373 153.605 205.373 201.369 187.661 201.369
187.654 153.199 205.367 153.199 205.367 200.972 187.654 200.972
