195.000 123.000 215.000 123.000 215.000 137.000 195.000 137.000
195.315 123.218 215.349 123.218 215.349 137.078 195.315 137.078
195.296 123.530 215.370 123.530 215.370 137.247 195.296 137.247
193.798 123.373 213.918 123.373 213.918 136.941 193.798 136.941
192.480 122.215 212.606 122.215 212.606 135.725 192.480 135.725
191.500 120.982 211.690 120.982 211.690 134.509 191.500 134.509
190.413 119.381 210.595 119.381 210.595 132.868 190.413 132.868
189.799 118.579 209.925 118.579 209.925 131.989 189.799 131.989
190.018 117.432 209.870 117.432 209.870 130.794 190.018 130.794
189.320 117.328 208.977 117.328 208.977 130.584 189.320 130.584
189.151 117.906 208.730 117.906 208.730 130.977 189.151 130.977
188.894 118.623 208.232 118.623 208.232 131.704 188.894 131.704
189.101 118.420 208.325 118.420 208.325 131.493 189.101 131.493
189.499 118.377 208.544 118.377 208.544 131.382 189.499 131.382
189.496 117.747 208.438 117.747 208.438 130.734 189.496 130.734
189.730 117.804 208.676 117.804 208.676 130.709 189.730 130.709
190.084 118.612 208.946 118.612 208.946 131.595 190.084 131.595
190.051 118.603 208.899 118.603 208.899 131.566 190.051 131.566
190.370 119.818 209.264 119.818 209.264 132.821 190.370 132.821
190.638 121.091 209.566 121.091 209.566 134.054 190.638 134.054
190.753 122.275 209.655 122.275 209.655 135.151 190.753 135.151
191.380 123.152 210.221 123.152 210.221 136.024 191.380 136.024
191.912 124.382 210.749 124.382 210.749 137.167 191.912 137.167
191.820 128.421 210.198 128.421 210.198 141.564 191.820 141.564
191.626 129.647 210.251 129.647 210.251 142.747 191.626 142.747
190.809 132.551 209.609 132.551 209.609 145.544 190.809 145.544
190.183 134.673 209.042 134.673 209.042 147.645 190.183 147.645
189.438 137.422 208.276 137.422 208.276 150.461 189.438 150.461
188.655 138.202 207.536 138.202 207.536 151.224 188.655 151.224
188.794 138.910 207.604 138.910 207.604 152.044 188.794 152.044
188.805 139.742 207.508 139.742 207.508 152.827 188.805 152.827
189.032 139.243 207.710 139.243 207.710 152.231 189.032 152.231
189.304 138.448 208.030 138.448 208.030 151.365 189.304 151.365
189.972 138.197 208.801 138.197 208.801 151.078 189.972 151.078
190.751 137.719 209.475 137.719 209.475 150.591 190.751 150.591
190.987 136.579 209.642 136.579 209.642 149.395 190.987 149.395
191.624 135.788 210.182 135.788 210.182 148.573 191.624 148.573
191.919 132.805 210.443 132.805 210.443 145.447 191.919 145.447
192.228 132.489 210.736 132.489 210.736 145.114 192.228 145.114
191.617 131.881 210.151 131.881 210.151 144.457 191.617 144.457
190.976 131.802 209.540 131.802 209.540 144.345 190.976 144.345
190.289 131.732 208.848 131.732 208.848 144.317 190.289 144.317
189.489 131.952 207.993 131.952 207.993 144.552 189.489 144.552
187.561 132.346 206.062 132.346 206.062 144.959 187.561 144.959
186.457 131.838 204.978 131.838 204.978 144.410 186.457 144.410
185.349 132.077 203.910 132.077 203.910 144.573 185.349 144.573
184.100 131.549 202.629 131.549 202.629 143.992 184.100 143.992
182.249 130.606 200.821 130.606 200.821 142.951 182.249 142.951
180.682 129.694 199.354 129.694 199.354 142.022 180.682 142.022
177.715 128.833 196.236 128.833 196.236 141.245 177.715 141.245
176.358 128.292 194.796 128.292 194.796 140.746 176.358 140.746
173.254 127.693 191.724 127.693 191.724 140.067 173.254 140.067
171.979 127.101 190.497 127.101 190.497 139.453 171.979 139.453
169.606 121.117 187.310 121.117 187.310 134.028 169.606 134.028
168.358 119.785 186.246 119.785 186.246 132.513 168.358 132.513
168.297 118.791 186.247 118.791 186.247 131.379 168.297 131.379
168.841 118.110 186.826 118.110 186.826 130.626 168.841 130.626
169.704 117.646 187.729 117.646 187.729 130.088 169.704 130.088
170.717 117.865 188.731 117.865 188.731 130.277 170.717 130.277
171.547 117.908 189.547 117.908 189.547 130.179 171.547 130.179
172.726 118.070 190.734 118.070 190.734 130.177 172.726 130.177
173.126 118.763 191.097 118.763 191.097 130.801 173.126 130.801
174.442 119.095 192.360 119.095 192.360 131.214 174.442 131.214
174.882 118.727 192.732 118.727 192.732 130.852 174.882 130.852
175.247 118.356 192.996 118.356 192.996 130.556 175.247 130.556
176.018 118.614 193.656 118.614 193.656 130.759 176.018 130.759
176.344 119.962 194.122 119.962 194.122 131.927 176.344 131.927
175.101 120.824 192.935 120.824 192.935 132.808 175.101 132.808
174.319 121.361 191.921 121.361 191.921 133.418 174.319 133.418
173.406 122.180 190.798 122.180 190.798 134.310 173.406 134.310
171.674 122.473 188.955 122.473 188.955 134.613 171.674 134.613
170.812 122.928 188.025 122.928 188.025 135.036 170.812 135.036
169.035 123.104 186.171 123.104 186.171 135.086 169.035 135.086
167.532 123.068 184.701 123.068 184.701 134.961 167.532 134.961
164.990 122.953 182.187 122.953 182.187 134.792 164.990 134.792
164.171 122.605 181.360 122.605 181.360 134.420 164.171 134.420
162.703 122.704 179.779 122.704 179.779 134.459 162.703 134.459
161.148 122.105 178.166 122.105 178.166 133.788 161.148 133.788
159.739 121.386 176.731 121.386 176.731 133.030 159.739 133.030
158.172 120.611 175.190 120.611 175.190 132.187 158.172 132.187
155.050 119.784 172.067 119.784 172.067 131.370 155.050 131.370
154.955 119.500 172.019 119.500 172.019 130.993 154.955 130.993
153.610 119.000 170.684 119.000 170.684 130.415 153.610 130.415
152.272 118.727 169.392 118.727 169.392 130.097 152.272 130.097
151.290 118.004 168.399 118.004 168.399 129.386 151.290 129.386
150.564 117.803 167.691 117.803 167.691 129.159 150.564 129.159
149.638 117.201 166.810 117.201 166.810 128.488 149.638 128.488
149.531 116.915 166.617 116.915 166.617 128.203 149.531 128.203
149.486 117.397 166.606 117.397 166.606 128.815 149.486 128.815
149.631 119.538 166.631 119.538 166.631 131.076 149.631 131.076
150.335 121.518 167.395 121.518 167.395 133.091 150.335 133.091
151.022 122.299 168.091 122.299 168.091 134.013 151.022 134.013
151.776 124.865 168.885 124.865 168.885 136.649 151.776 136.649
153.938 125.761 171.110 125.761 171.110 137.571 153.938 137.571
156.593 126.405 173.781 126.405 173.781 138.226 156.593 138.226
157.322 127.209 174.620 127.209 174.620 139.073 157.322 139.073
158.580 127.353 175.974 127.353 175.974 139.220 158.580 139.220
160.230 127.431 177.615 127.431 177.615 139.271 160.230 139.271
161.337 127.042 178.736 127.042 178.736 138.923 161.337 138.923
162.564 126.163 179.975 126.163 179.975 137.990 162.564 137.990
163.463 125.516 180.919 125.516 180.919 137.338 163.463 137.338
164.133 124.553 181.703 124.553 181.703 136.449 164.133 136.449
164.447 123.839 182.102 123.839 182.102 135.801 164.447 135.801
164.225 123.446 181.912 123.446 181.912 135.428 164.225 135.428
163.227 122.951 180.905 122.951 180.905 134.964 163.227 134.964
162.827 122.976 180.527 122.976 180.527 134.970 162.827 134.970
162.277 123.241 180.086 123.241 180.086 135.284 162.277 135.284
161.599 123.267 179.350 123.267 179.350 135.276 161.599 135.276
160.755 123.266 178.490 123.266 178.490 135.246 160.755 135.246
159.753 123.347 177.482 123.347 177.482 135.264 159.753 135.264
159.232 123.228 176.890 123.228 176.890 135.198 159.232 135.198
158.111 123.145 175.664 123.145 175.664 135.106 158.111 135.106
157.199 123.418 174.636 123.418 174.636 135.304 157.199 135.304
156.439 122.582 173.789 122.582 173.789 134.489 156.439 134.489
155.293 121.967 172.574 121.967 172.574 133.863 155.293 133.863
154.270 120.890 171.472 120.890 171.472 132.674 154.270 132.674
153.691 119.955 170.840 119.955 170.840 131.672 153.691 131.672
153.463 119.545 170.402 119.545 170.402 131.233 153.463 131.233
153.469 118.864 170.384 118.864 170.384 130.527 153.469 130.527
153.415 118.005 170.201 118.005 170.201 129.732 153.415 129.732
153.740 117.148 170.369 117.148 170.369 128.878 153.740 128.878
154.840 116.743 171.412 116.743 171.412 128.412 154.840 128.412
156.291 116.451 172.862 116.451 172.862 128.035 156.291 128.035
157.043 116.598 173.556 116.598 173.556 128.174 157.043 128.174
158.505 116.401 175.006 116.401 175.006 127.882 158.505 127.882
161.490 117.035 178.020 117.035 178.020 128.546 161.490 128.546
164.263 118.505 180.719 118.505 180.719 129.999 164.263 129.999
165.206 118.530 181.595 118.530 181.595 130.055 165.206 130.055
167.827 119.054 184.177 119.054 184.177 130.613 167.827 130.613
170.409 119.683 186.844 119.683 186.844 131.271 170.409 131.271
173.102 120.664 189.513 120.664 189.513 132.202 173.102 132.202
173.984 121.093 190.359 121.093 190.359 132.593 173.984 132.593
174.989 121.500 191.335 121.500 191.335 132.917 174.989 132.917
178.217 121.746 194.155 121.746 194.155 133.460 178.217 133.460
179.366 121.931 194.951 121.931 194.951 133.828 179.366 133.828
182.361 121.145 197.566 121.145 197.566 133.203 182.361 133.203
183.815 121.173 198.673 121.173 198.673 133.420 183.815 133.420
185.137 121.045 199.855 121.045 199.855 133.329 185.137 133.329
186.282 120.581 200.859 120.581 200.859 133.005 186.282 133.005
189.037 120.323 203.535 120.323 203.535 132.780 189.037 132.780
192.210 119.786 206.607 119.786 206.607 132.168 192.210 132.168
193.706 119.438 208.152 119.438 208.152 131.810 193.706 131.810
196.876 119.138 211.236 119.138 211.236 131.452 196.876 131.452
197.559 118.933 211.891 118.933 211.891 131.228 197.559 131.228
198.689 118.630 212.821 118.630 212.821 130.938 198.689 130.938
199.442 118.461 213.437 118.461 213.437 130.817 199.442 130.817
200.001 118.096 213.974 118.096 213.974 130.435 200.001 130.435
202.367 118.365 216.277 118.365 216.277 130.644 202.367 130.644
204.942 117.998 218.721 117.998 218.721 130.199 204.942 130.199
205.868 117.065 219.676 117.065 219.676 129.210 205.868 129.210
208.174 115.440 222.006 115.440 222.006 127.574 208.174 127.574
209.010 112.821 222.774 112.821 222.774 124.937 209.010 124.937
209.701 111.970 223.525 111.970 223.525 123.989 209.701 123.989
210.347 111.145 224.277 111.145 224.277 123.177 210.347 123.177
210.851 110.685 224.813 110.685 224.813 122.752 210.851 122.752
211.405 110.662 225.274 110.662 225.274 122.735 211.405 122.735
212.225 113.238 226.069 113.238 226.069 125.350 212.225 125.350
212.665 116.174 226.529 116.174 226.529 128.252 212.665 128.252
213.235 118.814 227.083 118.814 227.083 130.856 213.235 130.856
213.300 125.902 227.237 125.902 227.237 137.875 213.300 137.875
213.149 127.746 227.024 127.746 227.024 139.927 213.149 139.927
212.672 131.006 226.548 131.006 226.548 143.236 212.672 143.236
212.457 134.827 226.267 134.827 226.267 147.163 212.457 147.163
214.045 140.084 227.741 140.084 227.741 152.454 214.045 152.454
213.777 141.849 227.304 141.849 227.304 154.386 213.777 154.386
213.528 143.911 227.036 143.911 227.036 156.467 213.528 156.467
214.198 147.421 227.627 147.421 227.627 160.048 214.198 160.048
214.829 148.540 228.242 148.540 228.242 161.126 214.829 161.126
216.454 151.672 229.996 151.672 229.996 164.206 216.454 164.206
217.630 152.939 231.406 152.939 231.406 165.268 217.630 165.268
218.180 153.086 232.121 153.086 232.121 165.272 218.180 165.272
218.736 152.106 232.920 152.106 232.920 163.978 218.736 163.978
219.080 150.591 233.254 150.591 233.254 162.396 219.080 162.396
221.684 144.316 235.733 144.316 235.733 156.076 221.684 156.076
222.304 142.632 236.339 142.632 236.339 154.267 222.304 154.267
224.111 138.153 238.135 138.153 238.135 149.790 224.111 149.790
226.169 135.175 240.117 135.175 240.117 146.688 226.169 146.688
226.690 131.092 240.596 131.092 240.596 142.588 226.690 142.588
227.550 126.336 241.362 126.336 241.362 137.791 227.550 137.791
229.892 120.100 243.685 120.100 243.685 131.501 229.892 131.501
230.615 115.049 244.377 115.049 244.377 126.451 230.615 126.451
231.532 111.946 245.339 111.946 245.339 123.347 231.532 123.347
232.488 110.966 246.289 110.966 246.289 122.415 232.488 122.415
233.160 111.279 246.804 111.279 246.804 122.926 233.160 122.926
233.943 113.473 247.361 113.473 247.361 125.396 233.943 125.396
236.134 119.291 249.481 119.291 249.481 131.247 236.134 131.247
238.283 121.994 251.626 121.994 251.626 133.980 238.283 133.980
240.001 129.511 253.366 129.511 253.366 141.457 240.001 141.457
240.359 133.864 253.824 133.864 253.824 145.721 240.359 145.721
240.611 138.175 254.022 138.175 254.022 150.070 240.611 150.070
240.872 140.967 254.266 140.967 254.266 152.917 240.872 152.917
241.163 145.794 254.578 145.794 254.578 157.720 241.163 157.720
241.331 149.243 254.808 149.243 254.808 161.216 241.331 161.216
241.938 150.535 255.440 150.535 255.440 162.514 241.938 162.514
241.802 154.367 255.406 154.367 255.406 166.356 241.802 166.356
242.244 155.987 255.978 155.987 255.978 167.951 242.244 167.951
242.955 157.493 256.596 157.493 256.596 169.491 242.955 169.491
243.807 158.699 257.462 158.699 257.462 170.716 243.807 170.716
244.466 158.458 258.225 158.458 258.225 170.401 244.466 170.401
245.520 158.140 259.256 158.140 259.256 170.050 245.520 170.050
246.236 157.331 259.841 157.331 259.841 169.238 246.236 169.238
247.698 156.928 261.141 156.928 261.141 168.894 247.698 168.894
248.806 156.101 262.082 156.101 262.082 168.101 248.806 168.101
249.882 155.440 263.145 155.440 263.145 167.356 249.882 167.356
252.499 153.092 265.549 153.092 265.549 164.972 252.499 164.972
253.335 152.522 266.425 152.522 266.425 164.361 253.335 164.361
254.319 151.583 267.387 151.583 267.387 163.328 254.319 163.328
256.736 151.098 269.993 151.098 269.993 162.652 256.736 162.652
257.636 151.011 270.713 151.011 270.713 162.665 257.636 162.665
260.194 150.434 273.202 150.434 273.202 162.122 260.194 162.122
260.788 150.408 273.842 150.408 273.842 162.085 260.788 162.085
263.387 150.107 276.362 150.107 276.362 161.811 263.387 161.811
265.921 149.801 278.783 149.801 278.783 161.407 265.921 161.407
267.044 148.945 279.845 148.945 279.845 160.491 267.044 160.491
267.888 148.284 280.765 148.284 280.765 159.674 267.888 159.674
269.033 148.160 281.728 148.160 281.728 159.693 269.033 159.693
271.486 147.803 284.053 147.803 284.053 159.388 271.486 159.388
272.504 147.468 284.869 147.468 284.869 159.088 272.504 159.088
274.797 146.946 287.077 146.946 287.077 158.500 274.797 158.500
275.400 146.586 287.634 146.586 287.634 158.154 275.400 158.154
275.905 145.712 288.192 145.712 288.192 157.153 275.905 157.153
276.637 144.754 289.035 144.754 289.035 156.061 276.637 156.061
277.268 144.197 289.757 144.197 289.757 155.395 277.268 155.395
277.860 143.545 290.370 143.545 290.370 154.609 277.860 154.609
278.522 143.909 290.967 143.909 290.967 154.991 278.522 154.991
278.876 143.901 291.402 143.901 291.402 155.072 278.876 155.072
282.382 151.340 294.893 151.340 294.893 162.626 282.382 162.626
282.671 155.429 295.120 155.429 295.120 166.745 282.671 166.745
282.812 158.473 295.166 158.473 295.166 169.839 282.812 169.839
282.954 159.630 295.199 159.630 295.199 171.080 282.954 171.080
283.023 160.680 295.322 160.680 295.322 172.155 283.023 172.155
282.298 160.779 294.792 160.779 294.792 172.052 282.298 172.052
282.159 159.685 294.851 159.685 294.851 170.786 282.159 170.786
281.653 159.139 294.561 159.139 294.561 170.031 281.653 170.031
281.573 157.737 294.320 157.737 294.320 168.684 281.573 168.684
281.220 156.260 293.989 156.260 293.989 167.042 281.220 167.042
281.078 152.054 293.680 152.054 293.680 162.878 281.078 162.878
280.924 150.711 293.419 150.711 293.419 161.542 280.924 161.542
280.400 146.238 292.937 146.238 292.937 157.007 280.400 157.007
279.675 143.365 292.195 143.365 292.195 153.936 279.675 153.936
278.750 142.087 291.302 142.087 291.302 152.506 278.750 152.506
277.952 139.858 290.372 139.858 290.372 150.332 277.952 150.332
276.959 138.995 289.230 138.995 289.230 149.416 276.959 149.416
276.348 137.822 288.528 137.822 288.528 148.235 276.348 148.235
275.300 135.525 287.418 135.525 287.418 145.932 275.300 145.932
272.920 134.658 285.111 134.658 285.111 144.942 272.920 144.942
271.825 133.679 284.008 133.679 284.008 143.928 271.825 143.928
269.475 133.936 281.497 133.936 281.497 144.353 269.475 144.353
268.527 134.952 280.591 134.952 280.591 145.396 268.527 145.396
266.434 136.022 278.454 136.022 278.454 146.504 266.434 146.504
263.624 140.177 275.607 140.177 275.607 150.691 263.624 150.691
262.115 142.541 274.054 142.541 274.054 153.089 262.115 153.089
261.966 143.788 273.815 143.788 273.815 154.404 261.966 154.404
260.562 144.901 272.353 144.901 272.353 155.554 260.562 155.554
260.452 146.676 272.265 146.676 272.265 157.303 260.452 157.303
259.140 147.767 270.854 147.767 270.854 158.460 259.140 158.460
258.050 150.539 269.682 150.539 269.682 161.385 258.050 161.385
257.857 153.048 269.442 153.048 269.442 163.970 257.857 163.970
257.742 153.797 269.459 153.797 269.459 164.708 257.742 164.708
257.357 154.550 269.051 154.550 269.051 165.471 257.357 165.471
257.475 155.507 269.146 155.507 269.146 166.503 257.475 166.503
257.580 155.973 269.219 155.973 269.219 166.960 257.580 166.960
257.301 156.749 269.055 156.749 269.055 167.778 257.301 167.778
257.393 156.941 269.267 156.941 269.267 167.990 257.393 167.990
257.319 156.694 269.349 156.694 269.349 167.646 257.319 167.646
257.403 155.689 269.468 155.689 269.468 166.566 257.403 166.566
257.519 154.619 269.531 154.619 269.531 165.481 257.519 165.481
258.119 153.021 269.957 153.021 269.957 163.890 258.119 163.890
257.984 151.432 269.824 151.432 269.824 162.295 257.984 162.295
258.479 148.768 270.288 148.768 270.288 159.565 258.479 159.565
258.350 147.332 270.253 147.332 270.253 157.960 258.350 157.960
258.688 144.429 270.629 144.429 270.629 154.961 258.688 154.961
258.728 139.977 270.739 139.977 270.739 150.450 258.728 150.450
258.376 138.372 270.483 138.372 270.483 148.765 258.376 148.765
258.459 136.295 270.613 136.295 270.613 146.641 258.459 146.641
257.609 134.352 269.862 134.352 269.862 144.634 257.609 144.634
256.897 132.925 269.266 132.925 269.266 143.286 256.897 143.286
255.819 129.848 268.156 129.848 268.156 140.196 255.819 140.196
254.694 128.549 267.053 128.549 267.053 138.864 254.694 138.864
253.857 127.711 266.066 127.711 266.066 138.139 253.857 138.139
253.110 128.275 265.091 128.275 265.091 138.882 253.110 138.882
252.445 128.598 264.502 128.598 264.502 139.265 252.445 139.265
251.690 129.256 263.472 129.256 263.472 140.151 251.690 140.151
249.470 131.956 261.201 131.956 261.201 142.865 249.470 142.865
247.651 134.952 259.265 134.952 259.265 146.037 247.651 146.037
245.748 138.904 257.318 138.904 257.318 150.087 245.748 150.087
243.899 139.804 255.515 139.804 255.515 150.960 243.899 150.960
243.306 140.932 254.983 140.932 254.983 152.061 243.306 152.061
242.605 143.502 254.393 143.502 254.393 154.598 242.605 154.598
241.866 145.921 253.567 145.921 253.567 156.992 241.866 156.992
240.743 146.366 252.621 146.366 252.621 157.356 240.743 157.356
239.875 147.122 251.806 147.122 251.806 158.156 239.875 158.156
239.022 147.612 251.114 147.612 251.114 158.519 239.022 158.519
238.035 147.840 250.259 147.840 250.259 158.629 238.035 158.629
237.396 147.514 249.794 147.514 249.794 158.176 237.396 158.176
237.190 148.127 249.713 148.127 249.713 158.751 237.190 158.751
236.726 147.892 249.417 147.892 249.417 158.403 236.726 158.403
236.478 147.637 249.398 147.637 249.398 158.121 236.478 158.121
236.054 147.012 249.042 147.012 249.042 157.491 236.054 157.491
235.869 145.945 248.907 145.945 248.907 156.439 235.869 156.439
235.807 145.349 248.764 145.349 248.764 155.945 235.807 155.945
235.575 144.466 248.657 144.466 248.657 154.994 235.575 154.994
235.520 144.016 248.645 144.016 248.645 154.517 235.520 154.517
235.465 143.596 248.660 143.596 248.660 154.082 235.465 154.082
235.195 142.920 248.407 142.920 248.407 153.402 235.195 153.402
235.202 142.342 248.426 142.342 248.426 152.860 235.202 152.860
234.810 141.746 248.139 141.746 248.139 152.322 234.810 152.322
234.907 141.239 248.110 141.239 248.110 151.845 234.907 151.845
235.019 140.712 248.295 140.712 248.295 151.419 235.019 151.419
235.467 140.567 248.598 140.567 248.598 151.524 235.467 151.524
235.769 141.614 248.948 141.614 248.948 152.718 235.769 152.718
236.632 142.158 249.605 142.158 249.605 153.589 236.632 153.589
237.555 142.594 250.487 142.594 250.487 154.143 237.555 154.143
238.034 142.706 251.115 142.706 251.115 154.121 238.034 154.121
238.834 141.018 251.898 141.018 251.898 152.493 238.834 152.493
240.009 139.583 253.114 139.583 253.114 150.939 240.009 150.939
242.614 138.365 255.714 138.365 255.714 149.673 242.614 149.673
243.444 135.920 256.541 135.920 256.541 147.206 243.444 147.206
246.132 134.635 259.147 134.635 259.147 145.943 246.132 145.943
246.536 133.857 259.662 133.857 259.662 145.096 246.536 145.096
247.206 133.106 260.304 133.106 260.304 144.276 247.206 144.276
248.235 132.344 261.315 132.344 261.315 143.579 248.235 143.579
248.982 132.117 262.096 132.117 262.096 143.427 248.982 143.427
249.964 132.366 263.046 132.366 263.046 143.772 249.964 143.772
250.779 133.159 263.885 133.159 263.885 144.606 250.779 144.606
251.216 134.194 264.309 134.194 264.309 145.742 251.216 145.742
251.828 135.058 264.813 135.058 264.813 146.708 251.828 146.708
252.323 136.147 265.227 136.147 265.227 147.904 252.323 147.904
252.586 137.272 265.579 137.272 265.579 148.977 252.586 148.977
252.936 138.408 266.001 138.408 266.001 150.116 252.936 150.116
252.499 138.803 265.639 138.803 265.639 150.512 252.499 150.512
251.831 139.408 265.005 139.408 265.005 151.102 251.831 151.102
250.775 139.127 263.948 139.127 263.948 150.807 250.775 150.807
248.297 139.721 261.393 139.721 261.393 151.496 248.297 151.496
247.324 139.818 260.518 139.818 260.518 151.516 247.324 151.516
245.859 139.539 259.067 139.539 259.067 151.187 245.859 151.187
244.471 139.139 257.582 139.139 257.582 150.826 244.471 150.826
241.499 137.795 254.578 137.795 254.578 149.337 241.499 149.337
239.022 136.090 252.105 136.090 252.105 147.661 239.022 147.661
237.467 133.150 250.493 133.150 250.493 144.674 237.467 144.674
236.602 131.523 249.464 131.523 249.464 143.051 236.602 143.051
235.195 130.373 248.090 130.373 248.090 141.875 235.195 141.875
233.956 129.391 246.941 129.391 246.941 140.824 233.956 140.824
231.228 126.735 244.173 126.735 244.173 138.141 231.228 138.141
230.044 125.728 242.868 125.728 242.868 137.209 230.044 137.209
228.751 123.342 241.475 123.342 241.475 134.760 228.751 134.760
227.468 122.980 240.082 122.980 240.082 134.488 227.468 134.488
226.401 122.330 238.870 122.330 238.870 133.838 226.401 133.838
225.254 122.296 237.667 122.296 237.667 133.781 225.254 133.781
224.361 122.998 236.936 122.998 236.936 134.405 224.361 134.405
223.975 125.900 236.526 125.900 236.526 137.262 223.975 137.262
223.508 128.460 236.111 128.460 236.111 139.784 223.508 139.784
223.365 129.986 236.027 129.986 236.027 141.327 223.365 141.327
223.479 133.111 236.254 133.111 236.254 144.377 223.479 144.377
223.070 134.324 235.991 134.324 235.991 145.520 223.070 145.520
222.799 134.322 236.004 134.322 236.004 145.413 222.799 145.413
223.039 134.669 236.250 134.669 236.250 145.856 223.039 145.856
223.981 134.675 237.067 134.675 237.067 146.048 223.981 146.048
224.739 134.993 237.820 134.993 237.820 146.409 224.739 146.409
225.358 134.065 238.416 134.065 238.416 145.450 225.358 145.450
226.209 133.617 239.202 133.617 239.202 145.038 226.209 145.038
226.849 132.762 239.907 132.762 239.907 144.139 226.849 144.139
227.512 132.165 240.587 132.165 240.587 143.620 227.512 143.620
228.212 131.510 241.240 131.510 241.240 142.875 228.212 142.875
228.695 130.088 241.679 130.088 241.679 141.479 228.695 141.479
229.131 128.730 242.011 128.730 242.011 140.160 229.131 140.160
229.646 127.919 242.525 127.919 242.525 139.220 229.646 139.220
230.290 128.537 243.056 128.537 243.056 139.942 230.290 139.942
230.452 129.304 243.280 129.304 243.280 140.812 230.452 140.812
230.628 130.414 243.580 130.414 243.580 141.920 230.628 141.920
230.833 131.841 243.823 131.841 243.823 143.376 230.833 143.376
231.060 132.927 244.239 132.927 244.239 144.480 231.060 144.480
230.847 133.719 244.157 133.719 244.157 145.266 230.847 145.266
230.509 135.171 243.917 135.171 243.917 146.750 230.509 146.750
229.878 135.121 243.485 135.121 243.485 146.610 229.878 146.610
229.055 135.377 242.583 135.377 242.583 146.981 229.055 146.981
228.124 135.394 241.629 135.394 241.629 147.025 228.124 147.025
226.981 135.214 240.333 135.214 240.333 146.985 226.981 146.985
225.396 134.161 238.733 134.161 238.733 145.987 225.396 145.987
223.981 133.235 237.378 133.235 237.378 145.019 223.981 145.019
222.564 131.766 236.040 131.766 236.040 143.516 222.564 143.516
221.318 130.190 234.721 130.190 234.721 141.974 221.318 141.974
219.995 129.151 233.393 129.151 233.393 140.931 219.995 140.931
218.811 126.403 232.196 126.403 232.196 138.163 218.811 138.163
217.661 125.035 231.016 125.035 231.016 136.866 217.661 136.866
216.612 124.220 229.829 124.220 229.829 136.159 216.612 136.159
215.453 123.754 228.648 123.754 228.648 135.741 215.453 135.741
214.205 123.172 227.425 123.172 227.425 135.108 214.205 135.108
212.952 122.770 226.186 122.770 226.186 134.717 212.952 134.717
211.935 122.663 225.278 122.663 225.278 134.534 211.935 134.534
211.304 123.325 224.695 123.325 224.695 135.077 211.304 135.077
210.841 123.891 224.322 123.891 224.322 135.664 210.841 135.664
210.276 125.120 223.725 125.120 223.725 136.964 210.276 136.964
210.006 126.107 223.613 126.107 223.613 137.863 210.006 137.863
209.381 127.167 223.104 127.167 223.104 138.880 209.381 138.880
209.300 128.323 222.971 128.323 222.971 140.125 209.300 140.125
209.186 129.454 222.824 129.454 222.824 141.332 209.186 141.332
209.130 130.751 222.942 130.751 222.942 142.657 209.130 142.657
209.096 131.850 222.905 131.850 222.905 143.888 209.096 143.888
208.971 133.156 222.933 133.156 222.933 145.139 208.971 145.139
208.904 133.737 223.085 133.737 223.085 145.721 208.904 145.721
208.736 133.824 223.033 133.824 223.033 145.825 208.736 145.825
208.456 134.349 222.809 134.349 222.809 146.375 208.456 146.375
208.493 133.716 222.955 133.716 222.955 145.648 208.493 145.648
208.464 131.653 222.791 131.653 222.791 143.655 208.464 143.655
208.193 129.739 222.616 129.739 222.616 141.611 208.193 141.611
208.821 126.412 223.213 126.412 223.213 138.299 208.821 138.299
208.921 124.977 223.410 124.977 223.410 136.763 208.921 136.763
209.310 123.128 223.806 123.128 223.806 134.905 209.310 134.905
209.295 122.498 223.872 122.498 223.872 134.240 209.295 134.240
209.180 122.739 223.732 122.739 223.732 134.606 209.180 134.606
209.484 122.098 224.007 122.098 224.007 133.946 209.484 133.946
209.606 122.307 224.055 122.307 224.055 134.304 209.606 134.304
209.655 122.986 224.052 122.986 224.052 135.110 209.655 135.110
209.929 123.090 224.423 123.090 224.423 135.171 209.929 135.171
209.873 125.204 224.332 125.204 224.332 137.327 209.873 137.327
210.063 125.872 224.704 125.872 224.704 137.981 210.063 137.981
210.240 127.405 224.791 127.405 224.791 139.613 210.240 139.613
209.977 128.345 224.409 128.345 224.409 140.702 209.977 140.702
209.505 129.185 223.864 129.185 223.864 141.637 209.505 141.637
209.291 130.399 223.651 130.399 223.651 142.891 209.291 142.891
208.991 131.479 223.307 131.479 223.307 144.052 208.991 144.052
208.480 132.786 222.688 132.786 222.688 145.459 208.480 145.459
207.967 133.256 222.287 133.256 222.287 145.899 207.967 145.899
207.179 133.464 221.459 133.464 221.459 146.064 207.179 146.064
204.854 124.915 219.103 124.915 219.103 137.502 204.854 137.502
204.021 123.049 218.373 123.049 218.373 135.569 204.021 135.569
203.257 121.371 217.784 121.371 217.784 133.737 203.257 133.737
202.995 121.693 217.475 121.693 217.475 134.075 202.995 134.075
203.116 122.716 217.618 122.716 217.618 135.152 203.116 135.152
202.602 123.786 217.006 123.786 217.006 136.362 202.602 136.362
202.169 125.061 216.438 125.061 216.438 137.821 202.169 137.821
202.217 126.020 216.470 126.020 216.470 138.651 202.217 138.651
201.412 126.159 215.633 126.159 215.633 138.779 201.412 138.779
201.205 126.200 215.449 126.200 215.449 138.769 201.205 138.769
200.844 126.596 215.169 126.596 215.169 139.043 200.844 139.043
200.954 126.568 215.206 126.568 215.206 139.013 200.954 139.013
201.022 126.756 215.368 126.756 215.368 139.122 201.022 139.122
200.816 126.902 215.219 126.902 215.219 139.216 200.816 139.216
200.511 126.101 215.002 126.101 215.002 138.328 200.511 138.328
201.049 125.949 215.397 125.949 215.397 138.294 201.049 138.294
200.912 125.727 215.381 125.727 215.381 138.036 200.912 138.036
201.111 126.434 215.574 126.434 215.574 138.800 201.111 138.800
201.116 126.425 215.494 126.425 215.494 138.858 201.116 138.858
201.521 126.387 215.816 126.387 215.816 138.898 201.521 138.898
202.044 126.224 216.235 126.224 216.235 138.793 202.044 138.793
202.157 125.999 216.295 125.999 216.295 138.623 202.157 138.623
201.964 126.124 216.169 126.124 216.169 138.679 201.964 138.679
202.430 126.337 216.590 126.337 216.590 138.944 202.430 138.944
203.051 126.922 217.105 126.922 217.105 139.557 203.051 139.557
203.155 126.646 217.281 126.646 217.281 139.220 203.155 139.220
203.607 126.663 217.769 126.663 217.769 139.185 203.607 139.185
204.060 126.709 218.264 126.709 218.264 139.228 204.060 139.228
204.439 127.420 218.643 127.420 218.643 140.011 204.439 140.011
204.951 128.766 219.236 128.766 219.236 141.301 204.951 141.301
204.926 128.962 219.441 128.962 219.441 141.392 204.926 141.392
204.515 129.543 219.113 129.543 219.113 141.998 204.515 141.998
203.823 129.999 218.590 129.999 218.590 142.358 203.823 142.358
203.552 130.131 218.325 130.131 218.325 142.447 203.552 142.447
203.120 129.461 217.767 129.461 217.767 141.858 203.120 141.858
203.340 128.389 217.773 128.389 217.773 140.851 203.340 140.851
203.271 127.527 217.331 127.527 217.331 140.165 203.271 140.165
203.001 127.468 216.829 127.468 216.829 140.243 203.001 140.243
202.814 127.530 216.738 127.530 216.738 140.207 202.814 140.207
203.783 127.327 217.653 127.327 217.653 140.025 203.783 140.025
203.901 126.586 217.922 126.586 217.922 139.050 203.901 139.050
204.037 125.604 218.089 125.604 218.089 137.889 204.037 137.889
205.009 125.308 219.024 125.308 219.024 137.575 205.009 137.575
206.366 124.855 220.232 124.855 220.232 137.193 206.366 137.193
208.760 124.137 222.642 124.137 222.642 136.418 208.760 136.418
209.641 124.217 223.520 124.217 223.520 136.492 209.641 136.492
210.653 123.630 224.568 123.630 224.568 135.788 210.653 135.788
215.166 123.144 228.941 123.144 228.941 135.372 215.166 135.372
217.655 124.747 231.345 124.747 231.345 136.943 217.655 136.943
221.851 126.486 235.433 126.486 235.433 138.717 221.851 138.717
225.837 129.663 239.423 129.663 239.423 141.917 225.837 141.917
228.698 133.792 242.282 133.792 242.282 146.052 228.698 146.052
230.243 134.908 243.799 134.908 243.799 147.204 230.243 147.204
231.251 135.340 244.758 135.340 244.758 147.781 231.251 147.781
234.016 136.002 247.558 136.002 247.558 148.375 234.016 148.375
236.970 136.053 250.489 136.053 250.489 148.381 236.970 148.381
239.688 135.605 253.332 135.605 253.332 147.786 239.688 147.786
242.406 134.107 256.110 134.107 256.110 146.129 242.406 146.129
242.903 132.615 256.626 132.615 256.626 144.534 242.903 144.534
243.790 130.185 257.520 130.185 257.520 142.040 243.790 142.040
246.019 127.416 259.762 127.416 259.762 139.104 246.019 139.104
247.101 125.198 260.941 125.198 260.941 136.824 247.101 136.824
248.008 123.844 261.935 123.844 261.935 135.364 248.008 135.364
248.675 122.988 262.786 122.988 262.786 134.454 248.675 134.454
249.669 124.693 263.660 124.693 263.660 136.388 249.669 136.388
250.660 125.259 264.677 125.259 264.677 137.029 250.660 137.029
253.261 128.049 267.175 128.049 267.175 139.942 253.261 139.942
254.097 128.811 268.031 128.811 268.031 140.861 254.097 140.861
254.964 130.785 268.853 130.785 268.853 143.015 254.964 143.015
255.657 132.287 269.375 132.287 269.375 144.742 255.657 144.742
256.498 135.547 270.024 135.547 270.024 148.187 256.498 148.187
257.722 138.190 271.259 138.190 271.259 150.909 257.722 150.909
258.134 138.444 271.817 138.444 271.817 150.996 258.134 150.996
259.604 139.084 273.240 139.084 273.240 151.704 259.604 151.704
260.859 139.799 274.495 139.799 274.495 152.447 260.859 152.447
261.280 139.226 275.189 139.226 275.189 151.527 261.280 151.527
262.932 138.870 276.838 138.870 276.838 151.084 262.932 151.084
264.026 137.381 278.039 137.381 278.039 149.429 264.026 149.429
266.737 134.329 280.815 134.329 280.815 146.104 266.737 146.104
267.962 131.675 281.982 131.675 281.982 143.410 267.962 143.410
270.391 130.915 284.228 130.915 284.228 142.694 270.391 142.694
271.397 129.919 285.208 129.919 285.208 141.694 271.397 141.694
272.835 127.356 286.457 127.356 286.457 139.129 272.835 139.129
275.847 126.951 289.297 126.951 289.297 138.800 275.847 138.800
277.163 126.998 290.496 126.998 290.496 138.922 277.163 138.922
278.580 127.607 291.767 127.607 291.767 139.603 278.580 139.603
280.968 129.087 294.066 129.087 294.066 141.046 280.968 141.046
283.784 133.185 296.765 133.185 296.765 145.264 283.784 145.264
286.525 135.836 299.431 135.836 299.431 147.963 286.525 147.963
287.178 136.731 300.154 136.731 300.154 148.819 287.178 148.819
291.599 138.753 304.493 138.753 304.493 150.962 291.599 150.962
292.590 139.737 305.424 139.737 305.424 152.056 292.590 152.056
294.279 141.529 307.085 141.529 307.085 153.822 294.279 153.822
295.326 142.670 307.961 142.670 307.961 155.044 295.326 155.044
296.616 143.070 309.314 143.070 309.314 155.452 296.616 155.452
297.905 143.412 310.613 143.412 310.613 155.663 297.905 155.663
298.551 144.057 311.275 144.057 311.275 156.176 298.551 156.176
299.426 144.011 312.101 144.011 312.101 156.075 299.426 156.075
301.587 143.999 314.182 143.999 314.182 155.997 301.587 155.997
302.426 143.334 315.129 143.334 315.129 155.121 302.426 155.121
303.450 142.192 316.037 142.192 316.037 153.937 303.450 153.937
303.677 139.624 316.235 139.624 316.235 151.325 303.677 151.325
304.098 137.325 316.699 137.325 316.699 148.903 304.098 148.903
304.503 135.943 317.136 135.943 317.136 147.444 304.503 147.444
305.402 135.515 317.971 135.515 317.971 146.974 305.402 146.974
307.557 135.100 320.148 135.100 320.148 146.445 307.557 146.445
309.724 134.400 322.339 134.400 322.339 145.698 309.724 145.698
310.622 133.880 323.217 133.880 323.217 145.162 310.622 145.162
313.248 135.568 325.827 135.568 325.827 146.852 313.248 146.852
314.111 136.322 326.622 136.322 326.622 147.695 314.111 147.695
314.866 137.582 327.360 137.582 327.360 148.870 314.866 148.870
317.785 138.994 330.285 138.994 330.285 150.337 317.785 150.337
318.926 139.980 331.454 139.980 331.454 151.357 318.926 151.357
321.604 142.582 334.160 142.582 334.160 153.923 321.604 153.923
324.385 144.172 336.997 144.172 336.997 155.457 324.385 155.457
327.206 147.627 339.681 147.627 339.681 158.970 327.206 158.970
328.448 149.638 340.890 149.638 340.890 161.022 328.448 161.022
329.752 150.957 342.221 150.957 342.221 162.397 329.752 162.397
332.553 153.371 344.875 153.371 344.875 164.913 332.553 164.913
335.310 153.853 347.522 153.853 347.522 165.421 335.310 165.421
336.602 155.232 348.883 155.232 348.883 166.759 336.602 166.759
337.385 156.286 349.830 156.286 349.830 167.595 337.385 167.595
339.866 156.411 352.383 156.411 352.383 167.641 339.866 167.641
340.162 156.536 352.758 156.536 352.758 167.692 340.162 167.692
342.233 155.923 354.888 155.923 354.888 166.970 342.233 166.970
342.842 155.529 355.512 155.529 355.512 166.610 342.842 166.610
344.718 153.584 357.420 153.584 357.420 164.598 344.718 164.598
344.740 152.997 357.512 152.997 357.512 163.856 344.740 163.856
345.332 150.336 358.220 150.336 358.220 161.125 345.332 161.125
345.858 148.887 358.815 148.887 358.815 159.621 345.858 159.621
346.414 146.190 359.249 146.190 359.249 156.971 346.414 156.971
346.830 144.514 359.737 144.514 359.737 155.273 346.830 155.273
348.455 142.116 361.393 142.116 361.393 152.769 348.455 152.769
348.486 140.605 361.602 140.605 361.602 151.211 348.486 151.211
348.512 139.115 361.693 139.115 361.693 149.619 348.512 149.619
348.605 138.165 361.849 138.165 361.849 148.708 348.605 148.708
348.856 138.106 362.165 138.106 362.165 148.686 348.856 148.686
349.040 139.356 362.297 139.356 362.297 150.085 349.040 150.085
349.554 139.810 362.572 139.810 362.572 150.770 349.554 150.770
349.533 142.354 362.351 142.354 362.351 153.538 349.533 153.538
349.984 144.938 362.769 144.938 362.769 156.246 349.984 156.246
351.681 150.505 364.395 150.505 364.395 161.923 351.681 161.923
351.692 154.645 364.390 154.645 364.390 166.259 351.692 166.259
352.027 155.831 364.699 155.831 364.699 167.479 352.027 167.479
352.210 158.466 364.955 158.466 364.955 170.220 352.210 170.220
352.257 159.482 365.054 159.482 365.054 171.278 352.257 171.278
352.312 160.734 365.187 160.734 365.187 172.659 352.312 172.659
352.754 163.786 365.707 163.786 365.707 175.810 352.754 175.810
353.423 165.958 366.383 165.958 366.383 178.053 353.423 178.053
354.180 166.293 367.210 166.293 367.210 178.441 354.180 178.441
356.138 165.423 369.176 165.423 369.176 177.454 356.138 177.454
358.340 163.571 371.284 163.571 371.284 175.619 358.340 175.619
360.584 163.127 373.540 163.127 373.540 175.152 360.584 175.152
364.205 160.818 377.335 160.818 377.335 172.814 364.205 172.814
364.795 158.598 377.914 158.598 377.914 170.660 364.795 170.660
367.082 157.649 380.241 157.649 380.241 169.554 367.082 169.554
368.225 156.722 381.332 156.722 381.332 168.557 368.225 168.557
370.556 154.654 383.657 154.654 383.657 166.432 370.556 166.432
372.827 153.957 385.951 153.957 385.951 165.670 372.827 165.670
373.895 153.047 387.073 153.047 387.073 164.720 373.895 164.720
374.736 152.228 387.931 152.228 387.931 163.885 374.736 163.885
375.331 151.037 388.555 151.037 388.555 162.639 375.331 162.639
377.912 152.340 391.087 152.340 391.087 163.983 377.912 163.983
378.904 152.660 391.965 152.660 391.965 164.412 378.904 164.412
381.096 153.854 394.122 153.854 394.122 165.684 381.096 165.684
383.070 155.566 396.082 155.566 396.082 167.409 383.070 167.409
382.884 157.091 395.843 157.091 395.843 169.050 382.884 169.050
382.042 158.580 395.133 158.580 395.133 170.608 382.042 170.608
380.997 159.627 393.976 159.627 393.976 171.683 380.997 171.683
379.507 160.297 392.571 160.297 392.571 172.231 379.507 172.231
377.861 160.136 390.907 160.136 390.907 172.010 377.861 172.010
374.624 159.477 387.907 159.477 387.907 171.234 374.624 171.234
370.215 157.594 383.488 157.594 383.488 169.348 370.215 169.348
367.429 156.839 380.676 156.839 380.676 168.555 367.429 168.555
364.837 154.820 377.914 154.820 377.914 166.658 364.837 166.658
359.312 153.857 372.216 153.857 372.216 165.761 359.312 165.761
357.270 152.508 369.964 152.508 369.964 164.419 357.270 164.419
354.968 151.309 367.697 151.309 367.697 163.177 354.968 163.177
351.924 149.111 364.753 149.111 364.753 160.787 351.924 160.787
349.218 146.621 361.953 146.621 361.953 158.232 349.218 158.232
345.023 146.383 357.575 146.383 357.575 158.104 345.023 158.104
340.973 146.288 353.436 146.288 353.436 158.024 340.973 158.024
338.682 146.066 351.045 146.066 351.045 157.856 338.682 157.856
337.444 145.606 349.892 145.606 349.892 157.275 337.444 157.275
335.031 145.028 347.408 145.028 347.408 156.596 335.031 156.596
334.201 144.922 346.536 144.922 346.536 156.448 334.201 156.448
333.154 144.427 345.490 144.427 345.490 155.924 333.154 155.924
331.912 144.127 344.385 144.127 344.385 155.499 331.912 155.499
331.230 144.624 343.775 144.624 343.775 155.950 331.230 155.950
330.664 144.857 343.301 144.857 343.301 156.138 330.664 156.138
330.240 145.556 342.964 145.556 342.964 156.855 330.240 156.855
329.833 146.267 342.623 146.267 342.623 157.551 329.833 157.551
329.343 147.223 342.270 147.223 342.270 158.609 329.343 158.609
329.156 148.347 342.193 148.347 342.193 159.841 329.156 159.841
328.829 148.964 341.946 148.964 341.946 160.510 328.829 160.510
328.546 148.678 341.786 148.678 341.786 160.222 328.546 160.222
328.211 146.937 341.521 146.937 341.521 158.368 328.211 158.368
329.547 142.082 342.969 142.082 342.969 153.392 329.547 153.392
329.079 138.520 342.685 138.520 342.685 149.729 329.079 149.729
328.965 134.972 342.662 134.972 342.662 146.139 328.965 146.139
329.285 134.676 342.884 134.676 342.884 145.974 329.285 145.974
329.136 133.829 342.785 133.829 342.785 145.115 329.136 145.115
329.139 134.002 342.842 134.002 342.842 145.292 329.139 145.292
328.904 133.808 342.538 133.808 342.538 145.142 328.904 145.142
328.743 133.627 342.381 133.627 342.381 145.002 328.743 145.002
328.628 134.387 342.207 134.387 342.207 145.876 328.628 145.876
328.105 136.976 341.714 136.976 341.714 148.583 328.105 148.583
327.464 137.832 340.931 137.832 340.931 149.602 327.464 149.602
326.868 139.259 340.166 139.259 340.166 151.167 326.868 151.167
324.797 140.428 338.019 140.428 338.019 152.368 324.797 152.368
323.417 141.562 336.536 141.562 336.536 153.490 323.417 153.490
322.199 141.939 335.164 141.939 335.164 153.920 322.199 153.920
314.774 140.409 327.734 140.409 327.734 152.487 314.774 152.487
310.295 139.831 323.326 139.831 323.326 151.799 310.295 151.799
307.322 139.798 320.396 139.798 320.396 151.640 307.322 151.640
304.640 137.151 317.608 137.151 317.608 149.067 304.640 149.067
300.376 134.679 313.644 134.679 313.644 146.284 300.376 146.284
297.974 131.803 311.234 131.803 311.234 143.341 297.974 143.341
293.738 127.541 306.950 127.541 306.950 139.026 293.738 139.026
290.953 126.784 304.171 126.784 304.171 138.274 290.953 138.274
288.201 125.614 301.465 125.614 301.465 137.090 288.201 137.090
287.006 124.660 300.151 124.660 300.151 136.252 287.006 136.252
285.569 123.566 298.594 123.566 298.594 135.290 285.569 135.290
282.403 122.867 295.443 122.867 295.443 134.596 282.403 134.596
280.999 122.773 293.996 122.773 293.996 134.595 280.999 134.595
279.805 123.320 292.749 123.320 292.749 135.220 279.805 135.220
277.287 125.013 290.172 125.013 290.172 136.916 277.287 136.916
275.049 126.903 287.839 126.903 287.839 138.751 275.049 138.751
273.157 130.329 285.971 130.329 285.971 142.030 273.157 142.030
273.229 135.360 285.917 135.360 285.917 147.169 273.229 147.169
272.613 138.665 285.384 138.665 285.384 150.427 272.613 150.427
272.117 138.952 285.198 138.952 285.198 150.571 272.117 150.571
272.345 137.827 285.459 137.827 285.459 149.421 272.345 149.421
272.238 136.997 285.606 136.997 285.606 148.432 272.238 148.432
272.735 134.471 286.095 134.471 286.095 145.863 272.735 145.863
273.119 131.372 286.468 131.372 286.468 142.707 273.119 142.707
273.451 126.813 286.761 126.813 286.761 138.068 273.451 138.068
273.603 123.788 287.050 123.788 287.050 135.015 273.603 135.015
273.182 121.916 286.746 121.916 286.746 133.124 273.182 133.124
272.768 120.872 286.500 120.872 286.500 132.017 272.768 132.017
272.183 120.198 286.085 120.198 286.085 131.287 272.183 131.287
271.295 120.957 285.396 120.957 285.396 131.959 271.295 131.959
271.064 121.226 285.112 121.226 285.112 132.315 271.064 132.315
270.873 122.139 284.874 122.139 284.874 133.392 270.873 133.392
270.409 126.969 284.295 126.969 284.295 138.309 270.409 138.309
268.456 133.357 282.265 133.357 282.265 144.695 268.456 144.695
268.308 138.242 282.174 138.242 282.174 149.540 268.308 149.540
266.562 141.126 280.360 141.126 280.360 152.478 266.562 152.478
266.027 144.495 279.746 144.495 279.746 156.060 266.027 156.060
265.341 145.762 279.059 145.762 279.059 157.366 265.341 157.366
264.108 146.191 277.759 146.191 277.759 157.844 264.108 157.844
261.555 145.329 275.194 145.329 275.194 157.017 261.555 157.017
260.917 144.233 274.486 144.233 274.486 155.942 260.917 155.942
260.188 139.397 273.808 139.397 273.808 150.971 260.188 150.971
258.056 137.727 271.682 137.727 271.682 149.309 258.056 149.309
257.705 134.233 271.260 134.233 271.260 145.734 257.705 145.734
257.077 128.833 270.759 128.833 270.759 140.235 257.077 140.235
256.252 126.972 270.110 126.972 270.110 138.175 256.252 138.175
255.698 123.234 269.430 123.234 269.430 134.470 255.698 134.470
255.101 121.440 268.826 121.440 268.826 132.691 255.101 132.691
254.777 119.366 268.601 119.366 268.601 130.659 254.777 130.659
254.254 117.602 268.133 117.602 268.133 128.922 254.254 128.922
253.462 117.454 267.281 117.454 267.281 128.812 253.462 128.812
252.938 118.223 266.653 118.223 266.653 129.728 252.938 129.728
252.470 120.509 266.014 120.509 266.014 132.138 252.470 132.138
250.401 123.330 263.859 123.330 263.859 135.081 250.401 135.081
248.712 128.140 262.117 128.140 262.117 139.935 248.712 139.935
247.912 129.580 261.416 129.580 261.416 141.363 247.912 141.363
245.517 131.871 258.866 131.871 258.866 143.721 245.517 143.721
244.808 134.499 258.245 134.499 258.245 146.316 244.808 146.316
242.706 135.432 255.848 135.432 255.848 147.443 242.706 147.443
242.017 136.040 254.981 136.040 254.981 148.028 242.017 148.028
239.186 135.971 252.032 135.971 252.032 148.028 239.186 148.028
236.817 134.064 249.768 134.064 249.768 146.031 236.817 146.031
232.238 133.556 245.350 133.556 245.350 145.437 232.238 145.437
230.025 130.685 243.120 130.685 243.120 142.449 230.025 142.449
229.341 127.942 242.324 127.942 242.324 139.600 229.341 139.600
226.731 124.983 239.738 124.983 239.738 136.579 226.731 136.579
221.170 121.110 233.932 121.110 233.932 132.752 221.170 132.752
217.065 121.469 229.714 121.469 229.714 133.155 217.065 133.155
215.053 125.560 227.630 125.560 227.630 137.317 215.053 137.317
214.483 127.894 226.974 127.894 226.974 139.706 214.483 139.706
212.459 129.102 224.980 129.102 224.980 140.860 212.459 140.860
211.669 130.064 224.324 130.064 224.324 141.714 211.669 141.714
210.838 131.177 223.621 131.177 223.621 142.745 210.838 142.745
210.102 132.351 222.874 132.351 222.874 144.005 210.102 144.005
209.520 132.662 222.273 132.662 222.273 144.261 209.520 144.261
208.796 131.396 221.644 131.396 221.644 142.774 208.796 142.774
208.646 129.807 221.632 129.807 221.632 140.996 208.646 140.996
208.753 125.485 221.584 125.485 221.584 136.582 208.753 136.582
206.729 119.707 219.510 119.707 219.510 130.743 206.729 130.743
206.703 117.005 219.395 117.005 219.395 128.028 206.703 128.028
206.169 113.908 218.828 113.908 218.828 124.983 206.169 124.983
205.558 110.990 218.215 110.990 218.215 121.992 205.558 121.992
204.681 109.841 217.403 109.841 217.403 120.758 204.681 120.758
203.782 109.137 216.599 109.137 216.599 120.002 203.782 120.002
202.844 109.221 215.627 109.221 215.627 120.180 202.844 120.180
201.778 109.404 214.423 109.404 214.423 120.540 201.778 120.540
199.854 112.427 212.262 112.427 212.262 123.601 199.854 123.601
198.306 116.522 210.614 116.522 210.614 127.652 198.306 127.652
197.195 122.498 209.370 122.498 209.370 133.630 197.195 133.630
196.720 123.751 208.777 123.751 208.777 135.026 196.720 135.026
194.895 128.226 206.846 128.226 206.846 139.625 194.895 139.625
194.199 129.586 206.210 129.586 206.210 140.952 194.199 140.952
193.377 132.327 205.279 132.327 205.279 143.767 193.377 143.767
192.051 131.955 204.020 131.955 204.020 143.271 192.051 143.271
191.091 131.163 203.110 131.163 203.110 142.271 191.091 142.271
190.567 129.332 202.680 129.332 202.680 140.235 190.567 140.235
188.310 126.423 200.486 126.423 200.486 137.207 188.310 137.207
187.971 124.857 200.249 124.857 200.249 135.583 187.971 135.583
187.154 121.990 199.500 121.990 199.500 132.617 187.154 132.617
186.773 120.398 199.154 120.398 199.154 130.998 186.773 130.998
186.096 119.450 198.563 119.450 198.563 129.960 186.096 129.960
185.801 117.535 198.122 117.535 198.122 128.190 185.801 128.190
185.611 115.902 197.814 115.902 197.814 126.666 185.611 126.666
185.205 114.008 197.308 114.008 197.308 124.828 185.205 124.828
184.617 112.271 196.791 112.271 196.791 123.018 184.617 123.018
184.533 110.972 196.595 110.972 196.595 121.798 184.533 121.798
184.284 111.115 196.291 111.115 196.291 121.984 184.284 121.984
184.599 112.315 196.493 112.315 196.493 123.226 184.599 123.226
184.994 115.243 197.005 115.243 197.005 125.945 184.994 125.945
185.384 119.115 197.495 119.115 197.495 129.745 185.384 129.745
185.443 121.683 197.525 121.683 197.525 132.338 185.443 132.338
185.396 124.383 197.400 124.383 197.400 135.105 185.396 135.105
185.219 125.396 197.045 125.396 197.045 136.275 185.219 136.275
185.182 126.291 197.008 126.291 197.008 137.189 185.182 137.189
185.171 126.288 197.001 126.288 197.001 137.131 185.171 137.131
185.079 125.550 197.075 125.550 197.075 136.160 185.079 136.160
184.868 122.551 197.079 122.551 197.079 132.973 184.868 132.973
184.482 120.854 196.716 120.854 196.716 131.233 184.482 131.233
184.310 119.037 196.527 119.037 196.527 129.403 184.310 129.403
184.408 117.700 196.608 117.700 196.608 128.053 184.408 128.053
183.800 114.954 195.928 114.954 195.928 125.337 183.800 125.337
183.204 113.324 195.184 113.324 195.184 123.833 183.204 123.833
182.040 108.865 193.998 108.865 193.998 119.365 182.040 119.365
180.783 107.680 192.760 107.680 192.760 118.205 180.783 118.205
178.252 106.719 190.228 106.719 190.228 117.252 178.252 117.252
176.966 106.352 189.046 106.352 189.046 116.820 176.966 116.820
175.620 106.309 187.667 106.309 187.667 116.814 175.620 116.814
172.979 108.040 184.868 108.040 184.868 118.656 172.979 118.656
170.654 110.509 182.547 110.509 182.547 121.145 170.654 121.145
166.564 115.523 178.434 115.523 178.434 126.109 166.564 126.109
164.297 117.974 176.134 117.974 176.134 128.552 164.297 128.552
162.211 120.293 174.012 120.293 174.012 130.928 162.211 130.928
161.106 120.825 172.803 120.825 172.803 131.554 161.106 131.554
158.694 121.467 170.308 121.467 170.308 132.323 158.694 132.323
157.176 122.105 168.808 122.105 168.808 132.925 157.176 132.925
156.115 122.485 167.665 122.485 167.665 133.227 156.115 133.227
154.819 121.781 166.280 121.781 166.280 132.661 154.819 132.661
153.771 121.026 165.387 121.026 165.387 131.823 153.771 131.823
153.453 119.377 165.269 119.377 165.269 129.853 153.453 129.853
153.143 117.829 165.079 117.829 165.079 128.138 153.143 128.138
153.166 116.375 165.211 116.375 165.211 126.648 153.166 126.648
153.210 115.463 165.098 115.463 165.098 125.801 153.210 125.801
153.672 114.224 165.486 114.224 165.486 124.543 153.672 124.543
154.448 113.587 166.185 113.587 166.185 123.930 154.448 123.930
154.814 112.998 166.519 112.998 166.519 123.358 154.814 123.358
154.980 112.635 166.682 112.635 166.682 122.993 154.980 122.993
155.427 113.155 167.096 113.155 167.096 123.524 155.427 123.524
155.511 115.136 167.185 115.136 167.185 125.500 155.511 125.500
155.824 115.856 167.501 115.856 167.501 126.254 155.824 126.254
155.896 118.044 167.532 118.044 167.532 128.513 155.896 128.513
156.179 118.614 167.741 118.614 167.741 129.141 156.179 129.141
156.276 119.077 167.715 119.077 167.715 129.685 156.276 129.685
156.171 119.653 167.527 119.653 167.527 130.314 156.171 130.314
155.669 120.650 167.096 120.650 167.096 131.206 155.669 131.206
154.758 121.440 166.242 121.440 166.242 131.980 154.758 131.980
153.628 121.898 165.219 121.898 165.219 132.360 153.628 132.360
152.008 119.700 163.641 119.700 163.641 130.104 152.008 130.104
150.690 119.555 162.349 119.555 162.349 129.944 150.690 129.944
149.458 119.273 161.144 119.273 161.144 129.606 149.458 129.606
145.296 118.499 156.906 118.499 156.906 128.885 145.296 128.885
144.039 118.472 155.568 118.472 155.568 128.990 144.039 128.990
143.041 118.421 154.533 118.421 154.533 128.966 143.041 128.966
140.718 118.273 152.315 118.273 152.315 128.735 140.718 128.735
138.583 118.459 150.140 118.459 150.140 128.961 138.583 128.961
134.999 120.295 146.493 120.295 146.493 130.817 134.999 130.817
133.784 120.530 145.485 120.530 145.485 130.907 133.784 130.907
132.616 120.878 144.379 120.878 144.379 131.227 132.616 131.227
129.102 123.777 140.806 123.777 140.806 134.283 129.102 134.283
126.803 123.656 138.552 123.656 138.552 134.187 126.803 134.187
126.005 123.453 137.797 123.453 137.797 134.022 126.005 134.022
124.912 123.379 136.806 123.379 136.806 133.933 124.912 133.933
124.112 123.373 136.002 123.373 136.002 133.935 124.112 133.935
123.214 123.773 135.103 123.773 135.103 134.355 123.214 134.355
122.531 124.245 134.282 124.245 134.282 134.926 122.531 134.926
122.241 123.878 133.950 123.878 133.950 134.573 122.241 134.573
121.832 124.238 133.577 124.238 133.577 134.937 121.832 134.937
121.762 123.964 133.449 123.964 133.449 134.727 121.762 134.727
121.864 124.559 133.633 124.559 133.633 135.272 121.864 135.272
122.137 124.686 133.866 124.686 133.866 135.371 122.137 135.371
122.426 124.803 134.112 124.803 134.112 135.522 122.426 135.522
124.257 124.950 135.982 124.950 135.982 135.645 124.257 135.645
127.900 125.631 139.619 125.631 139.619 136.374 127.900 136.374
129.802 126.125 141.409 126.125 141.409 136.906 129.802 136.906
131.590 128.442 143.192 128.442 143.192 139.146 131.590 139.146
133.541 129.556 145.220 129.556 145.220 140.206 133.541 140.206
135.452 131.703 147.157 131.703 147.157 142.371 135.452 142.371
136.164 132.481 147.901 132.481 147.901 143.180 136.164 143.180
137.070 134.701 148.739 134.701 148.739 145.478 137.070 145.478
137.109 135.388 148.809 135.388 148.809 146.185 137.109 146.185
138.314 137.347 150.126 137.347 150.126 148.090 138.314 148.090
140.004 137.619 151.975 137.619 151.975 148.285 140.004 148.285
143.621 137.565 155.549 137.565 155.549 148.137 143.621 148.137
143.887 136.671 155.710 136.671 155.710 147.244 143.887 147.244
144.441 135.657 156.179 135.657 156.179 146.231 144.441 146.231
144.913 134.477 156.704 134.477 156.704 145.019 144.913 145.019
144.927 133.579 156.768 133.579 156.768 144.104 144.927 144.104
146.425 131.141 158.443 131.141 158.443 141.521 146.425 141.521
146.412 129.089 158.687 129.089 158.687 139.303 146.412 139.303
146.890 126.607 159.093 126.607 159.093 136.799 146.890 136.799
146.894 124.123 159.076 124.123 159.076 134.293 146.894 134.293
148.637 121.498 160.781 121.498 160.781 131.684 148.637 131.684
150.635 118.888 162.587 118.888 162.587 129.108 150.635 129.108
152.259 114.738 164.306 114.738 164.306 124.883 152.259 124.883
152.334 113.265 164.439 113.265 164.439 123.252 152.334 123.252
152.474 110.860 164.584 110.860 164.584 120.814 152.474 120.814
153.339 110.103 165.349 110.103 165.349 120.125 153.339 120.125
153.804 109.439 165.867 109.439 165.867 119.413 153.804 119.413
154.391 111.255 166.332 111.255 166.332 121.368 154.391 121.368
155.308 111.810 167.180 111.810 167.180 122.027 155.308 122.027
155.816 113.989 167.530 113.989 167.530 124.313 155.816 124.313
157.826 116.094 169.451 116.094 169.451 126.495 157.826 126.495
159.558 120.852 171.042 120.852 171.042 131.324 159.558 131.324
161.526 122.963 172.989 122.963 172.989 133.454 161.526 133.454
163.319 126.111 174.756 126.111 174.756 136.647 163.319 136.647
169.150 130.438 180.558 130.438 180.558 140.973 169.150 140.973
172.632 128.379 184.017 128.379 184.017 138.859 172.632 138.859
174.230 124.155 185.753 124.155 185.753 134.466 174.230 134.466
175.672 118.701 187.346 118.701 187.346 128.885 175.672 128.885
175.840 114.701 187.623 114.701 187.623 124.788 175.840 124.788
177.265 112.038 189.200 112.038 189.200 122.029 177.265 122.029
177.472 110.401 189.344 110.401 189.344 120.266 177.472 120.266
177.080 109.044 188.953 109.044 188.953 118.932 177.080 118.932
176.861 108.116 188.692 108.116 188.692 118.064 176.861 118.064
176.663 108.285 188.435 108.285 188.435 118.335 176.663 118.335
176.235 110.272 188.018 110.272 188.018 120.461 176.235 120.461
177.915 114.013 189.629 114.013 189.629 124.335 177.915 124.335
177.458 117.926 189.212 117.926 189.212 128.329 177.458 128.329
178.498 123.223 190.326 123.223 190.326 133.764 178.498 133.764
178.618 125.423 190.453 125.423 190.453 135.961 178.618 135.961
180.068 128.000 191.992 128.000 191.992 138.643 180.068 138.643
180.178 129.012 192.077 129.012 192.077 139.827 180.178 139.827
180.389 130.145 192.446 130.145 192.446 141.038 180.389 141.038
180.281 131.075 192.428 131.075 192.428 142.003 180.281 142.003
180.752 131.082 192.928 131.082 192.928 142.004 180.752 142.004
181.737 130.061 193.861 130.061 193.861 140.939 181.737 140.939
183.229 126.993 195.447 126.993 195.447 137.725 183.229 137.725
183.636 124.709 195.807 124.709 195.807 135.467 183.636 135.467
186.017 123.978 198.186 123.978 198.186 134.728 186.017 134.728
186.483 123.031 198.695 123.031 198.695 133.732 186.483 133.732
188.666 120.526 200.890 120.526 200.890 131.189 188.666 131.189
189.339 119.882 201.576 119.882 201.576 130.535 189.339 130.535
192.818 117.472 204.992 117.472 204.992 128.160 192.818 128.160
193.613 116.595 205.772 116.595 205.772 127.361 193.613 127.361
196.052 114.537 208.147 114.537 208.147 125.245 196.052 125.245
197.116 113.860 208.991 113.860 208.991 124.681 197.116 124.681
199.208 114.303 211.060 114.303 211.060 125.132 199.208 125.132
199.877 114.816 211.665 114.816 211.665 125.691 199.877 125.691
200.215 116.489 212.042 116.489 212.042 127.274 200.215 127.274
203.586 119.963 215.407 119.963 215.407 130.705 203.586 130.705
205.352 122.748 217.066 122.748 217.066 133.590 205.352 133.590
207.313 125.025 218.974 125.025 218.974 135.928 207.313 135.928
207.561 125.822 219.228 125.822 219.228 136.830 207.561 136.830
209.526 128.521 221.261 128.521 221.261 139.549 209.526 139.549
209.993 129.457 221.703 129.457 221.703 140.452 209.993 140.452
210.658 130.198 222.314 130.198 222.314 141.190 210.658 141.190
211.645 130.753 223.314 130.753 223.314 141.715 211.645 141.715
212.550 131.551 224.171 131.551 224.171 142.519 212.550 142.519
213.550 131.709 225.103 131.709 225.103 142.700 213.550 142.700
215.806 132.732 227.296 132.732 227.296 143.767 215.806 143.767
216.097 133.315 227.746 133.315 227.746 144.242 216.097 144.242
216.589 133.515 228.347 133.515 228.347 144.333 216.589 144.333
217.130 133.324 228.894 133.324 228.894 144.126 217.130 144.126
217.742 133.464 229.414 133.464 229.414 144.337 217.742 144.337
218.244 133.748 229.866 133.748 229.866 144.679 218.244 144.679
218.421 133.869 230.029 133.869 230.029 144.820 218.421 144.820
220.552 134.311 232.118 134.311 232.118 145.273 220.552 145.273
220.943 134.173 232.619 134.173 232.619 145.035 220.943 145.035
221.338 133.981 233.255 133.981 233.255 144.632 221.338 144.632
221.813 134.341 233.710 134.341 233.710 145.017 221.813 145.017
222.083 134.106 234.087 134.106 234.087 144.702 222.083 144.702
222.198 133.526 234.277 133.526 234.277 144.165 222.198 144.165
222.518 133.094 234.525 133.094 234.525 143.756 222.518 143.756
222.538 132.022 234.658 132.022 234.658 142.685 222.538 142.685
222.596 130.553 234.829 130.553 234.829 141.137 222.596 141.137
222.621 129.764 234.794 129.764 234.794 140.355 222.621 140.355
222.684 128.873 234.874 128.873 234.874 139.360 222.684 139.360
222.599 128.835 234.880 128.835 234.880 139.221 222.599 139.221
222.356 128.977 234.496 128.977 234.496 139.476 222.356 139.476
222.765 131.619 234.836 131.619 234.836 142.199 222.765 142.199
222.609 132.774 234.658 132.774 234.658 143.376 222.609 143.376
222.772 133.514 234.609 133.514 234.609 144.333 222.772 144.333
222.066 135.376 233.994 135.376 233.994 146.197 222.066 146.197
221.138 136.222 233.281 136.222 233.281 146.916 221.138 146.916
220.077 136.692 232.210 136.692 232.210 147.541 220.077 147.541
217.606 135.083 229.694 135.083 229.694 146.014 217.606 146.014
216.725 134.809 228.730 134.809 228.730 145.822 216.725 145.822
215.921 134.431 227.783 134.431 227.783 145.590 215.921 145.590
214.627 133.955 226.487 133.955 226.487 145.203 214.627 145.203
213.472 133.399 225.280 133.399 225.280 144.616 213.472 144.616
212.502 132.986 224.295 132.986 224.295 144.331 212.502 144.331
211.693 132.666 223.533 132.666 223.533 143.942 211.693 143.942
210.597 132.450 222.476 132.450 222.476 143.659 210.597 143.659
209.834 132.181 221.929 132.181 221.929 143.325 209.834 143.325
210.213 131.972 222.344 131.972 222.344 143.146 210.213 143.146
209.470 132.344 221.707 132.344 221.707 143.383 209.470 143.383
208.788 132.190 221.239 132.190 221.239 143.105 208.788 143.105
208.442 132.301 221.148 132.301 221.148 143.050 208.442 143.050
208.209 132.831 221.054 132.831 221.054 143.523 208.209 143.523
208.245 133.332 221.020 133.332 221.020 144.137 208.245 144.137
209.406 133.327 221.936 133.327 221.936 144.280 209.406 144.280
211.778 133.692 224.193 133.692 224.193 144.778 211.778 144.778
212.819 135.356 225.166 135.356 225.166 146.440 212.819 146.440
215.288 135.274 227.445 135.274 227.445 146.438 215.288 146.438
216.474 135.231 228.646 135.231 228.646 146.393 216.474 146.393
219.112 134.844 231.282 134.844 231.282 145.992 219.112 145.992
223.364 134.799 235.380 134.799 235.380 145.919 223.364 145.919
224.798 134.693 236.933 134.693 236.933 145.609 224.798 145.609
226.287 134.189 238.377 134.189 238.377 145.024 226.287 145.024
227.895 133.859 240.048 133.859 240.048 144.638 227.895 144.638
229.050 133.068 241.248 133.068 241.248 143.738 229.050 143.738
230.154 132.076 242.433 132.076 242.433 142.647 230.154 142.647
231.430 131.844 243.696 131.844 243.696 142.512 231.430 142.512
232.645 132.023 244.888 132.023 244.888 142.772 232.645 142.772
232.836 133.012 244.994 133.012 244.994 143.890 232.836 143.890
232.721 133.941 244.849 133.941 244.849 144.893 232.721 144.893
232.707 135.062 244.904 135.062 244.904 146.061 232.707 146.061
232.512 136.828 244.768 136.828 244.768 147.809 232.512 147.809
231.961 137.741 244.195 137.741 244.195 148.740 231.961 148.740
230.758 138.408 243.062 138.408 243.062 149.457 230.758 149.457
229.774 138.907 242.119 138.907 242.119 149.920 229.774 149.920
227.512 138.770 239.813 138.770 239.813 149.717 227.512 149.717
226.766 138.799 239.052 138.799 239.052 149.735 226.766 149.735
224.364 138.287 236.463 138.287 236.463 149.281 224.364 149.281
223.648 138.325 235.661 138.325 235.661 149.297 223.648 149.297
221.323 137.735 233.287 137.735 233.287 148.692 221.323 148.692
219.017 136.486 230.954 136.486 230.954 147.387 219.017 147.387
218.386 136.274 230.168 136.274 230.168 147.172 218.386 147.172
215.910 135.236 227.664 135.236 227.664 146.093 215.910 146.093
213.712 134.438 225.387 134.438 225.387 145.267 213.712 145.267
211.427 133.674 223.112 133.674 223.112 144.480 211.427 144.480
210.916 133.908 222.773 133.908 222.773 144.623 210.916 144.623
210.907 134.533 222.795 134.533 222.795 145.227 210.907 145.227
211.330 134.271 223.272 134.271 223.272 144.913 211.330 144.913
213.580 132.191 225.610 132.191 225.610 142.653 213.580 142.653
214.005 131.134 226.032 131.134 226.032 141.578 214.005 141.578
217.228 127.745 229.433 127.745 229.433 138.005 217.228 138.005
220.482 125.214 232.775 125.214 232.775 135.368 220.482 135.368
222.694 121.425 234.885 121.425 234.885 131.609 222.694 131.609
226.222 113.542 238.310 113.542 238.310 123.705 226.222 123.705
229.072 109.602 241.161 109.602 241.161 119.644 229.072 119.644
230.782 106.321 242.881 106.321 242.881 116.341 230.782 116.341
235.142 98.596 247.247 98.596 247.247 108.557 235.142 108.557
238.453 89.319 250.583 89.319 250.583 99.225 238.453 99.225
241.320 84.636 253.497 84.636 253.497 94.523 241.320 94.523
245.281 71.527 257.419 71.527 257.419 81.404 245.281 81.404
250.530 57.534 262.694 57.534 262.694 67.373 250.530 67.373
248.724 53.851 260.843 53.851 260.843 63.842 248.724 63.842
248.927 52.589 260.829 52.589 260.829 62.812 248.927 62.812
250.551 53.649 262.341 53.649 262.341 63.995 250.551 63.995
250.730 53.531 262.437 53.531 262.437 63.990 250.730 63.990
252.450 53.075 264.187 53.075 264.187 63.554 252.450 63.554
252.744 52.764 264.401 52.764 264.401 63.335 252.744 63.335
254.305 52.809 265.946 52.809 265.946 63.516 254.305 63.516
