165.000 268.000 185.000 268.000 185.000 284.000 165.000 284.000
165.804 267.509 185.259 267.509 185.259 283.887 165.804 283.887
166.264 266.438 185.435 266.438 185.435 282.964 166.264 282.964
166.233 266.266 185.351 266.266 185.351 282.823 166.233 282.823
166.276 265.539 185.205 265.539 185.205 282.211 166.276 282.211
166.216 265.925 184.916 265.925 184.916 282.690 166.216 282.690
166.604 266.784 185.253 266.784 185.253 283.563 166.604 283.563
166.408 265.726 185.003 265.726 185.003 282.486 166.408 282.486
166.523 264.866 185.009 264.866 185.009 281.701 166.523 281.701
166.471 264.277 184.795 264.277 184.795 281.148 166.471 281.148
166.439 264.612 184.629 264.612 184.629 281.568 166.439 281.568
166.967 263.250 184.988 263.250 184.988 280.248 166.967 280.248
166.705 263.383 184.654 263.383 184.654 280.405 166.705 280.405
166.439 262.238 184.382 262.238 184.382 279.115 166.439 279.115
166.156 261.765 184.057 261.765 184.057 278.605 166.156 278.605
166.021 261.817 183.964 261.817 183.964 278.661 166.021 278.661
165.758 261.539 183.589 261.539 183.589 278.433 165.758 278.433
164.937 260.363 182.803 260.363 182.803 277.151 164.937 277.151
164.864 259.772 182.550 259.772 182.550 276.608 164.864 276.608
164.719 259.012 182.144 259.012 182.144 275.958 164.719 275.958
164.522 258.484 181.948 258.484 181.948 275.288 164.522 275.288
164.324 258.318 181.816 258.318 181.816 275.105 164.324 275.105
164.516 257.343 181.798 257.343 181.798 274.285 164.516 274.285
164.402 256.792 181.701 256.792 181.701 273.681 164.402 273.681
164.856 256.113 181.928 256.113 181.928 273.170 164.856 273.170
164.979 256.198 181.982 256.198 181.982 273.234 164.979 273.234
165.082 255.998 181.979 255.998 181.979 273.023 165.082 273.023
165.191 255.087 182.099 255.087 182.099 272.064 165.191 272.064
164.649 254.466 181.768 254.466 181.768 271.276 164.649 271.276
164.787 254.102 181.939 254.102 181.939 270.685 164.787 270.685
165.108 254.527 182.476 254.527 182.476 270.891 165.108 270.891
164.606 254.133 182.091 254.133 182.091 270.364 164.606 270.364
164.809 254.323 182.412 254.323 182.412 270.481 164.809 270.481
164.299 254.630 181.721 254.630 181.721 270.933 164.299 270.933
164.463 253.640 181.795 253.640 181.795 269.981 164.463 269.981
164.521 253.187 181.765 253.187 181.765 269.568 164.521 269.568
164.457 253.134 181.570 253.134 181.570 269.507 164.457 269.507
164.451 252.938 181.515 252.938 181.515 269.271 164.451 269.271
164.294 253.150 181.338 253.150 181.338 269.527 164.294 269.527
164.008 252.415 181.049 252.415 181.049 268.667 164.008 268.667
163.857 252.223 180.805 252.223 180.805 268.415 163.857 268.415
163.566 251.932 180.465 251.932 180.465 268.078 163.566 268.078
163.965 251.938 180.704 251.938 180.704 268.048 163.965 268.048
164.315 252.024 180.930 252.024 180.930 268.100 164.315 268.100
164.270 252.351 180.851 252.351 180.851 268.377 164.270 268.377
164.255 251.978 180.726 251.978 180.726 267.917 164.255 267.917
164.192 251.889 180.672 251.889 180.672 267.804 164.192 267.804
164.001 252.206 180.436 252.206 180.436 268.078 164.001 268.078
164.014 251.998 180.290 251.998 180.290 267.895 164.014 267.895
164.292 252.488 180.424 252.488 180.424 268.373 164.292 268.373
164.152 252.904 180.316 252.904 180.316 268.715 164.152 268.715
164.179 252.973 180.277 252.973 180.277 268.745 164.179 268.745
164.424 253.072 180.542 253.072 180.542 268.780 164.424 268.780
164.662 253.310 180.797 253.310 180.797 269.020 164.662 269.020
164.517 253.785 180.656 253.785 180.656 269.504 164.517 269.504
164.619 253.875 180.723 253.875 180.723 269.605 164.619 269.605
164.924 254.284 181.005 254.284 181.005 270.063 164.924 270.063
165.040 254.610 181.251 254.610 181.251 270.298 165.040 270.298
164.953 254.909 181.313 254.909 181.313 270.518 164.953 270.518
165.021 254.501 181.339 254.501 181.339 270.137 165.021 270.137
165.228 254.308 181.689 254.308 181.689 269.835 165.228 269.835
165.511 254.764 182.079 254.764 182.079 270.221 165.511 270.221
165.264 255.310 181.908 255.310 181.908 270.778 165.264 270.778
165.565 255.794 182.104 255.794 182.104 271.312 165.565 271.312
165.527 255.691 181.979 255.691 181.979 271.257 165.527 271.257
165.395 255.967 181.704 255.967 181.704 271.671 165.395 271.671
165.372 256.146 181.518 256.146 181.518 271.888 165.372 271.888
165.660 257.727 181.706 257.727 181.706 273.525 165.660 273.525
165.724 256.881 181.575 256.881 181.575 272.826 165.724 272.826
166.039 257.482 181.807 257.482 181.807 273.488 166.039 273.488
166.501 257.834 182.133 257.834 182.133 273.873 166.501 273.873
166.114 258.457 181.920 258.457 181.920 274.418 166.114 274.418
166.182 258.976 182.052 258.976 182.052 274.784 166.182 274.784
166.254 259.045 182.096 259.045 182.096 274.977 166.254 274.977
166.483 260.281 182.288 260.281 182.288 276.304 166.483 276.304
166.579 260.695 182.488 260.695 182.488 276.665 166.579 276.665
166.036 260.608 182.094 260.608 182.094 276.437 166.036 276.437
165.988 260.916 182.022 260.916 182.022 276.720 165.988 276.720
165.952 260.901 182.030 260.901 182.030 276.641 165.952 276.641
165.695 261.809 181.871 261.809 181.871 277.502 165.695 277.502
165.838 262.085 181.943 262.085 181.943 277.856 165.838 277.856
165.987 262.725 182.042 262.725 182.042 278.545 165.987 278.545
165.679 262.208 181.808 262.208 181.808 278.055 165.679 278.055
165.594 259.472 181.918 259.472 181.918 275.176 165.594 275.176
167.742 253.212 184.167 253.212 184.167 268.780 167.742 268.780
167.883 248.776 184.420 248.776 184.420 264.140 167.883 264.140
168.472 248.771 185.134 248.771 185.134 263.957 168.472 263.957
169.388 249.537 185.878 249.537 185.878 264.772 169.388 264.772
170.955 248.807 187.196 248.807 187.196 264.220 170.955 264.220
171.940 245.603 187.888 245.603 187.888 261.068 171.940 261.068
172.045 244.536 187.735 244.536 187.735 260.229 172.045 260.229
173.241 243.664 188.984 243.664 188.984 259.268 173.241 259.268
172.955 242.471 188.764 242.471 188.764 258.080 172.955 258.080
173.626 241.629 189.319 241.629 189.319 257.300 173.626 257.300
174.598 240.802 190.203 240.802 190.203 256.511 174.598 256.511
174.789 240.272 190.368 240.272 190.368 255.958 174.789 255.958
175.281 238.590 190.839 238.590 190.839 254.222 175.281 254.222
175.480 237.462 191.134 237.462 191.134 253.017 175.480 253.017
175.803 236.913 191.484 236.913 191.484 252.499 175.803 252.499
176.138 236.577 191.715 236.577 191.715 252.198 176.138 252.198
178.056 235.180 193.573 235.180 193.573 250.835 178.056 250.835
177.962 234.319 193.374 234.319 193.374 249.977 177.962 249.977
179.452 233.423 194.901 233.423 194.901 249.016 179.452 249.016
180.323 232.296 195.761 232.296 195.761 247.762 180.323 247.762
180.669 231.652 196.073 231.652 196.073 247.110 180.669 247.110
183.012 229.462 198.314 229.462 198.314 244.935 183.012 244.935
183.689 229.689 199.148 229.689 199.148 245.015 183.689 245.015
183.723 228.419 199.219 228.419 199.219 243.614 183.723 243.614
185.188 227.436 200.650 227.436 200.650 242.556 185.188 242.556
185.408 226.726 201.066 226.726 201.066 241.664 185.408 241.664
185.908 225.868 201.490 225.868 201.490 240.789 185.908 240.789
186.956 224.601 202.376 224.601 202.376 239.556 186.956 239.556
187.940 224.761 203.116 224.761 203.116 239.732 187.940 239.732
188.449 224.699 203.534 224.699 203.534 239.546 188.449 239.546
189.253 223.346 204.330 223.346 204.330 238.094 189.253 238.094
189.819 221.852 204.808 221.852 204.808 236.590 189.819 236.590
190.780 220.974 205.721 220.974 205.721 235.622 190.780 235.622
191.480 220.726 206.467 220.726 206.467 235.304 191.480 235.304
192.271 219.748 207.284 219.748 207.284 234.369 192.271 234.369
194.214 219.177 209.230 219.177 209.230 233.805 194.214 233.805
194.741 218.789 209.982 218.789 209.982 233.204 194.741 233.204
195.308 217.691 210.490 217.691 210.490 232.151 195.308 232.151
196.348 216.693 211.493 216.693 211.493 231.229 196.348 231.229
196.932 215.852 212.092 215.852 212.092 230.378 196.932 230.378
197.939 215.535 213.186 215.535 213.186 230.154 197.939 230.154
198.463 214.489 213.702 214.489 213.702 229.166 198.463 229.166
200.046 213.078 215.149 213.078 215.149 227.864 200.046 227.864
201.103 212.711 216.093 212.711 216.093 227.409 201.103 227.409
201.825 213.023 216.968 213.023 216.968 227.700 201.825 227.700
202.203 211.480 217.382 211.480 217.382 226.047 202.203 226.047
203.336 211.675 218.444 211.675 218.444 226.262 203.336 226.262
204.318 211.019 219.391 211.019 219.391 225.709 204.318 225.709
204.895 210.355 220.021 210.355 220.021 224.990 204.895 224.990
205.723 210.037 220.889 210.037 220.889 224.640 205.723 224.640
206.257 208.690 221.311 208.690 221.311 223.299 206.257 223.299
207.838 207.696 222.853 207.696 222.853 222.466 207.838 222.466
208.506 207.345 223.573 207.345 223.573 222.081 208.506 222.081
209.448 207.137 224.658 207.137 224.658 221.817 209.448 221.817
210.289 206.899 225.404 206.899 225.404 221.574 210.289 221.574
210.829 206.414 226.005 206.414 226.005 221.109 210.829 221.109
211.911 204.827 227.173 204.827 227.173 219.432 211.911 219.432
212.964 205.379 228.271 205.379 228.271 219.991 212.964 219.991
213.764 204.000 229.179 204.000 229.179 218.569 213.764 218.569
214.924 204.231 230.331 204.231 230.331 218.895 214.924 218.895
215.606 203.112 231.111 203.112 231.111 217.764 215.606 217.764
216.974 202.406 232.360 202.406 232.360 217.255 216.974 217.255
217.931 201.790 233.213 201.790 233.213 216.629 217.931 216.629
218.633 201.887 233.819 201.887 233.819 216.764 218.633 216.764
219.000 201.721 234.164 201.721 234.164 216.529 219.000 216.529
219.615 201.534 234.746 201.534 234.746 216.345 219.615 216.345
220.667 200.748 235.980 200.748 235.980 215.403 220.667 215.403
222.108 200.086 237.285 200.086 237.285 214.794 222.108 214.794
222.633 199.699 237.827 199.699 237.827 214.314 222.633 214.314
224.061 199.398 239.333 199.398 239.333 214.080 224.061 214.080
224.346 198.597 239.501 198.597 239.501 213.399 224.346 213.399
224.898 198.269 239.965 198.269 239.965 213.079 224.898 213.079
226.438 197.381 241.531 197.381 241.531 212.195 226.438 212.195
227.608 197.193 242.724 197.193 242.724 212.006 227.608 212.006
228.650 196.980 243.830 196.980 243.830 211.759 228.650 211.759
229.317 197.443 244.531 197.443 244.531 212.115 229.317 212.115
229.660 196.587 244.705 196.587 244.705 211.439 229.660 211.439
230.680 196.211 245.684 196.211 245.684 211.022 230.680 211.022
231.501 195.482 246.369 195.482 246.369 210.280 231.501 210.280
232.400 195.154 247.421 195.154 247.421 209.872 232.400 209.872
232.988 195.132 248.073 195.132 248.073 209.790 232.988 209.790
234.130 195.263 249.270 195.263 249.270 209.833 234.130 209.833
235.396 195.098 250.586 195.098 250.586 209.626 235.396 209.626
236.146 193.693 251.209 193.693 251.209 208.250 236.146 208.250
237.026 193.362 252.188 193.362 252.188 207.911 237.026 207.911
237.820 192.970 252.934 192.970 252.934 207.505 237.820 207.505
239.245 192.498 254.181 192.498 254.181 207.102 239.245 207.102
240.511 192.748 255.362 192.748 255.362 207.436 240.511 207.436
241.863 191.938 256.682 191.938 256.682 206.619 241.863 206.619
241.933 191.891 256.958 191.891 256.958 206.419 241.933 206.419
242.900 191.608 257.878 191.608 257.878 206.148 242.900 206.148
243.619 191.456 258.544 191.456 258.544 206.082 243.619 206.082
244.146 191.544 259.076 191.544 259.076 206.144 244.146 206.144
245.019 191.137 260.021 191.137 260.021 205.660 245.019 205.660
246.248 191.028 261.200 191.028 261.200 205.576 246.248 205.576
247.374 190.439 262.256 190.439 262.256 205.029 247.374 205.029
249.313 190.436 264.173 190.436 264.173 205.050 249.313 205.050
249.866 190.588 264.720 190.588 264.720 205.232 249.866 205.232
250.175 190.518 264.960 190.518 264.960 205.107 250.175 205.107
250.940 189.755 265.613 189.755 265.613 204.436 250.940 204.436
252.946 189.078 267.475 189.078 267.475 203.773 252.946 203.773
253.561 188.566 268.047 188.566 268.047 203.356 253.561 203.356
254.357 188.226 268.695 188.226 268.695 203.074 254.357 203.074
255.252 188.169 269.588 188.169 269.588 202.969 255.252 202.969
257.083 188.411 271.509 188.411 271.509 203.242 257.083 203.242
258.859 188.626 273.253 188.626 273.253 203.393 258.859 203.393
260.808 188.771 275.337 188.771 275.337 203.432 260.808 203.432
262.988 188.552 277.587 188.552 277.587 203.115 262.988 203.115
263.062 188.507 277.819 188.507 277.819 202.929 263.062 202.929
263.165 189.769 278.022 189.769 278.022 204.080 263.165 204.080
263.370 187.597 278.245 187.597 278.245 201.836 263.370 201.836
263.692 186.921 278.495 186.921 278.495 201.175 263.692 201.175
265.356 184.553 280.190 184.553 280.190 198.759 265.356 198.759
267.201 185.730 282.044 185.730 282.044 199.930 267.201 199.930
269.095 189.172 283.861 189.172 283.861 203.439 269.095 203.439
267.179 186.728 281.918 186.728 281.918 201.042 267.179 201.042
268.884 186.258 283.655 186.258 283.655 200.555 268.884 200.555
272.533 185.559 287.364 185.559 287.364 199.837 272.533 199.837
272.404 184.691 287.250 184.691 287.250 198.959 272.404 198.959
272.722 184.026 287.570 184.026 287.570 198.295 272.722 198.295
271.013 184.003 285.845 184.003 285.845 198.259 271.013 198.259
272.872 183.845 287.727 183.845 287.727 198.143 272.872 198.143
272.689 183.373 287.621 183.373 287.621 197.636 272.689 197.636
270.818 183.061 285.948 183.061 285.948 197.314 270.818 197.314
270.962 182.531 286.087 182.531 286.087 196.858 270.962 196.858
270.903 183.761 286.093 183.761 286.093 198.101 270.903 198.101
270.601 183.354 285.836 183.354 285.836 197.720 270.601 197.720
270.689 183.129 285.903 183.129 285.903 197.551 270.689 197.551
270.798 182.742 286.060 182.742 286.060 197.133 270.798 197.133
270.585 182.098 285.974 182.098 285.974 196.554 270.585 196.554
270.276 181.355 285.742 181.355 285.742 195.819 270.276 195.819
268.361 179.235 283.723 179.235 283.723 193.785 268.361 193.785
270.061 178.873 285.345 178.873 285.345 193.381 270.061 193.381
269.993 176.480 285.329 176.480 285.329 190.991 269.993 190.991
267.751 175.980 283.146 175.980 283.146 190.537 267.751 190.537
267.668 177.527 283.017 177.527 283.017 192.212 267.668 192.212
267.559 177.148 282.828 177.148 282.828 191.988 267.559 191.988
269.377 176.401 284.619 176.401 284.619 191.425 269.377 191.425
269.203 175.705 284.434 175.705 284.434 190.667 269.203 190.667
267.189 175.055 282.392 175.055 282.392 189.971 267.189 189.971
265.753 175.238 280.841 175.238 280.841 190.267 265.753 190.267
267.638 174.841 282.648 174.841 282.648 189.899 267.638 189.899
269.526 174.683 284.572 174.683 284.572 189.722 269.526 189.722
268.951 174.449 284.234 174.449 284.234 189.355 268.951 189.355
266.684 174.143 282.044 174.143 282.044 188.966 266.684 188.966
266.135 174.256 281.691 174.256 281.691 189.010 266.135 189.010
265.676 174.537 281.392 174.537 281.392 189.297 265.676 189.297
265.335 174.625 281.001 174.625 281.001 189.444 265.335 189.444
264.835 172.442 280.483 172.442 280.483 187.354 264.835 187.354
264.232 172.161 279.903 172.161 279.903 187.200 264.232 187.200
264.253 171.596 279.722 171.596 279.722 186.664 264.253 186.664
264.079 171.074 279.399 171.074 279.399 186.194 264.079 186.194
263.798 170.838 279.040 170.838 279.040 185.949 263.798 185.949
262.028 169.865 277.027 169.865 277.027 185.207 262.028 185.207
262.040 169.405 276.939 169.405 276.939 184.866 262.040 184.866
261.979 168.951 276.968 168.951 276.968 184.342 261.979 184.342
262.068 168.217 277.133 168.217 277.133 183.593 262.068 183.593
261.881 169.500 276.947 169.500 276.947 184.890 261.881 184.890
259.956 167.395 275.063 167.395 275.063 182.687 259.956 182.687
259.722 168.364 274.831 168.364 274.831 183.551 259.722 183.551
259.759 168.204 274.790 168.204 274.790 183.334 259.759 183.334
259.837 167.639 274.819 167.639 274.819 182.722 259.837 182.722
259.769 167.585 274.710 167.585 274.710 182.572 259.769 182.572
259.707 167.755 274.699 167.755 274.699 182.720 259.707 182.720
259.678 167.569 274.593 167.569 274.593 182.544 259.678 182.544
259.563 167.472 274.404 167.472 274.404 182.539 259.563 182.539
259.421 167.428 274.322 167.428 274.322 182.438 259.421 182.438
258.948 166.464 273.988 166.464 273.988 181.410 258.948 181.410
258.519 165.908 273.732 165.908 273.732 180.721 258.519 180.721
257.734 166.156 273.011 166.156 273.011 180.866 257.734 180.866
257.189 165.950 272.535 165.950 272.535 180.614 257.189 180.614
256.831 166.133 272.007 166.133 272.007 180.937 256.831 180.937
256.730 165.012 271.681 165.012 271.681 179.907 256.730 179.907
256.329 165.309 271.159 165.309 271.159 180.196 256.329 180.196
256.102 165.333 270.877 165.333 270.877 180.195 256.102 180.195
255.131 165.269 269.937 165.269 269.937 180.048 255.131 180.048
254.516 164.941 269.371 164.941 269.371 179.565 254.516 179.565
254.484 164.916 269.257 164.916 269.257 179.473 254.484 179.473
253.729 164.682 268.475 164.682 268.475 179.082 253.729 179.082
253.263 164.483 267.947 164.483 267.947 178.812 253.263 178.812
252.923 164.135 267.401 164.135 267.401 178.553 252.923 178.553
253.097 163.959 267.466 163.959 267.466 178.344 253.097 178.344
252.874 163.831 267.326 163.831 267.326 178.256 252.874 178.256
250.895 163.874 265.495 163.874 265.495 178.170 250.895 178.170
251.032 163.586 265.669 163.586 265.669 177.865 251.032 177.865
250.690 162.863 265.499 162.863 265.499 177.063 250.690 177.063
250.032 162.572 265.034 162.572 265.034 176.710 250.032 176.710
249.651 162.201 264.665 162.201 264.665 176.365 249.651 176.365
249.056 163.700 264.035 163.700 264.035 177.842 249.056 177.842
248.495 163.519 263.305 163.519 263.305 177.724 248.495 177.724
248.196 163.491 262.910 163.491 262.910 177.732 248.196 177.732
247.309 162.228 261.765 162.228 261.765 176.664 247.309 176.664
247.138 161.886 261.525 161.886 261.525 176.341 247.138 176.341
246.903 161.669 261.424 161.669 261.424 176.118 246.903 176.118
246.787 161.449 261.428 161.449 261.428 175.868 246.787 175.868
246.570 161.093 261.159 161.093 261.159 175.582 246.570 175.582
246.338 161.483 261.111 161.483 261.111 175.863 246.338 175.863
245.918 160.790 260.759 160.790 260.759 175.077 245.918 175.077
245.681 160.950 260.648 160.950 260.648 175.177 245.681 175.177
245.509 160.667 260.468 160.667 260.468 174.876 245.509 174.876
245.473 160.657 260.443 160.657 260.443 174.868 245.473 174.868
245.375 160.353 260.326 160.353 260.326 174.568 245.375 174.568
245.225 160.033 260.282 160.033 260.282 174.286 245.225 174.286
245.379 159.732 260.214 159.732 260.214 174.166 245.379 174.166
243.604 160.496 258.346 160.496 258.346 174.983 243.604 174.983
243.445 159.885 258.116 159.885 258.116 174.438 243.445 174.438
243.084 160.859 257.655 160.859 257.655 175.349 243.084 175.349
243.186 160.801 257.845 160.801 257.845 175.163 243.186 175.163
243.253 160.237 257.808 160.237 257.808 174.662 243.253 174.662
243.338 160.494 257.929 160.494 257.929 174.771 243.338 174.771
243.537 160.360 258.071 160.360 258.071 174.542 243.537 174.542
243.179 159.876 257.737 159.876 257.737 173.957 243.179 173.957
243.211 159.802 257.826 159.802 257.826 173.802 243.211 173.802
243.200 159.567 257.940 159.567 257.940 173.387 243.200 173.387
245.187 159.157 259.883 159.157 259.883 172.992 245.187 172.992
245.417 159.405 260.129 159.405 260.129 173.225 245.417 173.225
245.466 158.230 260.239 158.230 260.239 172.016 245.466 172.016
247.339 155.980 262.101 155.980 262.101 169.826 247.339 169.826
247.258 156.707 261.848 156.707 261.848 170.730 247.258 170.730
248.883 157.437 263.448 157.437 263.448 171.495 248.883 171.495
248.587 158.225 263.194 158.225 263.194 172.267 248.587 172.267
248.828 155.909 263.554 155.909 263.554 169.913 248.828 169.913
248.637 155.182 263.508 155.182 263.508 169.165 248.637 169.165
248.544 156.111 263.436 156.111 263.436 170.138 248.544 170.138
248.483 156.849 263.394 156.849 263.394 170.886 248.483 170.886
248.588 154.490 263.485 154.490 263.485 168.537 248.588 168.537
246.981 154.052 261.878 154.052 261.878 168.068 246.981 168.068
246.966 155.253 261.912 155.253 261.912 169.265 246.966 169.265
246.709 154.252 261.694 154.252 261.694 168.267 246.709 168.267
246.645 153.997 261.716 153.997 261.716 168.023 246.645 168.023
248.470 154.734 263.468 154.734 263.468 168.902 248.470 168.902
246.952 155.476 262.019 155.476 262.019 169.631 246.952 169.631
247.152 154.531 262.177 154.531 262.177 168.821 247.152 168.821
247.219 155.052 262.200 155.052 262.200 169.431 247.219 169.431
247.278 152.315 262.228 152.315 262.228 166.763 247.278 166.763
247.112 153.343 262.047 153.343 262.047 167.830 247.112 167.830
246.914 152.808 261.981 152.808 261.981 167.232 246.914 167.232
244.904 152.027 259.954 152.027 259.954 166.408 244.904 166.408
244.449 151.149 259.455 151.149 259.455 165.620 244.449 165.620
242.630 149.115 257.653 149.115 257.653 163.602 242.630 163.602
240.695 145.555 255.724 145.555 255.724 160.050 240.695 160.050
242.584 147.545 257.583 147.545 257.583 162.063 242.584 162.063
242.572 147.638 257.571 147.638 257.571 162.154 242.572 162.154
242.577 147.481 257.572 147.481 257.572 161.999 242.577 161.999
235.145 150.395 250.227 150.395 250.227 164.815 235.145 164.815
234.976 149.894 250.097 149.894 250.097 164.302 234.976 164.302
234.545 149.405 249.621 149.405 249.621 163.847 234.545 163.847
232.677 148.948 247.701 148.948 247.701 163.449 232.677 163.449
231.196 142.678 246.217 142.678 246.217 157.235 231.196 157.235
229.591 136.872 244.511 136.872 244.511 151.555 229.591 151.555
227.641 136.727 242.463 136.727 242.463 151.502 227.641 151.502
227.713 136.745 242.545 136.745 242.545 151.527 227.713 151.527
225.861 136.659 240.668 136.659 240.668 151.505 225.861 151.505
227.760 136.594 242.558 136.594 242.558 151.486 227.760 151.486
225.953 136.632 240.725 136.632 240.725 151.594 225.953 151.594
225.981 136.372 240.814 136.372 240.814 151.340 225.981 151.340
224.184 136.240 239.065 136.240 239.065 151.196 224.184 151.196
224.251 137.699 239.171 137.699 239.171 152.723 224.251 152.723
224.353 139.508 239.294 139.508 239.294 154.517 224.353 154.517
222.502 143.186 237.430 143.186 237.430 158.199 222.502 158.199
220.457 144.698 235.382 144.698 235.382 159.716 220.457 159.716
217.021 138.500 231.950 138.500 231.950 153.513 217.021 153.513
217.228 136.165 232.149 136.165 232.149 151.182 217.228 151.182
215.131 142.750 230.021 142.750 230.021 157.697 215.131 157.697
214.444 144.085 229.581 144.085 229.581 158.857 214.444 158.857
212.835 143.605 227.993 143.605 227.993 158.290 212.835 158.290
212.479 143.339 227.678 143.339 227.678 158.007 212.479 158.007
210.938 142.547 226.179 142.547 226.179 157.193 210.938 157.193
211.147 141.857 226.380 141.857 226.380 156.508 211.147 156.508
209.678 141.692 224.818 141.692 224.818 156.454 209.678 156.454
211.191 143.079 226.465 143.079 226.465 157.814 211.191 157.814
210.988 142.652 226.248 142.652 226.248 157.420 210.988 157.420
210.942 142.415 226.114 142.415 226.114 157.225 210.942 157.225
209.224 140.347 224.380 140.347 224.380 155.199 209.224 155.199
209.356 138.382 224.542 138.382 224.542 153.227 209.356 153.227
207.454 136.449 222.626 136.449 222.626 151.404 207.454 151.404
207.166 138.772 222.522 138.772 222.522 153.588 207.166 153.588
209.059 140.165 224.444 140.165 224.444 154.944 209.059 154.944
209.043 139.642 224.565 139.642 224.565 154.426 209.043 154.426
207.207 138.876 222.675 138.876 222.675 153.646 207.207 153.646
207.289 138.266 222.835 138.266 222.835 153.076 207.289 153.076
205.631 137.845 221.031 137.845 221.031 152.831 205.631 152.831
205.372 137.585 220.842 137.585 220.842 152.554 205.372 152.554
203.457 137.389 218.878 137.389 218.878 152.421 203.457 152.421
201.500 136.970 217.088 136.970 217.088 151.894 201.500 151.894
203.342 138.151 219.173 138.151 219.173 152.929 203.342 152.929
205.353 137.662 221.097 137.662 221.097 152.545 205.353 152.545
205.181 137.366 220.866 137.366 220.866 152.303 205.181 152.303
202.574 138.425 218.434 138.425 218.434 153.322 202.574 153.322
204.218 137.337 220.003 137.337 220.003 152.385 204.218 152.385
204.253 136.796 219.941 136.796 219.941 151.986 204.253 151.986
204.021 136.347 219.708 136.347 219.708 151.567 204.021 151.567
203.629 135.911 219.481 135.911 219.481 150.971 203.629 150.971
201.728 133.686 217.627 133.686 217.627 148.731 201.728 148.731
201.556 135.282 217.558 135.282 217.558 150.263 201.556 150.263
201.283 134.865 217.311 134.865 217.311 149.789 201.283 149.789
202.895 135.934 218.979 135.934 218.979 150.776 202.895 150.776
200.489 135.513 216.647 135.513 216.647 150.295 200.489 150.295
198.367 134.828 214.504 134.828 214.504 149.674 198.367 149.674
198.034 134.494 214.141 134.494 214.141 149.375 198.034 149.375
194.498 133.705 210.548 133.705 210.548 148.611 194.498 148.611
194.529 134.887 210.565 134.887 210.565 149.784 194.529 149.784
192.746 134.144 208.754 134.144 208.754 149.019 192.746 149.019
193.049 133.485 208.975 133.485 208.975 148.399 193.049 148.399
193.220 134.615 209.054 134.615 209.054 149.510 193.220 149.510
193.270 135.431 209.030 135.431 209.030 150.322 193.270 150.322
193.172 134.921 208.871 134.921 208.871 149.826 193.172 149.826
191.570 133.668 207.253 133.668 207.253 148.557 191.570 148.557
191.637 134.680 207.306 134.680 207.306 149.596 191.637 149.596
191.859 133.559 207.460 133.559 207.460 148.473 191.859 148.473
191.763 133.307 207.428 133.307 207.428 148.221 191.763 148.221
191.633 133.513 207.280 133.513 207.280 148.434 191.633 148.434
190.985 134.511 206.790 134.511 206.790 149.410 190.985 149.410
190.611 134.018 206.501 134.018 206.501 148.912 190.611 148.912
186.917 133.539 202.773 133.539 202.773 148.379 186.917 148.379
190.502 134.633 206.401 134.633 206.401 149.520 190.502 149.520
190.194 134.260 206.243 134.260 206.243 149.063 190.194 149.063
189.944 133.585 206.090 133.585 206.090 148.374 189.944 148.374
189.828 134.690 205.978 134.690 205.978 149.529 189.828 149.529
189.410 134.029 205.649 134.029 205.649 148.835 189.410 148.835
188.706 133.563 205.179 133.563 205.179 148.293 188.706 148.293
188.562 133.392 205.055 133.392 205.055 148.154 188.562 148.154
190.280 134.935 206.761 134.935 206.761 149.761 190.280 149.761
189.855 134.453 206.434 134.453 206.434 149.268 189.855 149.268
187.597 134.305 204.198 134.305 204.198 149.136 187.597 149.136
187.679 133.746 204.415 133.746 204.415 148.563 187.679 148.563
185.923 133.045 202.569 133.045 202.569 147.935 185.923 147.935
185.950 132.764 202.586 132.764 202.586 147.657 185.950 147.657
187.906 134.231 204.446 134.231 204.446 149.218 187.906 149.218
187.721 133.704 204.240 133.704 204.240 148.737 187.721 148.737
185.945 133.035 202.451 133.035 202.451 148.076 185.945 148.076
185.977 132.743 202.487 132.743 202.487 147.785 185.977 147.785
186.065 132.638 202.596 132.638 202.596 147.659 186.065 147.659
185.947 132.427 202.502 132.427 202.502 147.579 185.947 147.579
186.209 132.329 202.736 132.329 202.736 147.557 186.209 147.557
186.417 133.700 202.937 133.700 202.937 148.998 186.417 148.998
186.412 133.131 202.954 133.131 202.954 148.463 186.412 148.463
189.957 134.559 206.583 134.559 206.583 149.826 189.957 149.826
189.484 133.908 206.160 133.908 206.160 149.146 189.484 149.146
188.890 133.734 205.695 133.734 205.695 148.990 188.890 148.990
188.720 133.487 205.594 133.487 205.594 148.833 188.720 148.833
188.516 132.979 205.439 132.979 205.439 148.391 188.516 148.391
190.064 134.555 207.000 134.555 207.000 149.981 190.064 149.981
189.801 132.159 206.609 132.159 206.609 147.705 189.801 147.705
187.264 133.746 204.287 133.746 204.287 149.140 187.264 149.140
189.193 133.222 206.166 133.222 206.166 148.653 189.193 148.653
188.847 134.513 205.952 134.513 205.952 149.980 188.847 149.980
188.549 133.840 205.678 133.840 205.678 149.290 188.549 149.290
188.275 133.392 205.433 133.392 205.433 148.838 188.275 148.838
187.983 133.282 205.138 133.282 205.138 148.832 187.983 148.832
187.819 132.930 205.042 132.930 205.042 148.487 187.819 148.487
189.477 134.264 206.757 134.264 206.757 149.783 189.477 149.783
188.987 133.632 206.242 133.632 206.242 149.196 188.987 149.196
186.564 133.234 203.883 133.234 203.883 148.791 186.564 148.791
186.562 132.760 203.928 132.760 203.928 148.307 186.562 148.307
186.554 133.658 203.981 133.658 203.981 149.290 186.554 149.290
186.375 132.662 203.830 132.662 203.830 148.337 186.375 148.337
188.308 132.237 205.703 132.237 205.703 148.026 188.308 148.026
186.234 133.300 203.666 133.300 203.666 149.117 186.234 149.117
186.298 130.861 203.599 130.861 203.599 146.801 186.298 146.801
186.320 132.539 203.501 132.539 203.501 148.574 186.320 148.574
186.264 132.108 203.423 132.108 203.423 148.156 186.264 148.156
186.366 131.538 203.452 131.538 203.452 147.636 186.366 147.636
186.295 132.978 203.435 132.978 203.435 149.012 186.295 149.012
186.242 132.445 203.286 132.445 203.286 148.497 186.242 148.497
186.282 131.968 203.287 131.968 203.287 148.046 186.282 148.046
185.912 129.843 202.923 129.843 202.923 145.888 185.912 145.888
185.613 129.803 202.603 129.803 202.603 145.845 185.613 145.845
183.491 129.713 200.435 129.713 200.435 145.774 183.491 145.774
181.545 129.461 198.459 129.461 198.459 145.522 181.545 145.522
187.792 130.944 204.597 130.944 204.597 147.086 187.792 147.086
187.799 130.309 204.516 130.309 204.516 146.493 187.799 146.493
187.690 130.084 204.354 130.084 204.354 146.323 187.690 146.323
187.719 131.387 204.318 131.387 204.318 147.617 187.719 147.617
187.573 130.720 204.067 130.720 204.067 146.992 187.573 146.992
187.477 130.367 203.936 130.367 203.936 146.578 187.477 146.578
187.539 131.742 203.902 131.742 203.902 147.888 187.539 147.888
187.581 131.125 203.900 131.125 203.900 147.246 187.581 147.246
187.113 130.861 203.441 130.861 203.441 146.904 187.113 146.904
186.403 132.411 202.735 132.411 202.735 148.376 186.403 148.376
184.174 129.930 200.484 129.930 200.484 145.830 184.174 145.830
181.865 129.573 198.180 129.573 198.180 145.320 181.865 145.320
181.649 129.071 197.956 129.071 197.956 144.803 181.649 144.803
175.338 130.719 191.518 130.719 191.518 146.337 175.338 146.337
170.653 130.362 186.906 130.362 186.906 145.759 170.653 145.759
168.323 129.610 184.661 129.610 184.661 145.001 168.323 145.001
166.389 130.703 182.711 130.703 182.711 146.072 166.389 146.072
166.353 130.065 182.419 130.065 182.419 145.518 166.353 145.518
163.971 131.268 179.892 131.268 179.892 146.733 163.971 146.733
163.938 130.510 179.662 130.510 179.662 145.959 163.938 145.959
161.645 130.223 177.369 130.223 177.369 145.637 161.645 145.637
161.409 131.417 177.157 131.417 177.157 146.719 161.409 146.719
159.206 130.445 174.917 130.445 174.917 145.729 159.206 145.729
157.018 128.293 172.704 128.293 172.704 143.609 157.018 143.609
157.017 129.826 172.660 129.826 172.660 145.143 157.017 145.143
156.544 129.838 172.249 129.838 172.249 145.180 156.544 145.180
156.222 129.716 171.767 129.716 171.767 145.216 156.222 145.216
155.677 131.365 171.187 131.365 171.187 146.887 155.677 146.887
155.191 131.413 170.765 131.413 170.765 146.850 155.191 146.850
154.677 130.900 170.246 130.900 170.246 146.252 154.677 146.252
152.414 131.370 168.076 131.370 168.076 146.559 152.414 146.559
152.159 133.418 167.852 133.418 167.852 148.463 152.159 148.463
151.755 133.269 167.528 133.269 167.528 148.208 151.755 148.208
151.681 133.026 167.591 133.026 167.591 147.851 151.681 147.851
151.662 133.396 167.557 133.396 167.557 148.086 151.662 148.086
151.239 133.382 167.215 133.382 167.215 147.901 151.239 147.901
150.988 133.471 166.834 133.471 166.834 147.988 150.988 147.988
150.576 133.162 166.492 133.162 166.492 147.599 150.576 147.599
150.588 133.267 166.510 133.267 166.510 147.661 150.588 147.661
150.169 133.662 166.113 133.662 166.113 147.949 150.169 147.949
150.036 133.841 165.895 133.841 165.895 148.065 150.036 148.065
150.056 133.977 165.917 133.977 165.917 148.035 150.056 148.035
150.020 133.881 165.795 133.881 165.795 147.917 150.020 147.917
149.895 133.746 165.644 133.746 165.644 147.748 149.895 147.748
149.744 134.868 165.642 134.868 165.642 148.712 149.744 148.712
149.049 134.709 164.925 134.709 164.925 148.631 149.049 148.631
148.729 135.268 164.473 135.268 164.473 149.238 148.729 149.238
148.602 134.705 164.318 134.705 164.318 148.607 148.602 148.607
148.464 134.512 164.107 134.512 164.107 148.321 148.464 148.321
148.338 134.386 163.986 134.386 163.986 148.161 148.338 148.161
147.917 133.985 163.629 133.985 163.629 147.699 147.917 147.699
148.407 134.439 164.130 134.439 164.130 148.228 148.407 148.228
148.321 134.614 164.130 134.614 164.130 148.373 148.321 148.373
148.070 134.236 163.868 134.236 163.868 148.009 148.070 148.009
148.237 133.601 163.928 133.601 163.928 147.373 148.237 147.373
146.852 134.165 162.593 134.165 162.593 147.946 146.852 147.946
147.484 133.944 163.130 133.944 163.130 147.799 147.484 147.799
147.649 135.168 163.293 135.168 163.293 148.998 147.649 148.998
147.501 134.906 163.249 134.906 163.249 148.673 147.501 148.673
147.624 134.728 163.402 134.728 163.402 148.447 147.624 148.447
147.881 134.195 163.519 134.195 163.519 147.939 147.881 147.939
148.022 134.372 163.559 134.372 163.559 148.144 148.022 148.144
147.717 133.981 163.309 133.981 163.309 147.734 147.717 147.734
147.807 134.594 163.412 134.594 163.412 148.303 147.807 148.303
147.746 135.048 163.365 135.048 163.365 148.838 147.746 148.838
147.465 135.008 163.056 135.008 163.056 148.739 147.465 148.739
145.570 134.643 161.057 134.643 161.057 148.295 145.570 148.295
146.095 134.524 161.511 134.524 161.511 148.251 146.095 148.251
146.193 135.016 161.475 135.016 161.475 148.794 146.193 148.794
146.121 135.120 161.370 135.120 161.370 148.876 146.121 148.876
146.142 135.460 161.352 135.460 161.352 149.221 146.142 149.221
146.292 135.776 161.507 135.776 161.507 149.514 146.292 149.514
146.005 134.709 161.222 134.709 161.222 148.406 146.005 148.406
145.903 135.133 161.015 135.133 161.015 148.808 145.903 148.808
145.588 134.887 160.718 134.887 160.718 148.592 145.588 148.592
145.817 135.419 160.723 135.419 160.723 149.208 145.817 149.208
145.646 135.603 160.448 135.603 160.448 149.384 145.646 149.384
145.294 135.614 160.052 135.614 160.052 149.361 145.294 149.361
144.944 135.060 159.580 135.060 159.580 148.820 144.944 148.820
144.801 135.073 159.254 135.073 159.254 148.812 144.801 148.812
144.890 134.950 159.158 134.950 159.158 148.704 144.890 148.704
144.954 135.208 159.090 135.208 159.090 148.986 144.954 148.986
145.005 136.018 159.078 136.018 159.078 149.831 145.005 149.831
144.966 135.719 159.029 135.719 159.029 149.456 144.966 149.456
144.894 135.844 158.927 135.844 158.927 149.490 144.894 149.490
144.944 136.063 158.921 136.063 158.921 149.655 144.944 149.655
144.673 136.297 158.719 136.297 158.719 149.803 144.673 149.803
144.976 136.213 158.786 136.213 158.786 149.726 144.976 149.726
144.991 136.494 158.825 136.494 158.825 149.928 144.991 149.928
145.140 136.572 158.917 136.572 158.917 149.976 145.140 149.976
145.204 136.490 159.107 136.490 159.107 149.752 145.204 149.752
145.273 135.961 159.112 135.961 159.112 149.223 145.273 149.223
145.286 135.843 159.183 135.843 159.183 149.017 145.286 149.017
145.492 136.249 159.292 136.249 159.292 149.365 145.492 149.365
145.225 135.936 159.122 135.936 159.122 149.053 145.225 149.053
145.424 136.914 159.214 136.914 159.214 149.999 145.424 149.999
145.191 136.495 158.963 136.495 158.963 149.498 145.191 149.498
144.942 135.835 158.771 135.835 158.771 148.892 144.942 148.892
144.885 136.071 158.555 136.071 158.555 149.146 144.885 149.146
145.091 136.148 158.698 136.148 158.698 149.245 145.091 149.245
145.082 136.607 158.662 136.607 158.662 149.692 145.082 149.692
145.046 136.287 158.551 136.287 158.551 149.347 145.046 149.347
144.928 136.754 158.464 136.754 158.464 149.797 144.928 149.797
144.780 136.405 158.368 136.405 158.368 149.394 144.780 149.394
144.233 136.244 157.794 136.244 157.794 149.130 144.233 149.130
144.203 136.551 157.723 136.551 157.723 149.508 144.203 149.508
144.072 136.853 157.563 136.853 157.563 149.699 144.072 149.699
143.952 137.292 157.401 137.292 157.401 150.149 143.952 150.149
143.387 136.799 156.889 136.799 156.889 149.557 143.387 149.557
143.670 137.213 157.179 137.213 157.179 149.938 143.670 149.938
143.918 136.343 157.316 136.343 157.316 149.123 143.918 149.123
143.389 136.879 156.867 136.879 156.867 149.574 143.389 149.574
143.699 137.729 157.262 137.729 157.262 150.409 143.699 150.409
144.165 137.664 157.735 137.664 157.735 150.356 144.165 150.356
143.895 137.789 157.481 137.789 157.481 150.474 143.895 150.474
143.476 137.455 157.031 137.455 157.031 150.153 143.476 150.153
143.913 137.460 157.405 137.460 157.405 150.201 143.913 150.201
143.676 137.264 157.186 137.264 157.186 149.991 143.676 149.991
143.907 137.248 157.474 137.248 157.474 149.881 143.907 149.881
143.604 137.353 157.187 137.353 157.187 149.891 143.604 149.891
143.614 137.735 157.205 137.735 157.205 150.124 143.614 150.124
144.083 137.754 157.750 137.754 157.750 150.128 144.083 150.128
144.502 137.992 158.183 137.992 158.183 150.357 144.502 150.357
144.665 137.977 158.377 137.977 158.377 150.322 144.665 150.322
145.049 137.665 158.769 137.665 158.769 149.987 145.049 149.987
145.621 137.110 159.272 137.110 159.272 149.503 145.621 149.503
146.471 136.381 159.953 136.381 159.953 148.730 146.471 148.730
146.716 136.924 160.199 136.924 160.199 149.187 146.716 149.187
147.128 136.937 160.542 136.937 160.542 149.113 147.128 149.113
147.403 137.276 160.691 137.276 160.691 149.381 147.403 149.381
147.789 137.546 160.987 137.546 160.987 149.601 147.789 149.601
148.071 137.230 161.291 137.230 161.291 149.195 148.071 149.195
148.195 137.335 161.324 137.335 161.324 149.342 148.195 149.342
148.294 136.844 161.296 136.844 161.296 148.836 148.294 148.836
148.679 136.514 161.679 136.514 161.679 148.455 148.679 148.455
148.409 136.909 161.451 136.909 161.451 148.753 148.409 148.753
148.764 138.066 161.690 138.066 161.690 149.899 148.764 149.899
148.772 137.678 161.646 137.678 161.646 149.372 148.772 149.372
149.052 137.424 161.867 137.424 161.867 149.203 149.052 149.203
149.023 137.053 161.930 137.053 161.930 148.780 149.023 148.780
148.924 137.080 161.845 137.080 161.845 148.703 148.924 148.703
149.051 137.295 161.941 137.295 161.941 148.899 149.051 148.899
149.136 137.863 162.009 137.863 162.009 149.427 149.136 149.427
148.929 137.687 161.771 137.687 161.771 149.287 148.929 149.287
149.319 137.807 162.269 137.807 162.269 149.389 149.319 149.389
149.236 137.703 162.167 137.703 162.167 149.344 149.236 149.344
149.311 137.409 162.312 137.409 162.312 149.069 149.311 149.069
149.171 137.085 162.226 137.085 162.226 148.757 149.171 148.757
149.538 137.672 162.548 137.672 162.548 149.303 149.538 149.303
149.761 138.068 162.794 138.068 162.794 149.741 149.761 149.741
149.502 137.605 162.465 137.605 162.465 149.264 149.502 149.264
149.429 137.381 162.430 137.381 162.430 149.011 149.429 149.011
149.042 137.161 162.009 137.161 162.009 148.716 149.042 148.716
149.543 137.484 162.360 137.484 162.360 149.139 149.543 149.139
149.641 138.133 162.489 138.133 162.489 149.737 149.641 149.737
149.757 138.107 162.660 138.107 162.660 149.689 149.757 149.689
150.005 137.967 162.910 137.967 162.910 149.523 150.005 149.523
149.654 137.242 162.514 137.242 162.514 148.839 149.654 148.839
149.631 137.236 162.616 137.236 162.616 148.749 149.631 148.749
149.459 137.726 162.416 137.726 162.416 149.228 149.459 149.228
149.518 137.384 162.562 137.384 162.562 148.934 149.518 148.934
149.905 138.178 162.857 138.178 162.857 149.784 149.905 149.784
149.823 138.554 162.823 138.554 162.823 150.123 149.823 150.123
149.730 137.855 162.761 137.855 162.761 149.450 149.730 149.450
149.179 137.108 162.241 137.108 162.241 148.715 149.179 148.715
149.503 137.264 162.469 137.264 162.469 148.854 149.503 148.854
149.568 137.342 162.536 137.342 162.536 148.883 149.568 148.883
149.818 137.855 162.750 137.855 162.750 149.390 149.818 149.390
150.031 137.923 162.997 137.923 162.997 149.375 150.031 149.375
149.874 137.679 162.904 137.679 162.904 149.107 149.874 149.107
149.995 137.634 163.112 137.634 163.112 148.975 149.995 148.975
150.013 137.620 163.122 137.620 163.122 148.964 150.013 148.964
149.756 137.424 162.793 137.424 162.793 148.769 149.756 148.769
150.378 138.051 163.297 138.051 163.297 149.448 150.378 149.448
150.076 137.753 163.026 137.753 163.026 149.154 150.076 149.154
149.713 138.427 162.647 138.427 162.647 149.809 149.713 149.809
149.711 137.477 162.632 137.477 162.632 148.831 149.711 148.831
149.835 137.539 162.805 137.539 162.805 148.851 149.835 148.851
149.804 137.499 162.761 137.499 162.761 148.807 149.804 148.807
149.752 137.891 162.750 137.891 162.750 149.188 149.752 149.188
149.846 138.016 162.769 138.016 162.769 149.220 149.846 149.220
149.659 137.869 162.513 137.869 162.513 149.081 149.659 149.081
149.749 137.691 162.588 137.691 162.588 148.846 149.749 148.846
149.267 136.934 162.040 136.934 162.040 148.079 149.267 148.079
149.808 137.730 162.630 137.730 162.630 148.849 149.808 148.849
149.612 137.562 162.413 137.562 162.413 148.679 149.612 148.679
149.469 137.454 162.251 137.454 162.251 148.587 149.469 148.587
150.033 137.488 162.797 137.488 162.797 148.620 150.033 148.620
149.454 136.715 162.173 136.715 162.173 147.886 149.454 147.886
149.722 137.112 162.378 137.112 162.378 148.280 149.722 148.280
149.745 137.707 162.413 137.707 162.413 148.870 149.745 148.870
149.630 137.197 162.353 137.197 162.353 148.318 149.630 148.318
149.591 138.256 162.348 138.256 162.348 149.425 149.591 149.425
150.024 138.447 162.642 138.447 162.642 149.725 150.024 149.725
149.381 136.798 161.963 136.798 161.963 148.074 149.381 148.074
149.645 137.271 162.256 137.271 162.256 148.508 149.645 148.508
149.530 137.365 162.147 137.365 162.147 148.558 149.530 148.558
149.880 137.410 162.384 137.410 162.384 148.575 149.880 148.575
150.010 137.965 162.417 137.965 162.417 149.120 150.010 149.120
150.102 137.883 162.510 137.883 162.510 149.086 150.102 149.086
150.236 137.390 162.615 137.390 162.615 148.637 150.236 148.637
149.990 137.107 162.424 137.107 162.424 148.252 149.990 148.252
150.196 136.694 162.648 136.694 162.648 147.792 150.196 147.792
150.344 137.452 162.711 137.452 162.711 148.550 150.344 148.550
150.492 137.735 162.813 137.735 162.813 148.853 150.492 148.853
150.550 138.244 162.895 138.244 162.895 149.365 150.550 149.365
150.503 137.226 162.806 137.226 162.806 148.358 150.503 148.358
150.443 137.206 162.789 137.206 162.789 148.287 150.443 148.287
150.241 137.033 162.634 137.033 162.634 148.079 150.241 148.079
150.616 136.469 163.068 136.469 163.068 147.473 150.616 147.473
150.689 137.564 163.139 137.564 163.139 148.592 150.689 148.592
150.743 138.037 163.227 138.037 163.227 149.050 150.743 149.050
150.614 137.350 163.157 137.350 163.157 148.362 150.614 148.362
150.177 137.172 162.759 137.172 162.759 148.160 150.177 148.160
150.189 136.915 162.768 136.915 162.768 147.888 150.189 147.888
150.060 137.317 162.711 137.317 162.711 148.351 150.060 148.351
150.351 137.645 162.794 137.645 162.794 148.739 150.351 148.739
150.648 137.708 162.952 137.708 162.952 148.881 150.648 148.881
150.276 137.935 162.635 137.935 162.635 149.057 150.276 149.057
150.468 136.979 162.853 136.979 162.853 148.142 150.468 148.142
149.975 137.083 162.488 137.083 162.488 148.248 149.975 148.248
150.122 137.688 162.666 137.688 162.666 148.863 150.122 148.863
150.027 137.465 162.661 137.465 162.661 148.639 150.027 148.639
150.073 137.676 162.645 137.676 162.645 148.800 150.073 148.800
149.985 136.996 162.474 136.996 162.474 148.200 149.985 148.200
150.184 137.073 162.776 137.073 162.776 148.262 150.184 148.262
150.036 137.160 162.596 137.160 162.596 148.369 150.036 148.369
149.944 137.408 162.632 137.408 162.632 148.572 149.944 148.572
150.307 137.813 162.870 137.813 162.870 148.940 150.307 148.940
150.206 137.452 162.840 137.452 162.840 148.615 150.206 148.615
150.259 137.356 162.795 137.356 162.795 148.498 150.259 148.498
150.038 136.442 162.486 136.442 162.486 147.577 150.038 147.577
150.229 136.952 162.736 136.952 162.736 147.989 150.229 147.989
150.099 137.440 162.614 137.440 162.614 148.544 150.099 148.544
150.327 137.834 162.758 137.834 162.758 148.931 150.327 148.931
150.361 137.884 162.768 137.884 162.768 148.927 150.361 148.927
149.727 137.045 162.192 137.045 162.192 148.020 149.727 148.020
149.994 136.578 162.431 136.578 162.431 147.573 149.994 147.573
150.129 137.104 162.553 137.104 162.553 148.114 150.129 148.114
150.799 137.158 163.092 137.158 163.092 148.253 150.799 148.253
150.900 137.940 163.105 137.940 163.105 149.136 150.900 149.136
150.739 137.681 162.927 137.681 162.927 148.781 150.739 148.781
150.509 137.322 162.720 137.322 162.720 148.444 150.509 148.444
150.073 136.724 162.371 136.724 162.371 147.792 150.073 147.792
150.423 137.318 162.776 137.318 162.776 148.339 150.423 148.339
150.531 137.163 162.796 137.163 162.796 148.226 150.531 148.226
150.782 137.713 163.025 137.713 163.025 148.829 150.782 148.829
150.650 138.425 162.948 138.425 162.948 149.476 150.650 149.476
150.466 136.966 162.701 136.966 162.701 148.068 150.466 148.068
150.430 137.045 162.623 137.045 162.623 148.049 150.430 148.049
150.344 137.141 162.568 137.141 162.568 148.056 150.344 148.056
150.567 137.866 162.773 137.866 162.773 148.730 150.567 148.730
150.983 138.001 163.067 138.001 163.067 148.912 150.983 148.912
151.028 137.615 163.094 137.615 163.094 148.519 151.028 148.519
150.395 136.795 162.460 136.795 162.460 147.723 150.395 147.723
150.444 136.989 162.552 136.989 162.552 147.874 150.444 147.874
150.547 137.082 162.596 137.082 162.596 147.999 150.547 147.999
150.736 137.745 162.801 137.745 162.801 148.657 150.736 148.657
150.762 137.509 162.789 137.509 162.789 148.434 150.762 148.434
150.780 138.096 162.848 138.096 162.848 148.986 150.780 148.986
150.724 137.686 162.832 137.686 162.832 148.562 150.724 148.562
150.669 136.828 162.728 136.828 162.728 147.726 150.669 147.726
150.686 136.761 162.810 136.761 162.810 147.625 150.686 147.625
150.794 137.460 162.952 137.460 162.952 148.289 150.794 148.289
151.134 138.217 163.281 138.217 163.281 149.072 151.134 149.072
150.795 137.679 162.942 137.679 162.942 148.530 150.795 148.530
150.921 136.918 163.038 136.918 163.038 147.801 150.921 147.801
150.603 137.229 162.797 137.229 162.797 148.054 150.603 148.054
150.705 137.360 162.845 137.360 162.845 148.217 150.705 148.217
150.973 137.962 163.124 137.962 163.124 148.790 150.973 148.790
150.539 137.663 162.646 137.663 162.646 148.525 150.539 148.525
150.649 137.503 162.652 137.503 162.652 148.434 150.649 148.434
150.623 137.339 162.529 137.339 162.529 148.173 150.623 148.173
150.661 136.507 162.518 136.507 162.518 147.329 150.661 147.329
150.740 137.181 162.598 137.181 162.598 147.945 150.740 147.945
150.379 137.486 162.347 137.486 162.347 148.243 150.379 148.243
150.482 137.548 162.414 137.548 162.414 148.275 150.482 148.275
150.916 138.162 162.764 138.162 162.764 148.890 150.916 148.890
150.722 137.141 162.650 137.141 162.650 147.903 150.722 147.903
150.674 136.859 162.715 136.859 162.715 147.609 150.674 147.609
150.795 137.301 162.789 137.301 162.789 148.127 150.795 148.127
150.563 137.515 162.581 137.515 162.581 148.346 150.563 148.346
150.871 138.007 162.728 138.007 162.728 148.827 150.871 148.827
150.866 138.160 162.847 138.160 162.847 148.967 150.866 148.967
150.572 137.334 162.551 137.334 162.551 148.179 150.572 148.179
150.701 137.751 162.705 137.751 162.705 148.630 150.701 148.630
150.728 136.560 162.753 136.560 162.753 147.411 150.728 147.411
151.138 137.210 162.992 137.210 162.992 148.095 151.138 148.095
150.887 137.630 162.817 137.630 162.817 148.479 150.887 148.479
150.607 137.943 162.565 137.943 162.565 148.695 150.607 148.695
150.987 137.485 162.833 137.485 162.833 148.299 150.987 148.299
150.469 137.162 162.367 137.162 162.367 147.901 150.469 147.901
150.670 137.523 162.621 137.523 162.621 148.297 150.670 148.297
150.584 137.272 162.487 137.272 162.487 147.989 150.584 147.989
150.712 137.067 162.592 137.067 162.592 147.754 150.712 147.754
150.862 138.311 162.733 138.311 162.733 149.026 150.862 149.026
150.733 137.328 162.473 137.328 162.473 148.075 150.733 148.075
150.603 137.118 162.307 137.118 162.307 147.843 150.603 147.843
150.695 137.271 162.346 137.271 162.346 147.908 150.695 147.908
150.696 137.450 162.374 137.450 162.374 148.016 150.696 148.016
151.060 138.021 162.602 138.021 162.602 148.551 151.060 148.551
151.444 138.103 162.991 138.103 162.991 148.618 151.444 148.618
151.242 137.808 162.734 137.808 162.734 148.372 151.242 148.372
151.052 137.007 162.540 137.007 162.540 147.550 151.052 147.550
150.968 137.295 162.530 137.295 162.530 147.777 150.968 147.777
151.110 137.845 162.650 137.845 162.650 148.312 151.110 148.312
151.188 137.430 162.765 137.430 162.765 147.869 151.188 147.869
151.324 138.144 162.835 138.144 162.835 148.624 151.324 148.624
150.909 138.234 162.485 138.234 162.485 148.687 150.909 148.687
150.867 137.359 162.494 137.359 162.494 147.769 150.867 147.769
151.002 137.985 162.617 137.985 162.617 148.430 151.002 148.430
151.120 137.096 162.744 137.096 162.744 147.521 151.120 147.521
151.302 137.690 162.948 137.690 162.948 148.084 151.302 148.084
151.173 138.803 162.802 138.803 162.802 149.215 151.173 149.215
151.436 137.207 163.019 137.207 163.019 147.612 151.436 147.612
151.154 137.524 162.716 137.524 162.716 147.990 151.154 147.990
151.243 137.895 162.787 137.895 162.787 148.330 151.243 148.330
150.849 136.764 162.389 136.764 162.389 147.195 150.849 147.195
151.229 137.915 162.688 137.915 162.688 148.290 151.229 148.290
151.230 138.365 162.615 138.365 162.615 148.695 151.230 148.695
151.183 137.846 162.547 137.846 162.547 148.255 151.183 148.255
151.028 137.673 162.327 137.673 162.327 148.039 151.028 148.039
150.744 137.515 162.136 137.515 162.136 147.766 150.744 147.766
150.963 137.584 162.327 137.584 162.327 147.830 150.963 147.830
150.755 137.928 162.138 137.928 162.138 148.128 150.755 148.128
151.336 138.303 162.686 138.303 162.686 148.517 151.336 148.517
151.135 138.723 162.473 138.723 162.473 148.940 151.135 148.940
151.058 138.011 162.375 138.011 162.375 148.274 151.058 148.274
150.779 137.828 162.105 137.828 162.105 148.047 150.779 148.047
151.214 137.844 162.517 137.844 162.517 148.103 151.214 148.103
151.084 137.978 162.396 137.978 162.396 148.234 151.084 148.234
150.921 138.315 162.237 138.315 162.237 148.550 150.921 148.550
150.885 138.999 162.246 138.999 162.246 149.232 150.885 149.232
150.669 138.124 162.014 138.124 162.014 148.327 150.669 148.327
151.142 137.999 162.411 137.999 162.411 148.283 151.142 148.283
150.968 137.964 162.296 137.964 162.296 148.234 150.968 148.234
150.702 137.705 161.960 137.705 161.960 148.000 150.702 148.000
151.266 137.923 162.483 137.923 162.483 148.229 151.266 148.229
151.038 138.112 162.245 138.112 162.245 148.418 151.038 148.418
150.893 138.171 162.103 138.171 162.103 148.493 150.893 148.493
150.974 137.913 162.174 137.913 162.174 148.197 150.974 148.197
150.720 137.597 161.977 137.597 161.977 147.855 150.720 147.855
150.878 137.610 162.209 137.610 162.209 147.823 150.878 147.823
150.543 137.349 161.893 137.349 161.893 147.514 150.543 147.514
151.033 138.461 162.392 138.461 162.392 148.656 151.033 148.656
150.880 137.867 162.209 137.867 162.209 148.080 150.880 148.080
150.646 138.272 161.953 138.272 161.953 148.533 150.646 148.533
150.929 138.144 162.228 138.144 162.228 148.379 150.929 148.379
150.593 137.767 161.898 137.767 161.898 147.979 150.593 147.979
150.945 137.690 162.292 137.690 162.292 147.894 150.945 147.894
150.778 137.715 162.082 137.715 162.082 147.940 150.778 147.940
151.416 138.051 162.708 138.051 162.708 148.307 151.416 148.307
151.207 138.172 162.554 138.172 162.554 148.385 151.207 148.385
151.065 138.055 162.332 138.055 162.332 148.333 151.065 148.333
150.805 137.862 162.136 137.862 162.136 148.047 150.805 148.047
151.093 137.791 162.405 137.791 162.405 147.988 151.093 147.988
151.051 137.919 162.387 137.919 162.387 148.103 151.051 148.103
150.969 138.242 162.338 138.242 162.338 148.372 150.969 148.372
150.699 138.327 162.081 138.327 162.081 148.435 150.699 148.435
150.891 138.079 162.299 138.079 162.299 148.192 150.891 148.192
150.551 137.733 162.009 137.733 162.009 147.813 150.551 147.813
150.940 137.948 162.303 137.948 162.303 148.141 150.940 148.141
150.834 138.433 162.205 138.433 162.205 148.630 150.834 148.630
150.582 137.474 161.964 137.474 161.964 147.644 150.582 147.644
150.716 136.974 162.073 136.974 162.073 147.170 150.716 147.170
150.982 137.513 162.286 137.513 162.286 147.703 150.982 147.703
150.757 137.391 162.037 137.391 162.037 147.608 150.757 147.608
151.129 138.094 162.399 138.094 162.399 148.213 151.129 148.213
151.031 138.369 162.350 138.369 162.350 148.496 151.031 148.496
150.977 138.083 162.226 138.083 162.226 148.209 150.977 148.209
151.101 137.875 162.432 137.875 162.432 147.980 151.101 147.980
150.885 137.453 162.245 137.453 162.245 147.584 150.885 147.584
150.966 137.538 162.320 137.538 162.320 147.619 150.966 147.619
150.951 137.600 162.285 137.600 162.285 147.659 150.951 147.659
151.370 137.718 162.639 137.718 162.639 147.790 151.370 147.790
151.443 137.479 162.777 137.479 162.777 147.593 151.443 147.593
151.536 137.573 162.884 137.573 162.884 147.632 151.536 147.632
151.675 137.408 163.035 137.408 163.035 147.415 151.675 147.415
151.347 137.440 162.779 137.440 162.779 147.397 151.347 147.397
151.420 137.316 162.778 137.316 162.778 147.316 151.420 147.316
151.376 137.131 162.847 137.131 162.847 147.106 151.376 147.106
151.322 137.011 162.933 137.011 162.933 147.053 151.322 147.053
149.767 136.725 161.384 136.725 161.384 146.813 149.767 146.813
149.756 136.368 161.320 136.368 161.320 146.520 149.756 146.520
149.864 136.187 161.526 136.187 161.526 146.408 149.864 146.408
151.338 136.141 163.097 136.141 163.097 146.424 151.338 146.424
151.238 136.342 163.037 136.342 163.037 146.654 151.238 146.654
151.304 136.873 163.081 136.873 163.081 147.264 151.304 147.264
151.145 137.332 162.959 137.332 162.959 147.809 151.145 147.809
151.223 137.260 163.045 137.260 163.045 147.691 151.223 147.691
151.194 136.777 163.048 136.777 163.048 147.165 151.194 147.165
151.193 137.134 163.227 137.134 163.227 147.512 151.193 147.512
151.298 137.544 163.424 137.544 163.424 147.914 151.298 147.914
151.617 137.228 163.756 137.228 163.756 147.591 151.617 147.591
151.599 137.520 163.776 137.520 163.776 147.874 151.599 147.874
151.573 136.554 163.870 136.554 163.870 146.888 151.573 146.888
151.413 136.868 163.710 136.868 163.710 147.186 151.413 147.186
151.358 137.411 163.696 137.411 163.696 147.702 151.358 147.702
151.432 137.518 163.818 137.518 163.818 147.888 151.432 147.888
151.423 137.472 163.882 137.472 163.882 147.874 151.423 147.874
151.534 137.541 164.041 137.541 164.041 147.960 151.534 147.960
151.644 136.695 164.221 136.695 164.221 147.144 151.644 147.144
151.703 137.326 164.332 137.326 164.332 147.754 151.703 147.754
151.588 136.524 164.213 136.524 164.213 146.939 151.588 146.939
151.652 136.900 164.295 136.900 164.295 147.328 151.652 147.328
151.481 136.872 164.067 136.872 164.067 147.314 151.481 147.314
151.389 136.729 164.056 136.729 164.056 147.116 151.389 147.116
151.343 137.123 164.005 137.123 164.005 147.539 151.343 147.539
151.158 136.802 163.871 136.802 163.871 147.187 151.158 147.187
152.316 136.697 165.106 136.697 165.106 147.088 152.316 147.088
152.108 136.821 164.952 136.821 164.952 147.233 152.108 147.233
152.698 130.474 165.371 130.474 165.371 141.113 152.698 141.113
152.770 135.683 165.456 135.683 165.456 146.380 152.770 146.380
151.236 136.216 163.932 136.216 163.932 146.992 151.236 146.992
151.208 136.711 163.931 136.711 163.931 147.508 151.208 147.508
151.121 136.775 163.908 136.775 163.908 147.513 151.121 147.513
143.055 136.581 155.634 136.581 155.634 147.445 143.055 147.445
142.918 136.201 155.331 136.201 155.331 147.164 142.918 147.164
142.433 135.556 154.747 135.556 154.747 146.602 142.433 146.602
142.107 136.894 154.326 136.894 154.326 147.982 142.107 147.982
142.036 136.670 154.071 136.670 154.071 147.773 142.036 147.773
141.525 136.144 153.446 136.144 153.446 147.257 141.525 147.257
141.233 137.114 153.148 137.114 153.148 148.222 141.233 148.222
141.279 137.531 153.140 137.531 153.140 148.632 141.279 148.632
141.445 137.921 153.190 137.921 153.190 149.145 141.445 149.145
141.531 138.725 153.193 138.725 153.193 150.028 141.531 150.028
141.406 138.976 153.145 138.976 153.145 150.264 141.406 150.264
141.658 140.092 153.440 140.092 153.440 151.372 141.658 151.372
142.308 140.674 153.997 140.674 153.997 152.008 142.308 152.008
141.787 140.297 153.487 140.297 153.487 151.578 141.787 151.578
142.422 142.520 154.193 142.520 154.193 153.770 142.422 153.770
142.049 142.281 153.906 142.281 153.906 153.458 142.049 153.458
142.365 143.272 154.104 143.272 154.104 154.522 142.365 154.522
142.690 144.267 154.421 144.267 154.421 155.519 142.690 155.519
142.610 144.190 154.438 144.190 154.438 155.418 142.610 155.418
142.488 145.265 154.409 145.265 154.409 156.398 142.488 156.398
142.509 146.489 154.492 146.489 154.492 157.604 142.509 157.604
142.831 146.005 154.846 146.005 154.846 157.219 142.831 157.219
142.642 147.246 154.731 147.246 154.731 158.387 142.642 158.387
142.468 147.244 154.635 147.244 154.635 158.418 142.468 158.418
142.663 147.843 154.844 147.843 154.844 159.061 142.663 159.061
142.516 149.024 154.693 149.024 154.693 160.250 142.516 160.250
142.188 149.134 154.369 149.134 154.369 160.383 142.188 160.383
142.274 149.840 154.478 149.840 154.478 161.087 142.274 161.087
142.294 150.933 154.436 150.933 154.436 162.214 142.294 162.214
142.094 150.951 154.197 150.951 154.197 162.301 142.094 162.301
142.050 151.765 154.144 151.765 154.144 163.112 142.050 163.112
141.429 153.206 153.547 153.206 153.547 164.489 141.429 164.489
141.131 153.359 153.274 153.359 153.274 164.692 141.131 164.692
141.234 154.294 153.349 154.294 153.349 165.693 141.234 165.693
140.954 155.148 153.064 155.148 153.064 166.510 140.954 166.510
140.435 155.486 152.539 155.486 152.539 166.816 140.435 166.816
140.174 156.195 152.190 156.195 152.190 167.613 140.174 167.613
139.790 156.745 151.753 156.745 151.753 168.217 139.790 168.217
139.115 157.674 151.159 157.674 151.159 169.061 139.115 169.061
138.593 158.700 150.739 158.700 150.739 170.020 138.593 170.020
138.030 159.229 150.180 159.229 150.180 170.578 138.030 170.578
137.693 159.434 149.872 159.434 149.872 170.837 137.693 170.837
137.468 159.718 149.696 159.718 149.696 171.153 137.468 171.153
137.048 160.011 149.417 160.011 149.417 171.462 137.048 171.462
137.047 160.809 149.408 160.809 149.408 172.302 137.047 172.302
137.292 161.423 149.738 161.423 149.738 172.973 137.292 172.973
139.093 161.855 151.561 161.855 151.561 173.401 139.093 173.401
139.832 162.484 152.289 162.484 152.289 174.021 139.832 174.021
142.378 164.130 154.694 164.130 154.694 175.764 142.378 175.764
144.316 164.152 156.604 164.152 156.604 175.878 144.316 175.878
145.072 164.073 157.431 164.073 157.431 175.883 145.072 175.883
147.440 164.284 159.923 164.284 159.923 176.102 147.440 176.102
149.645 165.466 162.238 165.466 162.238 177.218 149.645 177.218
150.491 166.186 163.182 166.186 163.182 177.930 150.491 177.930
151.819 166.716 164.542 166.716 164.542 178.546 151.819 178.546
153.373 167.141 166.204 167.141 166.204 179.107 153.373 179.107
154.826 166.914 167.693 166.914 167.693 178.910 154.826 178.910
157.392 168.146 170.314 168.146 170.314 180.155 157.392 180.155
160.047 167.990 172.958 167.990 172.958 180.061 160.047 180.061
160.789 168.986 173.839 168.986 173.839 181.109 160.789 181.109
161.735 169.584 174.942 169.584 174.942 181.773 161.735 181.773
163.187 169.381 176.335 169.381 176.335 181.669 163.187 181.669
164.377 170.198 177.666 170.198 177.666 182.527 164.377 182.527
165.569 170.313 178.798 170.313 178.798 182.738 165.569 182.738
166.913 170.575 180.018 170.575 180.018 183.202 166.913 183.202
168.211 172.419 181.311 172.419 181.311 185.079 168.211 185.079
170.967 173.123 184.208 173.123 184.208 185.745 170.967 185.745
172.078 172.737 185.237 172.737 185.237 185.444 172.078 185.444
173.229 173.423 186.502 173.423 186.502 186.169 173.229 186.169
174.267 173.433 187.496 173.433 187.496 186.251 174.267 186.251
175.093 174.387 188.372 174.387 188.372 187.285 175.093 187.285
176.001 175.693 189.485 175.693 189.485 188.559 176.001 188.559
176.762 176.277 190.430 176.277 190.430 189.111 176.762 189.111
177.639 176.268 191.363 176.268 191.363 189.180 177.639 189.180
178.709 176.834 192.547 176.834 192.547 189.762 178.709 189.762
179.867 176.472 193.678 176.472 193.678 189.406 179.867 189.406
180.561 177.384 194.395 177.384 194.395 190.337 180.561 190.337
181.213 178.636 195.052 178.636 195.052 191.667 181.213 191.667
182.212 179.018 196.035 179.018 196.035 192.219 182.212 192.219
183.182 179.835 196.997 179.835 196.997 193.009 183.182 193.009
183.924 180.120 197.760 180.120 197.760 193.297 183.924 193.297
184.926 180.110 198.720 180.110 198.720 193.385 184.926 193.385
185.510 180.721 199.327 180.721 199.327 193.955 185.510 193.955
185.887 182.623 199.745 182.623 199.745 195.895 185.887 195.895
186.925 183.664 200.852 183.664 200.852 196.972 186.925 196.972
187.833 184.068 201.652 184.068 201.652 197.428 187.833 197.428
188.574 183.646 202.431 183.646 202.431 197.023 188.574 197.023
189.220 184.455 203.177 184.455 203.177 197.734 189.220 197.734
189.915 185.077 203.857 185.077 203.857 198.404 189.915 198.404
189.826 185.578 203.821 185.578 203.821 198.839 189.826 198.839
190.296 186.614 204.305 186.614 204.305 199.904 190.296 199.904
191.178 187.361 205.161 187.361 205.161 200.710 191.178 200.710
191.686 187.533 205.603 187.533 205.603 200.985 191.686 200.985
192.066 188.755 206.177 188.755 206.177 202.067 192.066 202.067
192.230 189.143 206.391 189.143 206.391 202.499 192.230 202.499
192.354 190.432 206.448 190.432 206.448 203.852 192.354 203.852
192.647 191.661 206.671 191.661 206.671 205.147 192.647 205.147
193.277 191.147 207.344 191.147 207.344 204.670 193.277 204.670
193.320 192.368 207.569 192.368 207.569 205.806 193.320 205.806
193.716 192.755 208.112 192.755 208.112 206.174 193.716 206.174
193.818 193.173 208.229 193.173 208.229 206.619 193.818 206.619
194.029 194.166 208.461 194.166 208.461 207.727 194.029 207.727
194.121 195.331 208.560 195.331 208.560 209.028 194.121 209.028
194.697 196.127 209.230 196.127 209.230 209.747 194.697 209.747
194.655 196.222 209.146 196.222 209.146 209.927 194.655 209.927
194.597 197.063 209.203 197.063 209.203 210.731 194.597 210.731
194.598 197.526 209.230 197.526 209.230 211.130 194.598 211.130
194.403 198.513 209.093 198.513 209.093 212.082 194.403 212.082
194.079 199.413 208.720 199.413 208.720 213.031 194.079 213.031
193.796 200.459 208.350 200.459 208.350 214.166 193.796 214.166
194.032 200.648 208.611 200.648 208.611 214.354 194.032 214.354
193.770 201.089 208.363 201.089 208.363 214.974 193.770 214.974
194.030 201.937 208.576 201.937 208.576 215.787 194.030 215.787
193.411 202.927 208.134 202.927 208.134 216.630 193.411 216.630
193.191 204.135 208.062 204.135 208.062 217.806 193.191 217.806
192.884 205.431 207.582 205.431 207.582 219.090 192.884 219.090
192.482 205.132 207.236 205.132 207.236 218.825 192.482 218.825
191.995 206.010 206.780 206.010 206.780 219.659 191.995 219.659
191.380 207.237 206.250 207.237 206.250 220.737 191.380 220.737
190.830 208.537 205.754 208.537 205.754 221.985 190.830 221.985
190.285 208.902 205.124 208.902 205.124 222.433 190.285 222.433
189.993 210.269 204.919 210.269 204.919 223.867 189.993 223.867
189.432 210.609 204.290 210.609 204.290 224.207 189.432 224.207
189.141 210.536 203.925 210.536 203.925 224.275 189.141 224.275
188.602 211.667 203.324 211.667 203.324 225.508 188.602 225.508
188.164 212.698 203.008 212.698 203.008 226.477 188.164 226.477
187.587 214.105 202.450 214.105 202.450 227.884 187.587 227.884
186.783 214.731 201.673 214.731 201.673 228.666 186.783 228.666
186.254 215.225 201.014 215.225 201.014 229.247 186.254 229.247
185.282 215.000 200.113 215.000 200.113 228.923 185.282 228.923
184.695 215.921 199.649 215.921 199.649 229.813 184.695 229.813
183.915 216.854 198.811 216.854 198.811 230.835 183.915 230.835
181.667 217.810 196.834 217.810 196.834 231.650 181.667 231.650
181.372 219.192 196.422 219.192 196.422 233.152 181.372 233.152
180.867 220.523 195.854 220.523 195.854 234.587 180.867 234.587
180.309 220.577 195.299 220.577 195.299 234.616 180.309 234.616
179.138 220.803 194.010 220.803 194.010 234.842 179.138 234.842
177.165 221.946 192.071 221.946 192.071 236.004 177.165 236.004
176.273 223.132 191.412 223.132 191.412 237.034 176.273 237.034
175.259 224.643 190.628 224.643 190.628 238.382 175.259 238.382
174.468 225.270 189.653 225.270 189.653 239.222 174.468 239.222
173.801 225.878 188.831 225.878 188.831 239.889 173.801 239.889
172.820 226.184 187.880 226.184 187.880 240.185 172.820 240.185
172.173 227.100 187.220 227.100 187.220 241.140 172.173 241.140
169.938 228.124 184.970 228.124 184.970 242.195 169.938 242.195
169.466 229.619 184.499 229.619 184.499 243.623 169.466 243.623
167.863 230.032 183.047 230.032 183.047 243.971 167.863 243.971
166.976 230.770 182.023 230.770 182.023 244.808 166.976 244.808
166.489 231.329 181.338 231.329 181.338 245.502 166.489 245.502
165.127 232.194 180.214 232.194 180.214 246.184 165.127 246.184
162.781 233.215 177.816 233.215 177.816 247.331 162.781 247.331
162.369 235.729 177.358 235.729 177.358 249.921 162.369 249.921
161.040 235.260 176.130 235.260 176.130 249.378 161.040 249.378
160.437 235.394 175.350 235.394 175.350 249.625 160.437 249.625
160.491 236.309 175.568 236.309 175.568 250.639 160.491 250.639
160.797 236.794 175.820 236.794 175.820 251.300 160.797 251.300
161.312 237.665 176.292 237.665 176.292 252.094 161.312 252.094
162.051 239.136 176.942 239.136 176.942 253.536 162.051 253.536
162.315 239.670 177.390 239.670 177.390 254.049 162.315 254.049
163.313 240.678 178.435 240.678 178.435 255.126 163.313 255.126
163.856 241.405 178.940 241.405 178.940 255.907 163.856 255.907
164.174 242.235 179.128 242.235 179.128 256.750 164.174 256.750
165.097 242.457 180.073 242.457 180.073 257.002 165.097 257.002
165.526 243.575 180.429 243.575 180.429 258.201 165.526 258.201
166.084 244.623 180.960 244.623 180.960 259.193 166.084 259.193
166.622 245.605 181.603 245.605 181.603 260.100 166.622 260.100
166.258 245.765 181.354 245.765 181.354 260.167 166.258 260.167
167.312 247.309 182.391 247.309 182.391 261.769 167.312 261.769
168.203 248.113 183.128 248.113 183.128 262.711 168.203 262.711
168.901 248.805 183.858 248.805 183.858 263.405 168.901 263.405
168.994 249.056 184.025 249.056 184.025 263.566 168.994 263.566
169.527 249.665 184.640 249.665 184.640 264.033 169.527 264.033
169.720 251.277 184.863 251.277 184.863 265.555 169.720 265.555
170.181 251.731 185.371 251.731 185.371 266.033 170.181 266.033
170.949 252.776 186.264 252.776 186.264 267.058 170.949 267.058
171.689 254.245 186.889 254.245 186.889 268.566 171.689 268.566
172.051 254.841 187.090 254.841 187.090 269.284 172.051 269.284
172.332 255.322 187.447 255.322 187.447 269.748 172.332 269.748
173.210 256.214 188.151 256.214 188.151 270.809 173.210 270.809
173.450 257.638 188.446 257.638 188.446 272.221 173.450 272.221
173.886 259.458 188.851 259.458 188.851 274.010 173.886 274.010
173.307 260.362 188.469 260.362 188.469 274.758 173.307 274.758
173.982 262.028 189.159 262.028 189.159 276.400 173.982 276.400
174.053 262.631 189.159 262.631 189.159 277.106 174.053 277.106
174.594 263.394 189.586 263.394 189.586 278.002 174.594 278.002
174.290 264.427 189.379 264.427 189.379 278.929 174.290 278.929
174.868 265.538 189.948 265.538 189.948 280.122 174.868 280.122
174.542 266.674 189.652 266.674 189.652 281.190 174.542 281.190
174.484 267.033 189.664 267.033 189.664 281.673 174.484 281.673
174.035 266.757 189.311 266.757 189.311 281.223 174.035 281.223
174.241 267.464 189.514 267.464 189.514 282.057 174.241 282.057
173.911 268.017 189.164 268.017 189.164 282.699 173.911 282.699
173.837 269.330 189.253 269.330 189.253 283.853 173.837 283.853
173.621 269.411 189.029 269.411 189.029 283.897 173.621 283.897
173.812 270.250 189.162 270.250 189.162 284.840 173.812 284.840
173.223 270.986 188.554 270.986 188.554 285.509 173.223 285.509
172.673 272.483 188.006 272.483 188.006 287.059 172.673 287.059
172.120 272.508 187.665 272.508 187.665 286.955 172.120 286.955
171.434 272.805 187.134 272.805 187.134 287.128 171.434 287.128
171.447 273.983 187.098 273.983 187.098 288.313 171.447 288.313
171.994 274.913 187.574 274.913 187.574 289.349 171.994 289.349
172.345 275.321 187.927 275.321 187.927 289.725 172.345 289.725
172.730 275.585 188.373 275.585 188.373 290.014 172.730 290.014
172.588 276.312 188.487 276.312 188.487 290.647 172.588 290.647
172.649 276.629 188.699 276.629 188.699 290.963 172.649 290.963
172.984 278.059 188.985 278.059 188.985 292.456 172.984 292.456
173.091 278.289 189.170 278.289 189.170 292.708 173.091 292.708
173.208 279.613 189.173 279.613 189.173 294.215 173.208 294.215
173.199 280.071 189.081 280.071 189.081 294.901 173.199 294.901
173.311 280.587 189.216 280.587 189.216 295.410 173.311 295.410
173.442 281.469 189.473 281.469 189.473 296.310 173.442 296.310
173.263 281.404 189.487 281.404 189.487 296.166 173.263 296.166
173.505 281.892 189.739 281.892 189.739 296.687 173.505 296.687
172.895 282.307 189.326 282.307 189.326 296.984 172.895 296.984
172.794 283.111 189.367 283.111 189.367 297.764 172.794 297.764
172.641 284.009 189.253 284.009 189.253 298.797 172.641 298.797
172.272 284.379 188.993 284.379 188.993 299.164 172.272 299.164
171.970 285.285 188.757 285.285 188.757 300.010 171.970 300.010
171.623 287.037 188.260 287.037 188.260 301.927 171.623 301.927
171.446 286.802 188.029 286.802 188.029 301.771 171.446 301.771
171.280 286.987 187.853 286.987 187.853 302.008 171.280 302.008
171.295 288.026 187.888 288.026 187.888 302.982 171.295 302.982
171.247 289.891 187.925 289.891 187.925 304.842 171.247 304.842
170.734 289.440 187.605 289.440 187.605 304.270 170.734 304.270
170.356 289.939 187.302 289.939 187.302 304.862 170.356 304.862
169.868 291.639 186.804 291.639 186.804 306.698 169.868 306.698
170.401 292.067 187.332 292.067 187.332 307.171 170.401 307.171
171.154 292.263 188.117 292.263 188.117 307.438 171.154 307.438
171.631 292.640 188.457 292.640 188.457 307.832 171.631 307.832
173.556 293.031 190.292 293.031 190.292 308.187 173.556 308.187
173.771 292.801 190.497 292.801 190.497 307.883 173.771 307.883
170.017 310.906 186.739 310.906 186.739 326.125 170.017 326.125
170.352 311.076 187.143 311.076 187.143 326.408 170.352 326.408
170.443 311.537 187.366 311.537 187.366 326.905 170.443 326.905
170.561 309.946 187.536 309.946 187.536 325.410 170.561 325.410
170.632 310.337 187.625 310.337 187.625 325.875 170.632 325.875
169.067 310.638 186.200 310.638 186.200 326.220 169.067 326.220
169.522 311.118 186.666 311.118 186.666 326.712 169.522 326.712
169.881 311.299 187.058 311.299 187.058 326.961 169.881 326.961
169.995 309.913 187.266 309.913 187.266 325.584 169.995 325.584
170.289 310.439 187.624 310.439 187.624 326.137 170.289 326.137
168.487 308.703 185.866 308.703 185.866 324.516 168.487 324.516
168.719 309.240 186.132 309.240 186.132 325.124 168.719 325.124
169.077 309.584 186.510 309.584 186.510 325.505 169.077 325.505
169.578 310.128 187.070 310.128 187.070 326.075 169.578 326.075
169.885 310.464 187.469 310.464 187.469 326.481 169.885 326.481
168.130 308.945 185.680 308.945 185.680 324.989 168.130 324.989
168.677 309.366 186.204 309.366 186.204 325.513 168.677 325.513
168.962 309.746 186.511 309.746 186.511 325.890 168.962 325.890
169.142 310.266 186.748 310.266 186.748 326.447 169.142 326.447
169.170 310.643 186.881 310.643 186.881 326.839 169.170 326.839
169.419 309.339 187.225 309.339 187.225 325.544 169.419 325.544
169.692 310.132 187.576 310.132 187.576 326.403 169.692 326.403
168.230 308.504 186.071 308.504 186.071 324.960 168.230 324.960
168.534 309.091 186.385 309.091 186.385 325.593 168.534 325.593
169.107 309.468 186.938 309.468 186.938 326.032 169.107 326.032
169.176 309.961 186.989 309.961 186.989 326.584 169.176 326.584
169.625 310.538 187.452 310.538 187.452 327.155 169.625 327.155
169.597 308.832 187.562 308.832 187.562 325.511 169.597 325.511
167.929 309.537 185.952 309.537 185.952 326.262 167.929 326.262
168.380 309.952 186.424 309.952 186.424 326.717 168.380 326.717
168.789 310.136 186.878 310.136 186.878 326.915 168.789 326.915
168.824 308.531 187.036 308.531 187.036 325.360 168.824 325.360
169.222 308.974 187.404 308.974 187.404 325.846 169.222 325.846
169.386 309.489 187.667 309.489 187.667 326.368 169.386 326.368
169.304 310.047 187.666 310.047 187.666 326.969 169.304 326.969
167.655 308.181 186.003 308.181 186.003 325.204 167.655 325.204
168.083 308.792 186.444 308.792 186.444 325.829 168.083 325.829
168.510 309.232 186.864 309.232 186.864 326.298 168.510 326.298
169.171 309.348 187.588 309.348 187.588 326.511 169.171 326.511
167.469 307.346 185.862 307.346 185.862 324.580 167.469 324.580
168.036 309.931 186.564 309.931 186.564 327.155 168.036 327.155
168.487 307.891 187.034 307.891 187.034 325.247 168.487 325.247
168.890 308.322 187.464 308.322 187.464 325.724 168.890 325.724
168.730 308.718 187.410 308.718 187.410 326.090 168.730 326.090
168.759 309.213 187.591 309.213 187.591 326.579 168.759 326.579
168.681 307.600 187.626 307.600 187.626 325.070 168.681 325.070
168.657 308.055 187.646 308.055 187.646 325.642 168.657 325.642
168.816 308.518 187.871 308.518 187.871 326.153 168.816 326.153
169.050 309.024 188.149 309.024 188.149 326.681 169.050 326.681
169.229 309.338 188.322 309.338 188.322 326.998 169.229 326.998
167.590 307.442 186.589 307.442 186.589 325.204 167.590 325.204
168.130 307.392 187.092 307.392 187.092 325.295 168.130 325.295
168.224 307.854 187.250 307.854 187.250 325.787 168.224 325.787
168.681 308.335 187.765 308.335 187.765 326.295 168.681 326.295
166.947 306.414 185.981 306.414 185.981 324.483 166.947 324.483
167.649 307.141 186.729 307.141 186.729 325.206 167.649 325.206
168.012 307.256 187.150 307.256 187.150 325.335 168.012 325.335
168.601 307.611 187.755 307.611 187.755 325.707 168.601 325.707
168.796 307.794 187.927 307.794 187.927 325.962 168.796 325.962
169.017 308.452 188.230 308.452 188.230 326.644 169.017 326.644
169.148 308.808 188.380 308.808 188.380 326.939 169.148 326.939
167.301 307.065 186.565 307.065 186.565 325.254 167.301 325.254
167.662 307.546 186.921 307.546 186.921 325.764 167.662 325.764
168.294 307.902 187.498 307.902 187.498 326.194 168.294 326.194
168.391 308.195 187.695 308.195 187.695 326.493 168.391 326.493
168.706 308.522 188.037 308.522 188.037 326.829 168.706 326.829
168.928 308.653 188.374 308.653 188.374 326.885 168.928 326.885
