311.000 106.000 329.000 106.000 329.000 138.000 311.000 138.000
309.349 104.574 326.867 104.574 326.867 137.201 309.349 137.201
306.875 103.863 324.149 103.863 324.149 136.543 306.875 136.543
304.055 104.880 321.112 104.880 321.112 137.716 304.055 137.716
301.394 104.506 318.263 104.506 318.263 137.674 301.394 137.674
299.136 104.094 316.038 104.094 316.038 137.433 299.136 137.433
297.026 102.780 313.775 102.780 313.775 136.238 297.026 136.238
295.189 104.517 311.854 104.517 311.854 137.922 295.189 137.922
293.068 103.273 309.667 103.273 309.667 136.696 293.068 136.696
290.714 103.975 307.307 103.975 307.307 137.686 290.714 137.686
288.480 102.264 304.902 102.264 304.902 136.256 288.480 136.256
286.142 102.085 302.509 102.085 302.509 136.113 286.142 136.113
284.251 102.612 300.651 102.612 300.651 136.823 284.251 136.823
281.924 102.772 298.382 102.772 298.382 136.890 281.924 136.890
279.567 101.134 296.174 101.134 296.174 135.291 279.567 135.291
277.203 101.022 293.745 101.022 293.745 135.424 277.203 135.424
275.086 100.808 291.515 100.808 291.515 135.254 275.086 135.254
273.119 101.317 289.622 101.317 289.622 135.409 273.119 135.409
271.106 101.032 287.721 101.032 287.721 134.971 271.106 134.971
268.840 100.093 285.329 100.093 285.329 134.040 268.840 134.040
267.109 99.317 283.492 99.317 283.492 133.294 267.109 133.294
265.478 100.404 281.877 100.404 281.877 134.426 265.478 134.426
263.274 100.003 279.728 100.003 279.728 133.912 263.274 133.912
261.679 99.411 278.198 99.411 278.198 133.225 261.679 133.225
259.886 99.353 276.365 99.353 276.365 133.120 259.886 133.120
257.724 98.036 274.187 98.036 274.187 131.983 257.724 131.983
256.373 98.129 272.829 98.129 272.829 131.995 256.373 131.995
255.085 98.059 271.440 98.059 271.440 132.024 255.085 132.024
253.989 98.023 270.251 98.023 270.251 132.017 253.989 132.017
252.038 98.146 268.348 98.146 268.348 132.002 252.038 132.002
249.833 97.221 266.148 97.221 266.148 131.253 249.833 131.253
247.361 96.109 263.703 96.109 263.703 129.984 247.361 129.984
245.206 95.428 261.502 95.428 261.502 129.389 245.206 129.389
243.649 96.663 259.837 96.663 259.837 130.628 243.649 130.628
242.195 96.396 258.491 96.396 258.491 130.134 242.195 130.134
240.125 95.783 256.520 95.783 256.520 129.409 240.125 129.409
235.918 95.146 252.106 95.146 252.106 129.082 235.918 129.082
234.103 94.955 250.287 94.955 250.287 128.854 234.103 128.854
231.703 94.900 247.860 94.900 247.860 128.773 231.703 128.773
229.615 94.860 245.831 94.860 245.831 128.596 229.615 128.596
227.579 93.675 243.765 93.675 243.765 127.576 227.579 127.576
226.014 92.374 242.155 92.374 242.155 126.402 226.014 126.402
224.141 90.990 240.162 90.990 240.162 125.359 224.141 125.359
220.076 91.253 236.121 91.253 236.121 125.591 220.076 125.591
218.470 90.652 234.585 90.652 234.585 124.886 218.470 124.886
216.992 90.929 233.208 90.929 233.208 125.109 216.992 125.109
215.097 90.070 231.383 90.070 231.383 124.377 215.097 124.377
211.316 90.091 227.639 90.091 227.639 124.342 211.316 124.342
209.286 89.774 225.713 89.774 225.713 123.903 209.286 123.903
205.494 88.476 221.885 88.476 221.885 122.613 205.494 122.613
204.240 89.665 220.758 89.665 220.758 123.630 204.240 123.630
200.603 87.661 217.082 87.661 217.082 121.490 200.603 121.490
199.514 86.820 215.790 86.820 215.790 120.655 199.514 120.655
195.975 86.102 212.238 86.102 212.238 119.779 195.975 119.779
194.943 85.565 211.124 85.565 211.124 119.262 194.943 119.262
191.958 84.202 208.200 84.202 208.200 117.429 191.958 117.429
185.556 82.811 201.683 82.811 201.683 115.988 185.556 115.988
184.258 82.702 200.309 82.702 200.309 115.644 184.258 115.644
180.478 83.067 196.499 83.067 196.499 115.478 180.478 115.478
179.402 82.994 195.424 82.994 195.424 115.026 179.402 115.026
175.493 82.301 191.456 82.301 191.456 114.212 175.493 114.212
172.018 82.196 187.882 82.196 187.882 113.950 172.018 113.950
168.428 81.753 184.343 81.753 184.343 113.019 168.428 113.019
167.517 81.972 183.242 81.972 183.242 113.066 167.517 113.066
163.873 80.885 179.420 80.885 179.420 111.958 163.873 111.958
160.335 81.085 175.774 81.085 175.774 112.139 160.335 112.139
157.388 80.259 172.815 80.259 172.815 111.186 157.388 111.186
154.624 79.739 169.965 79.739 169.965 110.543 154.624 110.543
153.286 78.201 168.565 78.201 168.565 109.094 153.286 109.094
149.823 78.209 165.045 78.209 165.045 109.002 149.823 109.002
148.710 78.687 163.897 78.687 163.897 109.443 148.710 109.443
147.662 78.545 162.767 78.545 162.767 109.259 147.662 109.259
144.748 77.524 159.817 77.524 159.817 108.112 144.748 108.112
144.193 78.068 159.154 78.068 159.154 108.605 144.193 108.605
140.914 76.364 155.732 76.364 155.732 106.690 140.914 106.690
134.701 76.435 149.565 76.435 149.565 106.661 134.701 106.661
125.667 74.529 140.495 74.529 140.495 104.698 125.667 104.698
125.428 74.754 140.229 74.754 140.229 104.837 125.428 104.837
122.408 75.027 137.155 75.027 137.155 105.161 122.408 105.161
119.745 73.683 134.521 73.683 134.521 103.452 119.745 103.452
116.914 74.542 131.562 74.542 131.562 104.289 116.914 104.289
114.183 72.554 128.791 72.554 128.791 102.151 114.183 102.151
113.516 72.328 128.111 72.328 128.111 102.032 113.516 102.032
110.311 72.308 124.933 72.308 124.933 102.039 110.311 102.039
109.416 72.865 123.948 72.865 123.948 102.471 109.416 102.471
103.428 72.140 117.897 72.140 117.897 101.632 103.428 101.632
100.003 71.140 114.450 71.140 114.450 100.658 100.003 100.658
96.142 70.741 110.623 70.741 110.623 100.050 96.142 100.050
93.033 70.429 107.573 70.429 107.573 99.480 93.033 99.480
91.678 69.745 106.151 69.745 106.151 98.781 91.678 98.781
88.385 69.350 103.005 69.350 103.005 98.372 88.385 98.372
85.279 68.921 99.875 68.921 99.875 98.145 85.279 98.145
84.355 69.174 99.033 69.174 99.033 98.461 84.355 98.461
82.786 69.062 97.435 69.062 97.435 98.324 82.786 98.324
79.502 68.522 94.284 68.522 94.284 97.679 79.502 97.679
78.249 68.144 93.038 68.144 93.038 97.105 78.249 97.105
74.367 67.876 89.129 67.876 89.129 96.753 74.367 96.753
70.833 67.145 85.585 67.145 85.585 96.026 70.833 96.026
69.862 67.097 84.671 67.097 84.671 95.970 69.862 95.970
66.108 66.456 80.871 66.456 80.871 95.431 66.108 95.431
62.451 66.061 77.157 66.061 77.157 95.187 62.451 95.187
58.864 65.830 73.615 65.830 73.615 95.109 58.864 95.109
55.972 64.940 70.800 64.940 70.800 94.311 55.972 94.311
52.631 65.767 67.641 65.767 67.641 94.876 52.631 94.876
49.714 64.468 64.658 64.468 64.658 93.768 49.714 93.768
48.068 63.673 63.025 63.673 63.025 92.961 48.068 92.961
44.842 63.332 59.783 63.332 59.783 92.756 44.842 92.756
42.904 63.449 57.891 63.449 57.891 92.988 42.904 92.988
39.471 64.093 54.497 64.093 54.497 93.608 39.471 93.608
36.196 63.408 51.252 63.408 51.252 93.027 36.196 93.027
34.823 63.293 49.872 63.293 49.872 92.924 34.823 92.924
22.745 64.010 37.758 64.010 37.758 94.375 22.745 94.375
21.788 64.132 36.858 64.132 36.858 95.169 21.788 95.169
20.207 63.296 35.382 63.296 35.382 94.692 20.207 94.692
15.672 62.393 30.962 62.393 30.962 94.263 15.672 94.263
12.404 62.868 27.819 62.868 27.819 95.224 12.404 95.224
11.725 62.571 27.262 62.571 27.262 95.335 11.725 95.335
7.701 61.155 23.338 61.155 23.338 94.293 7.701 94.293
4.208 59.918 19.818 59.918 19.818 93.395 4.208 93.395
1.300 59.964 16.973 59.964 16.973 93.725 1.300 93.725
