202.000 298.000 258.000 298.000 258.000 423.000 202.000 423.000
195.823 298.558 250.959 298.558 250.959 424.541 195.823 424.541
196.622 296.648 250.721 296.648 250.721 423.257 196.622 423.257
194.138 296.774 247.453 296.774 247.453 423.596 194.138 423.596
194.253 296.426 246.770 296.426 246.770 423.897 194.253 423.897
191.985 294.016 243.989 294.016 243.989 422.015 191.985 422.015
190.593 293.031 242.354 293.031 242.354 421.219 190.593 421.219
189.100 292.406 240.466 292.406 240.466 420.933 189.100 420.933
187.604 291.481 238.822 291.481 238.822 419.608 187.604 419.608
186.430 291.966 237.327 291.966 237.327 419.723 186.430 419.723
183.870 288.791 234.476 288.791 234.476 416.759 183.870 416.759
183.197 290.739 233.482 290.739 233.482 418.062 183.197 418.062
181.877 289.974 231.930 289.974 231.930 416.595 181.877 416.595
179.346 288.552 229.191 288.552 229.191 414.575 179.346 414.575
180.353 287.035 229.694 287.035 229.694 412.769 180.353 412.769
177.124 286.526 226.385 286.526 226.385 411.896 177.124 411.896
176.805 286.730 225.377 286.730 225.377 412.610 176.805 412.610
175.665 284.952 223.707 284.952 223.707 410.591 175.665 410.591
175.650 286.340 223.290 286.340 223.290 412.283 175.650 412.283
173.526 282.330 221.019 282.330 221.019 407.783 173.526 407.783
174.234 283.451 221.713 283.451 221.713 408.597 174.234 408.597
172.145 281.120 219.442 281.120 219.442 405.992 172.145 405.992
171.729 280.507 218.908 280.507 218.908 405.174 171.729 405.174
171.754 282.049 218.743 282.049 218.743 406.186 171.754 406.186
171.607 278.783 218.431 278.783 218.431 402.522 171.607 402.522
170.889 279.481 217.518 279.481 217.518 402.727 170.889 402.727
169.656 278.050 216.182 278.050 216.182 400.702 169.656 400.702
170.138 277.037 216.256 277.037 216.256 398.998 170.138 398.998
170.448 276.679 216.041 276.679 216.041 397.774 170.448 397.774
170.579 275.200 215.849 275.200 215.849 395.109 170.579 395.109
170.496 274.805 215.409 274.805 215.409 393.505 170.496 393.505
170.271 275.004 214.831 275.004 214.831 392.948 170.271 392.948
170.352 272.606 214.346 272.606 214.346 389.900 170.352 389.900
171.337 272.161 214.972 272.161 214.972 388.663 171.337 388.663
171.115 272.774 214.518 272.774 214.518 388.502 171.115 388.502
172.025 272.188 215.001 272.188 215.001 387.299 172.025 387.299
172.946 271.299 215.487 271.299 215.487 386.005 172.946 386.005
173.204 271.728 215.509 271.728 215.509 385.919 173.204 385.919
174.047 270.549 215.948 270.549 215.948 384.780 174.047 384.780
175.772 267.912 217.413 267.912 217.413 381.636 175.772 381.636
176.748 268.534 218.272 268.534 218.272 381.678 176.748 381.678
177.114 268.015 218.516 268.015 218.516 380.785 177.114 380.785
178.065 268.228 219.408 268.228 219.408 380.745 178.065 380.745
179.034 267.299 220.288 267.299 220.288 379.834 179.034 379.834
180.152 266.938 221.253 266.938 221.253 379.299 180.152 379.299
181.605 265.860 222.785 265.860 222.785 378.301 181.605 378.301
182.635 263.992 223.980 263.992 223.980 376.128 182.635 376.128
184.372 264.333 225.863 264.333 225.863 376.354 184.372 376.354
186.362 263.060 227.617 263.060 227.617 374.823 186.362 374.823
195.672 260.714 237.178 260.714 237.178 370.742 195.672 370.742
195.493 260.555 237.608 260.555 237.608 369.858 195.493 369.858
195.563 259.239 237.609 259.239 237.609 367.678 195.563 367.678
197.354 259.902 239.156 259.902 239.156 368.012 197.354 368.012
201.083 258.324 242.831 258.324 242.831 365.918 201.083 365.918
203.950 257.557 245.707 257.557 245.707 365.086 203.950 365.086
208.213 255.979 249.869 255.979 249.869 363.415 208.213 363.415
211.182 256.347 253.055 256.347 253.055 362.723 211.182 362.723
213.648 256.164 255.898 256.164 255.898 361.500 213.648 361.500
216.977 254.932 259.252 254.932 259.252 360.185 216.977 360.185
219.922 255.459 262.265 255.459 262.265 360.273 219.922 360.273
222.674 254.723 265.356 254.723 265.356 358.724 222.674 358.724
224.845 252.647 267.590 252.647 267.590 356.395 224.845 356.395
228.569 253.422 271.184 253.422 271.184 356.930 228.569 356.930
231.321 251.887 274.181 251.887 274.181 354.624 231.321 354.624
234.146 253.146 276.889 253.146 276.889 355.096 234.146 355.096
236.888 251.142 279.427 251.142 279.427 352.927 236.888 352.927
239.608 251.367 281.973 251.367 281.973 352.809 239.608 352.809
243.026 251.435 285.407 251.435 285.407 352.922 243.026 352.922
245.945 250.013 288.327 250.013 288.327 351.302 245.945 351.302
249.060 249.199 291.312 249.199 291.312 350.784 249.060 350.784
251.657 250.318 293.833 250.318 293.833 351.842 251.657 351.842
252.820 249.050 295.217 249.050 295.217 350.652 252.820 350.652
255.460 247.494 298.124 247.494 298.124 349.606 255.460 349.606
258.051 247.751 300.741 247.751 300.741 350.023 258.051 350.023
260.769 245.815 303.452 245.815 303.452 348.487 260.769 348.487
263.612 245.470 306.580 245.470 306.580 347.859 263.612 347.859
265.987 245.932 309.038 245.932 309.038 348.002 265.987 348.002
268.656 244.801 311.846 244.801 311.846 346.603 268.656 346.603
271.997 244.188 315.216 244.188 315.216 345.665 271.997 345.665
274.933 242.648 318.403 242.648 318.403 343.986 274.933 343.986
277.339 241.620 320.719 241.620 320.719 343.282 277.339 343.282
280.686 240.495 323.969 240.495 323.969 341.942 280.686 341.942
291.668 240.889 334.768 240.889 334.768 341.866 291.668 341.866
293.926 241.160 336.987 241.160 336.987 341.675 293.926 341.675
296.665 239.419 339.687 239.419 339.687 339.547 296.665 339.547
299.366 238.203 342.661 238.203 342.661 337.747 299.366 337.747
308.456 240.301 352.116 240.301 352.116 338.880 308.456 338.880
310.307 239.848 353.822 239.848 353.822 337.629 310.307 337.629
312.121 239.424 355.332 239.424 355.332 336.978 312.121 336.978
315.247 239.190 358.477 239.190 358.477 336.196 315.247 336.196
317.802 238.341 361.151 238.341 361.151 334.674 317.802 334.674
321.340 237.882 364.468 237.882 364.468 334.228 321.340 334.228
324.760 238.095 367.771 238.095 367.771 334.246 324.760 334.246
327.965 238.230 370.833 238.230 370.833 333.997 327.965 333.997
331.918 237.549 374.735 237.549 374.735 333.221 331.918 333.221
335.084 237.879 377.797 237.879 377.797 333.154 335.084 333.154
337.614 238.376 380.256 238.376 380.256 333.445 337.614 333.445
340.090 236.651 382.656 236.651 382.656 331.489 340.090 331.489
342.380 236.155 384.767 236.155 384.767 330.999 342.380 330.999
344.003 236.338 386.329 236.338 386.329 330.613 344.003 330.613
347.041 235.989 389.152 235.989 389.152 329.832 347.041 329.832
348.982 235.862 390.907 235.862 390.907 329.234 348.982 329.234
350.909 235.757 392.423 235.757 392.423 329.177 350.909 329.177
353.057 233.886 394.189 233.886 394.189 327.372 353.057 327.372
355.701 232.925 396.183 232.925 396.183 326.346 355.701 326.346
358.135 232.047 398.253 232.047 398.253 325.000 358.135 325.000
364.032 230.224 403.341 230.224 403.341 323.801 364.032 323.801
367.898 231.248 406.600 231.248 406.600 325.046 367.898 325.046
370.744 229.586 408.741 229.586 408.741 323.807 370.744 323.807
372.482 229.705 410.116 229.705 410.116 323.961 372.482 323.961
374.456 229.381 411.718 229.381 411.718 323.346 374.456 323.346
376.565 227.816 413.510 227.816 413.510 321.549 376.565 321.549
378.474 226.583 415.058 226.583 415.058 320.590 378.474 320.590
379.695 226.167 416.048 226.167 416.048 320.568 379.695 320.568
381.504 226.381 417.737 226.381 417.737 320.778 381.504 320.778
383.949 226.834 419.923 226.834 419.923 320.676 383.949 320.676
385.423 225.489 421.399 225.489 421.399 319.050 385.423 319.050
387.975 225.428 423.849 225.428 423.849 318.159 387.975 318.159
389.124 225.523 424.994 225.523 424.994 318.503 389.124 318.503
390.767 224.322 426.516 224.322 426.516 317.315 390.767 317.315
392.059 223.810 427.702 223.810 427.702 317.277 392.059 317.277
394.455 223.955 430.139 223.955 430.139 317.031 394.455 317.031
395.802 223.392 431.436 223.392 431.436 316.516 395.802 316.516
396.573 222.248 432.129 222.248 432.129 315.489 396.573 315.489
398.589 221.316 434.260 221.316 434.260 314.086 398.589 314.086
400.147 222.059 435.922 222.059 435.922 314.441 400.147 314.441
401.587 221.667 437.397 221.667 437.397 313.924 401.587 313.924
403.010 222.138 438.615 222.138 438.615 314.294 403.010 314.294
404.237 220.926 439.880 220.926 439.880 312.752 404.237 312.752
406.412 220.905 441.934 220.905 441.934 312.540 406.412 312.540
408.108 219.994 443.529 219.994 443.529 311.798 408.108 311.798
410.246 219.017 445.521 219.017 445.521 310.904 410.246 310.904
410.515 218.914 445.739 218.914 445.739 310.953 410.515 310.953
412.198 217.613 447.479 217.613 447.479 309.095 412.198 309.095
413.843 218.479 449.125 218.479 449.125 309.684 413.843 309.684
415.155 218.719 450.510 218.719 450.510 309.442 415.155 309.442
416.267 216.942 451.584 216.942 451.584 307.331 416.267 307.331
417.893 217.308 452.943 217.308 452.943 307.507 417.893 307.507
418.693 217.414 453.779 217.414 453.779 307.241 418.693 307.241
420.206 216.205 455.145 216.205 455.145 305.644 420.206 305.644
422.126 217.772 457.012 217.772 457.012 306.774 422.126 306.774
422.342 216.467 457.156 216.467 457.156 304.746 422.342 304.746
423.144 216.071 457.877 216.071 457.877 304.166 423.144 304.166
424.691 216.226 459.278 216.226 459.278 303.977 424.691 303.977
425.335 214.739 459.985 214.739 459.985 302.102 425.335 302.102
425.585 214.120 459.987 214.120 459.987 302.295 425.585 302.295
427.111 213.081 461.509 213.081 461.509 301.546 427.111 301.546
427.852 213.455 462.053 213.455 462.053 302.215 427.852 302.215
427.406 210.746 461.591 210.746 461.591 299.535 427.406 299.535
427.726 211.653 461.746 211.653 461.746 300.493 427.726 300.493
427.755 211.061 461.702 211.061 461.702 299.560 427.755 299.560
428.288 208.954 462.129 208.954 462.129 297.569 428.288 297.569
428.202 209.168 462.094 209.168 462.094 297.776 428.202 297.776
428.035 207.114 461.949 207.114 461.949 295.808 428.035 295.808
428.810 206.857 462.738 206.857 462.738 295.668 428.810 295.668
428.872 206.430 462.760 206.430 462.760 294.966 428.872 294.966
428.846 206.514 462.783 206.514 462.783 295.124 428.846 295.124
429.190 205.222 463.065 205.222 463.065 293.786 429.190 293.786
429.580 205.037 463.311 205.037 463.311 293.753 429.580 293.753
429.698 205.449 463.393 205.449 463.393 294.218 429.698 294.218
430.176 205.123 463.794 205.123 463.794 293.786 430.176 293.786
430.697 204.755 464.323 204.755 464.323 293.137 430.697 293.137
431.224 205.557 464.818 205.557 464.818 293.994 431.224 293.994
431.710 204.618 465.111 204.618 465.111 293.039 431.710 293.039
431.307 203.984 464.679 203.984 464.679 292.131 431.307 292.131
432.105 203.457 465.265 203.457 465.265 291.351 432.105 291.351
432.230 203.829 465.220 203.829 465.220 291.585 432.230 291.585
431.978 205.194 464.692 205.194 464.692 295.100 431.978 295.100
431.707 237.812 464.584 237.812 464.584 328.814 431.707 328.814
431.849 248.199 464.222 248.199 464.222 341.049 431.849 341.049
431.590 265.134 464.054 265.134 464.054 359.905 431.590 359.905
432.433 270.839 465.208 270.839 465.208 365.280 432.433 365.280
431.507 269.217 464.443 269.217 464.443 363.634 431.507 363.634
431.879 267.552 464.868 267.552 464.868 362.242 431.879 362.242
432.050 271.890 465.390 271.890 465.390 365.394 432.050 365.394
431.460 270.504 464.891 270.504 464.891 363.589 431.460 363.589
431.157 268.984 464.703 268.984 464.703 361.996 431.157 361.996
431.096 267.826 464.773 267.826 464.773 360.449 431.096 360.449
430.821 272.667 464.821 272.667 464.821 364.375 430.821 364.375
431.184 274.694 465.686 274.694 465.686 364.908 431.184 364.908
430.205 274.427 464.858 274.427 464.858 363.893 430.205 363.893
429.977 274.970 464.743 274.970 464.743 363.668 429.977 363.668
428.483 273.836 463.307 273.836 463.307 361.898 428.483 361.898
428.344 274.682 463.053 274.682 463.053 362.328 428.344 362.328
427.866 274.333 462.587 274.333 462.587 361.630 427.866 361.630
427.554 276.481 462.079 276.481 462.079 365.673 427.554 365.673
428.247 287.109 462.370 287.109 462.370 378.117 428.247 378.117
428.379 306.908 461.633 306.908 461.633 400.645 428.379 400.645
428.935 335.436 461.652 335.436 461.652 431.340 428.935 431.340
427.403 349.197 460.385 349.197 460.385 446.316 427.403 446.316
426.552 350.784 459.632 350.784 459.632 448.647 426.552 448.647
424.845 352.557 458.421 352.557 458.421 450.485 424.845 450.485
423.205 351.963 457.520 351.963 457.520 449.128 423.205 449.128
422.441 354.021 456.873 354.021 456.873 450.859 422.441 450.859
421.056 354.098 455.901 354.098 455.901 450.460 421.056 450.460
420.229 354.805 455.105 354.805 455.105 450.613 420.229 450.613
420.959 356.072 455.970 356.072 455.970 449.924 420.959 449.924
419.421 355.788 454.302 355.788 454.302 448.362 419.421 448.362
419.167 356.595 454.031 356.595 454.031 447.670 419.167 447.670
418.507 357.291 453.187 357.291 453.187 447.081 418.507 447.081
418.351 357.591 452.838 357.591 452.838 446.131 418.351 446.131
416.778 357.212 451.075 357.212 451.075 444.530 416.778 444.530
417.083 357.335 451.114 357.335 451.114 443.798 417.083 443.798
416.395 357.417 450.049 357.417 450.049 443.370 416.395 443.370
416.170 356.920 449.473 356.920 449.473 442.100 416.170 442.100
416.751 357.608 449.815 357.608 449.815 442.213 416.751 442.213
415.498 357.488 448.298 357.488 448.298 441.686 415.498 441.686
415.736 356.088 448.374 356.088 448.374 439.838 415.736 439.838
415.419 356.221 447.973 356.221 447.973 439.596 415.419 439.596
415.171 355.596 447.674 355.596 447.674 438.634 415.171 438.634
414.254 356.837 446.727 356.837 446.727 439.222 414.254 439.222
413.906 355.728 446.280 355.728 446.280 437.746 413.906 437.746
413.119 354.597 445.387 354.597 445.387 436.212 413.119 436.212
411.951 355.117 444.189 355.117 444.189 436.230 411.951 436.230
411.816 355.842 443.924 355.842 443.924 436.550 411.816 436.550
411.548 354.629 443.679 354.629 443.679 434.712 411.548 434.712
409.968 355.216 442.113 355.216 442.113 435.079 409.968 435.079
409.846 355.957 441.859 355.957 441.859 435.755 409.846 435.755
409.355 354.252 441.270 354.252 441.270 433.876 409.355 433.876
407.796 354.467 439.801 354.467 439.801 433.993 407.796 433.993
406.928 355.900 438.956 355.900 438.956 435.418 406.928 435.418
406.715 352.996 438.767 352.996 438.767 432.482 406.715 432.482
405.780 355.415 437.935 355.415 437.935 434.981 405.780 434.981
406.372 350.604 438.412 350.604 438.412 430.264 406.372 430.264
403.525 354.139 435.714 354.139 435.714 433.882 403.525 433.882
403.669 351.240 435.784 351.240 435.784 431.142 403.669 431.142
401.997 352.479 434.189 352.479 434.189 432.520 401.997 432.520
400.732 350.558 432.859 350.558 432.859 430.296 400.732 430.296
400.219 352.469 432.205 352.469 432.205 431.848 400.219 431.848
399.614 351.720 431.571 351.720 431.571 430.835 399.614 430.835
398.122 350.862 429.989 350.862 429.989 430.078 398.122 430.078
397.787 351.048 429.495 351.048 429.495 430.265 397.787 430.265
395.810 350.341 427.475 350.341 427.475 429.762 395.810 429.762
395.444 351.355 427.130 351.355 427.130 430.633 395.444 430.633
394.243 349.304 425.800 349.304 425.800 428.529 394.243 428.529
393.950 351.233 425.390 351.233 425.390 430.389 393.950 430.389
393.359 347.378 424.535 347.378 424.535 426.340 393.359 426.340
391.769 349.762 422.823 349.762 422.823 428.442 391.769 428.442
391.355 348.107 422.277 348.107 422.277 426.590 391.355 426.590
390.181 349.758 421.006 349.758 421.006 427.883 390.181 427.883
390.900 348.435 421.612 348.435 421.612 426.101 390.900 426.101
389.610 348.292 420.191 348.292 420.191 425.570 389.610 425.570
388.831 348.439 419.267 348.439 419.267 425.457 388.831 425.457
387.774 346.805 418.078 346.805 418.078 423.718 387.774 423.718
387.196 346.869 417.217 346.869 417.217 423.407 387.196 423.407
387.499 347.823 417.272 347.823 417.272 423.826 387.499 423.826
386.576 346.981 416.084 346.981 416.084 422.786 386.576 422.786
385.969 348.373 415.306 348.373 415.306 424.027 385.969 424.027
386.215 346.828 415.282 346.828 415.282 422.688 386.215 422.688
385.217 345.398 414.134 345.398 414.134 421.320 385.217 421.320
384.015 347.009 412.925 347.009 412.925 422.832 384.015 422.832
384.680 344.736 413.410 344.736 413.410 420.423 384.680 420.423
383.473 346.675 412.075 346.675 412.075 422.254 383.473 422.254
383.792 344.846 412.257 344.846 412.257 420.197 383.792 420.197
383.239 345.658 411.480 345.658 411.480 421.083 383.239 421.083
382.410 345.479 410.420 345.479 410.420 421.138 382.410 421.138
381.901 344.398 409.869 344.398 409.869 419.915 381.901 419.915
382.159 345.515 410.069 345.515 410.069 420.997 382.159 420.997
381.441 343.968 409.284 343.968 409.284 419.200 381.441 419.200
381.353 344.182 409.135 344.182 409.135 419.412 381.353 419.412
380.421 343.651 408.216 343.651 408.216 418.749 380.421 418.749
380.389 343.906 408.285 343.906 408.285 418.658 380.389 418.658
379.182 341.971 406.995 341.971 406.995 416.676 379.182 416.676
378.311 343.728 406.290 343.728 406.290 417.988 378.311 417.988
378.661 343.056 406.645 343.056 406.645 417.165 378.661 417.165
377.526 343.888 405.626 343.888 405.626 417.790 377.526 417.790
377.251 342.652 405.306 342.652 405.306 416.569 377.251 416.569
377.225 342.519 405.206 342.519 405.206 416.525 377.225 416.525
376.968 340.836 404.934 340.836 404.934 414.713 376.968 414.713
375.865 342.068 403.849 342.068 403.849 415.912 375.865 415.912
375.665 341.041 403.644 341.041 403.644 414.966 375.665 414.966
374.977 341.892 403.022 341.892 403.022 415.484 374.977 415.484
375.270 341.831 403.101 341.831 403.101 415.228 375.270 415.228
375.278 340.844 402.979 340.844 402.979 414.155 375.278 414.155
375.044 340.561 402.591 340.561 402.591 413.827 375.044 413.827
374.491 340.166 402.055 340.166 402.055 413.263 374.491 413.263
374.623 341.659 402.152 341.659 402.152 414.618 374.623 414.618
374.531 338.520 401.818 338.520 401.818 411.523 374.531 411.523
375.116 340.539 402.343 340.539 402.343 413.328 375.116 413.328
374.219 338.864 401.425 338.864 401.425 411.556 374.219 411.556
375.059 339.820 402.189 339.820 402.189 412.486 375.059 412.486
375.238 339.202 402.343 339.202 402.343 411.667 375.238 411.667
375.774 338.741 402.685 338.741 402.685 411.036 375.774 411.036
376.154 338.692 402.860 338.692 402.860 410.918 376.154 410.918
376.185 337.937 402.777 337.937 402.777 410.238 376.185 410.238
376.660 338.659 403.138 338.659 403.138 410.795 376.660 410.795
376.810 337.715 403.138 337.715 403.138 409.844 376.810 409.844
377.290 336.996 403.495 336.996 403.495 409.013 377.290 409.013
378.051 337.357 404.230 337.357 404.230 409.168 378.051 409.168
378.460 336.780 404.533 336.780 404.533 408.625 378.460 408.625
377.696 336.487 403.780 336.487 403.780 408.174 377.696 408.174
378.358 336.090 404.384 336.090 404.384 407.543 378.358 407.543
378.482 335.747 404.291 335.747 404.291 407.309 378.482 407.309
378.889 335.844 404.675 335.844 404.675 407.291 378.889 407.291
378.337 335.793 404.069 335.793 404.069 407.114 378.337 407.114
378.558 336.275 404.222 336.275 404.222 407.425 378.558 407.425
379.013 336.415 404.653 336.415 404.653 407.562 379.013 407.562
378.931 335.390 404.551 335.390 404.551 406.329 378.931 406.329
377.786 336.374 403.434 336.374 403.434 407.252 377.786 407.252
378.066 333.082 403.780 333.082 403.780 403.678 378.066 403.678
377.642 337.142 403.429 337.142 403.429 407.685 377.642 407.685
377.117 333.199 402.830 333.199 402.830 403.977 377.117 403.977
377.512 336.354 403.296 336.354 403.296 406.992 377.512 406.992
377.226 331.540 403.062 331.540 403.062 402.177 377.226 402.177
376.529 337.369 402.394 337.369 402.394 407.972 376.529 407.972
376.526 331.100 402.330 331.100 402.330 401.611 376.526 401.611
375.565 337.061 401.636 337.061 401.636 407.177 375.565 407.177
375.696 331.921 401.714 331.921 401.714 402.025 375.696 402.025
373.630 336.419 399.883 336.419 399.883 406.390 373.630 406.390
374.531 332.162 400.733 332.162 400.733 402.145 374.531 402.145
373.335 336.862 399.650 336.862 399.650 406.821 373.335 406.821
373.626 331.806 399.701 331.806 399.701 401.710 373.626 401.710
373.254 335.463 399.285 335.463 399.285 405.438 373.254 405.438
373.075 331.546 399.037 331.546 399.037 401.391 373.075 401.391
371.786 334.297 397.940 334.297 397.940 403.766 371.786 403.766
373.167 332.178 399.225 332.178 399.225 401.459 373.167 401.459
372.343 333.148 398.403 333.148 398.403 402.573 372.343 402.573
372.158 331.722 398.116 331.722 398.116 400.959 372.158 400.959
372.337 334.239 398.303 334.239 398.303 403.287 372.337 403.287
371.957 330.957 397.758 330.957 397.758 399.860 371.957 399.860
372.452 333.143 398.178 333.143 398.178 401.898 372.452 401.898
372.578 330.071 398.225 330.071 398.225 398.833 372.578 398.833
372.457 331.841 398.060 331.841 398.060 400.694 372.457 400.694
372.462 330.634 398.049 330.634 398.049 399.429 372.462 399.429
372.810 331.006 398.281 331.006 398.281 399.742 372.810 399.742
372.999 330.373 398.434 330.373 398.434 398.918 372.999 398.918
373.355 331.578 398.577 331.578 398.577 400.087 373.355 400.087
373.099 328.837 398.223 328.837 398.223 397.181 373.099 397.181
372.932 330.344 398.029 330.344 398.029 398.635 372.932 398.635
373.558 328.989 398.556 328.989 398.556 397.348 373.558 397.348
373.568 330.647 398.683 330.647 398.683 398.967 373.568 398.967
374.176 328.155 399.050 328.155 399.050 396.848 374.176 396.848
373.045 329.206 398.005 329.206 398.005 397.822 373.045 397.822
373.801 328.314 398.701 328.314 398.701 396.886 373.801 396.886
374.371 327.973 399.246 327.973 399.246 396.238 374.371 396.238
373.931 328.753 398.870 328.753 398.870 396.793 373.931 396.793
373.642 329.160 398.556 329.160 398.556 396.939 373.642 396.939
374.087 328.224 398.810 328.224 398.810 395.648 374.087 395.648
373.427 327.940 398.133 327.940 398.133 395.306 373.427 395.306
374.419 328.329 399.026 328.329 399.026 395.669 374.419 395.669
373.589 327.023 398.084 327.023 398.084 394.197 373.589 394.197
373.406 329.191 397.967 329.191 397.967 396.322 373.406 396.322
373.137 326.363 397.668 326.363 397.668 393.280 373.137 393.280
373.782 329.336 398.393 329.336 398.393 396.027 373.782 396.027
373.618 326.656 398.099 326.656 398.099 393.078 373.618 393.078
373.990 329.375 398.516 329.375 398.516 395.722 373.990 395.722
373.122 324.514 397.610 324.514 397.610 390.842 373.122 390.842
373.404 329.243 397.856 329.243 397.856 395.509 373.404 395.509
374.248 324.125 398.553 324.125 398.553 390.272 374.248 390.272
373.520 328.747 397.821 328.747 397.821 395.049 373.520 395.049
373.860 323.279 398.044 323.279 398.044 389.717 373.860 389.717
374.172 327.336 398.366 327.336 398.366 393.923 374.172 393.923
375.097 324.348 399.153 324.348 399.153 391.234 375.097 391.234
375.110 326.712 399.273 326.712 399.273 393.575 375.110 393.575
375.192 323.837 399.366 323.837 399.366 390.894 375.192 390.894
375.706 326.516 399.880 326.516 399.880 393.575 375.706 393.575
376.833 324.357 400.970 324.357 400.970 391.525 376.833 391.525
376.679 325.657 400.911 325.657 400.911 392.707 376.679 392.707
377.850 322.770 402.172 322.770 402.172 389.647 377.850 389.647
377.968 324.604 402.414 324.604 402.414 391.332 377.968 391.332
378.898 323.980 403.390 323.980 403.390 390.533 378.898 390.533
379.272 324.607 403.705 324.607 403.705 391.170 379.272 391.170
380.266 324.831 404.609 324.831 404.609 391.437 380.266 391.437
380.802 321.166 405.023 321.166 405.023 387.840 380.802 387.840
381.112 325.002 405.271 325.002 405.271 392.060 381.112 392.060
381.778 320.620 405.836 320.620 405.836 387.843 381.778 387.843
382.248 324.020 406.251 324.020 406.251 391.236 382.248 391.236
382.560 322.645 406.523 322.645 406.523 389.456 382.560 389.456
382.910 323.111 406.828 323.111 406.828 389.939 382.910 389.939
383.031 323.962 407.081 323.962 407.081 390.861 383.031 390.861
383.704 321.895 407.629 321.895 407.629 388.848 383.704 388.848
383.939 323.142 407.834 323.142 407.834 390.094 383.939 390.094
383.927 320.765 407.784 320.765 407.784 387.517 383.927 387.517
383.921 322.776 407.705 322.776 407.705 389.434 383.921 389.434
384.436 320.716 408.187 320.716 408.187 387.385 384.436 387.385
384.399 321.600 408.157 321.600 408.157 388.153 384.399 388.153
384.560 321.576 408.253 321.576 408.253 387.906 384.560 387.906
384.971 320.769 408.670 320.769 408.670 386.758 384.971 386.758
384.758 320.585 408.425 320.585 408.425 386.432 384.758 386.432
385.115 321.213 408.733 321.213 408.733 386.876 385.115 386.876
385.032 319.938 408.659 319.938 408.659 385.317 385.032 385.317
384.846 321.570 408.460 321.570 408.460 387.001 384.846 387.001
385.266 318.889 408.844 318.889 408.844 384.275 385.266 384.275
385.108 321.146 408.699 321.146 408.699 386.263 385.108 386.263
384.942 317.900 408.458 317.900 408.458 383.100 384.942 383.100
384.695 321.193 408.193 321.193 408.193 386.342 384.695 386.342
385.036 317.680 408.564 317.680 408.564 382.720 385.036 382.720
384.780 321.570 408.367 321.570 408.367 386.533 384.780 386.533
385.630 317.597 409.127 317.597 409.127 382.546 385.630 382.546
385.342 320.168 408.854 320.168 408.854 385.104 385.342 385.104
385.640 318.412 409.114 318.412 409.114 383.041 385.640 383.041
385.560 319.739 408.966 319.739 408.966 384.259 385.560 384.259
385.949 317.816 409.323 317.816 409.323 382.102 385.949 382.102
385.302 319.800 408.668 319.800 408.668 383.868 385.302 383.868
386.438 317.199 409.778 317.199 409.778 381.073 386.438 381.073
385.771 318.523 409.096 318.523 409.096 382.227 385.771 382.227
386.892 317.966 410.276 317.966 410.276 381.855 386.892 381.855
386.992 319.600 410.469 319.600 410.469 383.533 386.992 383.533
388.125 317.817 411.570 317.817 411.570 381.723 388.125 381.723
387.576 319.168 411.007 319.168 411.007 383.252 387.576 383.252
388.496 318.057 412.001 318.057 412.001 382.163 388.496 382.163
389.189 318.392 412.708 318.392 412.708 382.525 389.189 382.525
389.222 317.428 412.750 317.428 412.750 381.623 389.222 381.623
389.771 317.756 413.262 317.756 413.262 382.046 389.771 382.046
390.184 315.769 413.638 315.769 413.638 380.031 390.184 380.031
390.231 317.722 413.662 317.722 413.662 382.048 390.231 382.048
391.193 316.104 414.444 316.104 414.444 380.659 391.193 380.659
391.121 317.833 414.388 317.833 414.388 382.047 391.121 382.047
392.101 314.886 415.314 314.886 415.314 378.987 392.101 378.987
392.222 317.365 415.403 317.365 415.403 381.345 392.222 381.345
393.043 314.124 416.057 314.124 416.057 378.195 393.043 378.195
392.649 316.621 415.645 316.621 415.645 380.398 392.649 380.398
393.385 315.219 416.295 315.219 416.295 379.015 393.385 379.015
393.873 315.555 416.650 315.555 416.650 379.347 393.873 379.347
394.198 314.494 416.872 314.494 416.872 378.154 394.198 378.154
394.252 314.831 416.898 314.831 416.898 378.290 394.252 378.290
394.633 314.982 417.250 314.982 417.250 378.067 394.633 378.067
394.822 313.504 417.283 313.504 417.283 376.472 394.822 376.472
394.137 314.976 416.626 314.976 416.626 378.011 394.137 378.011
394.914 312.936 417.349 312.936 417.349 375.938 394.914 375.938
394.245 314.674 416.769 314.674 416.769 377.320 394.245 377.320
394.972 313.568 417.412 313.568 417.412 376.001 394.972 376.001
394.961 314.206 417.332 314.206 417.332 376.391 394.961 376.391
394.972 313.300 417.307 313.300 417.307 375.239 394.972 375.239
394.724 314.088 417.169 314.088 417.169 375.733 394.724 375.733
395.198 313.156 417.683 313.156 417.683 374.661 395.198 374.661
395.286 313.169 417.809 313.169 417.809 374.564 395.286 374.564
395.663 314.303 418.244 314.303 418.244 375.610 395.663 375.610
395.747 313.971 418.375 313.971 418.375 375.189 395.747 375.189
395.778 313.492 418.321 313.492 418.321 374.703 395.778 374.703
396.201 314.742 418.762 314.742 418.762 375.931 396.201 375.931
396.178 312.835 418.710 312.835 418.710 374.088 396.178 374.088
397.414 314.743 419.952 314.743 419.952 376.061 397.414 376.061
396.804 312.760 419.338 312.760 419.338 374.226 396.804 374.226
397.762 312.963 420.360 312.963 420.360 374.638 397.762 374.638
397.346 313.242 419.990 313.242 419.990 375.015 397.346 375.015
