158.000 130.000 183.000 130.000 183.000 193.000 158.000 193.000
158.815 130.606 183.774 130.606 183.774 193.707 158.815 193.707
158.155 128.835 183.086 128.835 183.086 191.955 158.155 191.955
158.465 131.227 183.515 131.227 183.515 194.454 158.465 194.454
158.183 130.587 183.306 130.587 183.306 193.763 158.183 193.763
157.869 132.529 182.966 132.529 182.966 195.606 157.869 195.606
157.099 134.015 182.192 134.015 182.192 197.374 157.099 197.374
156.763 130.882 181.866 130.882 181.866 194.017 156.763 194.017
157.012 133.843 182.210 133.843 182.210 197.055 157.012 197.055
156.500 130.475 181.615 130.475 181.615 193.677 156.500 193.677
155.993 133.115 181.060 133.115 181.060 196.337 155.993 196.337
155.677 128.901 180.599 128.901 180.599 191.987 155.677 191.987
155.097 133.354 180.089 133.354 180.089 196.533 155.097 196.533
155.066 130.637 180.002 130.637 180.002 193.908 155.066 193.908
153.905 135.136 179.070 135.136 179.070 198.397 153.905 198.397
153.424 131.461 178.747 131.461 178.747 194.909 153.424 194.909
152.441 135.784 178.057 135.784 178.057 199.321 152.441 199.321
152.201 132.418 177.773 132.418 177.773 195.986 152.201 195.986
151.248 137.250 176.942 137.250 176.942 201.032 151.248 201.032
150.793 130.980 176.417 130.980 176.417 194.993 150.793 194.993
149.791 135.423 175.541 135.423 175.541 199.443 149.791 199.443
149.764 130.765 175.459 130.765 175.459 194.651 149.764 194.651
148.935 135.676 174.749 135.676 174.749 199.755 148.935 199.755
148.430 134.588 174.160 134.588 174.160 198.977 148.430 198.977
148.913 135.778 174.724 135.778 174.724 200.207 148.913 200.207
148.109 136.755 173.897 136.755 173.897 201.161 148.109 201.161
147.124 136.903 172.899 136.903 172.899 201.261 147.124 201.261
146.990 136.214 172.682 136.214 172.682 200.342 146.990 200.342
147.001 134.195 172.603 134.195 172.603 197.764 147.001 197.764
145.971 135.822 171.686 135.822 171.686 199.321 145.971 199.321
145.291 136.262 170.972 136.262 170.972 199.899 145.291 199.899
145.277 137.022 170.897 137.022 170.897 200.924 145.277 200.924
144.498 138.228 170.064 138.228 170.064 202.168 144.498 202.168
143.677 139.381 169.334 139.381 169.334 203.231 143.677 203.231
143.192 138.892 168.974 138.892 168.974 202.769 143.192 202.769
142.097 137.719 168.026 137.719 168.026 201.723 142.097 201.723
141.840 138.955 167.847 138.955 167.847 202.814 141.840 202.814
140.952 135.647 166.997 135.647 166.997 199.517 140.952 199.517
140.797 138.334 166.947 138.334 166.947 202.253 140.797 202.253
140.279 137.408 166.407 137.408 166.407 201.835 140.279 201.835
140.033 138.140 165.940 138.140 165.940 203.317 140.033 203.317
140.169 138.752 166.034 138.752 166.034 204.421 140.169 204.421
140.253 141.227 166.087 141.227 166.087 207.468 140.253 207.468
139.897 139.050 165.561 139.050 165.561 205.670 139.897 205.670
139.498 140.923 165.153 140.923 165.153 208.029 139.498 208.029
139.813 137.363 165.520 137.363 165.520 204.286 139.813 204.286
139.681 138.406 165.457 138.406 165.457 205.393 139.681 205.393
139.195 139.457 164.899 139.457 164.899 206.819 139.195 206.819
138.789 139.301 164.559 139.301 164.559 207.050 138.789 207.050
138.377 141.106 164.270 141.106 164.270 209.023 138.377 209.023
137.249 141.038 163.316 141.038 163.316 209.157 137.249 209.157
137.188 142.412 163.415 142.412 163.415 210.459 137.188 210.459
137.186 141.920 163.565 141.920 163.565 209.965 137.186 209.965
135.394 142.347 161.820 142.347 161.820 210.265 135.394 210.265
135.354 138.792 161.748 138.792 161.748 206.939 135.354 206.939
135.197 143.894 161.787 143.894 161.787 212.043 135.197 212.043
134.865 139.254 161.273 139.254 161.273 207.947 134.865 207.947
134.714 141.953 161.138 141.953 161.138 210.928 134.714 210.928
133.345 142.717 159.917 142.717 159.917 212.087 133.345 212.087
134.231 143.823 160.968 143.823 160.968 213.204 134.231 213.204
133.628 143.772 160.316 143.772 160.316 213.241 133.628 213.241
133.520 144.648 160.317 144.648 160.317 214.106 133.520 214.106
133.576 143.115 160.471 143.115 160.471 212.603 133.576 212.603
135.171 143.817 162.188 143.817 162.188 212.754 135.171 212.754
168.118 143.528 195.218 143.528 195.218 211.540 168.118 211.540
189.545 142.198 217.339 142.198 217.339 209.441 189.545 209.441
192.283 144.318 220.256 144.318 220.256 212.170 192.283 212.170
191.177 144.008 219.133 144.008 219.133 212.179 191.177 212.179
190.956 145.440 218.946 145.440 218.946 213.396 190.956 213.396
189.718 144.338 217.797 144.338 217.797 212.571 189.718 212.571
188.757 146.244 216.996 146.244 216.996 214.642 188.757 214.642
188.008 146.283 216.375 146.283 216.375 215.011 188.008 215.011
187.621 145.125 215.932 145.125 215.932 213.841 187.621 213.841
187.278 142.476 215.550 142.476 215.550 211.633 187.278 211.633
186.295 142.792 214.468 142.792 214.468 212.533 186.295 212.533
187.514 144.745 215.760 144.745 215.760 214.206 187.514 214.206
185.931 144.404 214.100 144.404 214.100 214.037 185.931 214.037
187.541 148.202 215.629 148.202 215.629 217.702 187.541 217.702
222.018 149.396 250.247 149.396 250.247 218.519 222.018 218.519
242.552 148.682 270.654 148.682 270.654 217.764 242.552 217.764
246.127 144.926 274.261 144.926 274.261 214.079 246.127 214.079
246.759 146.817 274.837 146.817 274.837 216.017 246.759 216.017
246.794 143.669 274.968 143.669 274.968 212.730 246.794 212.730
246.488 145.274 274.682 145.274 274.682 214.545 246.488 214.545
245.218 145.725 273.394 145.725 273.394 215.287 245.218 215.287
246.004 146.136 274.219 146.136 274.219 215.636 246.004 215.636
245.438 148.989 273.656 148.989 273.656 218.750 245.438 218.750
244.296 148.850 272.507 148.850 272.507 218.560 244.296 218.560
243.602 149.925 271.925 149.925 271.925 219.606 243.602 219.606
241.562 148.285 270.008 148.285 270.008 218.035 241.562 218.035
241.971 149.842 270.492 149.842 270.492 219.479 241.971 219.479
240.649 146.813 268.959 146.813 268.959 217.002 240.649 217.002
241.365 148.671 269.825 148.671 269.825 218.975 241.365 218.975
240.261 146.384 268.617 146.384 268.617 216.898 240.261 216.898
240.836 150.242 269.158 150.242 269.158 220.837 240.836 220.837
240.621 149.765 268.733 149.765 268.733 221.103 240.621 221.103
240.268 151.381 268.367 151.381 268.367 222.935 240.268 222.935
239.859 150.433 268.013 150.433 268.013 221.803 239.859 221.803
239.617 152.249 267.784 152.249 267.784 223.748 239.617 223.748
240.673 128.067 268.027 128.067 268.027 200.597 240.673 200.597
239.768 102.143 267.365 102.143 267.365 174.902 239.768 174.902
239.407 86.718 266.914 86.718 266.914 159.510 239.407 159.510
239.198 89.400 266.856 89.400 266.856 162.548 239.198 162.548
238.470 85.399 266.344 85.399 266.344 158.816 238.470 158.816
238.401 91.322 266.232 91.322 266.232 164.743 238.401 164.743
237.450 88.001 265.209 88.001 265.209 161.452 237.450 161.452
236.851 93.807 264.633 93.807 264.633 167.595 236.851 167.595
236.778 90.830 264.574 90.830 264.574 164.887 236.778 164.887
235.873 92.495 263.775 92.495 263.775 166.563 235.873 166.563
235.032 92.542 262.814 92.542 262.814 166.640 235.032 166.640
234.710 91.715 262.600 91.715 262.600 165.566 234.710 165.566
234.499 91.920 262.542 91.920 262.542 165.629 234.499 165.629
233.695 91.978 261.805 91.978 261.805 166.079 233.695 166.079
233.816 92.214 262.128 92.214 262.128 166.381 233.816 166.381
233.357 93.934 261.748 93.934 261.748 168.203 233.357 168.203
233.062 94.941 261.537 94.941 261.537 169.545 233.062 169.545
233.159 95.708 261.702 95.708 261.702 170.510 233.159 170.510
233.077 94.780 261.643 94.780 261.643 169.711 233.077 169.711
232.817 93.779 261.385 93.779 261.385 168.745 232.817 168.745
232.960 94.683 261.672 94.683 261.672 169.759 232.960 169.759
233.734 92.524 262.452 92.524 262.452 167.585 233.734 167.585
233.126 93.928 261.835 93.928 261.835 169.179 233.126 169.179
232.401 92.345 261.164 92.345 261.164 167.670 232.401 167.670
231.955 95.360 260.839 95.360 260.839 170.740 231.955 170.740
232.268 96.044 261.231 96.044 261.231 171.632 232.268 171.632
231.423 97.171 260.610 97.171 260.610 172.954 231.423 172.954
230.856 98.218 260.117 98.218 260.117 174.120 230.856 174.120
230.402 95.985 259.741 95.985 259.741 172.192 230.402 172.192
229.676 97.547 259.234 97.547 259.234 173.693 229.676 173.693
229.437 96.876 259.020 96.876 259.020 173.210 229.437 173.210
229.415 96.019 259.023 96.019 259.023 172.356 229.415 172.356
229.168 97.636 258.818 97.636 258.818 174.292 229.168 174.292
228.697 97.519 258.470 97.519 258.470 174.471 228.697 174.471
228.641 99.341 258.406 99.341 258.406 176.404 228.641 176.404
229.129 97.777 258.979 97.777 258.979 174.974 229.129 174.974
229.626 101.060 259.659 101.060 259.659 178.291 229.626 178.291
229.783 98.244 259.691 98.244 259.691 175.502 229.783 175.502
230.178 98.938 260.058 98.938 260.058 175.867 230.178 175.867
230.266 96.773 260.046 96.773 260.046 173.262 230.266 173.262
230.132 98.513 259.756 98.513 259.756 174.904 230.132 174.904
229.974 99.868 259.449 99.868 259.449 176.100 229.974 176.100
229.562 99.475 259.042 99.475 259.042 175.620 229.562 175.620
229.600 101.027 258.888 101.027 258.888 176.832 229.600 176.832
227.976 104.009 257.284 104.009 257.284 179.582 227.976 179.582
227.727 102.003 257.041 102.003 257.041 177.795 227.727 177.795
227.039 104.079 256.361 104.079 256.361 179.978 227.039 179.978
226.837 102.203 256.291 102.203 256.291 177.987 226.837 177.987
225.866 103.158 255.348 103.158 255.348 179.093 225.866 179.093
225.481 103.008 255.090 103.008 255.090 178.807 225.481 178.807
224.570 102.284 254.271 102.284 254.271 178.266 224.570 178.266
224.719 104.429 254.401 104.429 254.401 181.088 224.719 181.088
224.384 103.809 254.015 103.809 254.015 180.844 224.384 180.844
224.244 105.687 254.058 105.687 254.058 183.235 224.244 183.235
224.316 104.788 254.185 104.788 254.185 182.579 224.316 182.579
224.317 106.229 254.310 106.229 254.310 184.241 224.317 184.241
223.738 104.954 253.711 104.954 253.711 183.231 223.738 183.231
224.426 105.724 254.358 105.724 254.358 183.969 224.426 183.969
223.516 105.441 253.461 105.441 253.461 183.649 223.516 183.649
224.275 104.090 254.161 104.090 254.161 182.005 224.275 182.005
224.205 104.417 253.846 104.417 253.846 182.146 224.205 182.146
224.296 102.963 254.023 102.963 254.023 180.318 224.296 180.318
223.805 106.072 253.580 106.072 253.580 183.683 223.805 183.683
223.615 105.598 253.259 105.598 253.259 183.133 223.615 183.133
222.531 107.739 252.105 107.739 252.105 185.366 222.531 185.366
221.774 108.361 251.455 108.361 251.455 185.938 221.774 185.938
221.230 108.522 250.807 108.522 250.807 186.093 221.230 186.093
220.265 108.125 249.806 108.125 249.806 185.996 220.265 185.996
220.092 107.878 249.740 107.878 249.740 186.175 220.092 186.175
219.069 107.006 248.667 107.006 248.667 185.597 219.069 185.597
218.473 106.608 248.241 106.608 248.241 185.264 218.473 185.264
218.241 106.970 248.185 106.970 248.185 185.926 218.241 185.926
218.378 108.819 248.517 108.819 248.517 188.115 218.378 188.115
218.524 108.971 248.711 108.971 248.711 188.282 218.524 188.282
218.744 111.889 248.958 111.889 248.958 191.429 218.744 191.429
217.752 109.797 248.037 109.797 248.037 189.364 217.752 189.364
217.134 113.746 247.510 113.746 247.510 193.835 217.134 193.835
217.968 109.734 248.561 109.734 248.561 189.673 217.968 189.673
218.461 110.105 249.027 110.105 249.027 190.143 218.461 190.143
217.877 108.519 248.524 108.519 248.524 188.268 217.877 188.268
217.217 111.719 247.997 111.719 247.997 191.815 217.217 191.815
216.897 112.408 247.732 112.408 247.732 192.753 216.897 192.753
216.072 112.382 247.000 112.382 247.000 192.869 216.072 192.869
214.857 115.478 246.080 115.478 246.080 196.247 214.857 196.247
214.051 115.267 245.453 115.267 245.453 196.121 214.051 196.121
212.958 115.459 244.488 115.459 244.488 196.770 212.958 196.770
212.099 115.227 243.844 115.227 243.844 196.537 212.099 196.537
211.810 116.163 243.555 116.163 243.555 197.670 211.810 197.670
211.640 113.166 243.163 113.166 243.163 194.680 211.640 194.680
211.143 115.487 242.794 115.487 242.794 197.059 211.143 197.059
210.902 117.227 242.506 117.227 242.506 199.180 210.902 199.180
210.476 116.672 242.089 116.672 242.089 199.083 210.476 199.083
210.027 117.566 241.745 117.566 241.745 200.411 210.027 200.411
209.987 117.182 241.824 117.182 241.824 200.090 209.987 200.090
209.854 119.473 241.738 119.473 241.738 202.572 209.854 202.572
209.535 120.252 241.565 120.252 241.565 203.241 209.535 203.241
209.716 119.866 241.697 119.866 241.697 202.871 209.716 202.871
210.083 119.108 242.358 119.108 242.358 201.803 210.083 201.803
208.892 116.943 241.070 116.943 241.070 199.176 208.892 199.176
209.273 116.472 241.279 116.472 241.279 198.451 209.273 198.451
209.232 119.344 241.254 119.344 241.254 201.490 209.232 201.490
209.107 118.919 241.059 118.919 241.059 201.383 209.107 201.383
208.426 120.791 240.312 120.791 240.312 203.845 208.426 203.845
208.345 121.255 240.150 121.255 240.150 204.364 208.345 204.364
207.991 122.728 239.836 122.728 239.836 205.587 207.991 205.587
208.012 122.833 239.728 122.833 239.728 205.523 208.012 205.523
207.448 122.776 239.111 122.776 239.111 205.662 207.448 205.662
207.335 121.082 239.037 121.082 239.037 203.493 207.335 203.493
207.100 120.486 238.863 120.486 238.863 202.487 207.100 202.487
207.392 120.066 239.237 120.066 239.237 202.116 207.392 202.116
207.277 120.538 239.282 120.538 239.282 202.683 207.277 202.683
207.717 121.911 239.849 121.911 239.849 204.548 207.717 204.548
208.067 122.379 240.437 122.379 240.437 205.032 208.067 205.032
208.598 124.992 241.136 124.992 241.136 208.029 208.598 208.029
209.167 124.786 241.797 124.786 241.797 208.120 209.167 208.120
209.636 124.972 242.375 124.972 242.375 208.312 209.636 208.312
210.196 121.035 243.040 121.035 243.040 204.373 210.196 204.373
209.994 120.909 242.867 120.909 242.867 204.180 209.994 204.180
210.240 120.099 243.153 120.099 243.153 203.581 210.240 203.581
209.857 122.765 242.787 122.765 242.787 206.423 209.857 206.423
210.359 123.957 243.400 123.957 243.400 208.161 210.359 208.161
210.592 125.781 243.769 125.781 243.769 210.365 210.592 210.365
210.352 127.206 243.685 127.206 243.685 212.045 210.352 212.045
209.885 127.727 243.210 127.727 243.210 212.626 209.885 212.626
210.135 129.501 243.481 129.501 243.481 214.209 210.135 214.209
208.983 127.882 242.224 127.882 242.224 212.431 208.983 212.431
209.359 130.811 242.551 130.811 242.551 215.514 209.359 215.514
209.391 130.359 242.535 130.359 242.535 214.991 209.391 214.991
209.993 133.037 243.213 133.037 243.213 217.886 209.993 217.886
209.768 134.145 243.126 134.145 243.126 218.932 209.768 218.932
210.256 135.400 243.679 135.400 243.679 220.044 210.256 220.044
209.869 136.135 243.199 136.135 243.199 221.021 209.869 221.021
210.718 135.818 244.066 135.818 244.066 220.764 210.718 220.764
210.696 137.144 244.095 137.144 244.095 222.452 210.696 222.452
211.188 134.704 244.533 134.704 244.533 219.575 211.188 219.575
211.571 134.284 244.752 134.284 244.752 218.770 211.571 218.770
211.132 135.583 244.054 135.583 244.054 220.169 211.132 220.169
211.418 137.569 244.092 137.569 244.092 222.244 211.418 222.244
211.105 137.161 243.530 137.161 243.530 221.949 211.105 221.949
210.919 141.649 243.314 141.649 243.314 226.577 210.919 226.577
210.045 141.522 242.473 141.522 242.473 226.363 210.045 226.363
209.641 142.761 241.946 142.761 241.946 227.545 209.641 227.545
208.681 142.424 240.847 142.424 240.847 227.405 208.681 227.405
208.373 139.649 240.671 139.649 240.671 224.431 208.373 224.431
207.764 139.744 240.147 139.744 240.147 224.281 207.764 224.281
207.553 140.720 239.978 140.720 239.978 225.331 207.553 225.331
207.519 142.256 239.984 142.256 239.984 227.159 207.519 227.159
207.424 142.222 240.062 142.222 240.062 227.332 207.424 227.332
207.847 146.842 240.661 146.842 240.661 231.959 207.847 231.959
208.155 148.196 240.976 148.196 240.976 233.216 208.155 233.216
208.788 148.828 241.497 148.828 241.497 234.545 208.788 234.545
208.883 147.333 241.313 147.333 241.313 233.387 208.883 233.387
208.901 145.937 240.999 145.937 240.999 232.150 208.901 232.150
209.034 143.461 240.839 143.461 240.839 229.968 209.034 229.968
208.967 144.481 240.799 144.481 240.799 231.383 208.967 231.383
208.252 144.295 239.922 144.295 239.922 231.943 208.252 231.943
208.578 146.456 240.260 146.456 240.260 234.546 208.578 234.546
208.474 149.257 240.252 149.257 240.252 237.590 208.474 237.590
208.033 151.405 239.667 151.405 239.667 240.060 208.033 240.060
208.070 153.095 239.772 153.095 239.772 241.726 208.070 241.726
207.042 151.983 238.867 151.983 238.867 240.491 207.042 240.491
206.642 151.669 238.562 151.669 238.562 240.336 206.642 240.336
205.833 153.528 237.721 153.528 237.721 242.150 205.833 242.150
205.363 153.977 237.140 153.977 237.140 242.697 205.363 242.697
205.655 155.179 237.555 155.179 237.555 243.655 205.655 243.655
205.458 155.933 237.263 155.933 237.263 244.327 205.458 244.327
205.627 158.175 237.470 158.175 237.470 246.516 205.627 246.516
204.783 160.977 236.547 160.977 236.547 249.345 204.783 249.345
204.430 159.007 236.069 159.007 236.069 247.116 204.430 247.116
204.819 160.677 236.334 160.677 236.334 249.000 204.819 249.000
204.037 156.765 235.310 156.765 235.310 245.302 204.037 245.302
203.713 154.867 234.830 154.867 234.830 243.503 203.713 243.503
203.285 154.911 234.618 154.911 234.618 243.590 203.285 243.590
202.572 156.188 233.960 156.188 233.960 245.977 202.572 245.977
201.451 159.851 232.828 159.851 232.828 250.820 201.451 250.820
200.599 163.710 232.162 163.710 232.162 255.360 200.599 255.360
199.692 163.725 231.201 163.725 231.201 255.898 199.692 255.898
198.336 160.198 230.059 160.198 230.059 252.972 198.336 252.972
197.435 159.153 229.424 159.153 229.424 252.313 197.435 252.313
196.012 160.839 228.309 160.839 228.309 254.366 196.012 254.366
195.935 158.763 228.464 158.763 228.464 252.723 195.935 252.723
195.185 159.271 227.764 159.271 227.764 253.512 195.185 253.512
194.043 160.227 226.433 160.227 226.433 255.145 194.043 255.145
193.394 161.324 225.753 161.324 225.753 256.935 193.394 256.935
193.174 163.672 225.523 163.672 225.523 259.917 193.174 259.917
192.229 164.841 224.781 164.841 224.781 261.138 192.229 261.138
191.943 165.923 224.620 165.923 224.620 261.709 191.943 261.709
191.451 164.163 224.142 164.163 224.142 259.758 191.451 259.758
190.690 163.653 223.238 163.653 223.238 259.314 190.690 259.314
188.950 163.560 221.629 163.560 221.629 259.102 188.950 259.102
187.199 164.997 219.990 164.997 219.990 260.381 187.199 260.381
185.611 165.376 218.260 165.376 218.260 261.022 185.611 261.022
183.921 167.017 216.634 167.017 216.634 262.710 183.921 262.710
181.888 168.766 214.822 168.766 214.822 264.530 181.888 264.530
179.302 169.401 212.765 169.401 212.765 264.692 179.302 264.692
176.120 170.431 210.027 170.431 210.027 265.185 176.120 265.185
173.139 171.277 207.611 171.277 207.611 264.939 173.139 264.939
172.508 171.484 206.928 171.484 206.928 265.605 172.508 265.605
171.201 169.684 205.452 169.684 205.452 263.825 171.201 263.825
169.147 170.987 203.400 170.987 203.400 264.851 169.147 264.851
168.180 172.586 202.542 172.586 202.542 266.402 168.180 266.402
168.555 172.191 202.890 172.191 202.890 266.180 168.555 266.180
168.802 172.489 203.008 172.489 203.008 267.116 168.802 267.116
169.157 173.220 203.539 173.220 203.539 268.023 169.157 268.023
168.990 173.766 203.468 173.766 203.468 269.641 168.990 269.641
169.438 174.427 204.232 174.427 204.232 271.059 169.438 271.059
169.114 175.671 204.508 175.671 204.508 272.426 169.114 272.426
208.585 134.387 244.902 134.387 244.902 230.223 208.585 230.223
215.770 130.806 253.063 130.806 253.063 225.405 215.770 225.405
240.197 133.876 278.194 133.876 278.194 227.799 240.197 227.799
257.757 130.093 296.215 130.093 296.215 223.202 257.757 223.202
292.504 132.834 331.363 132.834 331.363 226.011 292.504 226.011
318.516 130.035 357.227 130.035 357.227 223.335 318.516 223.335
326.032 134.320 364.565 134.320 364.565 227.967 326.032 227.967
325.602 132.544 364.210 132.544 364.210 226.055 325.602 226.055
325.031 135.823 363.051 135.823 363.051 229.823 325.031 229.823
325.002 133.770 362.627 133.770 362.627 228.343 325.002 228.343
324.051 137.742 361.388 137.742 361.388 232.389 324.051 232.389
322.839 136.898 360.214 136.898 360.214 231.632 322.839 231.632
323.406 137.221 360.697 137.221 360.697 231.816 323.406 231.816
323.027 140.455 359.952 140.455 359.952 235.328 323.027 235.328
322.008 137.894 358.865 137.894 358.865 232.921 322.008 232.921
321.854 140.863 358.290 140.863 358.290 236.210 321.854 236.210
321.750 140.242 357.468 140.242 357.468 236.206 321.750 236.206
321.845 140.370 356.977 140.370 356.977 236.719 321.845 236.719
321.879 140.098 356.645 140.098 356.645 236.423 321.879 236.423
321.843 140.421 356.238 140.421 356.238 236.945 321.843 236.945
352.882 142.236 388.173 142.236 388.173 237.308 352.882 237.308
361.572 143.182 396.589 143.182 396.589 238.419 361.572 238.419
393.094 139.219 428.687 139.219 428.687 233.920 393.094 233.920
328.655 179.703 364.500 179.703 364.500 275.060 328.655 275.060
345.434 177.651 381.286 177.651 381.286 272.893 345.434 272.893
361.574 177.886 397.617 177.886 397.617 272.849 361.574 272.849
386.174 177.913 422.181 177.913 422.181 272.914 386.174 272.914
411.692 178.813 447.900 178.813 447.900 273.895 411.692 273.895
411.997 180.514 448.428 180.514 448.428 275.740 411.997 275.740
405.657 183.857 442.373 183.857 442.373 278.805 405.657 278.805
404.327 186.091 441.632 186.091 441.632 281.555 404.327 281.555
396.922 188.277 434.707 188.277 434.707 284.502 396.922 284.502
394.737 187.650 433.126 187.650 433.126 284.321 394.737 284.321
386.357 187.739 425.675 187.739 425.675 284.269 386.357 284.269
378.794 188.901 418.277 188.901 418.277 285.248 378.794 285.248
379.838 186.469 419.504 186.469 419.504 283.756 379.838 283.756
373.802 187.891 413.287 187.891 413.287 285.948 373.802 285.948
372.730 187.190 411.842 187.190 411.842 286.337 372.730 286.337
365.451 185.039 404.689 185.039 404.689 284.556 365.451 284.556
363.131 186.197 402.480 186.197 402.480 286.390 363.131 286.390
355.867 183.340 395.637 183.340 395.637 284.135 355.867 284.135
355.378 184.047 395.588 184.047 395.588 285.435 355.378 285.435
347.735 183.521 388.372 183.521 388.372 284.887 347.735 284.887
346.875 183.940 387.945 183.940 387.945 285.618 346.875 285.618
338.419 181.678 379.570 181.678 379.570 284.034 338.419 284.034
336.842 182.895 378.210 182.895 378.210 285.737 336.842 285.737
328.990 180.576 371.187 180.576 371.187 283.767 328.990 283.767
329.475 178.995 372.067 178.995 372.067 282.923 329.475 282.923
328.659 181.775 371.686 181.775 371.686 285.988 328.659 285.988
327.906 179.953 371.147 179.953 371.147 284.295 327.906 284.295
326.899 180.577 370.453 180.577 370.453 284.483 326.899 284.483
323.684 179.689 367.179 179.689 367.179 283.559 323.684 283.559
321.094 178.789 364.595 178.789 364.595 282.339 321.094 282.339
318.800 180.306 362.103 180.306 362.103 282.907 318.800 282.907
317.297 180.170 360.691 180.170 360.691 282.164 317.297 282.164
309.776 172.681 352.843 172.681 352.843 275.058 309.776 275.058
339.019 170.405 381.839 170.405 381.839 273.504 339.019 273.504
349.139 170.620 391.030 170.620 391.030 275.697 349.139 275.697
358.976 168.840 401.076 168.840 401.076 274.322 358.976 274.322
357.317 168.866 399.782 168.866 399.782 274.599 357.317 274.599
355.894 171.390 398.603 171.390 398.603 277.075 355.894 277.075
346.226 168.679 389.452 168.679 389.452 273.340 346.226 273.340
344.964 167.880 387.983 167.880 387.983 272.914 344.964 272.914
342.950 168.995 385.263 168.995 385.263 275.291 342.950 275.291
335.464 171.313 378.026 171.313 378.026 277.437 335.464 277.437
334.195 168.944 376.421 168.944 376.421 275.805 334.195 275.805
327.278 169.694 369.461 169.694 369.461 276.692 327.278 276.692
325.591 169.498 367.825 169.498 367.825 276.487 325.591 276.487
322.575 169.535 365.179 169.535 365.179 276.428 322.575 276.428
320.262 169.297 362.882 169.297 362.882 276.649 320.262 276.649
313.143 167.511 356.174 167.511 356.174 273.883 313.143 273.883
356.657 171.133 402.685 171.133 402.685 274.000 356.657 274.000
360.641 176.075 407.002 176.075 407.002 277.302 360.641 277.302
360.653 177.565 406.513 177.565 406.513 277.817 360.653 277.817
358.552 178.219 404.142 178.219 404.142 277.591 358.552 277.591
355.172 179.752 400.662 179.752 400.662 277.675 355.172 277.675
345.649 172.711 391.744 172.711 391.744 268.188 345.649 268.188
338.328 169.266 384.595 169.266 384.595 262.626 338.328 262.626
330.823 177.607 377.349 177.607 377.349 268.976 330.823 268.976
330.514 177.552 376.573 177.552 376.573 267.604 330.514 267.604
329.355 177.737 374.940 177.737 374.940 266.337 329.355 266.337
321.377 181.033 366.163 181.033 366.163 269.595 321.377 269.595
319.335 184.342 363.241 184.342 363.241 273.369 319.335 273.369
309.422 186.878 353.152 186.878 353.152 275.564 309.422 275.564
306.676 189.374 350.050 189.374 350.050 278.090 306.676 278.090
305.007 185.565 347.438 185.565 347.438 275.197 305.007 275.197
301.408 186.168 343.292 186.168 343.292 276.248 301.408 276.248
292.261 180.636 333.489 180.636 333.489 271.289 292.261 271.289
288.467 182.512 329.344 182.512 329.344 273.373 288.467 273.373
285.028 183.565 325.772 183.565 325.772 274.655 285.028 274.655
282.376 184.229 323.063 184.229 323.063 275.496 282.376 275.496
277.571 185.946 318.405 185.946 318.405 276.894 277.571 276.894
273.263 185.220 314.680 185.220 314.680 275.802 273.263 275.802
262.189 181.829 303.209 181.829 303.209 273.106 262.189 273.106
252.925 183.902 294.080 183.902 294.080 275.045 252.925 275.045
249.508 184.963 290.715 184.963 290.715 275.916 249.508 275.916
244.310 184.030 284.810 184.030 284.810 275.750 244.310 275.750
240.076 184.016 280.212 184.016 280.212 276.136 240.076 276.136
235.774 185.630 275.944 185.630 275.944 277.869 235.774 277.869
225.601 185.273 266.236 185.273 266.236 278.148 225.601 278.148
221.256 186.127 262.442 186.127 262.442 279.336 221.256 279.336
216.365 184.733 257.790 184.733 257.790 278.606 216.365 278.606
235.896 182.807 277.643 182.807 277.643 276.157 235.896 276.157
256.218 179.243 298.111 179.243 298.111 272.371 256.218 272.371
267.696 176.743 309.170 176.743 309.170 270.141 267.696 270.141
277.220 176.393 318.305 176.393 318.305 270.080 277.220 270.080
276.483 176.271 316.992 176.271 316.992 270.984 276.483 270.984
272.023 177.814 312.298 177.814 312.298 272.782 272.023 272.782
260.274 178.339 300.331 178.339 300.331 273.516 260.274 273.516
254.678 178.221 294.629 178.221 294.629 273.683 254.678 273.683
243.062 179.003 282.963 179.003 282.963 274.828 243.062 274.828
237.290 182.492 277.441 182.492 277.441 278.349 237.290 278.349
226.253 185.845 266.263 185.845 266.263 281.758 226.253 281.758
221.915 186.578 261.939 186.578 261.939 282.475 221.915 282.475
211.585 180.621 251.620 180.621 251.620 276.777 211.585 276.777
202.720 181.226 243.066 181.226 243.066 277.225 202.720 277.225
197.308 180.798 238.014 180.798 238.014 276.582 197.308 276.582
185.124 185.725 226.204 185.725 226.204 280.763 185.124 280.763
175.131 183.509 216.050 183.509 216.050 278.453 175.131 278.453
165.676 180.200 206.412 180.200 206.412 275.886 165.676 275.886
159.407 181.790 200.319 181.790 200.319 277.880 159.407 277.880
148.210 182.233 188.922 182.233 188.922 278.650 148.210 278.650
142.420 188.727 183.417 188.727 183.417 285.246 142.420 285.246
131.621 186.650 172.655 186.650 172.655 283.645 131.621 283.645
122.549 183.522 163.346 183.522 163.346 280.481 122.549 280.481
113.922 182.638 154.751 182.638 154.751 279.276 113.922 279.276
105.862 185.332 146.910 185.332 146.910 281.576 105.862 281.576
97.094 185.775 138.061 185.775 138.061 281.771 97.094 281.771
