444.000 297.000 477.000 297.000 477.000 386.000 444.000 386.000
444.744 297.961 477.564 297.961 477.564 386.726 444.744 386.726
444.801 295.693 477.455 295.693 477.455 384.391 444.801 384.391
444.342 299.360 477.162 299.360 477.162 387.339 444.342 387.339
444.514 295.832 477.154 295.832 477.154 383.806 444.514 383.806
444.177 296.754 476.817 296.754 476.817 384.285 444.177 384.285
444.663 298.186 477.254 298.186 477.254 385.260 444.663 385.260
444.607 298.561 477.185 298.561 477.185 385.595 444.607 385.595
444.568 298.011 477.146 298.011 477.146 384.789 444.568 384.789
444.501 297.803 477.080 297.803 477.080 384.419 444.501 384.419
444.884 298.155 477.499 298.155 477.499 384.432 444.884 384.432
444.529 297.998 477.201 297.998 477.201 384.009 444.529 384.009
445.481 298.783 478.177 298.783 478.177 384.391 445.481 384.391
445.545 298.010 478.111 298.010 478.111 383.495 445.545 383.495
445.157 298.028 477.577 298.028 477.577 383.609 445.157 383.609
445.340 299.594 477.685 299.594 477.685 385.019 445.340 385.019
445.681 299.456 477.941 299.456 477.941 384.683 445.681 384.683
445.635 299.332 477.747 299.332 477.747 384.803 445.635 384.803
445.073 298.741 477.107 298.741 477.107 384.355 445.073 384.355
445.699 299.065 477.732 299.065 477.732 384.725 445.699 384.725
446.093 298.615 478.126 298.615 478.126 383.916 446.093 383.916
446.716 299.818 478.592 299.818 478.592 385.129 446.716 385.129
445.905 298.028 477.566 298.028 477.566 383.831 445.905 383.831
445.669 298.917 477.255 298.917 477.255 384.717 445.669 384.717
445.918 298.289 477.498 298.289 477.498 384.131 445.918 384.131
445.648 298.672 477.119 298.672 477.119 384.666 445.648 384.666
446.365 298.534 478.112 298.534 478.112 383.967 446.365 383.967
445.859 298.172 477.762 298.172 477.762 383.457 445.859 383.457
445.553 297.716 477.571 297.716 477.571 382.770 445.553 382.770
445.555 299.932 477.744 299.932 477.744 384.241 445.555 384.241
445.778 298.855 477.743 298.855 477.743 383.040 445.778 383.040
445.648 298.039 477.523 298.039 477.523 382.344 445.648 382.344
445.976 299.636 477.981 299.636 477.981 383.524 445.976 383.524
446.000 297.720 478.217 297.720 478.217 381.131 446.000 381.131
445.873 299.612 477.948 299.612 477.948 382.696 445.873 382.696
445.524 298.652 477.713 298.652 477.713 381.230 445.524 381.230
445.913 301.246 477.974 301.246 477.974 383.474 445.913 383.474
445.937 300.759 477.876 300.759 477.876 382.626 445.937 382.626
445.971 300.511 477.841 300.511 477.841 382.258 445.971 382.258
445.821 301.293 477.532 301.293 477.532 382.886 445.821 382.886
444.909 301.013 476.419 301.013 476.419 382.596 444.909 382.596
444.704 302.168 476.052 302.168 476.052 383.607 444.704 383.607
443.706 301.407 475.070 301.407 475.070 382.330 443.706 382.330
443.458 301.525 474.576 301.525 474.576 381.998 443.458 381.998
443.132 301.401 473.882 301.401 473.882 381.712 443.132 381.712
442.421 301.062 472.977 301.062 472.977 381.015 442.421 381.015
441.372 301.350 471.789 301.350 471.789 380.861 441.372 380.861
439.790 301.812 470.137 301.812 470.137 380.713 439.790 380.713
438.989 303.301 469.019 303.301 469.019 381.777 438.989 381.777
438.504 303.619 468.507 303.619 468.507 381.361 438.504 381.361
437.167 302.411 467.076 302.411 467.076 379.630 437.167 379.630
435.821 302.458 465.558 302.458 465.558 378.939 435.821 378.939
435.106 303.642 464.978 303.642 464.978 379.733 435.106 379.733
434.052 304.523 464.010 304.523 464.010 379.927 434.052 379.927
434.037 303.327 463.993 303.327 463.993 378.232 434.037 378.232
433.084 303.707 463.052 303.707 463.052 378.232 433.084 378.232
432.678 303.617 462.746 303.617 462.746 377.754 432.678 377.754
431.916 303.350 461.481 303.350 461.481 377.921 431.916 377.921
431.117 303.534 460.419 303.534 460.419 378.344 431.117 378.344
430.710 302.256 460.116 302.256 460.116 376.959 430.710 376.959
429.598 301.846 459.088 301.846 459.088 376.328 429.598 376.328
429.467 301.087 458.726 301.087 458.726 375.956 429.467 375.956
429.638 301.526 458.925 301.526 458.925 376.565 429.638 376.565
444.114 302.355 472.932 302.355 472.932 378.314 444.114 378.314
445.343 302.974 473.741 302.974 473.741 379.794 445.343 379.794
446.288 301.590 474.582 301.590 474.582 379.125 446.288 379.125
447.162 301.257 475.264 301.257 475.264 379.307 447.162 379.307
448.455 300.939 476.522 300.939 476.522 379.235 448.455 379.235
449.508 299.788 477.511 299.788 477.511 378.331 449.508 378.331
449.700 301.080 477.654 301.080 477.654 379.651 449.700 379.651
450.000 301.794 477.874 301.794 477.874 380.537 450.000 380.537
450.243 302.418 477.980 302.418 477.980 381.345 450.243 381.345
450.760 300.269 478.479 300.269 478.479 379.303 450.760 379.303
451.092 302.044 478.713 302.044 478.713 381.382 451.092 381.382
451.483 299.379 479.083 299.379 479.083 378.720 451.483 378.720
451.717 300.923 479.270 300.923 479.270 380.410 451.717 380.410
451.815 298.748 479.343 298.748 479.343 378.280 451.815 378.280
451.778 301.367 479.298 301.367 479.298 380.889 451.778 380.889
451.890 302.834 479.397 302.834 479.397 382.349 451.890 382.349
451.664 302.765 479.156 302.765 479.156 382.270 451.664 382.270
451.932 299.531 479.421 299.531 479.421 379.032 451.932 379.032
452.211 300.669 479.700 300.669 479.700 380.146 452.211 380.146
452.581 298.778 480.069 298.778 480.069 378.248 452.581 378.248
452.387 298.249 479.877 298.249 479.877 377.713 452.387 377.713
452.313 296.900 479.805 296.900 479.805 376.370 452.313 376.370
452.424 296.576 479.916 296.576 479.916 376.047 452.424 376.047
452.320 296.399 479.812 296.399 479.812 375.872 452.320 375.872
452.417 296.418 479.908 296.418 479.908 375.895 452.417 375.895
452.502 295.940 479.992 295.940 479.992 375.424 452.502 375.424
452.356 296.096 479.844 296.096 479.844 375.583 452.356 375.583
405.640 291.347 432.838 291.347 432.838 371.642 405.640 371.642
404.611 292.763 431.689 292.763 431.689 374.045 404.611 374.045
403.863 293.734 431.086 293.734 431.086 375.215 403.863 375.215
398.276 292.667 425.708 292.667 425.708 373.977 398.276 373.977
404.412 292.107 431.943 292.107 431.943 373.399 404.412 373.399
403.845 292.212 431.417 292.212 431.417 373.550 403.845 373.550
403.612 291.663 431.212 291.663 431.212 373.038 403.612 373.038
403.377 291.283 430.980 291.283 430.980 372.697 403.377 372.697
403.445 291.434 431.058 291.434 431.058 372.872 403.445 372.872
403.446 291.006 431.071 291.006 431.071 372.477 403.446 372.477
403.816 290.734 431.457 290.734 431.457 372.221 403.816 372.221
404.251 294.379 431.917 294.379 431.917 375.870 404.251 375.870
404.131 292.911 431.862 292.911 431.862 374.392 404.131 374.392
404.037 292.333 431.785 292.333 431.785 373.886 404.037 373.886
404.081 294.467 431.892 294.467 431.892 375.950 404.081 375.950
404.001 292.546 431.854 292.546 431.854 374.068 404.001 374.068
404.048 292.100 431.905 292.100 431.905 373.672 404.048 373.672
404.163 291.750 432.021 291.750 432.021 373.367 404.163 373.367
404.193 291.556 432.054 291.556 432.054 373.261 404.193 373.261
348.479 319.679 377.015 319.679 377.015 400.554 348.479 400.554
346.561 321.087 375.357 321.087 375.357 401.614 346.561 401.614
345.496 315.625 374.389 315.625 374.389 396.050 345.496 396.050
345.844 317.878 374.791 317.878 374.791 398.532 345.844 398.532
345.377 319.418 373.870 319.418 373.870 400.573 345.377 400.573
344.777 318.976 373.210 318.976 373.210 400.527 344.777 400.527
344.953 319.554 373.237 319.554 373.237 401.573 344.953 401.573
351.539 320.937 379.763 320.937 379.763 403.241 351.539 403.241
351.684 322.624 379.900 322.624 379.900 404.295 351.684 404.295
351.964 324.452 380.069 324.452 380.069 405.654 351.964 405.654
353.201 327.384 381.150 327.384 381.150 407.941 353.201 407.941
354.041 330.110 381.947 330.110 381.947 410.103 354.041 410.103
354.928 332.831 382.642 332.831 382.642 412.380 354.928 412.380
355.257 328.669 382.695 328.669 382.695 407.840 355.257 407.840
355.472 332.218 382.791 332.218 382.791 410.540 355.472 410.540
355.976 332.204 383.311 332.204 383.311 409.920 355.976 409.920
356.086 332.908 383.373 332.908 383.373 410.223 356.086 410.223
356.572 334.554 383.745 334.554 383.745 411.506 356.572 411.506
356.076 330.242 383.131 330.242 383.131 406.732 356.076 406.732
355.902 333.012 382.888 333.012 382.888 408.939 355.902 408.939
355.443 329.289 382.294 329.289 382.294 404.921 355.443 404.921
355.318 330.654 382.032 330.654 382.032 406.233 355.318 406.233
355.166 333.587 381.683 333.587 381.683 408.678 355.166 408.678
354.941 330.567 381.248 330.567 381.248 405.676 354.941 405.676
355.066 332.799 381.269 332.799 381.269 407.342 355.066 407.342
355.141 334.157 381.297 334.157 381.297 408.302 355.141 408.302
355.480 334.960 381.675 334.960 381.675 408.513 355.480 408.513
355.758 331.578 381.818 331.578 381.818 405.012 355.758 405.012
355.467 334.118 381.381 334.118 381.381 407.340 355.467 407.340
355.484 334.701 381.408 334.701 381.408 407.441 355.484 407.441
355.792 335.339 381.567 335.339 381.567 407.881 355.792 407.881
355.753 336.202 381.540 336.202 381.540 408.424 355.753 408.424
356.049 333.398 381.679 333.398 381.679 405.520 356.049 405.520
355.757 334.117 381.379 334.117 381.379 405.950 355.757 405.950
356.167 334.566 381.643 334.566 381.643 406.277 356.167 406.277
356.419 334.973 381.863 334.973 381.863 406.404 356.419 406.404
356.366 335.305 381.739 335.305 381.739 406.565 356.366 406.565
356.336 335.582 381.857 335.582 381.857 406.392 356.336 406.392
356.352 336.980 381.633 336.980 381.633 407.962 356.352 407.962
356.523 337.507 381.712 337.507 381.712 408.507 356.523 408.507
356.742 336.774 382.021 336.774 382.021 407.658 356.742 407.658
357.047 337.272 382.202 337.272 382.202 408.210 357.047 408.210
356.615 334.075 381.718 334.075 381.718 404.412 356.615 404.412
356.721 334.749 381.761 334.749 381.761 404.826 356.721 404.826
356.999 335.760 381.954 335.760 381.954 405.531 356.999 405.531
356.843 336.852 381.790 336.852 381.790 406.299 356.843 406.299
357.124 336.479 382.138 336.479 382.138 405.458 357.124 405.458
356.849 337.780 381.653 337.780 381.653 406.758 356.849 406.758
356.549 333.282 381.311 333.282 381.311 402.022 356.549 402.022
356.972 335.311 381.678 335.311 381.678 403.596 356.972 403.596
356.918 331.546 381.312 331.546 381.312 399.992 356.918 399.992
357.323 335.130 381.681 335.130 381.681 403.049 357.323 403.049
357.137 336.814 381.578 336.814 381.578 404.410 357.137 404.410
357.045 338.269 381.359 338.269 381.359 405.893 357.045 405.893
356.807 334.153 380.988 334.153 380.988 401.412 356.807 401.412
356.629 336.542 380.844 336.542 380.844 403.335 356.629 403.335
356.902 337.625 381.026 337.625 381.026 404.252 356.902 404.252
356.619 338.156 380.594 338.156 380.594 404.809 356.619 404.809
356.879 338.148 380.623 338.148 380.623 404.949 356.879 404.949
356.762 338.615 380.454 338.615 380.454 405.212 356.762 405.212
357.317 339.051 380.984 339.051 380.984 405.619 357.317 405.619
357.288 335.716 380.858 335.716 380.858 402.125 357.288 402.125
357.528 336.963 381.210 336.963 381.210 402.903 357.528 402.903
357.526 333.541 380.995 333.541 380.995 399.579 357.526 399.579
357.581 335.209 381.061 335.209 381.061 400.850 357.581 400.850
357.532 336.503 380.831 336.503 380.831 402.197 357.532 402.197
357.891 337.272 381.250 337.272 381.250 402.778 357.891 402.778
357.887 336.957 381.324 336.957 381.324 402.269 357.887 402.269
357.493 336.927 380.865 336.927 380.865 402.544 357.493 402.544
357.799 337.705 380.992 337.705 380.992 403.454 357.799 403.454
357.378 335.350 380.584 335.350 380.584 400.855 357.378 400.855
357.360 337.124 380.693 337.124 380.693 402.330 357.360 402.330
357.441 337.783 380.877 337.783 380.877 402.868 357.441 402.868
357.503 337.987 380.726 337.987 380.726 403.189 357.503 403.189
357.531 338.468 380.874 338.468 380.874 403.202 357.531 403.202
357.426 338.228 380.655 338.228 380.655 402.940 357.426 402.940
357.317 338.249 380.602 338.249 380.602 402.884 357.317 402.884
357.489 338.902 380.703 338.902 380.703 403.741 357.489 403.741
357.575 334.923 380.783 334.923 380.783 399.561 357.575 399.561
357.720 336.858 380.881 336.858 380.881 401.152 357.720 401.152
357.605 337.549 380.806 337.549 380.806 401.751 357.605 401.751
357.666 337.350 380.798 337.350 380.798 401.566 357.666 401.566
357.593 336.797 380.524 336.797 380.524 401.351 357.593 401.351
346.973 336.496 369.772 336.496 369.772 401.445 346.973 401.445
358.060 340.803 380.791 340.803 380.791 405.864 358.060 405.864
358.638 340.499 381.140 340.499 381.140 406.075 358.638 406.075
358.730 334.453 381.256 334.453 381.256 399.881 358.730 399.881
347.081 334.935 369.768 334.935 369.768 400.174 347.081 400.174
346.417 334.494 369.317 334.494 369.317 399.790 346.417 399.790
345.521 333.564 368.737 333.564 368.737 398.504 345.521 398.504
346.193 334.702 369.509 334.702 369.509 399.626 346.193 399.626
346.315 333.493 369.781 333.493 369.781 398.631 346.315 398.631
345.940 334.130 369.623 334.130 369.623 399.350 345.940 399.350
345.144 330.890 369.470 330.890 369.470 395.304 345.144 395.304
349.524 332.033 374.134 332.033 374.134 395.978 349.524 395.978
354.471 326.328 379.083 326.328 379.083 390.201 354.471 390.201
353.967 321.851 378.634 321.851 378.634 385.927 353.967 385.927
353.573 321.824 378.223 321.824 378.223 385.923 353.573 385.923
353.015 321.974 377.634 321.974 377.634 386.052 353.015 386.052
353.059 321.939 377.763 321.939 377.763 386.007 353.059 386.007
352.818 322.781 377.593 322.781 377.593 386.643 352.818 386.643
358.180 322.828 383.010 322.828 383.010 386.625 358.180 386.625
357.733 322.179 382.612 322.179 382.612 385.979 357.733 385.979
362.426 310.526 387.473 310.526 387.473 374.439 362.426 374.439
362.660 302.912 388.072 302.912 388.072 366.362 362.660 366.362
363.286 301.166 388.371 301.166 388.371 364.483 363.286 364.483
363.909 301.671 389.415 301.671 389.415 364.294 363.909 364.294
364.368 303.544 390.114 303.544 390.114 365.468 364.368 365.468
365.400 303.065 391.314 303.065 391.314 364.381 365.400 364.381
366.346 307.192 392.021 307.192 392.021 368.923 366.346 368.923
365.963 303.060 391.796 303.060 391.796 364.481 365.963 364.481
365.692 306.950 391.290 306.950 391.290 368.416 365.692 368.416
365.765 303.288 391.582 303.288 391.582 364.394 365.765 364.394
365.662 305.146 391.532 305.146 391.532 366.217 365.662 366.217
365.931 304.849 391.910 304.849 391.910 365.758 365.931 365.758
365.350 303.543 391.453 303.543 391.453 363.932 365.350 363.932
364.803 304.261 391.229 304.261 391.229 364.162 364.803 364.162
364.108 300.739 391.004 300.739 391.004 359.999 364.108 359.999
364.161 303.567 391.030 303.567 391.030 362.595 364.161 362.595
363.960 304.814 390.610 304.814 390.610 363.886 363.960 363.886
363.388 302.108 390.093 302.108 390.093 360.605 363.388 360.605
363.133 304.424 389.802 304.424 389.802 362.860 363.133 362.860
362.601 313.692 388.830 313.692 388.830 372.795 362.601 372.795
362.326 312.221 388.160 312.221 388.160 372.089 362.326 372.089
357.808 322.556 383.232 322.556 383.232 382.840 357.808 382.840
358.126 322.295 383.305 322.295 383.305 382.784 358.126 382.784
363.255 315.466 388.216 315.466 388.216 376.478 363.255 376.478
363.264 309.874 388.144 309.874 388.144 371.264 363.264 371.264
363.334 304.522 388.533 304.522 388.533 365.616 363.334 365.616
363.161 302.352 388.668 302.352 388.668 362.678 363.161 362.678
363.379 305.039 388.946 305.039 388.946 365.153 363.379 365.153
363.575 302.406 389.290 302.406 389.290 362.156 363.575 362.156
363.644 302.921 389.465 302.921 389.465 362.484 363.644 362.484
368.182 304.094 393.975 304.094 393.975 363.391 368.182 363.391
363.375 302.494 389.311 302.494 389.311 361.376 363.375 361.376
363.509 303.965 389.474 303.965 389.474 362.663 363.509 362.663
364.344 304.792 390.153 304.792 390.153 363.350 364.344 363.350
364.448 304.914 390.116 304.914 390.116 363.336 364.448 363.336
364.715 305.900 390.428 305.900 390.428 363.919 364.715 363.919
364.703 305.269 390.332 305.269 390.332 363.384 364.703 363.384
364.600 303.806 390.572 303.806 390.572 361.051 364.600 361.051
365.037 305.433 390.859 305.433 390.859 362.876 365.037 362.876
364.646 302.969 390.630 302.969 390.630 360.088 364.646 360.088
364.708 304.870 390.835 304.870 390.835 361.889 364.708 361.889
364.524 303.517 390.966 303.517 390.966 360.328 364.524 360.328
364.451 305.130 390.675 305.130 390.675 362.205 364.451 362.205
364.456 306.408 390.628 306.408 390.628 363.597 364.456 363.597
364.356 304.327 390.540 304.327 390.540 361.637 364.356 361.637
364.224 310.473 390.202 310.473 390.202 368.269 364.224 368.269
364.164 310.791 389.993 310.791 389.993 368.828 364.164 368.828
364.382 320.505 389.989 320.505 389.989 378.836 364.382 378.836
368.969 309.755 394.692 309.755 394.692 368.202 368.969 368.202
368.570 308.745 394.390 308.745 394.390 367.194 368.570 367.194
373.046 309.288 398.896 309.288 398.896 367.693 373.046 367.693
362.947 326.506 388.296 326.506 388.296 385.500 362.947 385.500
362.943 327.254 388.063 327.254 388.063 386.340 362.943 386.340
362.681 327.431 387.657 327.431 387.657 386.646 362.681 386.646
387.497 305.356 412.300 305.356 412.300 365.067 387.497 365.067
408.548 312.570 432.545 312.570 432.545 373.325 408.548 373.325
409.533 309.887 433.047 309.887 433.047 371.318 409.533 371.318
409.850 304.198 432.781 304.198 432.781 366.470 409.850 366.470
410.026 310.661 432.725 310.661 432.725 373.075 410.026 373.075
409.854 312.413 432.442 312.413 432.442 374.769 409.854 374.769
393.937 298.020 416.575 298.020 416.575 360.590 393.937 360.590
393.520 299.010 416.190 299.010 416.190 361.805 393.520 361.805
399.001 300.022 421.809 300.022 421.809 362.814 399.001 362.814
403.689 297.438 426.345 297.438 426.345 360.367 403.689 360.367
404.236 297.750 426.983 297.750 426.983 360.584 404.236 360.584
408.866 299.070 431.387 299.070 431.387 362.276 408.866 362.276
409.357 301.486 431.672 301.486 431.672 365.589 409.357 365.589
409.474 307.668 431.855 307.668 431.855 371.874 409.474 371.874
409.248 307.044 431.657 307.044 431.657 371.552 409.248 371.552
409.185 306.092 431.644 306.092 431.644 371.321 409.185 371.321
409.585 306.104 432.155 306.104 432.155 371.933 409.585 371.933
409.665 304.644 432.493 304.644 432.493 370.833 409.665 370.833
421.377 305.689 444.732 305.689 444.732 371.809 421.377 371.809
427.321 306.674 450.988 306.674 450.988 373.083 427.321 373.083
443.882 307.143 468.420 307.143 468.420 372.480 443.882 372.480
449.835 302.601 474.810 302.601 474.810 367.972 449.835 367.972
454.868 303.185 479.870 303.185 479.870 368.995 454.868 368.995
454.379 304.539 479.299 304.539 479.299 370.825 454.379 370.825
454.994 305.883 479.850 305.883 479.850 372.388 454.994 372.388
455.040 308.945 479.759 308.945 479.759 375.896 455.040 375.896
455.254 306.584 479.892 306.584 479.892 373.835 455.254 373.835
461.555 304.877 486.180 304.877 486.180 372.210 461.555 372.210
468.000 302.803 492.600 302.803 492.600 370.272 468.000 370.272
468.983 300.704 493.554 300.704 493.554 368.302 468.983 368.302
474.543 298.951 498.932 298.951 498.932 366.970 474.543 366.970
475.386 297.628 499.647 297.628 499.647 365.956 475.386 365.956
476.651 296.775 500.683 296.775 500.683 365.833 476.651 365.833
477.553 299.524 501.641 299.524 501.641 369.505 477.553 369.505
477.808 301.834 501.981 301.834 501.981 372.562 477.808 372.562
483.927 298.599 508.017 298.599 508.017 369.761 483.927 369.761
484.064 296.134 508.105 296.134 508.105 367.550 484.064 367.550
483.627 305.022 507.654 305.022 507.654 376.585 483.627 376.585
477.798 308.959 501.876 308.959 501.876 380.596 477.798 380.596
477.552 311.304 501.637 311.304 501.637 382.960 477.552 382.960
477.406 312.572 501.493 312.572 501.493 384.235 477.406 384.235
477.087 312.917 501.185 312.917 501.185 384.583 477.087 384.583
476.955 312.010 501.058 312.010 501.058 383.680 476.955 383.680
476.860 311.886 500.972 311.886 500.972 383.561 476.860 383.561
476.421 312.077 500.545 312.077 500.545 383.760 476.421 383.760
476.215 311.663 500.351 311.663 500.351 383.348 476.215 383.348
476.220 311.111 500.360 311.111 500.360 382.804 476.220 382.804
475.892 311.242 500.034 311.242 500.034 382.938 475.892 382.938
475.439 310.728 499.585 310.728 499.585 382.432 475.439 382.432
475.306 310.611 499.455 310.611 499.455 382.317 475.306 382.317
475.292 311.725 499.447 311.725 499.447 383.432 475.292 383.432
475.674 312.433 499.835 312.433 499.835 384.140 475.674 384.140
475.694 312.544 499.860 312.544 499.860 384.254 475.694 384.254
475.675 312.217 499.846 312.217 499.846 383.933 475.675 383.933
475.622 312.175 499.797 312.175 499.797 383.895 475.622 383.895
475.779 312.225 499.959 312.225 499.959 383.950 475.779 383.950
475.631 312.207 499.817 312.207 499.817 383.937 475.631 383.937
475.557 312.009 499.746 312.009 499.746 383.742 475.557 383.742
475.474 311.719 499.669 311.719 499.669 383.460 475.474 383.460
475.752 312.411 499.950 312.411 499.950 384.155 475.752 384.155
475.702 311.980 499.905 311.980 499.905 383.727 475.702 383.727
475.431 311.338 499.642 311.338 499.642 383.085 475.431 383.085
475.479 311.773 499.693 311.773 499.693 383.523 475.479 383.523
475.629 311.639 499.846 311.639 499.846 383.391 475.629 383.391
475.420 311.494 499.643 311.494 499.643 383.252 475.420 383.252
475.520 311.379 499.749 311.379 499.749 383.140 475.520 383.140
475.601 311.563 499.833 311.563 499.833 383.324 475.601 383.324
481.642 316.832 505.932 316.832 505.932 388.550 481.642 388.550
469.992 318.451 494.342 318.451 494.342 389.949 469.992 389.949
447.128 314.883 471.641 314.883 471.641 386.802 447.128 386.802
422.955 315.930 448.444 315.930 448.444 386.319 422.955 386.319
399.046 311.536 424.434 311.536 424.434 381.623 399.046 381.623
393.157 309.885 418.084 309.885 418.084 380.628 393.157 380.628
387.564 311.991 412.492 311.991 412.492 382.767 387.564 382.767
387.654 313.654 412.991 313.654 412.991 383.994 387.654 383.994
381.645 316.225 407.209 316.225 407.209 386.371 381.645 386.371
381.155 318.112 406.899 318.112 406.899 387.971 381.155 387.971
374.966 324.803 400.265 324.803 400.265 395.205 374.966 395.205
369.010 318.648 394.074 318.648 394.074 389.257 369.010 389.257
345.596 309.045 370.404 309.045 370.404 380.043 345.596 380.043
338.859 310.460 363.734 310.460 363.734 381.604 338.859 381.604
338.740 312.816 363.526 312.816 363.526 383.983 338.740 383.983
338.017 313.471 362.761 313.471 362.761 384.609 338.017 384.609
337.702 309.919 362.439 309.919 362.439 381.059 337.702 381.059
337.042 311.183 361.768 311.183 361.768 382.323 337.042 382.323
337.710 309.010 362.431 309.010 362.431 380.150 337.710 380.150
337.745 311.004 362.459 311.004 362.459 382.136 337.745 382.136
337.341 311.439 362.051 311.439 362.051 382.561 337.341 382.561
337.593 309.794 362.300 309.794 362.300 380.897 337.593 380.897
337.498 310.882 362.194 310.882 362.194 381.992 337.498 381.992
337.756 309.053 362.445 309.053 362.445 380.172 337.756 380.172
337.701 311.253 362.383 311.253 362.383 382.350 337.701 382.350
337.868 311.877 362.534 311.877 362.534 382.946 337.868 382.946
337.793 311.851 362.448 311.851 362.448 382.906 337.793 382.906
338.198 309.629 362.839 309.629 362.839 380.693 338.198 380.693
338.441 308.976 363.076 308.976 363.076 380.043 338.441 380.043
338.061 310.911 362.686 310.911 362.686 381.989 338.061 381.989
338.294 308.904 362.917 308.904 362.917 379.985 338.294 379.985
338.081 310.886 362.701 310.886 362.701 381.956 338.081 381.956
338.300 311.404 362.902 311.404 362.902 382.470 338.300 382.470
338.155 312.112 362.742 312.112 362.742 383.178 338.155 383.178
338.523 309.128 363.105 309.128 363.105 380.180 338.523 380.180
338.245 310.717 362.815 310.717 362.815 381.764 338.245 381.764
338.060 309.083 362.625 309.083 362.625 380.129 338.060 380.129
337.968 310.340 362.527 310.340 362.527 381.365 337.968 381.365
337.718 310.728 362.269 310.728 362.269 381.736 337.718 381.736
337.463 311.771 362.003 311.771 362.003 382.771 337.463 382.771
337.307 312.800 361.834 312.800 361.834 383.803 337.307 383.803
337.281 310.282 361.806 310.282 361.806 381.269 337.281 381.269
336.882 310.999 361.400 310.999 361.400 381.972 336.882 381.972
337.026 312.248 361.534 312.248 361.534 383.207 337.026 383.207
337.593 308.948 362.091 308.948 362.091 379.895 337.593 379.895
337.643 310.657 362.134 310.657 362.134 381.586 337.643 381.586
337.397 311.055 361.876 311.055 361.876 381.978 337.397 381.978
337.364 312.878 361.838 312.878 361.838 383.774 337.364 383.774
337.529 310.083 361.992 310.083 361.992 380.973 337.529 380.973
337.594 312.257 362.041 312.257 362.041 383.133 337.594 383.133
338.030 310.986 362.478 310.986 362.478 381.853 338.030 381.853
337.637 311.999 362.082 311.999 362.082 382.860 337.637 382.860
337.969 310.071 362.414 310.071 362.414 380.917 337.969 380.917
337.531 311.307 361.962 311.307 361.962 382.148 337.531 382.148
337.235 312.741 361.648 312.741 361.648 383.578 337.235 383.578
337.485 310.087 361.892 310.087 361.892 380.927 337.485 380.927
337.230 311.697 361.632 311.697 361.632 382.518 337.230 382.518
337.778 309.728 362.179 309.728 362.179 380.536 337.778 380.536
337.717 311.642 362.115 311.642 362.115 382.411 337.717 382.411
337.683 312.711 362.072 312.711 362.072 383.460 337.683 383.460
338.092 310.012 362.469 310.012 362.469 380.756 338.092 380.756
338.301 308.713 362.673 308.713 362.673 379.462 338.301 379.462
338.418 310.799 362.784 310.799 362.784 381.538 338.418 381.538
338.416 308.927 362.775 308.927 362.775 379.673 338.416 379.673
338.417 308.915 362.771 308.915 362.771 379.660 338.417 379.660
338.410 311.269 362.755 311.269 362.755 382.012 338.410 382.012
338.213 312.369 362.550 312.369 362.550 383.105 338.213 383.105
338.551 310.053 362.885 310.053 362.885 380.784 338.551 380.784
338.150 311.237 362.476 311.237 362.476 381.963 338.150 381.963
337.750 312.138 362.055 312.138 362.055 382.868 337.750 382.868
337.924 309.985 362.230 309.985 362.230 380.709 337.924 380.709
337.781 311.188 362.083 311.188 362.083 381.896 337.781 381.896
337.670 311.747 361.954 311.747 361.954 382.440 337.670 382.440
337.469 312.909 361.743 312.909 361.743 383.574 337.469 383.574
337.986 310.332 362.255 310.332 362.255 380.990 337.986 380.990
337.758 311.317 362.027 311.317 362.027 381.946 337.758 381.946
337.399 312.446 361.665 312.446 361.665 383.067 337.399 383.067
337.375 309.855 361.638 309.855 361.638 380.465 337.375 380.465
337.436 312.391 361.693 312.391 361.693 382.953 337.436 382.953
337.179 314.257 361.418 314.257 361.418 384.797 337.179 384.797
337.527 310.709 361.757 310.709 361.757 381.244 337.527 381.244
337.386 311.428 361.602 311.428 361.602 381.950 337.386 381.950
337.486 312.978 361.697 312.978 361.697 383.475 337.486 383.475
337.875 309.458 362.085 309.458 362.085 379.945 337.875 379.945
337.718 310.642 361.920 310.642 361.920 381.094 337.718 381.094
332.217 311.703 356.417 311.703 356.417 382.176 332.217 382.176
338.293 309.527 362.490 309.527 362.490 379.998 338.293 379.998
338.299 310.212 362.488 310.212 362.488 380.661 338.299 380.661
338.211 310.363 362.393 310.363 362.393 380.780 338.211 380.780
337.877 310.745 362.049 310.745 362.049 381.150 337.877 381.150
337.560 310.711 361.728 310.711 361.728 381.106 337.560 381.106
337.533 312.264 361.700 312.264 361.700 382.630 337.533 382.630
337.662 313.770 361.818 313.770 361.818 384.091 337.662 384.091
338.042 310.477 362.195 310.477 362.195 380.799 338.042 380.799
337.679 312.180 361.824 312.180 361.824 382.486 337.679 382.486
338.300 311.267 362.446 311.267 362.446 381.563 338.300 381.563
337.937 312.523 362.078 312.523 362.078 382.812 337.937 382.812
338.117 310.076 362.258 310.076 362.258 380.349 338.117 380.349
337.947 311.709 362.078 311.709 362.078 381.970 337.947 381.970
337.718 312.738 361.845 312.738 361.845 382.995 337.718 382.995
338.084 309.751 362.210 309.751 362.210 379.991 338.084 379.991
338.129 311.161 362.250 311.161 362.250 381.392 338.129 381.392
337.751 312.114 361.860 312.114 361.860 382.332 337.751 382.332
338.333 310.429 362.443 310.429 362.443 380.615 338.333 380.615
338.146 311.813 362.240 311.813 362.240 382.005 338.146 382.005
337.708 312.906 361.796 312.906 361.796 383.093 337.708 383.093
337.734 310.390 361.822 310.390 361.822 380.573 337.734 380.573
337.433 312.725 361.516 312.725 361.516 382.882 337.433 382.882
337.872 311.524 361.954 311.524 361.954 381.680 337.872 381.680
337.776 312.804 361.855 312.804 361.855 382.924 337.776 382.924
338.403 311.024 362.478 311.024 362.478 381.110 338.403 381.110
337.787 312.264 361.853 312.264 361.853 382.340 337.787 382.340
337.954 313.917 362.001 313.917 362.001 383.960 337.954 383.960
337.368 313.303 361.397 313.303 361.397 383.321 337.368 383.321
337.827 310.279 361.853 310.279 361.853 380.286 337.827 380.286
337.939 310.846 361.962 310.846 361.962 380.840 337.939 380.840
337.663 312.164 361.679 312.164 361.679 382.144 337.663 382.144
337.676 313.802 361.684 313.802 361.684 383.753 337.676 383.753
337.830 311.563 361.829 311.563 361.829 381.495 337.830 381.495
337.715 312.170 361.713 312.170 361.713 382.098 337.715 382.098
