564.000 187.000 602.000 187.000 602.000 332.000 564.000 332.000
564.770 184.891 604.036 184.891 604.036 327.514 564.770 327.514
562.389 190.623 603.029 190.623 603.029 331.024 562.389 331.024
553.475 184.875 595.369 184.875 595.369 322.460 553.475 322.460
553.023 185.543 595.348 185.543 595.348 321.360 553.023 321.360
550.777 183.435 593.296 183.435 593.296 317.900 550.777 317.900
548.331 181.429 590.802 181.429 590.802 315.318 548.331 315.318
545.149 175.191 588.037 175.191 588.037 307.497 545.149 307.497
533.275 175.756 575.826 175.756 575.826 307.035 533.275 307.035
529.852 173.941 572.434 173.941 572.434 304.752 529.852 304.752
526.582 174.249 568.839 174.249 568.839 304.452 526.582 304.452
523.964 173.325 565.753 173.325 565.753 302.874 523.964 302.874
515.404 175.390 556.849 175.390 556.849 303.916 515.404 303.916
515.652 176.096 557.578 176.096 557.578 302.672 515.652 302.672
507.648 178.002 549.586 178.002 549.586 303.441 507.648 303.441
500.550 177.545 542.352 177.545 542.352 302.151 500.550 302.151
502.143 173.891 543.278 173.891 543.278 296.742 502.143 296.742
494.334 174.439 534.792 174.439 534.792 296.078 494.334 296.078
495.596 170.656 535.588 170.656 535.588 290.643 495.596 290.643
489.466 172.424 527.211 172.424 527.211 294.551 489.466 294.551
490.350 173.854 527.607 173.854 527.607 296.417 490.350 296.417
491.067 172.338 528.037 172.338 528.037 294.935 491.067 294.935
484.435 174.635 521.385 174.635 521.385 297.654 484.435 297.654
485.624 173.062 523.028 173.062 523.028 295.522 485.624 295.522
476.517 173.153 514.459 173.153 514.459 294.664 476.517 294.664
469.427 171.457 506.962 171.457 506.962 293.324 469.427 293.324
471.012 170.622 508.760 170.622 508.760 291.128 471.012 291.128
463.890 169.640 501.299 169.640 501.299 289.849 463.890 289.849
464.644 167.565 502.165 167.565 502.165 286.812 464.644 286.812
463.863 166.089 501.008 166.089 501.008 284.757 463.863 284.757
462.336 164.219 499.314 164.219 499.314 282.390 462.336 282.390
460.416 166.005 497.404 166.005 497.404 282.634 460.416 282.634
458.278 167.603 495.486 167.603 495.486 283.403 458.278 283.403
449.155 167.385 486.466 167.385 486.466 282.117 449.155 282.117
448.478 166.711 485.625 166.711 485.625 280.705 448.478 280.705
440.789 163.980 477.430 163.980 477.430 278.333 440.789 278.333
433.788 160.699 470.152 160.699 470.152 275.025 433.788 275.025
433.971 157.745 469.893 157.745 469.893 271.825 433.971 271.825
433.977 156.107 469.647 156.107 469.647 269.506 433.977 269.506
425.610 154.975 460.819 154.975 460.819 268.427 425.610 268.427
425.331 154.632 460.184 154.632 460.184 268.218 425.331 268.218
423.988 152.363 458.735 152.363 458.735 265.542 423.988 265.542
416.074 152.612 450.457 152.612 450.457 266.002 416.074 266.002
415.739 153.944 449.897 153.944 449.897 267.320 415.739 267.320
413.907 154.420 448.269 154.420 448.269 267.037 413.907 267.037
413.050 154.157 447.087 154.157 447.087 267.477 413.050 267.477
405.894 152.806 440.055 152.806 440.055 266.394 405.894 266.394
397.546 153.478 431.923 153.478 431.923 267.544 397.546 267.544
397.600 152.788 432.209 152.788 432.209 267.165 397.600 267.165
395.370 153.825 430.386 153.825 430.386 268.686 395.370 268.686
387.549 150.061 423.157 150.061 423.157 264.667 387.549 264.667
387.229 149.392 423.048 149.392 423.048 264.482 387.229 264.482
385.818 148.067 421.613 148.067 421.613 263.275 385.818 263.275
383.033 146.078 419.356 146.078 419.356 261.189 383.033 261.189
380.556 143.099 417.403 143.099 417.403 257.395 380.556 257.395
377.044 139.731 414.362 139.731 414.362 252.483 377.044 252.483
374.437 137.743 411.825 137.743 411.825 250.043 374.437 250.043
371.182 137.714 408.599 137.714 408.599 249.133 371.182 249.133
368.406 137.235 405.529 137.235 405.529 247.890 368.406 247.890
365.921 136.261 402.610 136.261 402.610 246.267 365.921 246.267
362.545 133.839 399.328 133.839 399.328 242.382 362.545 242.382
357.848 134.037 394.790 134.037 394.790 241.353 357.848 241.353
354.174 132.764 390.835 132.764 390.835 239.792 354.174 239.792
350.627 134.311 386.599 134.311 386.599 240.774 350.627 240.774
347.551 129.784 383.078 129.784 383.078 236.208 347.551 236.208
345.027 132.749 380.078 132.749 380.078 238.547 345.027 238.547
341.798 130.740 376.506 130.740 376.506 236.349 341.798 236.349
339.895 128.178 374.321 128.178 374.321 232.884 339.895 232.884
337.427 128.180 371.369 128.180 371.369 231.758 337.427 231.758
336.716 129.775 370.219 129.775 370.219 232.721 336.716 232.721
335.036 127.780 368.180 127.780 368.180 230.309 335.036 230.309
334.396 129.801 367.496 129.801 367.496 232.029 334.396 232.029
333.015 127.730 366.103 127.730 366.103 229.856 333.015 229.856
330.325 129.630 363.132 129.630 363.132 231.304 330.325 231.304
328.677 128.478 361.312 128.478 361.312 229.819 328.677 229.819
326.271 127.154 358.808 127.154 358.808 228.288 326.271 228.288
323.977 124.814 356.319 124.814 356.319 225.733 323.977 225.733
320.956 122.400 352.907 122.400 352.907 223.607 320.956 223.607
320.180 123.859 352.019 123.859 352.019 225.040 320.180 225.040
318.443 121.929 350.165 121.929 350.165 222.879 318.443 222.879
316.010 124.071 347.839 124.071 347.839 224.424 316.010 224.424
313.832 122.940 345.735 122.940 345.735 223.204 313.832 223.204
311.654 119.718 343.588 119.718 343.588 219.519 311.654 219.519
310.184 123.333 342.124 123.333 342.124 222.300 310.184 222.300
308.289 117.520 340.053 117.520 340.053 216.150 308.289 216.150
306.222 121.393 337.938 121.393 337.938 219.552 306.222 219.552
305.220 117.603 337.055 117.603 337.055 215.359 305.220 215.359
292.941 118.230 324.316 118.230 324.316 215.805 292.941 215.805
288.436 114.334 319.999 114.334 319.999 211.105 288.436 211.105
284.704 114.979 315.783 114.979 315.783 211.781 284.704 211.781
281.799 115.540 312.702 115.540 312.702 211.945 281.799 211.945
278.199 115.260 309.158 115.260 309.158 211.282 278.199 211.282
268.123 112.579 298.886 112.579 298.886 208.222 268.123 208.222
266.901 109.817 297.863 109.817 297.863 204.751 266.901 204.751
262.136 112.557 293.405 112.557 293.405 206.511 262.136 206.511
252.761 110.065 283.959 110.065 283.959 203.931 252.761 203.931
249.921 107.381 280.913 107.381 280.913 201.136 249.921 201.136
246.399 109.694 277.178 109.694 277.178 203.339 246.399 203.339
242.824 108.302 273.378 108.302 273.378 202.418 242.824 202.418
239.550 108.420 270.037 108.420 270.037 202.594 239.550 202.594
235.695 107.562 266.444 107.562 266.444 201.421 235.695 201.421
231.826 106.691 262.867 106.691 262.867 199.882 231.826 199.882
227.584 105.160 258.925 105.160 258.925 197.687 227.584 197.687
224.385 107.045 255.499 107.045 255.499 199.523 224.385 199.523
220.300 103.912 251.050 103.912 251.050 196.568 220.300 196.568
215.998 105.827 246.743 105.827 246.743 198.190 215.998 198.190
211.356 105.092 242.594 105.092 242.594 196.863 211.356 196.863
207.332 103.899 239.089 103.899 239.089 195.071 207.332 195.071
203.313 102.556 235.395 102.556 235.395 193.316 203.313 193.316
198.803 101.844 230.902 101.844 230.902 192.322 198.803 192.322
194.599 103.229 226.395 103.229 226.395 193.704 194.599 193.704
190.680 102.108 222.265 102.108 222.265 192.437 190.680 192.437
186.618 100.091 218.080 100.091 218.080 190.178 186.618 190.178
182.423 101.208 213.919 101.208 213.919 191.068 182.423 191.068
179.022 98.154 210.771 98.154 210.771 187.735 179.022 187.735
174.941 99.246 206.877 99.246 206.877 188.208 174.941 188.208
170.828 101.894 201.944 101.894 201.944 191.343 170.828 191.343
160.482 99.594 191.487 99.594 191.487 188.727 160.482 188.727
156.073 97.974 186.833 97.974 186.833 187.457 156.073 187.457
151.463 98.693 182.457 98.693 182.457 187.736 151.463 187.736
147.105 99.480 177.859 99.480 177.859 188.554 147.105 188.554
144.103 97.112 174.532 97.112 174.532 186.403 144.103 186.403
140.647 96.953 170.938 96.953 170.938 185.995 140.647 185.995
139.959 97.890 170.379 97.890 170.379 186.872 139.959 186.872
136.374 96.837 166.968 96.837 166.968 185.507 136.374 185.507
133.227 96.325 164.073 96.325 164.073 184.721 133.227 184.721
127.722 95.594 158.946 95.594 158.946 182.973 127.722 182.973
123.452 95.572 154.501 95.572 154.501 182.688 123.452 182.688
119.387 93.344 150.351 93.344 150.351 180.038 119.387 180.038
115.910 94.215 146.651 94.215 146.651 180.669 115.910 180.669
112.657 93.691 143.048 93.691 143.048 180.226 112.657 180.226
109.926 93.425 139.955 93.425 139.955 179.956 109.926 179.956
106.901 92.877 136.927 92.877 136.927 179.002 106.901 179.002
102.950 91.685 132.756 91.685 132.756 177.521 102.950 177.521
99.614 89.443 129.032 89.443 129.032 175.324 99.614 175.324
96.192 89.182 125.458 89.182 125.458 175.090 96.192 175.090
93.034 91.485 122.098 91.485 122.098 177.534 93.034 177.534
88.842 89.937 118.142 89.937 118.142 175.405 88.842 175.405
79.132 87.369 108.265 87.369 108.265 172.645 79.132 172.645
76.842 86.150 106.097 86.150 106.097 170.923 76.842 170.923
73.232 87.283 102.724 87.283 102.724 171.448 73.232 171.448
69.330 89.095 98.859 89.095 98.859 172.263 69.330 172.263
66.282 87.561 95.644 87.561 95.644 170.420 66.282 170.420
62.236 85.645 91.163 85.645 91.163 168.232 62.236 168.232
60.668 86.254 89.536 86.254 89.536 168.731 60.668 168.731
59.366 85.041 88.238 85.041 88.238 167.260 59.366 167.260
55.333 86.273 84.276 86.273 84.276 168.400 55.333 168.400
51.325 86.386 80.531 86.386 80.531 167.970 51.325 167.970
47.031 83.385 76.508 83.385 76.508 164.189 47.031 164.189
42.635 82.633 72.124 82.633 72.124 163.142 42.635 163.142
37.911 83.361 67.432 83.361 67.432 163.378 37.911 163.378
34.677 83.002 64.181 83.002 64.181 163.068 34.677 163.068
30.996 82.516 60.308 82.516 60.308 162.268 30.996 162.268
28.357 81.306 57.610 81.306 57.610 161.123 28.357 161.123
25.324 81.661 54.597 81.661 54.597 161.083 25.324 161.083
22.696 79.242 51.603 79.242 51.603 158.809 22.696 158.809
20.251 80.424 49.226 80.424 49.226 160.131 20.251 160.131
19.459 79.763 48.241 79.763 48.241 159.807 19.459 159.807
16.927 79.738 45.668 79.738 45.668 159.620 16.927 159.620
14.544 79.296 43.227 79.296 43.227 159.104 14.544 159.104
12.759 76.551 41.097 76.551 41.097 156.650 12.759 156.650
