281.000 76.000 291.000 76.000 291.000 106.000 281.000 106.000
279.559 76.221 289.636 76.221 289.636 105.908 279.559 105.908
278.131 76.476 288.348 76.476 288.348 105.952 278.131 105.952
277.261 76.658 287.446 76.658 287.446 106.080 277.261 106.080
276.407 76.863 286.564 76.863 286.564 106.280 276.407 106.280
275.859 77.122 286.049 77.122 286.049 106.496 275.859 106.496
275.142 77.064 285.318 77.064 285.318 106.436 275.142 106.436
274.694 77.459 284.887 77.459 284.887 106.686 274.694 106.686
273.584 77.640 283.917 77.640 283.917 106.757 273.584 106.757
272.955 77.640 283.340 77.640 283.340 106.707 272.955 106.707
272.841 77.440 283.280 77.440 283.280 106.484 272.841 106.484
271.711 77.550 282.087 77.550 282.087 106.673 271.711 106.673
271.214 77.673 281.630 77.673 281.630 106.557 271.214 106.557
270.885 78.335 281.316 78.335 281.316 107.053 270.885 107.053
270.521 78.707 281.001 78.707 281.001 107.150 270.521 107.150
269.929 79.181 280.429 79.181 280.429 107.311 269.929 107.311
269.118 79.162 279.679 79.162 279.679 106.977 269.118 106.977
268.515 79.785 279.127 79.785 279.127 107.461 268.515 107.461
267.762 79.512 278.412 79.512 278.412 106.981 267.762 106.981
267.432 79.338 277.973 79.338 277.973 106.745 267.432 106.745
266.875 78.696 277.320 78.696 277.320 106.217 266.875 106.217
266.471 79.281 276.876 79.281 276.876 106.825 266.471 106.825
266.409 79.049 276.822 79.049 276.822 106.401 266.409 106.401
265.940 79.167 276.301 79.167 276.301 106.679 265.940 106.679
265.634 79.437 275.928 79.437 275.928 106.936 265.634 106.936
264.760 79.493 275.101 79.493 275.101 106.980 264.760 106.980
264.320 79.412 274.565 79.412 274.565 107.030 264.320 107.030
264.026 79.170 274.407 79.170 274.407 106.667 264.026 106.667
263.331 78.896 273.593 78.896 273.593 106.486 263.331 106.486
263.056 79.480 273.236 79.480 273.236 107.349 263.056 107.349
262.594 80.359 272.861 80.359 272.861 108.246 262.594 108.246
262.628 80.337 272.923 80.337 272.923 108.012 262.628 108.012
262.120 80.041 272.363 80.041 272.363 107.847 262.120 107.847
261.315 80.289 271.621 80.289 271.621 108.071 261.315 108.071
261.019 79.578 271.199 79.578 271.199 107.526 261.019 107.526
260.781 79.620 271.034 79.620 271.034 107.369 260.781 107.369
260.776 80.192 271.045 80.192 271.045 107.850 260.776 107.850
260.174 80.150 270.419 80.150 270.419 107.704 260.174 107.704
259.810 79.977 269.984 79.977 269.984 107.598 259.810 107.598
259.178 79.784 269.301 79.784 269.301 107.482 259.178 107.482
259.023 79.585 269.126 79.585 269.126 107.546 259.023 107.546
258.147 79.450 268.346 79.450 268.346 107.538 258.147 107.538
257.247 79.649 267.537 79.649 267.537 107.671 257.247 107.671
256.285 80.044 266.641 80.044 266.641 108.053 256.285 108.053
255.855 80.671 266.303 80.671 266.303 108.674 255.855 108.674
255.384 79.970 265.910 79.970 265.910 107.794 255.384 107.794
254.398 79.445 264.924 79.445 264.924 107.292 254.398 107.292
253.427 80.627 264.053 80.627 264.053 108.427 253.427 108.427
252.889 81.072 263.475 81.072 263.475 108.763 252.889 108.763
252.348 80.693 263.028 80.693 263.028 108.293 252.348 108.293
250.190 80.917 260.896 80.917 260.896 108.409 250.190 108.409
250.254 81.372 260.848 81.372 260.848 109.052 250.254 109.052
250.258 81.819 260.935 81.819 260.935 109.486 250.258 109.486
249.122 81.474 259.709 81.474 259.709 109.195 249.122 109.195
248.823 81.419 259.212 81.419 259.212 109.370 248.823 109.370
248.589 80.975 258.948 80.975 258.948 108.630 248.589 108.630
248.593 81.637 258.826 81.637 258.826 109.402 248.593 109.402
247.944 82.448 258.266 82.448 258.266 110.116 247.944 110.116
246.831 82.164 257.218 82.164 257.218 109.758 246.831 109.758
244.458 81.983 254.715 81.983 254.715 109.833 244.458 109.833
244.179 81.652 254.352 81.652 254.352 109.770 244.179 109.770
243.385 81.089 253.644 81.089 253.644 109.083 243.385 109.083
242.494 81.421 252.874 81.421 252.874 109.327 242.494 109.327
241.759 81.756 252.043 81.756 252.043 109.797 241.759 109.797
240.920 82.376 251.118 82.376 251.118 110.548 240.920 110.548
240.039 82.148 250.124 82.148 250.124 110.410 240.039 110.410
239.364 82.232 249.311 82.232 249.311 110.641 239.364 110.641
236.629 82.652 246.514 82.652 246.514 111.303 236.629 111.303
236.643 82.178 246.505 82.178 246.505 110.923 236.643 110.923
236.003 82.341 245.918 82.341 245.918 111.302 236.003 111.302
235.795 82.271 245.640 82.271 245.640 111.210 235.795 111.210
235.827 82.589 245.676 82.589 245.676 111.630 235.827 111.630
234.944 82.787 244.859 82.787 244.859 111.764 234.944 111.764
234.199 82.683 244.236 82.683 244.236 111.440 234.199 111.440
231.872 82.673 241.880 82.673 241.880 111.576 231.872 111.576
231.675 82.676 241.704 82.676 241.704 111.654 231.675 111.654
230.914 82.859 241.023 82.859 241.023 111.756 230.914 111.756
230.251 81.885 240.430 81.885 240.430 110.759 230.251 110.759
229.430 81.689 239.558 81.689 239.558 110.667 229.430 110.667
226.814 83.602 236.826 83.602 236.826 112.594 226.814 112.594
226.904 84.331 236.785 84.331 236.785 113.381 226.904 113.381
226.255 83.949 236.132 83.949 236.132 113.096 226.255 113.096
225.178 83.576 235.185 83.576 235.185 112.620 225.178 112.620
224.225 82.836 234.340 82.836 234.340 111.788 224.225 111.788
223.740 82.832 233.774 82.832 233.774 112.013 223.740 112.013
223.256 83.039 233.263 83.039 233.263 112.254 223.256 112.254
220.780 83.441 230.734 83.441 230.734 112.817 220.780 112.817
220.427 84.222 230.501 84.222 230.501 113.554 220.427 113.554
219.841 84.412 229.941 84.412 229.941 113.810 219.841 113.810
219.406 84.660 229.512 84.660 229.512 114.107 219.406 114.107
218.569 84.835 228.695 84.835 228.695 114.359 218.569 114.359
217.704 84.875 227.973 84.875 227.973 114.107 217.704 114.107
216.595 85.053 226.992 85.053 226.992 113.960 216.595 113.960
215.671 85.319 226.023 85.319 226.023 114.124 215.671 114.124
214.780 84.574 224.988 84.574 224.988 113.539 214.780 113.539
213.935 84.353 224.246 84.353 224.246 113.269 213.935 113.269
212.981 84.959 223.252 84.959 223.252 114.091 212.981 114.091
212.041 85.457 222.339 85.457 222.339 114.714 212.041 114.714
209.174 85.671 219.504 85.671 219.504 115.073 209.174 115.073
209.206 86.019 219.545 86.019 219.545 115.515 209.206 115.515
208.677 85.499 219.058 85.499 219.058 114.875 208.677 114.875
208.316 85.237 218.617 85.237 218.617 114.701 208.316 114.701
207.738 85.109 218.038 85.109 218.038 114.535 207.738 114.535
207.121 85.321 217.393 85.321 217.393 114.762 207.121 114.762
206.373 85.468 216.638 85.468 216.638 114.964 206.373 114.964
205.650 86.064 215.970 86.064 215.970 115.558 205.650 115.558
204.566 85.982 214.973 85.982 214.973 115.483 204.566 115.483
203.843 86.571 214.202 86.571 214.202 116.313 203.843 116.313
202.674 85.978 213.274 85.978 213.274 115.478 202.674 115.478
201.645 85.711 212.331 85.711 212.331 115.220 201.645 115.220
200.734 85.331 211.388 85.331 211.388 115.041 200.734 115.041
199.890 85.481 210.574 85.481 210.574 115.409 199.890 115.409
199.038 86.161 209.758 86.161 209.758 116.203 199.038 116.203
197.685 86.718 208.421 86.718 208.421 116.724 197.685 116.724
196.438 86.914 207.244 86.914 207.244 117.002 196.438 117.002
195.938 86.427 206.666 86.427 206.666 116.589 195.938 116.589
194.731 86.538 205.539 86.538 205.539 116.795 194.731 116.795
193.480 86.455 204.410 86.455 204.410 116.724 193.480 116.724
192.964 86.570 203.920 86.570 203.920 116.731 192.964 116.731
192.588 86.716 203.558 86.716 203.558 116.824 192.588 116.824
191.645 87.345 202.544 87.345 202.544 117.454 191.645 117.454
190.662 87.235 201.584 87.235 201.584 117.211 190.662 117.211
189.615 87.420 200.425 87.420 200.425 117.539 189.615 117.539
188.538 87.694 199.362 87.694 199.362 117.889 188.538 117.889
187.701 87.989 198.521 87.989 198.521 118.303 187.701 118.303
186.786 87.904 197.803 87.904 197.803 118.051 186.786 118.051
185.914 87.470 196.932 87.470 196.932 117.621 185.914 117.621
185.661 87.613 196.616 87.613 196.616 117.801 185.661 117.801
185.264 87.801 196.136 87.801 196.136 118.165 185.264 118.165
184.785 88.192 195.603 88.192 195.603 118.734 184.785 118.734
184.384 87.139 195.099 87.139 195.099 117.693 184.384 117.693
181.630 85.713 192.306 85.713 192.306 116.356 181.630 116.356
181.197 88.682 192.172 88.682 192.172 119.031 181.197 119.031
178.499 86.204 189.557 86.204 189.557 116.634 178.499 116.634
178.209 86.834 189.247 86.834 189.247 117.405 178.209 117.405
177.414 87.916 188.438 87.916 188.438 118.406 177.414 118.406
176.909 89.000 187.977 89.000 187.977 119.496 176.909 119.496
176.554 90.078 187.641 90.078 187.641 120.608 176.554 120.608
175.656 91.123 186.873 91.123 186.873 121.696 175.656 121.696
172.774 91.759 184.083 91.759 184.083 122.232 172.774 122.232
172.142 91.775 183.384 91.775 183.384 122.198 172.142 122.198
171.436 91.974 182.666 91.974 182.666 122.307 171.436 122.307
170.852 92.209 182.083 92.209 182.083 122.506 170.852 122.506
170.243 92.516 181.367 92.516 181.367 122.945 170.243 122.945
169.513 91.741 180.517 91.741 180.517 122.153 169.513 122.153
168.594 92.269 179.680 92.269 179.680 122.715 168.594 122.715
168.004 92.277 179.135 92.277 179.135 122.808 168.004 122.808
167.326 92.444 178.427 92.444 178.427 123.098 167.326 123.098
166.549 91.842 177.619 91.842 177.619 122.530 166.549 122.530
166.389 92.434 177.498 92.434 177.498 122.875 166.389 122.875
165.819 91.840 176.831 91.840 176.831 122.174 165.819 122.174
165.555 92.360 176.520 92.360 176.520 122.686 165.555 122.686
165.050 92.988 175.873 92.988 175.873 123.272 165.050 123.272
163.789 92.836 174.706 92.836 174.706 123.035 163.789 123.035
162.763 93.394 173.723 93.394 173.723 123.659 162.763 123.659
161.639 93.031 172.598 93.031 172.598 123.226 161.639 123.226
160.854 93.042 171.794 93.042 171.794 123.341 160.854 123.341
160.362 92.318 171.216 92.318 171.216 122.679 160.362 122.679
159.784 91.577 170.552 91.577 170.552 121.971 159.784 121.971
156.697 92.104 167.355 92.104 167.355 122.505 156.697 122.505
155.901 90.947 166.611 90.947 166.611 121.148 155.901 121.148
155.553 90.385 166.292 90.385 166.292 120.360 155.553 120.360
155.099 90.437 165.883 90.437 165.883 120.419 155.099 120.419
154.519 89.146 165.217 89.146 165.217 119.079 154.519 119.079
153.933 90.067 164.591 90.067 164.591 119.763 153.933 119.763
153.415 88.704 164.108 88.704 164.108 118.115 153.415 118.115
150.951 89.772 161.758 89.772 161.758 118.881 150.951 118.881
150.662 89.885 161.438 89.885 161.438 118.763 150.662 118.763
150.192 88.731 160.976 88.731 160.976 117.271 150.192 117.271
149.895 88.418 160.625 88.418 160.625 116.742 149.895 116.742
149.514 88.538 160.163 88.538 160.163 116.622 149.514 116.622
148.821 88.544 159.515 88.544 159.515 116.419 148.821 116.419
148.428 88.667 159.052 88.667 159.052 116.471 148.428 116.471
147.854 89.062 158.344 89.062 158.344 116.725 147.854 116.725
145.489 88.751 155.979 88.751 155.979 116.167 145.489 116.167
145.491 88.439 156.068 88.439 156.068 115.519 145.491 115.519
145.148 86.616 155.674 86.616 155.674 113.409 145.148 113.409
145.034 85.462 155.628 85.462 155.628 111.825 145.034 111.825
144.441 85.671 155.170 85.671 155.170 111.534 144.441 111.534
143.902 86.797 154.702 86.797 154.702 112.315 143.902 112.315
143.312 87.067 153.988 87.067 153.988 112.435 143.312 112.435
143.146 87.379 153.639 87.379 153.639 112.580 143.146 112.580
142.739 87.992 153.082 87.992 153.082 112.919 142.739 112.919
142.314 88.481 152.479 88.481 152.479 113.219 142.314 113.219
141.590 88.401 151.747 88.401 151.747 112.816 141.590 112.816
138.932 86.597 149.344 86.597 149.344 110.543 138.932 110.543
138.760 87.195 149.136 87.195 149.136 111.076 138.760 111.076
138.486 87.789 148.832 87.789 148.832 111.500 138.486 111.500
138.179 88.191 148.709 88.191 148.709 111.515 138.179 111.515
136.033 89.105 146.751 89.105 146.751 112.124 136.033 112.124
135.802 89.387 146.621 89.387 146.621 112.225 135.802 112.225
135.661 90.012 146.551 90.012 146.551 112.753 135.661 112.753
135.576 90.373 146.460 90.373 146.460 113.026 135.576 113.026
135.604 93.119 146.360 93.119 146.360 115.755 135.604 115.755
135.281 94.834 145.960 94.834 145.960 117.412 135.281 117.412
135.200 92.727 145.885 92.727 145.885 115.096 135.200 115.096
134.976 93.365 145.565 93.365 145.565 115.703 134.976 115.703
134.620 91.817 145.141 91.817 145.141 114.044 134.620 114.044
134.583 92.705 144.946 92.705 144.946 114.814 134.583 114.814
134.267 92.781 144.578 92.781 144.578 114.673 134.267 114.673
134.231 90.751 144.500 90.751 144.500 112.543 134.231 112.543
133.947 91.119 144.159 91.119 144.159 112.848 133.947 112.848
133.814 95.204 143.931 95.204 143.931 116.845 133.814 116.845
132.031 93.524 142.108 93.524 142.108 115.009 132.031 115.009
130.395 94.401 140.460 94.401 140.460 115.808 130.395 115.808
132.415 94.935 142.482 94.935 142.482 116.216 132.415 116.216
130.745 95.839 140.753 95.839 140.753 116.949 130.745 116.949
131.030 94.646 140.994 94.646 140.994 115.671 131.030 115.671
131.183 94.997 141.077 94.997 141.077 116.001 131.183 116.001
131.156 95.787 141.009 95.787 141.009 116.740 131.156 116.740
131.047 97.671 140.820 97.671 140.820 118.640 131.047 118.640
130.976 97.748 140.712 97.748 140.712 118.682 130.976 118.682
131.010 97.841 140.834 97.841 140.834 118.586 131.010 118.586
129.075 97.691 138.923 97.691 138.923 118.428 129.075 118.428
129.318 97.737 139.025 97.737 139.025 118.477 129.318 118.477
127.468 96.355 137.102 96.355 137.102 117.047 127.468 117.047
127.582 97.135 137.268 97.135 137.268 117.794 127.582 117.794
127.308 95.282 137.058 95.282 137.058 115.920 127.308 115.920
127.359 95.706 137.146 95.706 137.146 116.253 127.359 116.253
127.532 96.031 137.332 96.031 137.332 116.397 127.532 116.397
125.979 98.836 135.701 98.836 135.701 119.231 125.979 119.231
127.677 97.086 137.383 97.086 137.383 117.476 127.677 117.476
127.167 97.427 136.835 97.427 136.835 117.771 127.167 117.771
125.039 95.272 134.708 95.272 134.708 115.627 125.039 115.627
124.681 94.963 134.309 94.963 134.309 115.213 124.681 115.213
124.232 95.281 133.942 95.281 133.942 115.492 124.232 115.492
124.099 95.274 133.814 95.274 133.814 115.464 124.099 115.464
122.321 95.623 132.060 95.623 132.060 115.682 122.321 115.682
122.203 95.776 131.917 95.776 131.917 115.837 122.203 115.837
122.293 98.025 131.968 98.025 131.968 118.015 122.293 118.015
122.209 98.131 131.913 98.131 131.913 118.238 122.209 118.238
122.213 98.423 131.847 98.423 131.847 118.475 122.213 118.475
122.249 96.690 131.829 96.690 131.829 116.800 122.249 116.800
122.139 97.143 131.675 97.143 131.675 117.312 122.139 117.312
121.725 97.316 131.374 97.316 131.374 117.483 121.725 117.483
121.435 97.486 131.152 97.486 131.152 117.519 121.435 117.519
119.716 97.626 129.406 97.626 129.406 117.691 119.716 117.691
119.794 97.759 129.420 97.759 129.420 117.875 119.794 117.875
119.617 98.105 129.268 98.105 129.268 118.212 119.617 118.212
117.884 98.395 127.574 98.395 127.574 118.566 117.884 118.566
117.924 98.308 127.628 98.308 127.628 118.443 117.924 118.443
117.692 98.374 127.509 98.374 127.509 118.391 117.692 118.391
116.048 101.091 125.816 101.091 125.816 121.026 116.048 121.026
116.736 101.835 126.483 101.835 126.483 121.716 116.736 121.716
116.822 100.219 126.562 100.219 126.562 120.090 116.822 120.090
116.801 100.671 126.574 100.671 126.574 120.517 116.801 120.517
116.727 101.175 126.527 101.175 126.527 120.984 116.727 120.984
116.556 99.622 126.435 99.622 126.435 119.292 116.556 119.292
116.295 99.479 126.250 99.479 126.250 119.096 116.295 119.096
116.363 102.018 126.216 102.018 126.216 121.692 116.363 121.692
114.517 104.313 124.337 104.313 124.337 123.895 114.517 123.895
114.869 104.929 124.581 104.929 124.581 124.538 114.869 124.538
114.718 105.547 124.303 105.547 124.303 125.243 114.718 125.243
113.075 103.697 122.738 103.697 122.738 123.425 113.075 123.425
112.919 103.724 122.630 103.724 122.630 123.497 112.919 123.497
112.835 102.347 122.574 102.347 122.574 122.072 112.835 122.072
112.767 100.652 122.502 100.652 122.502 120.301 112.767 120.301
112.588 102.739 122.352 102.739 122.352 122.440 112.588 122.440
111.229 103.601 121.006 103.601 121.006 123.295 111.229 123.295
111.366 104.261 121.098 104.261 121.098 123.974 111.366 123.974
111.334 102.471 121.039 102.471 121.039 122.117 111.334 122.117
111.610 102.688 121.285 102.688 121.285 122.486 111.610 122.486
111.804 102.459 121.528 102.459 121.528 122.252 111.804 122.252
111.771 102.551 121.450 102.551 121.450 122.403 111.771 122.403
111.742 102.306 121.408 102.306 121.408 122.210 111.742 122.210
111.514 102.359 121.225 102.359 121.225 122.258 111.514 122.258
109.571 102.499 119.258 102.499 119.258 122.400 109.571 122.400
109.463 102.592 119.223 102.592 119.223 122.423 109.463 122.423
107.623 104.458 117.492 104.458 117.492 124.235 107.623 124.235
109.487 104.282 119.305 104.282 119.305 124.018 109.487 124.018
107.624 104.901 117.400 104.901 117.400 124.600 107.624 124.600
107.696 105.204 117.395 105.204 117.395 125.101 107.696 125.101
107.733 104.845 117.444 104.845 117.444 124.714 107.733 124.714
107.563 105.254 117.293 105.254 117.293 125.158 107.563 125.158
107.458 105.322 117.195 105.322 117.195 125.182 107.458 125.182
105.623 106.382 115.306 106.382 115.306 126.284 105.623 126.284
103.836 106.890 113.534 106.890 113.534 126.716 103.836 126.716
103.772 106.657 113.487 106.657 113.487 126.518 103.772 126.518
103.573 104.633 113.294 104.633 113.294 124.505 103.573 124.505
101.576 105.406 111.215 105.406 111.215 125.294 101.576 125.294
101.610 105.433 111.245 105.433 111.245 125.307 101.610 125.307
99.774 106.309 109.391 106.309 109.391 126.240 99.774 126.240
99.692 107.106 109.355 107.106 109.355 127.037 99.692 127.037
99.625 107.478 109.264 107.478 109.264 127.451 99.625 127.451
97.803 105.857 107.450 105.857 107.450 125.896 97.803 125.896
97.778 106.320 107.365 106.320 107.365 126.468 97.778 126.468
97.428 106.698 107.037 106.698 107.037 126.827 97.428 126.827
95.519 107.421 105.116 107.421 105.116 127.489 95.519 127.489
95.667 107.434 105.264 107.434 105.264 127.530 95.667 127.530
93.946 105.526 103.550 105.526 103.550 125.642 93.946 125.642
93.747 105.546 103.398 105.546 103.398 125.632 93.747 125.632
91.673 105.817 101.380 105.817 101.380 125.823 91.673 125.823
91.540 106.171 101.281 106.171 101.281 126.130 91.540 126.130
89.780 106.183 99.475 106.183 99.475 126.138 89.780 126.138
89.961 106.210 99.690 106.210 99.690 126.169 89.961 126.169
89.751 108.347 99.488 108.347 99.488 128.342 89.751 128.342
88.154 108.594 97.913 108.594 97.913 128.563 88.154 128.563
88.131 106.865 97.860 106.865 97.860 126.903 88.131 126.903
88.131 107.137 97.819 107.137 97.819 127.183 88.131 127.183
87.936 107.180 97.545 107.180 97.545 127.333 87.936 127.333
86.128 107.478 95.769 107.478 95.769 127.647 86.128 127.647
84.353 108.512 93.998 108.512 93.998 128.604 84.353 128.604
82.056 108.700 91.716 108.700 91.716 128.760 82.056 128.760
81.782 109.185 91.436 109.185 91.436 129.380 81.782 129.380
81.407 109.455 91.153 109.455 91.153 129.562 81.407 129.562
79.415 110.279 89.160 110.279 89.160 130.473 79.415 130.473
79.380 110.873 88.973 110.873 88.973 131.212 79.380 131.212
79.055 111.308 88.627 111.308 88.627 131.773 79.055 131.773
78.670 109.625 88.235 109.625 88.235 130.147 78.670 130.147
78.250 110.142 87.791 110.142 87.791 130.691 78.250 130.691
77.965 110.160 87.539 110.160 87.539 130.726 77.965 130.726
75.836 110.345 85.430 110.345 85.430 131.076 75.836 131.076
73.210 110.398 82.887 110.398 82.887 131.218 73.210 131.218
69.091 110.115 78.802 110.115 78.802 130.873 69.091 130.873
66.807 110.810 76.560 110.810 76.560 131.540 66.807 131.540
65.005 110.934 74.734 110.934 74.734 131.567 65.005 131.567
64.766 111.512 74.457 111.512 74.457 132.240 64.766 132.240
64.619 112.488 74.311 112.488 74.311 133.190 64.619 133.190
64.219 112.844 73.931 112.844 73.931 133.498 64.219 133.498
64.007 113.528 73.707 113.528 73.707 134.107 64.007 134.107
63.672 113.625 73.449 113.625 73.449 134.061 63.672 134.061
62.111 113.814 71.875 113.814 71.875 134.281 62.111 134.281
62.234 112.364 71.928 112.364 71.928 132.936 62.234 132.936
62.275 112.751 71.944 112.751 71.944 133.441 62.275 133.441
60.434 114.821 70.200 114.821 70.200 135.457 60.434 135.457
59.988 115.035 69.838 115.035 69.838 135.581 59.988 135.581
59.762 115.818 69.556 115.818 69.556 136.358 59.762 136.358
57.936 116.498 67.701 116.498 67.701 136.992 57.936 136.992
57.758 116.910 67.518 116.910 67.518 137.464 57.758 137.464
56.022 117.216 65.898 117.216 65.898 137.675 56.022 137.675
56.321 117.431 66.176 117.431 66.176 137.923 56.321 137.923
56.586 118.040 66.444 118.040 66.444 138.499 56.586 138.499
56.349 118.791 66.217 118.791 66.217 139.287 56.349 139.287
56.336 119.434 66.202 119.434 66.202 139.972 56.336 139.972
56.151 120.095 66.006 120.095 66.006 140.675 56.151 140.675
56.219 120.372 66.052 120.372 66.052 141.071 56.219 141.071
56.052 121.111 65.860 121.111 65.860 141.922 56.052 141.922
55.885 117.338 65.740 117.338 65.740 138.142 55.885 138.142
55.956 117.753 65.822 117.753 65.822 138.545 55.956 138.545
54.075 118.461 63.927 118.461 63.927 139.224 54.075 139.224
54.076 117.041 63.926 117.041 63.926 137.786 54.076 137.786
54.196 117.734 64.118 117.734 64.118 138.458 54.196 138.458
54.177 118.437 64.073 118.437 64.073 139.094 54.177 139.094
52.355 118.998 62.317 118.998 62.317 139.465 52.355 139.465
52.280 119.462 62.227 119.462 62.227 140.006 52.280 140.006
52.087 115.610 62.050 115.610 62.050 136.084 52.087 136.084
51.941 116.413 61.936 116.413 61.936 136.790 51.941 136.790
51.674 117.160 61.689 117.160 61.689 137.562 51.674 137.562
51.503 117.593 61.533 117.593 61.533 137.977 51.503 137.977
51.496 118.203 61.544 118.203 61.544 138.577 51.496 138.577
51.536 118.910 61.526 118.910 61.526 139.273 51.536 139.273
51.683 120.029 61.665 120.029 61.665 140.459 51.683 140.459
51.699 120.636 61.595 120.636 61.595 141.136 51.699 141.136
51.556 119.229 61.403 119.229 61.403 139.798 51.556 139.798
51.572 118.133 61.613 118.133 61.613 138.573 51.572 138.573
49.889 118.954 59.943 118.954 59.943 139.325 49.889 139.325
50.327 119.723 60.357 119.723 60.357 140.047 50.327 140.047
50.592 118.458 60.575 118.458 60.575 138.805 50.592 138.805
52.342 114.698 62.374 114.698 62.374 135.034 52.342 135.034
52.043 114.961 62.091 114.961 62.091 135.267 52.043 135.267
52.000 115.787 62.089 115.787 62.089 136.059 52.000 136.059
52.234 116.038 62.259 116.038 62.259 136.393 52.234 136.393
52.465 114.737 62.500 114.737 62.500 134.969 52.465 134.969
52.254 114.962 62.339 114.962 62.339 135.307 52.254 135.307
52.238 115.162 62.289 115.162 62.289 135.550 52.238 135.550
51.916 115.268 61.949 115.268 61.949 135.698 51.916 135.698
51.526 115.641 61.599 115.641 61.599 136.158 51.526 136.158
51.203 115.942 61.214 115.942 61.214 136.582 51.203 136.582
51.033 116.278 60.959 116.278 60.959 136.982 51.033 136.982
50.754 116.511 60.735 116.511 60.735 137.271 50.754 137.271
50.801 116.664 60.686 116.664 60.686 137.430 50.801 137.430
50.761 116.752 60.600 116.752 60.600 137.446 50.761 137.446
50.782 117.089 60.636 117.089 60.636 137.713 50.782 137.713
50.635 115.519 60.505 115.519 60.505 136.118 50.635 136.118
50.539 115.823 60.334 115.823 60.334 136.410 50.539 136.410
49.938 116.313 59.754 116.313 59.754 136.866 49.938 136.866
49.630 117.052 59.472 117.052 59.472 137.700 49.630 137.700
49.176 117.541 59.070 117.541 59.070 138.221 49.176 138.221
48.611 118.228 58.513 118.228 58.513 138.835 48.611 138.835
48.241 118.453 58.204 118.453 58.204 139.082 48.241 139.082
47.870 118.824 57.790 118.824 57.790 139.416 47.870 139.416
47.391 119.456 57.235 119.456 57.235 140.169 47.391 140.169
45.495 120.204 55.312 120.204 55.312 140.925 45.495 140.925
45.691 120.474 55.506 120.474 55.506 141.276 45.691 141.276
45.871 119.091 55.634 119.091 55.634 139.816 45.871 139.816
46.008 119.228 55.738 119.228 55.738 140.087 46.008 140.087
45.975 126.099 55.714 126.099 55.714 147.065 45.975 147.065
44.148 132.141 53.780 132.141 53.780 153.559 44.148 153.559
44.397 136.820 54.074 136.820 54.074 158.520 44.397 158.520
44.528 135.026 54.269 135.026 54.269 157.034 44.528 157.034
44.486 132.396 54.231 132.396 54.231 154.809 44.486 154.809
44.702 135.212 54.521 135.212 54.521 157.844 44.702 157.844
44.500 133.046 54.426 133.046 54.426 155.951 44.500 155.951
44.116 129.041 54.147 129.041 54.147 151.943 44.116 151.943
43.951 128.802 54.029 128.802 54.029 151.805 43.951 151.805
43.950 126.857 54.052 126.857 54.052 149.862 43.950 149.862
43.874 125.230 53.972 125.230 53.972 148.281 43.874 148.281
43.448 123.355 53.476 123.355 53.476 146.518 43.448 146.518
43.053 123.848 53.161 123.848 53.161 147.018 43.053 147.018
42.960 121.943 53.089 121.943 53.089 144.980 42.960 144.980
42.718 121.789 52.907 121.789 52.907 144.718 42.718 144.718
42.841 121.742 53.129 121.742 53.129 144.567 42.841 144.567
42.539 122.171 52.941 122.171 52.941 144.901 42.539 144.901
42.399 122.637 52.806 122.637 52.806 145.240 42.399 145.240
42.234 122.348 52.736 122.348 52.736 144.910 42.234 144.910
41.894 123.105 52.280 123.105 52.280 145.717 41.894 145.717
41.896 121.492 52.269 121.492 52.269 144.076 41.896 144.076
41.500 124.048 51.836 124.048 51.836 146.719 41.500 146.719
41.106 124.687 51.403 124.687 51.403 147.487 41.106 147.487
40.543 125.417 50.876 125.417 50.876 148.401 40.543 148.401
38.390 125.830 48.770 125.830 48.770 148.773 38.390 148.773
38.510 126.230 48.897 126.230 48.897 149.217 38.510 149.217
38.129 124.555 48.554 124.555 48.554 147.570 38.129 147.570
37.886 123.297 48.317 123.297 48.317 146.250 37.886 146.250
37.507 123.877 47.959 123.877 47.959 146.792 37.507 146.792
36.978 124.671 47.416 124.671 47.416 147.586 36.978 147.586
36.886 125.192 47.313 125.192 47.313 148.052 36.886 148.052
36.890 125.755 47.219 125.755 47.219 148.710 36.890 148.710
36.641 126.333 47.004 126.333 47.004 149.218 36.641 149.218
36.531 124.769 46.913 124.769 46.913 147.526 36.531 147.526
36.543 125.240 46.953 125.240 46.953 147.986 36.543 147.986
36.137 125.676 46.440 125.676 46.440 148.483 36.137 148.483
33.833 126.257 44.273 126.257 44.273 148.935 33.833 148.935
31.705 127.432 42.134 127.432 42.134 149.950 31.705 149.950
33.516 127.992 43.949 127.992 43.949 150.472 33.516 150.472
33.308 131.439 43.719 131.439 43.719 153.964 33.308 153.964
33.051 132.315 43.455 132.315 43.455 154.883 33.051 154.883
30.948 133.815 41.339 133.815 41.339 156.374 30.948 156.374
29.052 136.657 39.364 136.657 39.364 159.331 29.052 159.331
28.882 137.188 39.164 137.188 39.164 160.082 28.882 160.082
29.013 137.636 39.252 137.636 39.252 160.617 29.013 160.617
29.085 137.834 39.246 137.834 39.246 161.120 29.085 161.120
31.015 137.990 41.173 137.990 41.173 161.406 31.015 161.406
28.826 139.067 38.994 139.067 38.994 162.447 28.826 162.447
28.577 137.601 38.717 137.601 38.717 161.002 28.577 161.002
28.406 136.360 38.613 136.360 38.613 159.749 28.406 159.749
28.287 137.521 38.509 137.521 38.509 160.937 28.287 160.937
28.162 136.086 38.378 136.086 38.378 159.523 28.162 159.523
27.966 137.542 38.146 137.542 38.146 160.919 27.966 160.919
27.865 138.817 38.058 138.817 38.058 162.104 27.865 162.104
27.482 139.848 37.681 139.848 37.681 163.120 27.482 163.120
27.181 138.683 37.446 138.683 37.446 161.957 27.181 161.957
26.967 139.765 37.223 139.765 37.223 163.060 26.967 163.060
27.107 138.691 37.508 138.691 37.508 161.910 27.107 161.910
26.609 139.544 36.964 139.544 36.964 162.852 26.609 162.852
26.593 140.292 36.924 140.292 36.924 163.537 26.593 163.537
24.580 139.261 34.871 139.261 34.871 162.609 24.580 162.609
24.590 140.467 34.920 140.467 34.920 163.798 24.590 163.798
24.449 139.081 34.805 139.081 34.805 162.371 24.449 162.371
24.208 140.576 34.504 140.576 34.504 164.068 24.208 164.068
23.791 141.102 34.140 141.102 34.140 164.662 23.791 164.662
23.889 142.120 34.356 142.120 34.356 165.621 23.889 165.621
23.733 143.069 34.187 143.069 34.187 166.619 23.733 166.619
23.667 141.480 34.143 141.480 34.143 165.100 23.667 165.100
23.234 142.521 33.736 142.521 33.736 166.086 23.234 166.086
23.215 143.290 33.771 143.290 33.771 166.729 23.215 166.729
22.947 142.078 33.659 142.078 33.659 165.464 22.947 165.464
20.977 142.987 31.887 142.987 31.887 166.317 20.977 166.317
20.953 143.915 31.914 143.915 31.914 167.204 20.953 167.204
21.088 144.445 31.965 144.445 31.965 167.787 21.088 167.787
20.720 145.426 31.600 145.426 31.600 168.716 20.720 168.716
20.733 146.413 31.553 146.413 31.553 169.777 20.733 169.777
22.750 145.054 33.625 145.054 33.625 168.388 22.750 168.388
22.528 146.127 33.393 146.127 33.393 169.497 22.528 169.497
22.210 147.267 33.063 147.267 33.063 170.569 22.210 170.569
22.294 145.797 33.164 145.797 33.164 169.182 22.294 169.182
20.471 146.772 31.284 146.772 31.284 170.039 20.471 170.039
22.623 145.803 33.411 145.803 33.411 169.071 22.623 169.071
22.803 146.532 33.581 146.532 33.581 169.703 22.803 169.703
22.825 145.475 33.621 145.475 33.621 168.527 22.825 168.527
22.763 146.465 33.653 146.465 33.653 169.548 22.763 169.548
22.788 145.377 33.774 145.377 33.774 168.377 22.788 168.377
22.511 146.438 33.639 146.438 33.639 169.195 22.511 169.195
24.608 147.283 35.658 147.283 35.658 170.030 24.608 170.030
22.498 147.726 33.417 147.726 33.417 170.609 22.498 170.609
22.237 148.428 33.223 148.428 33.223 171.324 22.237 171.324
20.216 149.500 31.324 149.500 31.324 172.274 20.216 172.274
20.390 150.675 31.480 150.675 31.480 173.481 20.390 173.481
20.202 149.691 31.319 149.691 31.319 172.538 20.202 172.538
19.901 151.122 31.065 151.122 31.065 174.002 19.901 174.002
17.616 151.937 28.696 151.937 28.696 174.832 17.616 174.832
15.242 153.150 26.239 153.150 26.239 176.057 15.242 176.057
15.083 154.539 25.982 154.539 25.982 177.508 15.083 177.508
14.684 155.352 25.574 155.352 25.574 178.413 14.684 178.413
14.595 153.771 25.447 153.771 25.447 176.936 14.595 176.936
14.452 154.568 25.175 154.568 25.175 177.804 14.452 177.804
14.132 155.053 24.812 155.053 24.812 178.344 14.132 178.344
13.728 155.645 24.413 155.645 24.413 178.838 13.728 178.838
8.869 156.669 19.555 156.669 19.555 179.951 8.869 179.951
8.510 157.298 19.139 157.298 19.139 180.675 8.510 180.675
7.721 157.985 18.373 157.985 18.373 181.512 7.721 181.512
5.377 159.025 16.050 159.025 16.050 182.655 5.377 182.655
