324.000 26.000 337.000 26.000 337.000 44.000 324.000 44.000
324.067 25.903 337.219 25.903 337.219 43.770 324.067 43.770
323.724 25.853 336.819 25.853 336.819 43.790 323.724 43.790
323.419 25.667 336.585 25.667 336.585 43.527 323.419 43.527
323.171 25.549 336.400 25.549 336.400 43.406 323.171 43.406
322.524 25.588 335.844 25.588 335.844 43.373 322.524 43.373
322.345 26.025 335.705 26.025 335.705 43.781 322.345 43.781
321.601 26.353 334.913 26.353 334.913 44.096 321.601 44.096
321.382 26.791 334.595 26.791 334.595 44.540 321.382 44.540
320.761 26.495 333.802 26.495 333.802 44.397 320.761 44.397
320.713 26.589 333.569 26.589 333.569 44.471 320.713 44.471
320.564 26.748 333.334 26.748 333.334 44.637 320.564 44.637
320.367 26.554 333.051 26.554 333.051 44.443 320.367 44.443
320.095 26.572 332.711 26.572 332.711 44.403 320.095 44.403
319.801 26.209 332.368 26.209 332.368 44.076 319.801 44.076
320.002 25.868 332.544 25.868 332.544 43.670 320.002 43.670
319.476 25.387 332.031 25.387 332.031 43.088 319.476 43.088
319.076 25.617 331.593 25.617 331.593 43.207 319.076 43.207
319.341 25.760 331.878 25.760 331.878 43.190 319.341 43.190
318.876 25.203 331.346 25.203 331.346 42.531 318.876 42.531
318.629 25.433 331.192 25.433 331.192 42.631 318.629 42.631
318.282 25.484 330.850 25.484 330.850 42.635 318.282 42.635
317.889 26.060 330.575 26.060 330.575 43.062 317.889 43.062
317.510 26.004 330.091 26.004 330.091 42.979 317.510 42.979
317.671 26.087 330.295 26.087 330.295 42.947 317.671 42.947
317.441 25.841 330.034 25.841 330.034 42.712 317.441 42.712
317.646 25.521 330.194 25.521 330.194 42.405 317.646 42.405
317.014 25.507 329.571 25.507 329.571 42.284 317.014 42.284
316.743 26.105 329.288 26.105 329.288 42.839 316.743 42.839
316.569 26.115 329.074 26.115 329.074 42.967 316.569 42.967
316.748 26.475 329.248 26.475 329.248 43.413 316.748 43.413
316.927 26.169 329.319 26.169 329.319 43.143 316.927 43.143
316.743 26.425 329.138 26.425 329.138 43.457 316.743 43.457
316.569 26.429 328.981 26.429 328.981 43.395 316.569 43.395
316.479 26.474 328.869 26.474 328.869 43.433 316.479 43.433
316.678 26.237 329.093 26.237 329.093 43.151 316.678 43.151
316.571 26.267 329.063 26.267 329.063 43.215 316.571 43.215
316.700 26.098 329.249 26.098 329.249 43.054 316.700 43.054
316.393 26.100 328.917 26.100 328.917 43.044 316.393 43.044
316.454 26.489 329.010 26.489 329.010 43.353 316.454 43.353
316.457 26.501 328.909 26.501 328.909 43.330 316.457 43.330
316.033 26.341 328.394 26.341 328.394 43.186 316.033 43.186
316.144 26.333 328.577 26.333 328.577 43.089 316.144 43.089
316.292 26.097 328.714 26.097 328.714 42.840 316.292 42.840
316.191 26.776 328.706 26.776 328.706 43.432 316.191 43.432
316.488 26.741 328.968 26.741 328.968 43.410 316.488 43.410
316.353 26.642 328.739 26.642 328.739 43.479 316.353 43.479
316.240 26.395 328.595 26.395 328.595 43.235 316.240 43.235
316.530 26.483 328.846 26.483 328.846 43.323 316.530 43.323
316.272 26.421 328.523 26.421 328.523 43.305 316.272 43.305
316.712 26.748 328.964 26.748 328.964 43.639 316.712 43.639
316.281 27.424 328.530 27.424 328.530 44.293 316.281 44.293
316.982 26.570 329.082 26.570 329.082 43.590 316.982 43.590
316.709 26.336 328.814 26.336 328.814 43.320 316.709 43.320
316.439 26.287 328.542 26.287 328.542 43.273 316.439 43.273
316.380 26.118 328.500 26.118 328.500 43.118 316.380 43.118
316.657 26.208 328.793 26.208 328.793 43.203 316.657 43.203
316.539 26.366 328.636 26.366 328.636 43.401 316.539 43.401
316.516 26.780 328.680 26.780 328.680 43.726 316.516 43.726
316.250 27.377 328.445 27.377 328.445 44.279 316.250 44.279
316.666 26.796 328.855 26.796 328.855 43.751 316.666 43.751
316.559 27.352 328.856 27.352 328.856 44.208 316.559 44.208
316.923 26.772 329.091 26.772 329.091 43.813 316.923 43.813
317.000 27.323 329.256 27.323 329.256 44.258 317.000 44.258
317.685 26.634 329.863 26.634 329.863 43.652 317.685 43.652
317.351 26.680 329.463 26.680 329.463 43.725 317.351 43.725
317.412 26.592 329.492 26.592 329.492 43.612 317.412 43.612
317.571 26.700 329.678 26.700 329.678 43.676 317.571 43.676
317.475 26.931 329.605 26.931 329.605 43.895 317.475 43.895
317.762 27.182 329.948 27.182 329.948 44.118 317.762 44.118
318.205 26.659 330.351 26.659 330.351 43.695 318.205 43.695
318.573 26.839 330.730 26.839 330.730 43.848 318.573 43.848
318.182 27.229 330.398 27.229 330.398 44.198 318.182 44.198
318.772 26.385 330.953 26.385 330.953 43.396 318.772 43.396
318.724 26.540 330.924 26.540 330.924 43.469 318.724 43.469
318.532 27.068 330.803 27.068 330.803 43.925 318.532 43.925
318.525 27.024 330.795 27.024 330.795 43.801 318.525 43.801
318.480 27.029 330.676 27.029 330.676 43.822 318.480 43.822
318.837 26.951 331.016 26.951 331.016 43.752 318.837 43.752
318.680 27.291 330.800 27.291 330.800 44.036 318.680 44.036
318.868 27.519 331.021 27.519 331.021 44.229 318.868 44.229
318.818 27.461 330.995 27.461 330.995 44.329 318.818 44.329
318.812 27.815 331.055 27.815 331.055 44.741 318.812 44.741
318.775 28.056 331.035 28.056 331.035 45.026 318.775 45.026
318.972 27.700 331.191 27.700 331.191 44.993 318.972 44.993
319.009 27.659 331.193 27.659 331.193 45.109 319.009 45.109
318.705 27.066 330.913 27.066 330.913 44.560 318.705 44.560
319.042 27.478 331.362 27.478 331.362 44.823 319.042 44.823
318.645 26.667 330.955 26.667 330.955 44.038 318.645 44.038
319.006 27.048 331.344 27.048 331.344 44.349 319.006 44.349
318.822 27.503 331.181 27.503 331.181 44.767 318.822 44.767
318.879 27.252 331.227 27.252 331.227 44.555 318.879 44.555
318.459 28.075 330.866 28.075 330.866 45.376 318.459 45.376
319.059 27.955 331.451 27.955 331.451 45.341 319.059 45.341
318.575 27.496 330.882 27.496 330.882 44.989 318.575 44.989
318.828 26.990 331.102 26.990 331.102 44.569 318.828 44.569
318.509 27.132 330.809 27.132 330.809 44.816 318.509 44.816
318.153 27.254 330.481 27.254 330.481 45.031 318.153 45.031
318.340 27.602 330.797 27.602 330.797 45.330 318.340 45.330
318.128 27.830 330.570 27.830 330.570 45.761 318.128 45.761
317.679 27.687 330.089 27.687 330.089 45.618 317.679 45.618
317.692 27.881 330.169 27.881 330.169 45.882 317.692 45.882
317.594 28.109 330.039 28.109 330.039 46.181 317.594 46.181
318.036 27.820 330.478 27.820 330.478 45.970 318.036 45.970
317.542 27.911 330.034 27.911 330.034 46.018 317.542 46.018
317.830 28.271 330.436 28.271 330.436 46.219 317.830 46.219
317.282 27.985 329.830 27.985 329.830 46.020 317.282 46.020
317.530 27.639 330.028 27.639 330.028 45.741 317.530 45.741
317.944 27.775 330.492 27.775 330.492 45.832 317.944 45.832
317.309 27.925 329.833 27.925 329.833 45.973 317.309 45.973
317.553 28.091 330.186 28.091 330.186 45.986 317.553 45.986
317.502 28.098 330.015 28.098 330.015 46.054 317.502 46.054
317.645 27.493 330.078 27.493 330.078 45.496 317.645 45.496
317.189 27.759 329.702 27.759 329.702 45.736 317.189 45.736
316.999 28.229 329.535 28.229 329.535 46.172 316.999 46.172
317.238 28.251 329.739 28.251 329.739 46.335 317.238 46.335
317.414 27.962 329.827 27.962 329.827 46.171 317.414 46.171
317.735 27.598 330.080 27.598 330.080 45.843 317.735 45.843
318.037 27.895 330.445 27.895 330.445 46.064 318.037 46.064
317.702 27.665 330.100 27.665 330.100 45.764 317.702 45.764
317.565 27.865 330.018 27.865 330.018 45.975 317.565 45.975
317.683 28.233 330.155 28.233 330.155 46.289 317.683 46.289
317.821 28.027 330.334 28.027 330.334 46.104 317.821 46.104
317.685 27.782 330.211 27.782 330.211 45.962 317.685 45.962
317.508 28.033 330.043 28.033 330.043 46.199 317.508 46.199
317.643 28.303 330.330 28.303 330.330 46.473 317.643 46.473
317.948 27.843 330.551 27.843 330.551 46.138 317.948 46.138
318.158 28.150 330.846 28.150 330.846 46.490 318.158 46.490
318.156 28.406 330.849 28.406 330.849 46.754 318.156 46.754
318.533 27.921 331.200 27.921 331.200 46.302 318.533 46.302
318.547 28.152 331.207 28.152 331.207 46.607 318.547 46.607
318.635 28.272 331.324 28.272 331.324 46.753 318.635 46.753
318.906 28.362 331.598 28.362 331.598 46.958 318.906 46.958
319.446 28.159 332.111 28.159 332.111 46.903 319.446 46.903
319.569 28.311 332.263 28.311 332.263 47.122 319.569 47.122
319.899 28.668 332.733 28.668 332.733 47.432 319.899 47.432
319.561 28.626 332.389 28.626 332.389 47.563 319.561 47.563
319.677 28.762 332.505 28.762 332.505 47.822 319.677 47.822
319.753 28.976 332.563 28.976 332.563 48.075 319.753 48.075
320.071 28.965 332.830 28.965 332.830 48.046 320.071 48.046
320.367 29.064 333.123 29.064 333.123 48.145 320.367 48.145
320.055 29.024 332.852 29.024 332.852 47.990 320.055 47.990
320.222 28.952 333.055 28.952 333.055 47.862 320.222 47.862
320.443 28.757 333.313 28.757 333.313 47.564 320.443 47.564
320.332 28.283 333.244 28.283 333.244 47.040 320.332 47.040
320.685 28.745 333.651 28.745 333.651 47.446 320.685 47.446
320.555 29.146 333.610 29.146 333.610 47.934 320.555 47.934
320.886 29.082 333.845 29.082 333.845 47.926 320.886 47.926
322.679 30.776 335.245 30.776 335.245 49.865 322.679 49.865
322.605 30.426 334.713 30.426 334.713 49.889 322.605 49.889
322.787 29.869 334.719 29.869 334.719 49.476 322.787 49.476
323.165 29.566 335.022 29.566 335.022 49.299 323.165 49.299
323.030 29.590 334.866 29.590 334.866 49.348 323.030 49.348
323.409 29.400 335.192 29.400 335.192 49.242 323.409 49.242
323.588 29.227 335.284 29.227 335.284 49.197 323.588 49.197
323.765 29.429 335.496 29.429 335.496 49.428 323.765 49.428
323.955 30.094 335.688 30.094 335.688 50.143 323.955 50.143
325.788 32.188 337.396 32.188 337.396 52.295 325.788 52.295
325.504 32.798 337.164 32.798 337.164 52.807 325.504 52.807
325.189 32.776 336.884 32.776 336.884 52.661 325.189 52.661
324.933 32.726 336.643 32.726 336.643 52.547 324.933 52.547
324.983 32.575 336.751 32.575 336.751 52.224 324.983 52.224
325.023 32.770 336.777 32.770 336.777 52.325 325.023 52.325
325.081 33.165 336.801 33.165 336.801 52.691 325.081 52.691
325.151 33.607 336.801 33.607 336.801 53.062 325.151 53.062
325.121 33.600 336.693 33.600 336.693 53.068 325.121 53.068
325.258 34.013 336.859 34.013 336.859 53.417 325.258 53.417
325.380 34.062 336.992 34.062 336.992 53.356 325.380 53.356
327.268 35.954 338.794 35.954 338.794 55.078 327.268 55.078
327.150 35.800 338.767 35.800 338.767 54.601 327.150 54.601
327.235 35.598 338.687 35.598 338.687 54.368 327.235 54.368
327.325 35.710 338.718 35.710 338.718 54.407 327.325 54.407
327.341 35.270 338.673 35.270 338.673 54.012 327.341 54.012
327.202 35.060 338.436 35.060 338.436 53.710 327.202 53.710
327.312 34.721 338.485 34.721 338.485 53.308 327.312 53.308
327.477 34.557 338.559 34.557 338.559 53.134 327.477 53.134
327.260 35.081 338.353 35.081 338.353 53.577 327.260 53.577
327.508 34.877 338.605 34.877 338.605 53.307 327.508 53.307
327.505 34.650 338.566 34.650 338.566 52.948 327.505 52.948
327.802 34.692 338.837 34.692 338.837 52.942 327.802 52.942
328.018 34.663 339.059 34.663 339.059 52.800 328.018 52.800
328.139 34.943 339.076 34.943 339.076 53.106 328.139 53.106
328.088 35.193 339.012 35.193 339.012 53.253 328.088 53.253
328.308 35.337 339.108 35.337 339.108 53.353 328.308 53.353
328.425 35.525 339.168 35.525 339.168 53.501 328.425 53.501
328.600 35.148 339.244 35.148 339.244 53.162 328.600 53.162
328.657 34.958 339.176 34.958 339.176 52.989 328.657 52.989
328.608 34.982 339.102 34.982 339.102 52.932 328.608 52.932
328.509 34.963 339.019 34.963 339.019 52.789 328.509 52.789
328.554 34.682 339.008 34.682 339.008 52.588 328.554 52.588
328.497 34.670 338.948 34.670 338.948 52.517 328.497 52.517
328.444 35.056 338.873 35.056 338.873 52.979 328.444 52.979
328.359 35.430 338.805 35.430 338.805 53.325 328.359 53.325
328.151 35.350 338.489 35.350 338.489 53.371 328.151 53.371
328.546 35.299 338.782 35.299 338.782 53.433 328.546 53.433
328.360 35.250 338.717 35.250 338.717 53.234 328.360 53.234
328.304 35.334 338.658 35.334 338.658 53.257 328.304 53.257
328.744 35.342 339.125 35.342 339.125 53.243 328.744 53.243
328.958 35.422 339.324 35.422 339.324 53.347 328.958 53.347
329.241 35.496 339.559 35.496 339.559 53.470 329.241 53.470
329.565 35.469 339.879 35.469 339.879 53.281 329.565 53.281
329.724 35.585 340.033 35.585 340.033 53.296 329.724 53.296
329.644 35.376 339.876 35.376 339.876 53.057 329.644 53.057
329.945 35.380 340.201 35.380 340.201 52.996 329.945 52.996
329.748 35.265 340.086 35.265 340.086 52.786 329.748 52.786
330.081 34.989 340.336 34.989 340.336 52.613 330.081 52.613
329.661 35.335 339.964 35.335 339.964 52.906 329.661 52.906
329.830 35.210 340.091 35.210 340.091 52.846 329.830 52.846
329.954 35.041 340.162 35.041 340.162 52.733 329.954 52.733
329.680 35.094 339.875 35.094 339.875 52.933 329.680 52.933
329.718 35.322 339.914 35.322 339.914 53.306 329.718 53.306
329.850 35.103 339.967 35.103 339.967 53.135 329.850 53.135
329.915 35.352 340.131 35.352 340.131 53.443 329.915 53.443
329.917 35.598 340.252 35.598 340.252 53.620 329.917 53.620
330.117 35.481 340.552 35.481 340.552 53.455 330.117 53.455
330.539 35.052 341.024 35.052 341.024 53.088 330.539 53.088
330.468 34.869 340.864 34.869 340.864 53.029 330.468 53.029
332.039 35.236 342.435 35.236 342.435 53.394 332.039 53.394
331.938 37.098 342.382 37.098 342.382 55.062 331.938 55.062
331.859 37.202 342.328 37.202 342.328 55.004 331.859 55.004
331.792 37.257 342.263 37.257 342.263 55.034 331.792 55.034
331.736 37.430 342.227 37.430 342.227 55.083 331.736 55.083
331.532 37.369 342.064 37.369 342.064 54.984 331.532 54.984
331.443 37.445 342.073 37.445 342.073 55.019 331.443 55.019
331.403 37.345 341.947 37.345 341.947 55.021 331.403 55.021
331.257 37.380 341.777 37.380 341.777 55.085 331.257 55.085
331.205 37.451 341.650 37.451 341.650 55.197 331.205 55.197
331.190 37.364 341.645 37.364 341.645 55.118 331.190 55.118
331.159 36.943 341.558 36.943 341.558 54.787 331.159 54.787
331.352 36.656 341.843 36.656 341.843 54.422 331.352 54.422
331.459 36.485 341.875 36.485 341.875 54.238 331.459 54.238
331.585 36.411 341.957 36.411 341.957 54.169 331.585 54.169
331.500 36.609 341.941 36.609 341.941 54.253 331.500 54.253
331.610 36.332 342.031 36.332 342.031 53.983 331.610 53.983
331.555 36.215 341.930 36.215 341.930 54.031 331.555 54.031
331.552 36.025 341.936 36.025 341.936 53.961 331.552 53.961
331.446 36.263 341.818 36.263 341.818 54.234 331.446 54.234
331.395 36.498 341.808 36.498 341.808 54.447 331.395 54.447
331.382 36.657 341.808 36.657 341.808 54.630 331.382 54.630
331.411 36.356 341.827 36.356 341.827 54.278 331.411 54.278
331.315 36.462 341.759 36.462 341.759 54.454 331.315 54.454
331.500 35.893 341.945 35.893 341.945 54.025 331.500 54.025
331.482 35.917 341.996 35.917 341.996 53.953 331.482 53.953
331.439 35.925 341.938 35.925 341.938 53.925 331.439 53.925
331.333 35.884 341.794 35.884 341.794 53.890 331.333 53.890
331.196 35.649 341.670 35.649 341.670 53.607 331.196 53.607
331.231 35.577 341.626 35.577 341.626 53.643 331.231 53.643
331.187 35.484 341.617 35.484 341.617 53.475 331.187 53.475
331.413 35.146 341.901 35.146 341.901 53.247 331.413 53.247
331.524 34.870 341.985 34.870 341.985 53.074 331.524 53.074
331.616 35.084 342.071 35.084 342.071 53.312 331.616 53.312
331.509 35.109 342.130 35.109 342.130 53.287 331.509 53.287
331.508 35.316 342.118 35.316 342.118 53.568 331.508 53.568
331.662 35.515 342.233 35.515 342.233 53.838 331.662 53.838
331.745 37.221 342.321 37.221 342.321 55.488 331.745 55.488
331.517 37.553 342.189 37.553 342.189 55.662 331.517 55.662
331.605 37.524 342.391 37.524 342.391 55.406 331.605 55.406
331.642 37.706 342.465 37.706 342.465 55.523 331.642 55.523
331.630 38.105 342.552 38.105 342.552 55.782 331.630 55.782
331.323 38.582 342.678 38.582 342.678 55.622 331.323 55.622
331.367 38.724 342.618 38.724 342.618 55.743 331.367 55.743
331.350 38.841 342.462 38.841 342.462 55.893 331.350 55.893
331.474 38.739 342.440 38.739 342.440 55.905 331.474 55.905
331.288 38.910 342.547 38.910 342.547 55.768 331.288 55.768
331.156 38.934 342.686 38.934 342.686 55.510 331.156 55.510
331.118 39.141 342.794 39.141 342.794 55.566 331.118 55.566
330.999 39.241 342.773 39.241 342.773 55.534 330.999 55.534
331.066 39.376 342.820 39.376 342.820 55.504 331.066 55.504
331.007 39.451 342.702 39.451 342.702 55.491 331.007 55.491
331.261 39.257 343.001 39.257 343.001 55.159 331.261 55.159
331.122 39.587 342.863 39.587 342.863 55.409 331.122 55.409
331.168 39.666 342.944 39.666 342.944 55.375 331.168 55.375
331.282 39.569 343.008 39.569 343.008 55.262 331.282 55.262
331.423 39.591 343.184 39.591 343.184 55.244 331.423 55.244
331.504 39.549 343.341 39.549 343.341 55.137 331.504 55.137
331.415 39.735 343.258 39.735 343.258 55.265 331.415 55.265
331.756 39.658 343.590 39.658 343.590 55.201 331.756 55.201
331.571 39.862 343.453 39.862 343.453 55.366 331.571 55.366
331.739 40.068 343.616 40.068 343.616 55.600 331.739 55.600
331.961 39.875 343.760 39.875 343.760 55.345 331.961 55.345
331.897 38.349 343.715 38.349 343.715 53.788 331.897 53.788
331.386 38.592 343.179 38.592 343.179 54.024 331.386 54.024
331.507 38.194 343.306 38.194 343.306 53.633 331.507 53.633
331.579 38.120 343.347 38.120 343.347 53.619 331.579 53.619
331.629 38.052 343.413 38.052 343.413 53.569 331.629 53.569
331.458 38.162 343.254 38.162 343.254 53.685 331.458 53.685
331.576 38.070 343.432 38.070 343.432 53.542 331.576 53.542
331.485 37.897 343.309 37.897 343.309 53.387 331.485 53.387
331.478 37.779 343.302 37.779 343.302 53.234 331.478 53.234
331.292 37.467 343.264 37.467 343.264 52.947 331.292 52.947
331.121 37.282 343.014 37.282 343.014 52.828 331.121 52.828
331.342 37.110 343.233 37.110 343.233 52.726 331.342 52.726
331.099 36.774 342.946 36.774 342.946 52.431 331.099 52.431
331.127 36.658 343.035 36.658 343.035 52.389 331.127 52.389
331.050 36.364 342.990 36.364 342.990 52.142 331.050 52.142
330.974 36.307 342.947 36.307 342.947 52.143 330.974 52.143
331.144 36.263 343.168 36.263 343.168 52.091 331.144 52.091
331.184 36.282 343.135 36.282 343.135 52.196 331.184 52.196
331.153 36.313 343.208 36.313 343.208 52.225 331.153 52.225
331.288 36.291 343.378 36.291 343.378 52.186 331.288 52.186
330.930 36.176 343.094 36.176 343.094 52.128 330.930 52.128
330.961 36.046 343.226 36.046 343.226 52.045 330.961 52.045
330.957 37.538 343.232 37.538 343.232 53.553 330.957 53.553
331.056 39.317 343.419 39.317 343.419 55.306 331.056 55.306
331.207 39.007 343.488 39.007 343.488 55.011 331.207 55.011
331.328 39.073 343.609 39.073 343.609 55.055 331.328 55.055
331.299 38.803 343.549 38.803 343.549 54.778 331.299 54.778
331.317 38.842 343.475 38.842 343.475 54.901 331.317 54.901
331.433 38.804 343.642 38.804 343.642 54.774 331.433 54.774
331.268 38.733 343.419 38.733 343.419 54.710 331.268 54.710
331.695 38.855 343.915 38.855 343.915 54.780 331.695 54.780
331.683 38.911 343.825 38.911 343.825 54.895 331.683 54.895
331.663 38.914 343.797 38.914 343.797 54.918 331.663 54.918
331.876 36.803 344.027 36.803 344.027 52.818 331.876 52.818
332.117 38.673 344.266 38.673 344.266 54.681 332.117 54.681
332.293 38.725 344.434 38.725 344.434 54.712 332.293 54.712
332.536 38.812 344.725 38.812 344.725 54.736 332.536 54.736
332.596 38.755 344.824 38.755 344.824 54.681 332.596 54.681
332.692 38.884 344.900 38.884 344.900 54.822 332.692 54.822
332.750 38.964 344.959 38.964 344.959 54.940 332.750 54.940
332.837 38.874 344.956 38.874 344.956 54.907 332.837 54.907
332.774 38.856 344.816 38.856 344.816 54.921 332.774 54.921
332.752 38.613 344.716 38.613 344.716 54.710 332.752 54.710
333.102 38.393 345.028 38.393 345.028 54.538 333.102 54.538
333.413 38.074 345.316 38.074 345.316 54.111 333.413 54.111
333.734 37.457 345.722 37.457 345.722 53.500 333.734 53.500
333.901 37.065 345.872 37.065 345.872 53.126 333.901 53.126
334.188 38.735 346.187 38.735 346.187 54.838 334.188 54.838
334.606 38.342 346.615 38.342 346.615 54.420 334.606 54.420
334.520 37.966 346.581 37.966 346.581 54.011 334.520 54.011
334.648 37.413 346.701 37.413 346.701 53.496 334.648 53.496
334.704 36.948 346.774 36.948 346.774 52.932 334.704 52.932
334.509 36.318 346.570 36.318 346.570 52.339 334.509 52.339
336.466 37.504 348.086 37.504 348.086 54.057 336.466 54.057
336.221 36.829 347.910 36.829 347.910 53.302 336.221 53.302
336.462 36.175 347.743 36.175 347.743 53.192 336.462 53.192
336.491 35.240 347.661 35.240 347.661 52.402 336.491 52.402
336.582 34.866 347.495 34.866 347.495 52.351 336.582 52.351
336.754 36.283 347.537 36.283 347.537 53.849 336.754 53.849
336.175 36.026 347.292 36.026 347.292 53.194 336.175 53.194
335.893 35.406 347.237 35.406 347.237 52.283 335.893 52.283
337.509 34.942 348.652 34.942 348.652 52.072 337.509 52.072
337.001 34.633 348.398 34.633 348.398 51.468 337.001 51.468
336.713 35.708 348.241 35.708 348.241 52.380 336.713 52.380
338.567 34.638 349.825 34.638 349.825 51.620 338.567 51.620
338.625 35.745 349.659 35.745 349.659 52.963 338.625 52.963
340.295 38.728 351.123 38.728 351.123 56.088 340.295 56.088
340.302 38.500 350.927 38.500 350.927 55.939 340.302 55.939
340.347 38.122 350.893 38.122 350.893 55.677 340.347 55.677
343.892 37.352 354.362 37.352 354.362 54.978 343.892 54.978
343.870 37.194 354.280 37.194 354.280 54.912 343.870 54.912
343.902 37.082 354.268 37.082 354.268 54.799 343.902 54.799
345.558 38.798 355.910 38.798 355.910 56.559 345.558 56.559
344.160 38.450 354.473 38.450 354.473 56.133 344.160 56.133
344.481 38.492 354.764 38.492 354.764 56.107 344.481 56.107
344.972 38.031 355.256 38.031 355.256 55.429 344.972 55.429
346.649 39.524 356.897 39.524 356.897 56.974 346.649 56.974
346.412 39.693 357.068 39.693 357.068 56.692 346.412 56.692
346.630 37.480 357.112 37.480 357.112 54.669 346.630 54.669
346.800 37.148 357.104 37.148 357.104 54.446 346.800 54.446
346.832 36.743 357.103 36.743 357.103 54.014 346.832 54.014
347.853 38.716 358.483 38.716 358.483 55.625 347.853 55.625
347.472 38.360 358.292 38.360 358.292 54.962 347.472 54.962
347.229 36.515 358.200 36.515 358.200 52.868 347.229 52.868
347.409 38.869 358.139 38.869 358.139 55.443 347.409 55.443
347.637 38.688 358.512 38.688 358.512 55.090 347.637 55.090
347.993 37.552 358.690 37.552 358.690 54.158 347.993 54.158
348.228 35.575 359.003 35.575 359.003 52.086 348.228 52.086
347.785 35.701 358.891 35.701 358.891 51.926 347.785 51.926
349.135 35.524 360.282 35.524 360.282 51.700 349.135 51.700
347.414 36.969 358.742 36.969 358.742 52.955 347.414 52.955
347.335 36.764 358.723 36.764 358.723 52.665 347.335 52.665
348.567 34.908 359.992 34.908 359.992 50.765 348.567 50.765
348.207 34.786 359.655 34.786 359.655 50.615 348.207 50.615
349.818 34.599 361.205 34.599 361.205 50.499 349.818 50.499
349.545 36.023 360.958 36.023 360.958 51.900 349.545 51.900
351.490 38.797 362.618 38.797 362.618 55.014 351.490 55.014
351.458 36.719 362.507 36.719 362.507 53.039 351.458 53.039
353.126 28.251 363.884 28.251 363.884 45.052 353.126 45.052
353.043 28.521 363.727 28.521 363.727 45.474 353.043 45.474
352.932 28.645 363.357 28.645 363.357 45.981 352.932 45.981
352.854 28.294 363.174 28.294 363.174 45.862 352.854 45.862
354.084 26.684 364.364 26.684 364.364 44.370 354.084 44.370
353.644 26.643 363.856 26.643 363.856 44.447 353.644 44.447
354.943 26.788 365.145 26.788 365.145 44.608 354.943 44.608
354.231 25.587 364.507 25.587 364.507 43.314 354.231 43.314
366.281 26.576 377.092 26.576 377.092 43.777 366.281 43.777
366.160 27.007 377.198 27.007 377.198 43.993 366.160 43.993
366.125 26.083 377.427 26.083 377.427 42.783 366.125 42.783
365.957 26.804 377.538 26.804 377.538 43.159 365.957 43.159
366.006 27.245 377.776 27.245 377.776 43.478 366.006 43.478
365.983 27.697 377.906 27.697 377.906 43.762 365.983 43.762
365.807 26.700 377.814 26.700 377.814 42.710 365.807 42.710
367.301 27.110 379.466 27.110 379.466 43.048 367.301 43.048
367.164 27.404 379.380 27.404 379.380 43.302 367.164 43.302
366.832 27.776 379.153 27.776 379.153 43.668 366.832 43.668
366.716 28.242 379.088 28.242 379.088 44.119 366.716 44.119
366.564 27.248 378.965 27.248 378.965 43.128 366.564 43.128
364.729 27.967 377.184 27.967 377.184 43.824 364.729 43.824
364.553 26.826 377.036 26.826 377.036 42.693 364.553 42.693
364.421 27.438 376.951 27.438 376.951 43.290 364.421 43.290
364.303 27.894 376.966 27.894 376.966 43.734 364.303 43.734
365.868 28.561 378.545 28.561 378.545 44.395 365.868 44.395
365.585 30.301 378.303 30.301 378.303 46.129 365.585 46.129
365.413 27.274 378.188 27.274 378.188 43.070 365.413 43.070
365.361 27.725 378.195 27.725 378.195 43.505 365.361 43.505
365.248 27.936 378.087 27.936 378.087 43.722 365.248 43.722
365.169 28.067 378.055 28.067 378.055 43.904 365.169 43.904
366.722 29.815 379.770 29.815 379.770 45.680 366.722 45.680
366.541 29.809 379.584 29.809 379.584 45.792 366.541 45.792
366.236 27.932 379.358 27.932 379.358 43.915 366.236 43.915
364.502 26.808 377.598 26.808 377.598 42.848 364.502 42.848
364.679 26.938 377.799 26.938 377.799 43.054 364.679 43.054
364.668 27.437 377.794 27.437 377.794 43.608 364.668 43.608
364.652 27.772 377.826 27.772 377.826 43.962 364.652 43.962
364.552 28.322 377.707 28.322 377.707 44.532 364.552 44.532
364.344 28.652 377.518 28.652 377.518 44.935 364.344 44.935
366.011 27.427 379.210 27.427 379.210 43.695 366.011 43.695
365.849 27.614 379.070 27.614 379.070 43.940 365.849 43.940
365.646 27.794 378.889 27.794 378.889 44.186 365.646 44.186
365.281 26.392 378.601 26.392 378.601 42.922 365.281 42.922
365.037 30.027 378.374 30.027 378.374 46.551 365.037 46.551
364.675 28.343 378.061 28.343 378.061 44.914 364.675 44.914
362.416 27.025 375.857 27.025 375.857 43.662 362.416 43.662
362.473 27.236 376.000 27.236 376.000 43.862 362.473 43.862
362.346 27.307 375.917 27.307 375.917 44.067 362.346 44.067
360.337 27.528 373.926 27.528 373.926 44.382 360.337 44.382
364.053 28.278 377.632 28.278 377.632 45.084 364.053 45.084
362.175 28.420 375.724 28.420 375.724 45.365 362.175 45.365
364.224 27.023 377.829 27.023 377.829 43.965 364.224 43.965
364.318 25.883 377.905 25.883 377.905 42.951 364.318 42.951
364.331 26.601 377.929 26.601 377.929 43.652 364.331 43.652
364.075 27.288 377.747 27.288 377.747 44.358 364.075 44.358
364.234 27.612 378.033 27.612 378.033 44.707 364.234 44.707
364.151 28.499 377.984 28.499 377.984 45.603 364.151 45.603
364.157 26.972 378.035 26.972 378.035 44.101 364.157 44.101
359.719 35.953 373.514 35.953 373.514 53.216 359.719 53.216
358.074 36.618 371.654 36.618 371.654 54.153 358.074 54.153
359.369 35.862 372.911 35.862 372.911 53.467 359.369 53.467
359.340 37.028 372.774 37.028 372.774 54.623 359.340 54.623
359.767 36.465 373.074 36.465 373.074 54.130 359.767 54.130
359.637 36.286 372.929 36.286 372.929 53.904 359.637 53.904
359.614 36.041 372.807 36.041 372.807 53.710 359.614 53.710
359.400 35.519 372.527 35.519 372.527 53.213 359.400 53.213
359.199 35.522 372.292 35.522 372.292 53.116 359.199 53.116
359.724 36.859 372.271 36.859 372.271 55.061 359.724 55.061
359.987 37.488 372.107 37.488 372.107 56.303 359.987 56.303
360.021 36.805 372.450 36.805 372.450 55.337 360.021 55.337
359.825 36.348 372.451 36.348 372.451 54.685 359.825 54.685
359.624 37.916 372.336 37.916 372.336 55.949 359.624 55.949
359.205 36.794 371.981 36.794 371.981 54.817 359.205 54.817
360.736 35.072 373.653 35.072 373.653 52.950 360.736 52.950
360.460 36.948 373.462 36.948 373.462 54.736 360.460 54.736
360.175 36.859 373.205 36.859 373.205 54.675 360.175 54.675
358.353 37.040 371.477 37.040 371.477 54.824 358.353 54.824
359.781 38.440 372.930 38.440 372.930 56.176 359.781 56.176
359.507 37.994 372.622 37.994 372.622 55.765 359.507 55.765
359.407 37.704 372.594 37.704 372.594 55.424 359.407 55.424
359.865 37.458 373.033 37.458 373.033 55.146 359.865 55.146
359.800 37.094 373.019 37.094 373.019 54.773 359.800 54.773
359.552 36.773 372.780 36.773 372.780 54.432 359.552 54.432
361.159 36.587 374.356 36.587 374.356 54.169 361.159 54.169
360.574 36.489 373.785 36.489 373.785 54.010 360.574 54.010
360.290 38.099 373.538 38.099 373.538 55.543 360.290 55.543
360.153 38.002 373.396 38.002 373.396 55.433 360.153 55.433
360.657 37.402 373.853 37.402 373.853 54.938 360.657 54.938
360.537 36.828 373.795 36.828 373.795 54.375 360.537 54.375
360.621 36.593 373.874 36.593 373.874 54.122 360.621 54.122
360.525 38.097 373.792 38.097 373.792 55.576 360.525 55.576
360.422 37.614 373.728 37.614 373.728 55.152 360.422 55.152
360.598 37.423 373.828 37.423 373.828 55.012 360.598 55.012
360.854 37.317 374.063 37.317 374.063 54.996 360.854 54.996
360.393 37.109 373.564 37.109 373.564 54.907 360.393 54.907
360.466 37.343 373.742 37.343 373.742 55.130 360.466 55.130
360.870 37.169 374.169 37.169 374.169 54.988 360.870 54.988
360.942 38.720 374.228 38.720 374.228 56.575 360.942 56.575
361.005 37.739 374.167 37.739 374.167 55.706 361.005 55.706
360.789 36.957 373.991 36.957 373.991 54.856 360.789 54.856
362.346 36.641 375.544 36.641 375.544 54.475 362.346 54.475
361.355 36.465 374.632 36.465 374.632 54.179 361.355 54.179
362.449 38.427 375.756 38.427 375.756 56.054 362.449 56.054
362.329 38.067 375.703 38.067 375.703 55.750 362.329 55.750
361.745 37.555 375.038 37.555 375.038 55.287 361.745 55.287
363.068 36.935 376.390 36.935 376.390 54.682 363.068 54.682
362.483 36.362 375.774 36.362 375.774 54.111 362.483 54.111
362.664 38.116 376.005 38.116 376.005 55.837 362.664 55.837
363.046 38.000 376.325 38.000 376.325 55.867 363.046 55.867
362.496 37.572 375.690 37.572 375.690 55.524 362.496 55.524
362.361 37.424 375.666 37.424 375.666 55.436 362.361 55.436
362.445 37.072 375.804 37.072 375.804 55.120 362.445 55.120
362.485 37.193 375.867 37.193 375.867 55.241 362.485 55.241
362.177 37.533 375.609 37.533 375.609 55.590 362.177 55.590
363.669 37.830 377.110 37.830 377.110 55.916 363.669 55.916
363.015 37.597 376.522 37.597 376.522 55.681 363.015 55.681
363.135 37.159 376.614 37.159 376.614 55.228 363.135 55.228
362.928 36.238 376.403 36.238 376.403 54.373 362.928 54.373
362.620 37.742 376.089 37.742 376.089 55.819 362.620 55.819
362.620 37.908 376.154 37.908 376.154 55.912 362.620 55.912
363.274 39.622 376.813 39.622 376.813 57.641 363.274 57.641
363.832 39.047 377.333 39.047 377.333 57.089 363.832 57.089
364.263 36.900 377.705 36.900 377.705 55.022 364.263 55.022
364.232 36.783 377.823 36.783 377.823 54.948 364.232 54.948
364.142 36.831 377.839 36.831 377.839 54.923 364.142 54.923
365.406 36.921 379.104 36.921 379.104 55.072 365.406 55.072
365.226 37.971 378.955 37.971 378.955 56.111 365.226 56.111
364.916 38.126 378.602 38.126 378.602 56.400 364.916 56.400
364.338 37.945 377.974 37.945 377.974 56.320 364.338 56.320
364.404 37.861 378.187 37.861 378.187 56.172 364.404 56.172
365.715 37.964 379.445 37.964 379.445 56.290 365.715 56.290
365.381 38.471 379.143 38.471 379.143 56.768 365.381 56.768
365.617 38.130 379.318 38.130 379.318 56.555 365.617 56.555
365.324 37.647 379.102 37.647 379.102 56.173 365.324 56.173
365.056 37.308 378.703 37.308 378.703 55.928 365.056 55.928
365.233 37.543 378.917 37.543 378.917 56.230 365.233 56.230
365.034 37.486 378.752 37.486 378.752 56.174 365.034 56.174
365.480 37.914 379.173 37.914 379.173 56.701 365.480 56.701
365.774 37.531 379.386 37.531 379.386 56.493 365.774 56.493
366.404 37.536 380.075 37.536 380.075 56.643 366.404 56.643
366.714 37.515 380.464 37.515 380.464 56.654 366.714 56.654
366.240 37.541 379.923 37.541 379.923 56.819 366.240 56.819
366.799 37.695 380.575 37.695 380.575 57.008 366.799 57.008
366.496 37.836 380.400 37.836 380.400 57.122 366.496 57.122
366.937 37.773 380.861 37.773 380.861 57.169 366.937 57.169
367.333 37.323 381.260 37.323 381.260 56.823 367.333 56.823
367.383 36.920 381.267 36.920 381.267 56.470 367.383 56.470
367.383 37.164 381.261 37.164 381.261 56.813 367.383 56.813
367.442 37.118 381.436 37.118 381.436 56.781 367.442 56.781
367.386 37.410 381.423 37.410 381.423 57.190 367.386 57.190
367.918 37.604 381.963 37.604 381.963 57.474 367.918 57.474
369.513 37.383 383.624 37.383 383.624 57.243 369.513 57.243
369.368 37.351 383.518 37.351 383.518 57.145 369.368 57.145
368.851 37.430 383.001 37.430 383.001 57.203 368.851 57.203
370.232 39.067 384.445 39.067 384.445 58.772 370.232 58.772
369.729 38.484 383.879 38.484 383.879 58.242 369.729 58.242
369.333 38.857 383.403 38.857 383.403 58.672 369.333 58.672
370.860 38.800 384.940 38.800 384.940 58.678 370.860 58.678
370.520 38.357 384.654 38.357 384.654 58.142 370.520 58.142
370.437 37.971 384.519 37.971 384.519 57.734 370.437 57.734
372.331 37.981 386.452 37.981 386.452 57.727 372.331 57.727
372.089 37.893 386.287 37.893 386.287 57.598 372.089 57.598
371.881 37.197 386.148 37.197 386.148 56.895 371.881 56.895
371.541 37.467 385.798 37.467 385.798 57.188 371.541 57.188
371.623 39.247 385.864 39.247 385.864 58.982 371.623 58.982
373.328 39.047 387.638 39.047 387.638 58.662 373.328 58.662
372.929 38.719 387.298 38.719 387.298 58.283 372.929 58.283
374.670 40.231 389.224 40.231 389.224 59.750 374.670 59.750
374.027 39.711 388.672 39.711 388.672 59.091 374.027 59.091
374.148 40.871 388.792 40.871 388.792 60.323 374.148 60.323
373.650 38.373 388.330 38.373 388.330 57.898 373.650 57.898
373.168 38.371 387.839 38.371 387.839 57.922 373.168 57.922
374.752 38.495 389.548 38.495 389.548 58.009 374.752 58.009
374.250 38.614 389.039 38.614 389.039 58.147 374.250 58.147
374.027 40.108 388.826 40.108 388.826 59.660 374.027 59.660
375.418 39.604 390.266 39.604 390.266 59.077 375.418 59.077
374.982 39.517 389.884 39.517 389.884 58.962 374.982 58.962
376.501 39.027 391.483 39.027 391.483 58.305 376.501 58.305
376.088 39.249 391.127 39.249 391.127 58.421 376.088 58.421
375.990 39.292 390.998 39.292 390.998 58.501 375.990 58.501
375.927 39.051 390.846 39.051 390.846 58.515 375.927 58.515
375.816 39.328 390.681 39.328 390.681 58.865 375.816 58.865
375.695 40.541 390.607 40.541 390.607 60.150 375.695 60.150
375.879 40.175 390.730 40.175 390.730 59.783 375.879 59.783
375.505 39.715 390.482 39.715 390.482 59.383 375.505 59.383
375.774 39.879 390.630 39.879 390.630 59.598 375.774 59.598
375.996 39.725 390.863 39.725 390.863 59.449 375.996 59.449
375.619 39.549 390.452 39.549 390.452 59.248 375.619 59.248
377.408 39.639 392.241 39.639 392.241 59.237 377.408 59.237
377.423 39.587 392.318 39.587 392.318 59.138 377.423 59.138
377.509 39.678 392.470 39.678 392.470 59.189 377.509 59.189
377.318 39.279 392.378 39.279 392.378 58.700 377.318 58.700
377.217 40.483 392.290 40.483 392.290 59.905 377.217 59.905
377.192 40.378 392.333 40.378 392.333 59.863 377.192 59.863
377.124 41.516 392.279 41.516 392.279 61.089 377.124 61.089
377.153 40.992 392.327 40.992 392.327 60.654 377.153 60.654
377.046 40.649 392.192 40.649 392.192 60.362 377.046 60.362
376.987 40.146 392.136 40.146 392.136 59.947 376.987 59.947
377.197 39.858 392.326 39.858 392.326 59.675 377.197 59.675
376.579 41.055 391.741 41.055 391.741 60.751 376.579 60.751
376.963 40.557 392.001 40.557 392.001 60.398 376.963 60.398
376.907 40.060 391.979 40.060 391.979 59.900 376.907 59.900
376.669 40.026 391.687 40.026 391.687 59.838 376.669 59.838
376.601 39.726 391.645 39.726 391.645 59.460 376.601 59.460
376.531 39.564 391.544 39.564 391.544 59.367 376.531 59.367
376.418 40.770 391.443 40.770 391.443 60.636 376.418 60.636
376.191 40.076 391.139 40.076 391.139 59.938 376.191 59.938
377.616 40.225 392.647 40.225 392.647 59.870 377.616 59.870
377.126 39.957 392.192 39.957 392.192 59.563 377.126 59.563
376.551 40.044 391.640 40.044 391.640 59.664 376.551 59.664
376.276 40.471 391.447 40.471 391.447 60.132 376.276 60.132
375.827 40.312 390.912 40.312 390.912 60.017 375.827 60.017
375.868 40.476 390.977 40.476 390.977 60.162 375.868 60.162
375.819 42.075 390.976 42.075 390.976 61.662 375.819 61.662
376.103 41.115 391.172 41.115 391.172 60.751 376.103 60.751
375.474 41.236 390.565 41.236 390.565 60.714 375.474 60.714
375.316 40.852 390.377 40.852 390.377 60.379 375.316 60.379
375.184 40.607 390.036 40.607 390.036 60.162 375.184 60.162
375.245 41.903 390.105 41.903 390.105 61.421 375.245 61.421
375.528 43.161 390.387 43.161 390.387 62.656 375.528 62.656
375.313 42.609 390.229 42.609 390.229 62.020 375.313 62.020
375.317 41.941 390.218 41.941 390.218 61.417 375.317 61.417
375.063 41.780 389.989 41.780 389.989 61.246 375.063 61.246
374.964 41.247 389.847 41.247 389.847 60.729 374.964 60.729
374.795 40.945 389.656 40.945 389.656 60.624 374.795 60.624
375.371 41.749 390.192 41.749 390.192 61.603 375.371 61.603
374.776 41.467 389.580 41.467 389.580 61.380 374.776 61.380
374.536 41.861 389.256 41.861 389.256 61.887 374.536 61.887
374.297 41.613 388.976 41.613 388.976 61.688 374.297 61.688
374.566 41.072 389.270 41.072 389.270 61.226 374.566 61.226
374.123 41.519 388.990 41.519 388.990 61.529 374.123 61.529
374.291 41.576 389.166 41.576 389.166 61.761 374.291 61.761
374.241 41.643 389.175 41.643 389.175 61.795 374.241 61.795
374.398 41.499 389.286 41.499 389.286 61.835 374.398 61.835
374.781 42.875 389.748 42.875 389.748 63.232 374.781 63.232
374.167 42.159 389.274 42.159 389.274 62.492 374.167 62.492
374.513 42.138 389.663 42.138 389.663 62.420 374.513 62.420
374.480 41.828 389.660 41.828 389.660 61.972 374.480 61.972
374.401 42.347 389.567 42.347 389.567 62.553 374.401 62.553
374.486 41.873 389.708 41.873 389.708 62.037 374.486 62.037
374.203 41.729 389.455 41.729 389.455 61.977 374.203 61.977
374.169 41.299 389.388 41.299 389.388 61.675 374.169 61.675
374.271 42.558 389.390 42.558 389.390 62.957 374.271 62.957
374.412 42.196 389.620 42.196 389.620 62.577 374.412 62.577
374.625 41.704 389.816 41.704 389.816 62.100 374.625 62.100
374.948 43.343 390.160 43.343 390.160 63.870 374.948 63.870
374.340 42.594 389.477 42.594 389.477 63.222 374.340 63.222
374.158 42.595 389.299 42.595 389.299 63.345 374.158 63.345
374.474 42.412 389.625 42.412 389.625 63.132 374.474 63.132
374.680 41.978 389.812 41.978 389.812 62.756 374.680 62.756
374.732 41.558 389.915 41.558 389.915 62.444 374.732 62.444
374.314 41.458 389.426 41.458 389.426 62.391 374.314 62.391
374.180 42.057 389.375 42.057 389.375 62.890 374.180 62.890
375.854 41.989 391.040 41.989 391.040 62.913 375.854 62.913
375.081 42.517 390.352 42.517 390.352 63.426 375.081 63.426
374.813 44.019 390.054 44.019 390.054 64.917 374.813 64.917
374.932 43.548 390.119 43.548 390.119 64.571 374.932 64.571
375.049 42.574 390.279 42.574 390.279 63.638 375.049 63.638
376.591 42.155 391.917 42.155 391.917 63.034 376.591 63.034
375.899 41.715 391.224 41.715 391.224 62.485 375.899 62.485
375.724 41.622 391.028 41.622 391.028 62.507 375.724 62.507
375.852 41.235 391.034 41.235 391.034 62.291 375.852 62.291
376.243 41.533 391.271 41.533 391.271 62.772 376.243 62.772
376.662 41.560 391.694 41.560 391.694 62.761 376.662 62.761
376.448 41.733 391.481 41.733 391.481 62.870 376.448 62.870
376.425 41.918 391.447 41.918 391.447 63.139 376.425 63.139
376.666 41.805 391.673 41.805 391.673 63.012 376.666 63.012
377.030 41.805 392.022 41.805 392.022 63.090 377.030 63.090
377.196 43.126 392.229 43.126 392.229 64.391 377.196 64.391
377.559 42.536 392.518 42.536 392.518 63.872 377.559 63.872
377.353 41.968 392.364 41.968 392.364 63.295 377.353 63.295
377.874 43.744 393.018 43.744 393.018 64.933 377.874 64.933
378.007 43.418 393.092 43.418 393.092 64.550 378.007 64.550
378.178 43.289 393.271 43.289 393.271 64.472 378.178 64.472
378.442 42.593 393.506 42.593 393.506 63.840 378.442 63.840
378.712 42.374 393.784 42.374 393.784 63.539 378.712 63.539
378.665 42.473 393.770 42.473 393.770 63.533 378.665 63.533
378.515 42.227 393.527 42.227 393.527 63.229 378.515 63.229
378.554 42.227 393.448 42.227 393.448 63.363 378.554 63.363
378.047 41.817 392.892 41.817 392.892 63.032 378.047 63.032
378.362 41.607 393.285 41.607 393.285 62.804 378.362 62.804
378.407 41.684 393.421 41.684 393.421 62.824 378.407 62.824
378.727 41.825 393.709 41.825 393.709 63.012 378.727 63.012
378.444 42.075 393.385 42.075 393.385 63.209 378.444 63.209
378.699 42.110 393.564 42.110 393.564 63.334 378.699 63.334
379.429 43.736 394.361 43.736 394.361 64.877 379.429 64.877
379.449 42.526 394.404 42.526 394.404 63.634 379.449 63.634
379.194 41.952 394.066 41.952 394.066 63.044 379.194 63.044
379.336 42.003 394.265 42.003 394.265 63.140 379.336 63.140
379.615 44.113 394.684 44.113 394.684 65.210 379.615 65.210
378.888 43.640 393.898 43.640 393.898 64.735 378.888 64.735
378.920 43.222 393.960 43.222 393.960 64.359 378.920 64.359
379.461 43.301 394.519 43.301 394.519 64.310 379.461 64.310
379.459 43.021 394.411 43.021 394.411 64.076 379.459 64.076
379.209 42.141 394.053 42.141 394.053 63.294 379.209 63.294
379.357 43.601 394.236 43.601 394.236 64.811 379.357 64.811
379.376 43.075 394.327 43.075 394.327 64.252 379.376 64.252
379.304 42.646 394.131 42.646 394.131 63.928 379.304 63.928
379.468 42.631 394.256 42.631 394.256 64.028 379.468 64.028
379.225 42.516 393.990 42.516 393.990 63.824 379.225 63.824
379.093 42.786 393.930 42.786 393.930 63.922 379.093 63.922
378.894 43.375 393.802 43.375 393.802 64.512 378.894 64.512
379.297 43.875 394.146 43.875 394.146 64.979 379.297 64.979
378.972 43.540 393.787 43.540 393.787 64.790 378.972 64.790
379.620 44.849 394.315 44.849 394.315 66.186 379.620 66.186
379.818 44.043 394.551 44.043 394.551 65.450 379.818 65.450
379.398 44.092 394.143 44.092 394.143 65.599 379.398 65.599
380.270 45.546 394.938 45.546 394.938 67.186 380.270 67.186
380.646 44.773 395.236 44.773 395.236 66.626 380.646 66.626
380.624 44.573 395.233 44.573 395.233 66.504 380.624 66.504
380.343 44.282 394.953 44.282 394.953 66.327 380.343 66.327
379.679 44.239 394.464 44.239 394.464 66.230 379.679 66.230
380.422 44.097 395.173 44.097 395.173 66.283 380.422 66.283
380.183 44.069 394.994 44.069 394.994 66.202 380.183 66.202
380.465 43.746 395.211 43.746 395.211 65.977 380.465 65.977
380.050 43.875 394.906 43.875 394.906 65.946 380.050 65.946
380.273 43.748 395.221 43.748 395.221 65.659 380.273 65.659
379.999 43.344 394.901 43.344 394.901 65.328 379.999 65.328
380.210 43.380 395.283 43.380 395.283 65.355 380.210 65.355
380.456 45.109 395.550 45.109 395.550 67.089 380.456 67.089
380.131 45.438 395.295 45.438 395.295 67.320 380.131 67.320
381.002 45.407 396.139 45.407 396.139 67.439 381.002 67.439
380.726 45.313 395.867 45.313 395.867 67.388 380.726 67.388
380.703 45.148 395.855 45.148 395.855 67.415 380.703 67.415
380.670 45.052 395.921 45.052 395.921 67.084 380.670 67.084
380.408 44.755 395.611 44.755 395.611 67.033 380.408 67.033
380.445 44.115 395.602 44.115 395.602 66.581 380.445 66.581
380.361 43.952 395.479 43.952 395.479 66.534 380.361 66.534
380.375 43.359 395.399 43.359 395.399 65.974 380.375 65.974
380.693 42.904 395.624 42.904 395.624 65.576 380.693 65.576
380.656 43.420 395.613 43.420 395.613 66.172 380.656 66.172
381.137 43.872 396.109 43.872 396.109 66.660 381.137 66.660
380.856 44.232 395.798 44.232 395.798 66.925 380.856 66.925
381.316 44.005 396.267 44.005 396.267 66.743 381.316 66.743
380.997 44.334 396.119 44.334 396.119 66.979 380.997 66.979
381.267 43.913 396.353 43.913 396.353 66.675 381.267 66.675
380.755 44.607 395.930 44.607 395.930 67.276 380.755 67.276
381.214 44.594 396.324 44.594 396.324 67.362 381.214 67.362
381.077 44.847 396.232 44.847 396.232 67.464 381.077 67.464
380.887 45.422 396.106 45.422 396.106 68.000 380.887 68.000
381.369 45.179 396.527 45.179 396.527 67.813 381.369 67.813
381.573 45.238 396.782 45.238 396.782 68.036 381.573 68.036
381.384 45.636 396.653 45.636 396.653 68.365 381.384 68.365
381.436 45.643 396.645 45.643 396.645 68.413 381.436 68.413
381.813 45.214 397.023 45.214 397.023 68.022 381.813 68.022
381.549 44.852 396.789 44.852 396.789 67.606 381.549 67.606
381.292 44.849 396.607 44.849 396.607 67.585 381.292 67.585
381.947 45.471 397.313 45.471 397.313 68.124 381.947 68.124
382.378 45.398 397.704 45.398 397.704 68.084 382.378 68.084
382.211 45.207 397.479 45.207 397.479 67.869 382.211 67.869
382.612 45.182 397.822 45.182 397.822 67.877 382.612 67.877
382.769 45.538 398.064 45.538 398.064 68.171 382.769 68.171
383.136 45.434 398.371 45.434 398.371 67.992 383.136 67.992
382.942 45.871 398.236 45.871 398.236 68.409 382.942 68.409
383.441 47.580 398.662 47.580 398.662 70.140 383.441 70.140
383.662 46.385 398.802 46.385 398.802 69.058 383.662 69.058
384.188 46.297 399.214 46.297 399.214 69.114 384.188 69.114
383.927 45.743 398.883 45.743 398.883 68.650 383.927 68.650
384.294 47.852 399.148 47.852 399.148 70.811 384.294 70.811
384.332 47.141 399.130 47.141 399.130 70.253 384.332 70.253
384.740 47.128 399.585 47.128 399.585 70.313 384.740 70.313
385.675 47.154 400.614 47.154 400.614 70.366 385.675 70.366
385.428 47.203 400.528 47.203 400.528 70.273 385.428 70.273
386.306 47.342 401.471 47.342 401.471 70.331 386.306 70.331
386.774 47.809 402.040 47.809 402.040 70.700 386.774 70.700
386.707 47.380 402.060 47.380 402.060 70.196 386.707 70.196
386.766 47.525 402.143 47.525 402.143 70.344 386.766 70.344
386.835 47.349 402.126 47.349 402.126 70.269 386.835 70.269
387.181 47.557 402.519 47.557 402.519 70.407 387.181 70.407
387.749 46.873 403.030 46.873 403.030 69.941 387.749 69.941
388.313 46.747 403.583 46.747 403.583 69.824 388.313 69.824
388.589 46.876 403.862 46.876 403.862 69.999 388.589 69.999
388.760 46.443 403.968 46.443 403.968 69.663 388.760 69.663
388.648 45.777 403.830 45.777 403.830 69.187 388.648 69.187
390.716 45.514 406.009 45.514 406.009 68.936 390.716 68.936
390.794 47.380 406.048 47.380 406.048 70.911 390.794 70.911
391.024 48.818 406.372 48.818 406.372 72.304 391.024 72.304
391.091 47.832 406.585 47.832 406.585 71.362 391.091 71.362
392.696 47.014 408.453 47.014 408.453 70.496 392.696 70.496
391.974 46.615 407.759 46.615 407.759 70.124 391.974 70.124
391.835 46.069 407.442 46.069 407.442 69.810 391.835 69.810
392.633 45.935 408.211 45.935 408.211 69.930 392.633 69.930
392.822 46.033 408.319 46.033 408.319 70.255 392.822 70.255
392.518 45.766 407.903 45.766 407.903 70.268 392.518 70.268
393.274 45.358 408.536 45.358 408.536 70.080 393.274 70.080
392.866 44.482 408.143 44.482 408.143 69.405 392.866 69.405
392.559 44.865 407.963 44.865 407.963 69.904 392.559 69.904
393.250 45.170 408.623 45.170 408.623 70.199 393.250 70.199
392.921 46.231 408.244 46.231 408.244 71.260 392.921 71.260
393.650 45.857 408.863 45.857 408.863 71.062 393.650 71.062
394.289 45.797 409.540 45.797 409.540 71.064 394.289 71.064
393.827 45.066 409.251 45.066 409.251 70.165 393.827 70.165
393.828 44.837 409.271 44.837 409.271 70.052 393.828 70.052
393.421 45.394 408.835 45.394 408.835 70.729 393.421 70.729
393.791 46.119 409.100 46.119 409.100 71.604 393.791 71.604
394.225 45.881 409.435 45.881 409.435 71.562 394.225 71.562
393.939 45.900 409.247 45.900 409.247 71.609 393.939 71.609
393.955 45.412 409.165 45.412 409.165 71.253 393.955 71.253
394.431 44.900 409.784 44.900 409.784 70.682 394.431 70.682
394.509 44.805 410.040 44.805 410.040 70.455 394.509 70.455
395.351 45.113 411.105 45.113 411.105 70.489 395.351 70.489
394.692 54.716 410.123 54.716 410.123 80.480 394.692 80.480
395.096 56.716 410.086 56.716 410.086 82.985 395.096 82.985
396.209 57.366 411.339 57.366 411.339 83.428 396.209 83.428
397.137 57.448 412.324 57.448 412.324 83.415 397.137 83.415
397.371 56.992 412.752 56.992 412.752 82.801 397.371 82.801
397.137 57.044 412.608 57.044 412.608 82.779 397.137 82.779
397.433 56.937 412.524 56.937 412.524 83.181 397.433 83.181
397.744 56.532 413.078 56.532 413.078 82.668 397.744 82.668
397.467 56.296 412.888 56.296 412.888 82.256 397.467 82.256
398.056 56.258 413.689 56.258 413.689 82.211 398.056 82.211
398.052 56.333 413.757 56.333 413.757 82.256 398.052 82.256
397.571 55.042 412.977 55.042 412.977 81.255 397.571 81.255
397.914 56.065 412.933 56.065 412.933 82.684 397.914 82.684
398.205 56.878 412.872 56.878 412.872 83.798 398.205 83.798
398.581 56.710 413.106 56.710 413.106 83.941 398.581 83.941
398.511 55.126 413.083 55.126 413.083 82.438 398.511 82.438
398.509 55.459 413.153 55.459 413.153 82.769 398.509 82.769
398.794 56.381 413.440 56.381 413.440 83.689 398.794 83.689
398.862 55.956 413.508 55.956 413.508 83.264 398.862 83.264
399.355 56.229 414.023 56.229 414.023 83.510 399.355 83.510
400.015 55.760 414.690 55.760 414.690 83.031 400.015 83.031
400.451 50.262 415.299 50.262 415.299 77.347 400.451 77.347
400.353 58.141 415.891 58.141 415.891 84.368 400.353 84.368
401.762 58.395 417.825 58.395 417.825 83.997 401.762 83.997
401.334 61.222 417.743 61.222 417.743 86.465 401.334 86.465
401.128 61.252 417.690 61.252 417.690 86.364 401.128 86.364
400.765 61.491 417.423 61.491 417.423 86.489 400.765 86.489
402.320 58.680 419.148 58.680 419.148 83.475 402.320 83.475
401.174 61.278 418.202 61.278 418.202 85.821 401.174 85.821
400.526 60.917 417.688 60.917 417.688 85.365 400.526 85.365
400.554 61.352 417.788 61.352 417.788 85.750 400.554 85.750
402.088 56.543 419.489 56.543 419.489 80.737 402.088 80.737
401.090 56.590 418.492 56.590 418.492 80.783 401.090 80.783
400.508 56.713 417.910 56.713 417.910 80.906 400.508 80.906
400.679 55.902 418.081 55.902 418.081 80.095 400.679 80.095
400.224 54.106 417.626 54.106 417.626 78.299 400.224 78.299
400.077 52.922 417.479 52.922 417.479 77.115 400.077 77.115
400.346 51.434 417.748 51.434 417.748 75.627 400.346 75.627
400.488 49.618 417.890 49.618 417.890 73.811 400.488 73.811
400.534 48.418 417.935 48.418 417.935 72.611 400.534 72.611
400.827 47.139 418.227 47.139 418.227 71.333 400.827 71.333
401.016 46.035 418.415 46.035 418.415 70.231 401.016 70.231
403.163 43.547 420.433 43.547 420.433 67.904 403.163 67.904
402.814 43.668 420.077 43.668 420.077 68.034 402.814 68.034
402.564 41.747 419.764 41.747 419.764 66.189 402.564 66.189
404.784 42.697 421.887 42.697 421.887 67.261 404.784 67.261
404.288 42.939 421.370 42.939 421.370 67.529 404.288 67.529
404.092 43.324 421.047 43.324 421.047 68.083 404.092 68.083
404.104 43.161 420.968 43.161 420.968 68.038 404.104 68.038
403.775 43.146 420.439 43.146 420.439 68.272 403.775 68.272
403.554 43.263 420.190 43.263 420.190 68.426 403.554 68.426
403.214 43.379 419.660 43.379 419.660 68.794 403.214 68.794
402.865 41.016 419.232 41.016 419.232 66.541 402.865 66.541
405.213 42.023 421.517 42.023 421.517 67.644 405.213 67.644
404.907 42.462 421.177 42.462 421.177 68.128 404.907 68.128
404.652 43.174 420.768 43.174 420.768 69.048 404.652 69.048
404.192 41.044 420.264 41.044 420.264 66.976 404.192 66.976
403.723 41.260 419.728 41.260 419.728 67.287 403.723 67.287
403.530 41.998 419.438 41.998 419.438 68.158 403.530 68.158
403.214 41.948 419.114 41.948 419.114 68.119 403.214 68.119
402.979 42.090 418.867 42.090 418.867 68.278 402.979 68.278
402.848 41.839 418.733 41.839 418.733 68.032 402.848 68.032
405.146 41.943 420.951 41.943 420.951 68.249 405.146 68.249
404.757 39.748 420.478 39.748 420.478 66.172 404.757 66.172
403.954 40.968 419.669 40.968 419.669 67.401 403.954 67.401
403.554 38.739 419.212 38.739 419.212 65.253 403.554 65.253
403.081 39.691 418.700 39.691 418.700 66.277 403.081 66.277
405.352 40.244 420.900 40.244 420.900 66.965 405.352 66.965
405.005 40.613 420.535 40.613 420.535 67.360 405.005 67.360
404.586 40.490 419.942 40.490 419.942 67.523 404.586 67.523
404.331 40.691 419.633 40.691 419.633 67.812 404.331 67.812
403.958 41.002 419.232 41.002 419.232 68.172 403.958 68.172
403.647 41.169 418.910 41.169 418.910 68.354 403.647 68.354
405.959 42.075 421.094 42.075 421.094 69.485 405.959 69.485
405.933 42.937 421.050 42.937 421.050 70.372 405.933 70.372
405.516 40.738 420.597 40.738 420.597 68.234 405.516 68.234
405.227 41.556 420.278 41.556 420.278 69.090 405.227 69.090
404.879 41.811 419.901 41.811 419.901 69.387 404.879 69.387
404.573 41.847 419.592 41.847 419.592 69.427 404.573 69.427
404.401 42.047 419.412 42.047 419.412 69.639 404.401 69.639
404.290 42.314 419.290 42.314 419.290 69.923 404.290 69.923
403.807 39.837 418.786 39.837 418.786 67.480 403.807 67.480
406.197 40.622 421.163 40.622 421.163 68.284 406.197 68.284
405.847 41.125 420.773 41.125 420.773 68.853 405.847 68.853
405.417 41.369 420.294 41.369 420.294 69.193 405.417 69.193
405.001 41.962 419.866 41.962 419.866 69.804 405.001 69.804
404.739 39.633 419.582 39.633 419.582 67.514 404.739 67.514
404.199 39.993 419.031 39.993 419.031 67.893 404.199 67.893
403.878 40.264 418.683 40.264 418.683 68.204 403.878 68.204
405.970 41.446 420.687 41.446 420.687 69.558 405.970 69.558
405.709 41.937 420.407 41.937 420.407 70.079 405.709 70.079
405.293 39.675 419.969 39.675 419.969 67.857 405.293 67.857
404.753 40.093 419.409 40.093 419.409 68.305 404.753 68.305
404.462 40.146 419.105 40.146 419.105 68.381 404.462 68.381
404.145 40.499 418.780 40.499 418.780 68.747 404.145 68.747
403.967 40.675 418.598 40.675 418.598 68.930 403.967 68.930
406.184 41.367 420.792 41.367 420.792 69.657 406.184 69.657
405.928 41.641 420.521 41.641 420.521 69.962 405.928 69.962
405.624 41.855 420.184 41.855 420.184 70.217 405.624 70.217
405.343 42.139 419.898 42.139 419.898 70.505 405.343 70.505
405.036 42.187 419.587 42.187 419.587 70.559 405.036 70.559
404.938 42.678 419.486 42.678 419.486 71.055 404.938 71.055
404.875 42.654 419.419 42.654 419.419 71.035 404.875 71.035
404.854 42.595 419.396 42.595 419.396 70.978 404.854 70.978
404.421 39.975 418.946 39.975 418.946 68.386 404.421 68.386
404.180 40.503 418.692 40.503 418.692 68.939 404.180 68.939
403.836 40.628 418.335 40.628 418.335 69.080 403.836 69.080
403.619 40.438 418.080 40.438 418.080 68.942 403.619 68.942
405.795 41.176 420.239 41.176 420.239 69.727 405.795 69.727
405.509 41.158 419.939 41.158 419.939 69.736 405.509 69.736
405.155 41.178 419.572 41.178 419.572 69.781 405.155 69.781
404.739 41.146 419.147 41.146 419.147 69.765 404.739 69.765
404.564 41.181 418.963 41.181 418.963 69.813 404.564 69.813
404.341 41.338 418.734 41.338 418.734 69.981 404.341 69.981
404.072 41.196 418.462 41.196 418.462 69.843 404.072 69.843
403.607 40.981 417.991 40.981 417.991 69.642 403.607 69.642
405.669 39.014 420.040 39.014 420.040 67.718 405.669 67.718
405.197 39.504 419.561 39.504 419.561 68.221 405.197 68.221
404.968 39.550 419.257 39.550 419.257 68.368 404.968 68.368
404.633 39.941 418.910 39.941 418.910 68.778 404.633 68.778
404.504 39.448 418.717 39.448 418.717 68.428 404.504 68.428
404.273 39.902 418.483 39.902 418.483 68.887 404.273 68.887
403.944 40.121 418.150 40.121 418.150 69.115 403.944 69.115
406.387 40.658 420.580 40.658 420.580 69.699 406.387 69.699
406.009 40.927 420.200 40.927 420.200 69.973 406.009 69.973
405.567 38.681 419.718 38.681 419.718 67.867 405.567 67.867
404.995 39.021 419.135 39.021 419.135 68.229 404.995 68.229
404.378 40.039 418.514 40.039 418.514 69.265 404.378 69.265
404.066 40.653 418.197 40.653 418.197 69.891 404.066 69.891
403.668 40.740 417.792 40.740 417.792 69.991 403.668 69.991
403.442 40.262 417.565 40.262 417.565 69.515 403.442 69.515
405.661 40.436 419.765 40.436 419.765 69.770 405.661 69.770
405.615 40.742 419.721 40.742 419.721 70.137 405.615 70.137
405.336 40.582 419.436 40.582 419.436 69.982 405.336 69.982
405.170 40.415 419.249 40.415 419.249 69.851 405.170 69.851
405.063 40.881 419.138 40.881 419.138 70.335 405.063 70.335
404.793 40.740 418.865 40.740 418.865 70.198 404.793 70.198
404.645 40.870 418.710 40.870 418.710 70.340 404.645 70.340
404.141 41.193 418.204 41.193 418.204 70.666 404.141 70.666
406.484 38.802 420.545 38.802 420.545 68.293 406.484 68.293
405.914 39.652 419.975 39.652 419.975 69.147 405.914 69.147
408.377 40.112 422.418 40.112 422.418 69.656 408.377 69.656
408.262 40.682 422.301 40.682 422.301 70.236 408.262 70.236
408.135 40.812 422.169 40.812 422.169 70.371 408.135 70.371
407.818 40.947 421.849 40.947 421.849 70.505 407.818 70.505
404.742 40.801 418.765 40.801 418.765 70.369 404.742 70.369
404.446 40.783 418.464 40.783 418.464 70.358 404.446 70.358
403.871 40.672 417.887 40.672 417.887 70.250 403.871 70.250
406.094 38.797 420.107 38.797 420.107 68.397 406.094 68.397
405.501 39.519 419.509 39.519 419.509 69.135 405.501 69.135
405.384 39.592 419.373 39.592 419.373 69.237 405.384 69.237
404.979 39.750 418.963 39.750 418.963 69.400 404.979 69.400
404.365 39.618 418.346 39.618 418.346 69.271 404.365 69.271
403.856 40.100 417.833 40.100 417.833 69.760 403.856 69.760
403.461 39.866 417.428 39.866 417.428 69.547 403.461 69.547
405.969 40.015 419.913 40.015 419.913 69.772 405.969 69.772
405.420 39.747 419.362 39.747 419.362 69.537 405.420 69.537
405.244 39.939 419.185 39.939 419.185 69.730 405.244 69.730
405.018 40.195 418.957 40.195 418.957 69.992 405.018 69.992
404.849 40.165 418.785 40.165 418.785 69.977 404.849 69.977
404.511 40.509 418.445 40.509 418.445 70.325 404.511 70.325
403.901 40.415 417.834 40.415 417.834 70.232 403.901 70.232
403.675 40.357 417.606 40.357 417.606 70.179 403.675 70.179
403.460 40.107 417.388 40.107 417.388 69.933 403.460 69.933
405.856 40.442 419.783 40.442 419.783 70.371 405.856 70.371
405.298 40.896 419.226 40.896 419.226 70.829 405.298 70.829
404.963 38.572 418.892 38.572 418.892 68.522 404.963 68.522
404.448 38.894 418.376 38.894 418.376 68.847 404.448 68.847
404.048 38.695 417.961 38.695 417.961 68.681 404.048 68.681
406.408 39.498 420.322 39.498 420.322 69.496 406.408 69.496
405.869 39.725 419.783 39.725 419.783 69.741 405.869 69.741
405.517 39.725 419.422 39.725 419.422 69.762 405.517 69.762
405.190 39.918 419.094 39.918 419.094 69.958 405.190 69.958
404.995 40.259 418.897 40.259 418.897 70.303 404.995 70.303
404.618 40.622 418.520 40.622 418.520 70.666 404.618 70.666
404.368 40.852 418.269 40.852 418.269 70.897 404.368 70.897
404.349 41.138 418.247 41.138 418.247 71.185 404.349 71.185
403.977 41.003 417.874 41.003 417.874 71.052 403.977 71.052
403.697 40.860 417.591 40.860 417.591 70.914 403.697 70.914
403.359 40.943 417.246 40.943 417.246 71.004 403.359 71.004
405.774 41.013 419.663 41.013 419.663 71.075 405.774 71.075
405.553 41.080 419.446 41.080 419.446 71.143 405.553 71.143
405.373 41.707 419.264 41.707 419.264 71.770 405.373 71.770
404.817 39.251 418.709 39.251 418.709 69.316 404.817 69.316
404.530 39.248 418.425 39.248 418.425 69.317 404.530 69.317
404.258 40.020 418.152 40.020 418.152 70.092 404.258 70.092
406.858 39.904 420.753 39.904 420.753 69.975 406.858 69.975
406.547 40.788 420.439 40.788 420.439 70.866 406.547 70.866
406.285 41.052 420.177 41.052 420.177 71.130 406.285 71.130
405.743 41.581 419.636 41.581 419.636 71.659 405.743 71.659
405.484 41.583 419.383 41.583 419.383 71.650 405.484 71.650
405.243 39.075 419.161 39.075 419.161 69.138 405.243 69.138
404.634 40.001 418.552 40.001 418.552 70.064 404.634 70.064
407.295 40.517 421.210 40.517 421.210 70.591 407.295 70.591
406.884 41.368 420.803 41.368 420.803 71.448 406.884 71.448
406.541 39.213 420.489 39.213 420.489 69.296 406.541 69.296
406.010 40.390 419.957 40.390 419.957 70.477 406.010 70.477
405.593 40.974 419.542 40.974 419.542 71.060 405.593 71.060
405.414 41.143 419.362 41.143 419.362 71.232 405.414 71.232
405.471 40.744 419.416 40.744 419.416 70.834 405.471 70.834
408.042 41.158 421.981 41.158 421.981 71.236 408.042 71.236
407.638 41.731 421.576 41.731 421.576 71.810 407.638 71.810
407.070 39.640 421.013 39.640 421.013 69.718 407.070 69.718
406.761 40.125 420.704 40.125 420.704 70.208 406.761 70.208
406.200 40.810 420.145 40.810 420.145 70.889 406.200 70.889
405.817 38.368 419.761 38.368 419.761 68.455 405.817 68.455
405.178 39.132 419.125 39.132 419.125 69.222 405.178 69.222
404.974 39.177 418.916 39.177 418.916 69.281 404.974 69.281
404.945 41.943 418.888 41.943 418.888 72.050 404.945 72.050
404.694 39.452 418.638 39.452 418.638 69.554 404.694 69.554
404.318 39.701 418.261 39.701 418.261 69.808 404.318 69.808
404.036 39.847 417.974 39.847 417.974 69.957 404.036 69.957
406.712 40.284 420.646 40.284 420.646 70.394 406.712 70.394
406.422 40.620 420.356 40.620 420.356 70.731 406.422 70.731
406.176 40.907 420.108 40.907 420.108 71.026 406.176 71.026
405.979 41.713 419.910 41.713 419.910 71.832 405.979 71.832
405.804 41.848 419.735 41.848 419.735 71.964 405.804 71.964
405.273 39.550 419.204 39.550 419.204 69.667 405.273 69.667
404.918 39.640 418.849 39.640 418.849 69.759 404.918 69.759
404.744 39.238 418.674 39.238 418.674 69.357 404.744 69.357
404.286 39.315 418.211 39.315 418.211 69.452 404.286 69.452
406.509 40.051 420.463 40.051 420.463 70.205 406.509 70.205
406.209 40.241 420.159 40.241 420.159 70.402 406.209 70.402
405.896 40.678 419.851 40.678 419.851 70.840 405.896 70.840
405.609 40.940 419.560 40.940 419.560 71.111 405.609 71.111
405.457 40.913 419.405 40.913 419.405 71.081 405.457 71.081
405.215 41.007 419.162 41.007 419.162 71.175 405.215 71.175
404.798 41.335 418.743 41.335 418.743 71.502 404.798 71.502
404.539 41.460 418.487 41.460 418.487 71.638 404.539 71.638
404.149 41.264 418.096 41.264 418.096 71.444 404.149 71.444
406.859 41.569 420.811 41.569 420.811 71.775 406.859 71.775
406.329 39.609 420.294 39.609 420.294 69.821 406.329 69.821
405.929 40.313 419.899 40.313 419.899 70.552 405.929 70.552
405.488 40.639 419.468 40.639 419.468 70.878 405.488 70.878
405.280 40.388 419.259 40.388 419.259 70.630 405.280 70.630
404.839 40.280 418.818 40.280 418.818 70.522 404.839 70.522
404.587 40.639 418.565 40.639 418.565 70.883 404.587 70.883
404.095 40.295 418.072 40.295 418.072 70.542 404.095 70.542
406.755 40.343 420.743 40.343 420.743 70.584 406.755 70.584
406.037 41.041 420.031 41.041 420.031 71.307 406.037 71.307
405.721 38.906 419.731 38.906 419.731 69.163 405.721 69.163
405.586 41.916 419.589 41.916 419.589 72.177 405.586 72.177
405.432 41.845 419.435 41.845 419.435 72.104 405.432 72.104
405.413 42.150 419.413 42.150 419.413 72.408 405.413 72.408
405.219 42.258 419.218 42.258 419.218 72.513 405.219 72.513
404.695 40.030 418.693 40.030 418.693 70.287 404.695 70.287
404.461 40.706 418.457 40.706 418.457 70.969 404.461 70.969
403.892 40.893 417.898 40.893 417.898 71.166 403.892 71.166
403.657 40.639 417.654 40.639 417.654 70.916 403.657 70.916
403.403 40.438 417.399 40.438 417.399 70.715 403.403 70.715
405.820 40.517 419.820 40.517 419.820 70.791 405.820 70.791
405.500 40.806 419.504 40.806 419.504 71.079 405.500 71.079
405.230 40.503 419.228 40.503 419.228 70.774 405.230 70.774
404.960 40.463 418.956 40.463 418.956 70.730 404.960 70.730
404.762 40.294 418.761 40.294 418.761 70.562 404.762 70.562
404.614 40.613 418.612 40.613 418.612 70.882 404.614 70.882
404.364 40.756 418.363 40.756 418.363 71.024 404.364 71.024
404.245 40.805 418.245 40.805 418.245 71.099 404.245 71.099
404.114 40.782 418.113 40.782 418.113 71.079 404.114 71.079
404.008 40.733 418.003 40.733 418.003 71.042 404.008 71.042
406.567 40.681 420.583 40.681 420.583 70.982 406.567 70.982
406.193 41.373 420.214 41.373 420.214 71.673 406.193 71.673
406.099 41.734 420.122 41.734 420.122 72.034 406.099 72.034
405.689 42.080 419.720 42.080 419.720 72.415 405.689 72.415
405.480 42.222 419.509 42.222 419.509 72.558 405.480 72.558
405.296 39.436 419.329 39.436 419.329 69.767 405.296 69.767
405.088 39.591 419.125 39.591 419.125 69.930 405.088 69.930
404.660 39.571 418.697 39.571 418.697 69.913 404.660 69.913
404.425 40.445 418.466 40.445 418.466 70.796 404.425 70.796
404.054 40.750 418.096 40.750 418.096 71.100 404.054 71.100
403.718 40.887 417.759 40.887 417.759 71.238 403.718 71.238
405.841 38.716 419.892 38.716 419.892 69.072 405.841 69.072
405.413 39.256 419.473 39.256 419.473 69.615 405.413 69.615
404.830 39.645 418.896 39.645 418.896 69.996 404.830 69.996
404.763 42.687 418.823 42.687 418.823 73.042 404.763 73.042
404.465 42.303 418.523 42.303 418.523 72.658 404.465 72.658
404.167 39.671 418.222 39.671 418.222 70.032 404.167 70.032
403.663 40.240 417.717 40.240 417.717 70.606 403.663 70.606
403.577 39.390 417.630 39.390 417.630 69.757 403.577 69.757
405.878 39.945 419.940 39.945 419.940 70.304 405.878 70.304
405.360 40.149 419.420 40.149 419.420 70.507 405.360 70.507
405.251 40.794 419.310 40.794 419.310 71.151 405.251 71.151
405.103 40.384 419.177 40.384 419.177 70.726 405.103 70.726
404.980 40.273 419.038 40.273 419.038 70.639 404.980 70.639
404.536 40.415 418.595 40.415 418.595 70.780 404.536 70.780
404.228 40.557 418.286 40.557 418.286 70.922 404.228 70.922
403.621 40.530 417.679 40.530 417.679 70.896 403.621 70.896
405.953 41.192 420.034 41.192 420.034 71.525 405.953 71.525
405.829 41.296 419.906 41.296 419.906 71.633 405.829 71.633
405.578 41.423 419.653 41.423 419.653 71.760 405.578 71.760
405.450 39.004 419.531 39.004 419.531 69.339 405.450 69.339
405.157 39.300 419.231 39.300 419.231 69.657 405.157 69.657
405.068 39.541 419.141 39.541 419.141 69.893 405.068 69.893
404.707 39.990 418.777 39.990 418.777 70.345 404.707 70.345
404.571 40.100 418.640 40.100 418.640 70.455 404.571 70.455
404.204 40.192 418.271 40.192 418.271 70.549 404.204 70.549
406.640 40.619 420.724 40.619 420.724 70.972 406.640 70.972
406.147 41.074 420.230 41.074 420.230 71.430 406.147 71.430
405.529 39.047 419.677 39.047 419.677 69.366 405.529 69.366
405.113 39.455 419.258 39.455 419.258 69.778 405.113 69.778
404.946 39.633 419.097 39.633 419.097 69.952 404.946 69.952
404.524 39.716 418.661 39.716 418.661 70.056 404.524 70.056
404.211 39.653 418.346 39.653 418.346 70.000 404.211 70.000
403.833 39.841 417.968 39.841 417.968 70.193 403.833 70.193
403.237 39.862 417.371 39.862 417.371 70.217 403.237 70.217
405.751 40.084 419.891 40.084 419.891 70.438 405.751 70.438
405.459 40.294 419.583 40.294 419.583 70.646 405.459 70.646
405.462 40.485 419.589 40.485 419.589 70.826 405.462 70.826
405.037 40.979 419.164 40.979 419.164 71.321 405.037 71.321
404.923 40.654 419.047 40.654 419.047 71.004 404.923 71.004
404.335 41.104 418.457 41.104 418.457 71.455 404.335 71.455
404.153 41.303 418.275 41.303 418.275 71.655 404.153 71.655
403.873 41.568 417.993 41.568 417.993 71.920 403.873 71.920
403.807 41.414 417.924 41.414 417.924 71.768 403.807 71.768
406.376 41.649 420.501 41.649 420.501 71.988 406.376 71.988
406.157 41.734 420.286 41.734 420.286 72.056 406.157 72.056
405.729 39.443 419.863 39.443 419.863 69.782 405.729 69.782
405.371 39.924 419.506 39.924 419.506 70.267 405.371 70.267
404.978 40.182 419.133 40.182 419.133 70.534 404.978 70.534
404.611 40.677 418.764 40.677 418.764 71.031 404.611 71.031
404.218 40.745 418.370 40.745 418.370 71.102 404.218 71.102
403.848 40.880 417.994 40.880 417.994 71.264 403.848 71.264
403.865 40.283 418.011 40.283 418.011 70.668 403.865 70.668
406.362 40.518 420.506 40.518 420.506 70.902 406.362 70.902
406.089 40.583 420.231 40.583 420.231 70.967 406.089 70.967
405.765 41.564 419.907 41.564 419.907 71.948 405.765 71.948
405.495 41.490 419.633 41.490 419.633 71.876 405.495 71.876
405.341 42.013 419.484 42.013 419.484 72.385 405.341 72.385
404.993 42.106 419.132 42.106 419.132 72.471 404.993 72.471
405.070 41.336 419.208 41.336 419.208 71.701 405.070 71.701
404.779 41.348 418.914 41.348 418.914 71.710 404.779 71.710
404.925 41.184 419.060 41.184 419.060 71.546 404.925 71.546
404.615 41.479 418.748 41.479 418.748 71.842 404.615 71.842
404.533 41.545 418.664 41.545 418.664 71.910 404.533 71.910
404.240 41.413 418.371 41.413 418.371 71.778 404.240 71.778
404.049 41.373 418.162 41.373 418.162 71.736 404.049 71.736
406.814 41.706 420.922 41.706 420.922 72.066 406.814 72.066
406.638 41.653 420.745 41.653 420.745 72.014 406.638 72.014
406.189 39.517 420.298 39.517 420.298 69.868 406.189 69.868
405.993 42.567 420.107 42.567 420.107 72.918 405.993 72.918
405.740 42.354 419.870 42.354 419.870 72.682 405.740 72.682
405.294 39.957 419.428 39.957 419.428 70.287 405.294 70.287
405.116 40.357 419.251 40.357 419.251 70.688 405.116 70.688
404.966 40.693 419.102 40.693 419.102 71.004 404.966 71.004
404.578 41.219 418.713 41.219 418.713 71.533 404.578 71.533
404.494 41.305 418.625 41.305 418.625 71.623 404.494 71.623
404.365 41.437 418.494 41.437 418.494 71.755 404.365 71.755
404.362 41.289 418.490 41.289 418.490 71.607 404.362 71.607
404.243 40.709 418.370 40.709 418.370 71.028 404.243 71.028
404.143 40.490 418.268 40.490 418.268 70.810 404.143 70.810
403.624 40.583 417.744 40.583 417.744 70.906 403.624 70.906
406.106 41.387 420.233 41.387 420.233 71.704 406.106 71.704
405.735 41.788 419.860 41.788 419.860 72.101 405.735 72.101
408.253 41.909 422.374 41.909 422.374 72.214 408.253 72.214
408.194 42.375 422.314 42.375 422.314 72.681 408.194 72.681
405.076 39.734 419.189 39.734 419.189 70.049 405.076 70.049
404.821 39.934 418.934 39.934 418.934 70.248 404.821 70.248
404.447 40.205 418.559 40.205 418.559 70.522 404.447 70.522
407.027 41.289 421.144 41.289 421.144 71.596 407.027 71.596
406.690 41.613 420.805 41.613 420.805 71.920 406.690 71.920
406.740 41.647 420.854 41.647 420.854 71.954 406.740 71.954
406.427 39.338 420.539 39.338 420.539 69.650 406.427 69.650
405.956 39.979 420.074 39.979 420.074 70.290 405.956 70.290
405.748 39.937 419.864 39.937 419.864 70.249 405.748 70.249
