173.000 109.000 203.000 109.000 203.000 138.000 173.000 138.000
172.063 109.037 203.009 109.037 203.009 137.106 172.063 137.106
172.695 110.151 204.535 110.151 204.535 137.359 172.695 137.359
171.160 109.494 203.389 109.494 203.389 136.356 171.160 136.356
172.733 110.587 205.465 110.587 205.465 137.044 172.733 137.044
171.621 109.818 204.593 109.818 204.593 136.138 171.621 136.138
171.830 110.866 205.089 110.866 205.089 136.863 171.830 136.863
170.978 110.016 204.275 110.016 204.275 136.074 170.978 136.074
171.615 110.871 205.072 110.871 205.072 136.752 171.615 136.752
171.070 110.199 204.548 110.199 204.548 136.024 171.070 136.024
171.494 110.948 205.102 110.948 205.102 136.526 171.494 136.526
172.727 111.078 206.170 111.078 206.170 136.592 172.727 136.592
171.234 111.071 204.774 111.071 204.774 136.459 171.234 136.459
171.696 111.271 205.201 111.271 205.201 136.602 171.696 136.602
172.148 110.881 205.785 110.881 205.785 136.068 172.148 136.068
171.413 111.024 204.847 111.024 204.847 136.253 171.413 136.253
170.797 111.154 204.105 111.154 204.105 136.460 170.797 136.460
171.701 111.289 205.119 111.289 205.119 136.607 171.701 136.607
171.047 111.688 204.450 111.688 204.450 137.049 171.047 137.049
172.350 110.080 205.654 110.080 205.654 135.583 172.350 135.583
171.287 111.384 204.653 111.384 204.653 136.796 171.287 136.796
172.007 109.816 205.454 109.816 205.454 135.060 172.007 135.060
171.109 111.632 204.566 111.632 204.566 136.819 171.109 136.819
172.638 110.383 206.340 110.383 206.340 135.501 172.638 135.501
170.686 111.111 204.578 111.111 204.578 136.215 170.686 136.215
171.990 111.246 205.717 111.246 205.717 136.500 171.990 136.500
171.547 111.455 205.355 111.455 205.355 136.600 171.547 136.600
171.653 112.073 205.587 112.073 205.587 137.137 171.653 137.137
172.060 111.373 205.836 111.373 205.836 136.473 172.060 136.473
171.955 111.430 205.718 111.430 205.718 136.574 171.955 136.574
171.718 111.966 205.439 111.966 205.439 137.181 171.718 137.181
171.255 110.765 204.778 110.765 204.778 136.255 171.255 136.255
172.169 110.783 205.551 110.783 205.551 136.359 172.169 136.359
171.462 111.052 204.726 111.052 204.726 136.727 171.462 136.727
173.129 111.688 206.460 111.688 206.460 137.281 173.129 137.281
172.433 111.053 205.694 111.053 205.694 136.496 172.433 136.496
172.415 111.423 205.604 111.423 205.604 136.876 172.415 136.876
172.750 109.969 205.956 109.969 205.956 135.556 172.750 135.556
173.239 111.066 206.323 111.066 206.323 136.658 173.239 136.658
173.721 110.813 206.750 110.813 206.750 136.412 173.721 136.412
172.754 110.340 205.708 110.340 205.708 135.956 172.754 135.956
173.810 109.801 206.867 109.801 206.867 135.356 173.810 135.356
173.892 110.294 206.888 110.294 206.888 135.854 173.892 135.854
173.782 109.518 206.689 109.518 206.689 135.036 173.782 135.036
175.045 109.882 207.913 109.882 207.913 135.392 175.045 135.392
173.826 108.887 206.672 108.887 206.672 134.445 173.826 134.445
175.193 108.925 208.052 108.925 208.052 134.500 175.193 134.500
174.121 107.805 206.910 107.805 206.910 133.617 174.121 133.617
174.160 107.504 206.891 107.504 206.891 133.513 174.160 133.513
174.057 106.729 206.608 106.729 206.608 133.055 174.057 133.055
174.609 105.970 207.116 105.970 207.116 132.574 174.609 132.574
174.476 105.918 206.880 105.918 206.880 132.785 174.476 132.785
173.760 104.369 206.281 104.369 206.281 131.104 173.760 131.104
175.682 104.513 207.429 104.513 207.429 132.122 175.682 132.122
175.604 104.120 206.541 104.120 206.541 132.678 175.604 132.678
175.530 103.452 205.754 103.452 205.754 132.929 175.530 132.929
176.577 103.159 206.261 103.159 206.261 133.508 176.577 133.508
176.409 102.967 205.450 102.967 205.450 134.157 176.409 134.157
176.627 104.532 205.392 104.532 205.392 136.190 176.627 136.190
177.556 105.385 206.296 105.385 206.296 137.122 177.556 137.122
176.995 105.615 205.745 105.615 205.745 137.406 176.995 137.406
176.661 102.791 204.831 102.791 204.831 135.260 176.661 135.260
176.930 101.863 204.753 101.863 204.753 134.886 176.930 134.886
176.869 101.224 204.173 101.224 204.173 134.796 176.869 134.796
176.740 102.104 203.772 102.104 203.772 136.039 176.740 136.039
177.130 102.984 203.839 102.984 203.839 137.270 177.130 137.270
177.001 103.430 203.501 103.430 203.501 137.774 177.001 137.774
176.494 104.467 202.874 104.467 202.874 138.673 176.494 138.673
175.673 104.854 201.934 104.854 201.934 138.856 175.673 138.856
173.029 104.102 199.467 104.102 199.467 137.829 173.029 137.829
172.506 105.020 199.025 105.020 199.025 138.572 172.506 138.572
173.589 93.948 198.115 93.948 198.115 129.998 173.589 129.998
174.422 89.874 197.483 89.874 197.483 127.203 174.422 127.203
174.849 86.598 197.031 86.598 197.031 124.536 174.849 124.536
175.511 88.366 196.870 88.366 196.870 126.776 175.511 126.776
179.604 93.410 200.518 93.410 200.518 132.312 179.604 132.312
180.120 94.756 200.720 94.756 200.720 133.726 180.120 133.726
179.663 96.398 200.002 96.398 200.002 135.311 179.663 135.311
183.141 102.967 203.964 102.967 203.964 141.499 183.141 141.499
181.829 103.501 203.074 103.501 203.074 141.376 181.829 141.376
180.911 107.220 202.288 107.220 202.288 145.239 180.911 145.239
176.954 107.491 198.114 107.491 198.114 146.315 176.954 146.315
173.124 108.412 194.021 108.412 194.021 148.095 173.124 148.095
172.613 109.302 193.374 109.302 193.374 149.632 172.613 149.632
167.562 93.107 188.148 93.107 188.148 133.922 167.562 133.922
166.416 88.983 186.980 88.983 186.980 129.739 166.416 129.739
165.372 87.643 186.070 87.643 186.070 128.230 165.372 128.230
164.981 87.345 185.908 87.345 185.908 127.685 164.981 127.685
164.414 87.515 185.347 87.515 185.347 127.889 164.414 127.889
164.240 88.008 185.108 88.008 185.108 128.532 164.240 128.532
163.924 88.454 184.633 88.454 184.633 129.357 163.924 129.357
163.389 88.504 184.045 88.504 184.045 129.699 163.389 129.699
162.106 87.899 182.986 87.899 182.986 128.849 162.106 128.849
161.484 88.102 182.708 88.102 182.708 128.637 161.484 128.637
160.853 87.924 182.438 87.924 182.438 128.127 160.853 128.127
159.841 87.150 181.833 87.150 181.833 126.906 159.841 126.906
159.066 86.419 181.292 86.419 181.292 125.766 159.066 125.766
158.461 85.870 181.071 85.870 181.071 124.666 158.461 124.666
157.903 86.063 180.731 86.063 180.731 124.450 157.903 124.450
157.423 86.442 180.473 86.442 180.473 124.420 157.423 124.420
157.119 86.491 180.426 86.491 180.426 123.968 157.119 123.968
157.358 86.141 180.677 86.141 180.677 123.434 157.358 123.434
157.387 86.614 180.693 86.614 180.693 123.616 157.387 123.616
157.767 87.423 181.016 87.423 181.016 124.251 157.767 124.251
157.762 86.694 181.084 86.694 181.084 123.348 157.762 123.348
158.608 87.679 181.953 87.679 181.953 124.181 158.608 124.181
158.772 88.444 182.130 88.444 182.130 124.724 158.772 124.724
158.968 87.805 182.302 87.805 182.302 124.032 158.968 124.032
159.426 87.425 182.803 87.425 182.803 123.235 159.426 123.235
159.570 88.002 183.057 88.002 183.057 123.310 159.570 123.310
159.329 88.704 182.881 88.704 182.881 123.721 159.329 123.721
158.861 90.344 182.418 90.344 182.418 125.063 158.861 125.063
158.507 90.675 181.798 90.675 181.798 125.701 158.507 125.701
158.294 90.998 181.315 90.998 181.315 126.191 158.294 126.191
157.906 92.107 180.619 92.107 180.619 127.419 157.906 127.419
157.737 94.651 180.271 94.651 180.271 129.803 157.737 129.803
156.856 96.013 179.337 96.013 179.337 130.946 156.856 130.946
156.403 97.036 178.386 97.036 178.386 132.142 156.403 132.142
155.902 97.823 177.717 97.823 177.717 132.894 155.902 132.894
155.250 97.882 176.979 97.882 176.979 132.867 155.250 132.867
155.194 99.337 176.705 99.337 176.705 134.259 155.194 134.259
155.000 97.747 176.387 97.747 176.387 132.762 155.000 132.762
155.465 97.921 176.591 97.921 176.591 133.019 155.465 133.019
155.223 99.070 176.278 99.070 176.278 133.959 155.223 133.959
155.059 97.983 176.037 97.983 176.037 132.814 155.059 132.814
155.477 99.358 176.373 99.358 176.373 133.883 155.477 133.883
155.557 98.991 176.347 98.991 176.347 133.440 155.557 133.440
155.917 98.779 176.579 98.779 176.579 133.231 155.917 133.231
155.509 99.352 176.208 99.352 176.208 133.407 155.509 133.407
155.597 99.246 176.274 99.246 176.274 133.201 155.597 133.201
155.151 99.306 175.982 99.306 175.982 133.022 155.151 133.022
155.472 99.289 176.309 99.289 176.309 132.882 155.472 132.882
155.108 98.980 176.040 98.980 176.040 132.498 155.108 132.498
155.432 99.837 176.302 99.837 176.302 133.240 155.432 133.240
155.539 100.209 176.412 100.209 176.412 133.638 155.539 133.638
155.316 100.125 176.120 100.125 176.120 133.583 155.316 133.583
155.466 100.445 176.158 100.445 176.158 133.918 155.466 133.918
155.562 99.221 176.329 99.221 176.329 132.569 155.562 132.569
155.349 100.632 175.867 100.632 175.867 133.926 155.349 133.926
155.173 99.929 175.606 99.929 175.606 133.147 155.173 133.147
155.219 100.080 175.691 100.080 175.691 133.028 155.219 133.028
155.316 99.947 175.718 99.947 175.718 132.811 155.316 132.811
156.240 98.656 176.637 98.656 176.637 131.414 156.240 131.414
156.690 98.995 177.235 98.995 177.235 131.032 156.690 131.032
155.561 99.689 176.297 99.689 176.297 131.036 155.561 131.036
154.523 100.312 175.383 100.312 175.383 131.371 154.523 131.371
153.782 100.344 174.772 100.344 174.772 131.121 153.782 131.121
154.395 100.210 175.184 100.210 175.184 131.186 154.395 131.186
154.977 100.721 175.677 100.721 175.677 131.863 154.977 131.863
155.648 101.499 176.121 101.499 176.121 132.804 155.648 132.804
155.749 100.201 176.232 100.201 176.232 131.706 155.749 131.706
155.808 100.611 176.239 100.611 176.239 132.075 155.808 132.075
155.895 101.511 176.184 101.511 176.184 132.974 155.895 132.974
155.950 100.575 176.120 100.575 176.120 132.174 155.950 132.174
155.835 101.370 175.906 101.370 175.906 132.919 155.835 132.919
155.823 100.184 175.773 100.184 175.773 131.915 155.823 131.915
155.748 99.912 175.596 99.912 175.596 131.545 155.748 131.545
155.722 100.779 175.537 100.779 175.537 132.289 155.722 132.289
155.729 100.785 175.592 100.785 175.592 132.251 155.729 132.251
155.757 100.872 175.665 100.872 175.665 132.405 155.757 132.405
155.805 100.418 175.842 100.418 175.842 131.875 155.805 131.875
155.739 100.073 175.785 100.073 175.785 131.506 155.739 131.506
155.859 100.732 175.940 100.732 175.940 132.037 155.859 132.037
156.252 101.611 176.292 101.611 176.292 132.840 156.252 132.840
159.451 100.599 179.933 100.599 179.933 131.349 159.451 131.349
152.743 97.848 174.173 97.848 174.173 127.450 152.743 127.450
152.740 99.356 174.266 99.356 174.266 128.850 152.740 128.850
124.101 129.648 146.775 129.648 146.775 158.110 124.101 158.110
117.061 137.716 141.225 137.716 141.225 164.968 117.061 164.968
117.579 137.888 142.508 137.888 142.508 164.514 117.579 164.514
104.210 138.950 129.790 138.950 129.790 164.978 104.210 164.978
90.066 138.823 116.153 138.823 116.153 164.099 90.066 164.099
86.559 138.980 113.354 138.980 113.354 163.716 86.559 163.716
73.260 138.748 100.145 138.748 100.145 163.530 73.260 163.530
63.971 141.911 90.746 141.911 90.746 166.898 63.971 166.898
50.868 135.901 77.482 135.901 77.482 161.219 50.868 161.219
50.415 135.151 76.809 135.151 76.809 160.848 50.415 160.848
46.326 137.772 72.928 137.772 72.928 163.423 46.326 163.423
33.536 138.168 60.084 138.168 60.084 163.949 33.536 163.949
31.434 118.099 58.070 118.099 58.070 144.028 31.434 144.028
31.712 115.396 58.770 115.396 58.770 141.190 31.712 141.190
25.664 118.234 52.665 118.234 52.665 144.334 25.664 144.334
22.352 120.976 49.578 120.976 49.578 146.971 22.352 146.971
22.210 122.895 49.341 122.895 49.341 149.051 22.210 149.051
22.309 121.885 49.518 121.885 49.518 148.087 22.309 148.087
22.895 121.367 49.965 121.367 49.965 147.667 22.895 147.667
23.577 121.462 50.603 121.462 50.603 147.716 23.577 147.716
23.614 120.598 50.598 120.598 50.598 146.964 23.614 146.964
24.080 120.414 50.951 120.414 50.951 146.931 24.080 146.931
24.186 123.329 50.970 123.329 50.970 149.919 24.186 149.919
20.879 122.179 47.775 122.179 47.775 148.687 20.879 148.687
21.404 124.506 48.235 124.506 48.235 151.174 21.404 151.174
21.806 123.209 48.607 123.209 48.607 149.843 21.806 149.843
22.318 122.644 49.200 122.644 49.200 149.263 22.318 149.263
22.058 121.739 48.930 121.739 48.930 148.401 22.058 148.401
21.859 123.837 48.730 123.837 48.730 150.527 21.859 150.527
21.943 122.419 48.863 122.419 48.863 149.050 21.943 149.050
22.058 121.249 48.956 121.249 48.956 147.877 22.058 147.877
22.367 120.642 49.292 120.642 49.292 147.363 22.367 147.363
22.846 120.485 49.717 120.485 49.717 147.269 22.846 147.269
23.247 120.419 49.971 120.419 49.971 147.259 23.247 147.259
22.824 122.461 49.520 122.461 49.520 149.340 22.824 149.340
23.204 121.582 50.002 121.582 50.002 148.316 23.204 148.316
22.984 120.828 49.766 120.828 49.766 147.607 22.984 147.607
23.235 120.976 49.945 120.976 49.945 147.734 23.235 147.734
23.390 120.280 50.077 120.280 50.077 147.088 23.390 147.088
23.369 119.989 50.117 119.989 50.117 146.746 23.369 146.746
23.314 121.967 49.994 121.967 49.994 148.759 23.314 148.759
23.158 121.881 49.976 121.881 49.976 148.630 23.158 148.630
23.276 121.436 50.187 121.436 50.187 148.181 23.276 148.181
20.144 123.828 47.134 123.828 47.134 150.382 20.144 150.382
20.672 122.852 47.699 122.852 47.699 149.339 20.672 149.339
24.486 125.160 51.409 125.160 51.409 151.826 24.486 151.826
24.669 128.052 51.552 128.052 51.552 154.897 24.669 154.897
21.350 130.729 48.298 130.729 48.298 157.499 21.350 157.499
21.928 129.925 48.891 129.925 48.891 156.575 21.928 156.575
22.497 129.444 49.377 129.444 49.377 156.126 22.497 156.126
20.228 129.138 47.091 129.138 47.091 155.888 20.228 155.888
23.855 128.485 50.656 128.485 50.656 155.314 23.855 155.314
23.919 128.219 50.580 128.219 50.580 155.124 23.919 155.124
24.123 127.595 50.730 127.595 50.730 154.547 24.123 154.547
21.336 130.542 47.915 130.542 47.915 157.452 21.336 157.452
21.772 130.126 48.423 130.126 48.423 157.089 21.772 157.089
21.973 129.665 48.680 129.665 48.680 156.560 21.973 156.560
22.137 128.825 48.770 128.825 48.770 155.772 22.137 155.772
22.480 131.442 49.158 131.442 49.158 158.311 22.480 158.311
22.527 130.091 49.319 130.091 49.319 156.809 22.527 156.809
22.410 129.460 49.252 129.460 49.252 156.311 22.410 156.311
22.469 128.553 49.260 128.553 49.260 155.480 22.469 155.480
22.695 128.246 49.454 128.246 49.454 155.096 22.695 155.096
23.250 127.754 49.938 127.754 49.938 154.702 23.250 154.702
23.579 130.642 50.373 130.642 50.373 157.494 23.579 157.494
23.550 133.335 50.328 133.335 50.328 160.229 23.550 160.229
23.849 132.488 50.623 132.488 50.623 159.383 23.849 159.383
