262.000 166.000 294.000 166.000 294.000 245.000 262.000 245.000
261.897 164.413 293.370 164.413 293.370 243.753 261.897 243.753
262.558 162.417 293.784 162.417 293.784 242.050 262.558 242.050
263.493 163.119 294.527 163.119 294.527 242.738 263.493 242.738
264.717 162.561 295.483 162.561 295.483 242.454 264.717 242.454
265.728 162.353 296.460 162.353 296.460 242.329 265.728 242.329
266.285 162.650 297.030 162.650 297.030 242.717 266.285 242.717
267.582 163.445 298.353 163.445 298.353 243.195 267.582 243.195
268.688 163.018 299.581 163.018 299.581 242.276 268.688 242.276
270.585 163.674 301.397 163.674 301.397 242.563 270.585 242.563
272.190 162.504 302.886 162.504 302.886 241.014 272.190 241.014
272.994 161.821 303.374 161.821 303.374 239.811 272.994 239.811
274.734 160.916 305.055 160.916 305.055 238.691 274.734 238.691
276.405 161.587 306.650 161.587 306.650 238.633 276.405 238.633
277.553 161.432 307.577 161.432 307.577 238.048 277.553 238.048
278.248 161.726 308.169 161.726 308.169 237.853 278.248 237.853
279.439 162.911 309.273 162.911 309.273 238.479 279.439 238.479
281.007 163.948 310.696 163.948 310.696 238.844 281.007 238.844
282.131 163.759 311.654 163.759 311.654 237.926 282.131 237.926
283.562 162.130 312.930 162.130 312.930 235.641 283.562 235.641
284.679 161.765 313.879 161.765 313.879 234.600 284.679 234.600
285.185 159.720 314.222 159.720 314.222 232.127 285.185 232.127
286.623 160.571 315.461 160.571 315.461 232.521 286.623 232.521
286.666 159.071 315.314 159.071 315.314 230.638 286.666 230.638
288.349 161.744 316.825 161.744 316.825 232.945 288.349 232.945
289.580 161.087 317.850 161.087 317.850 231.769 289.580 231.769
291.148 161.108 319.327 161.108 319.327 231.469 291.148 231.469
292.046 161.152 320.181 161.152 320.181 230.894 292.046 230.894
293.612 158.993 321.564 158.993 321.564 228.560 293.612 228.560
295.343 158.626 323.028 158.626 323.028 228.352 295.343 228.352
295.359 156.936 322.882 156.936 322.882 226.784 295.359 226.784
296.464 157.001 323.900 157.001 323.900 226.513 296.464 226.513
298.682 156.250 326.043 156.250 326.043 225.443 298.682 225.443
299.753 156.927 326.977 156.927 326.977 225.487 299.753 225.487
300.689 156.989 327.765 156.989 327.765 224.983 300.689 224.983
301.762 158.617 328.659 158.617 328.659 226.138 301.762 226.138
302.803 156.321 329.570 156.321 329.570 223.158 302.803 223.158
303.586 156.277 330.182 156.277 330.182 222.570 303.586 222.570
304.951 156.431 331.241 156.431 331.241 222.220 304.951 222.220
306.399 156.420 332.446 156.420 332.446 222.005 306.399 222.005
307.035 154.236 333.056 154.236 333.056 219.439 307.035 219.439
307.832 155.356 333.785 155.356 333.785 220.119 307.832 220.119
309.059 155.294 334.926 155.294 334.926 219.651 309.059 219.651
309.876 155.063 335.729 155.063 335.729 218.876 309.876 218.876
310.800 156.134 336.513 156.134 336.513 219.317 310.800 219.317
312.434 154.983 337.861 154.983 337.861 217.145 312.434 217.145
313.598 154.924 338.758 154.924 338.758 216.153 313.598 216.153
315.106 154.585 340.154 154.585 340.154 215.102 315.106 215.102
316.713 153.444 341.487 153.444 341.487 212.937 316.713 212.937
317.261 154.312 341.806 154.312 341.806 213.160 317.261 213.160
317.943 153.657 342.433 153.657 342.433 211.752 317.943 211.752
318.850 153.570 343.251 153.570 343.251 210.810 318.850 210.810
319.965 153.222 343.984 153.222 343.984 210.034 319.965 210.034
320.962 154.204 344.819 154.204 344.819 210.610 320.962 210.610
321.989 153.239 345.631 153.239 345.631 209.153 321.989 209.153
322.965 154.423 346.520 154.423 346.520 209.516 322.965 209.516
323.459 154.474 346.766 154.474 346.766 209.077 323.459 209.077
328.680 184.227 352.108 184.227 352.108 238.692 328.680 238.692
328.802 226.325 352.276 226.325 352.276 280.053 328.802 280.053
329.158 226.304 352.632 226.304 352.632 280.032 329.158 280.032
329.290 228.207 352.765 228.207 352.765 281.934 329.290 281.934
357.629 253.639 380.449 253.639 380.449 308.881 357.629 308.881
357.124 258.818 379.525 258.818 379.525 315.272 357.124 315.272
353.094 253.571 375.170 253.571 375.170 310.378 353.094 310.378
353.839 252.926 375.795 252.926 375.795 309.745 353.839 309.745
353.638 251.997 375.572 251.997 375.572 308.707 353.638 308.707
353.418 252.259 375.369 252.259 375.369 308.736 353.418 308.736
353.161 251.155 375.169 251.155 375.169 307.289 353.161 307.289
352.619 249.883 374.627 249.883 374.627 305.760 352.619 305.760
352.637 253.027 374.524 253.027 374.524 309.017 352.637 309.017
380.056 257.482 402.130 257.482 402.130 313.562 380.056 313.562
380.195 257.362 402.261 257.362 402.261 313.567 380.195 313.567
379.663 256.892 401.785 256.892 401.785 313.227 379.663 313.227
379.649 256.324 401.758 256.324 401.758 312.636 379.649 312.636
379.346 256.310 401.370 256.310 401.370 312.695 379.346 312.695
378.911 259.231 400.865 259.231 400.865 315.946 378.911 315.946
378.191 258.374 400.100 258.374 400.100 315.193 378.191 315.193
377.831 257.295 399.799 257.295 399.799 314.105 377.831 314.105
377.272 256.605 399.278 256.605 399.278 313.261 377.272 313.261
401.129 240.198 422.751 240.198 422.751 297.583 401.129 297.583
401.220 239.850 422.799 239.850 422.799 297.274 401.220 297.274
401.099 239.601 422.605 239.601 422.605 297.645 401.099 297.645
401.011 240.224 422.429 240.224 422.429 298.767 401.011 298.767
400.385 240.436 421.625 240.436 421.625 299.404 400.385 299.404
400.252 239.917 421.445 239.917 421.445 299.094 400.252 299.094
400.327 239.969 421.523 239.969 421.523 299.233 400.327 299.233
399.675 240.105 421.112 240.105 421.112 299.294 399.675 299.294
399.384 240.381 420.856 240.381 420.856 299.610 399.384 299.610
398.695 240.208 420.201 240.208 420.201 299.794 398.695 299.794
398.663 240.167 420.271 240.167 420.271 299.755 398.663 299.755
398.733 240.180 420.386 240.180 420.386 299.892 398.733 299.892
398.318 239.697 420.031 239.697 420.031 299.477 398.318 299.477
397.918 240.268 419.782 240.268 419.782 299.971 397.918 299.971
397.562 241.019 419.511 241.019 419.511 301.011 397.562 301.011
398.237 240.956 420.222 240.956 420.222 300.792 398.237 300.792
398.672 240.091 420.667 240.091 420.667 299.825 398.672 299.825
398.037 240.773 419.970 240.773 419.970 300.731 398.037 300.731
398.293 240.486 420.157 240.486 420.157 300.353 398.293 300.353
398.667 241.082 420.319 241.082 420.319 301.084 398.667 301.084
398.622 240.778 420.240 240.778 420.240 300.887 398.622 300.887
398.778 239.611 420.316 239.611 420.316 299.642 398.778 299.642
398.807 240.419 420.214 240.419 420.214 300.341 398.807 300.341
398.472 240.496 419.894 240.496 419.894 300.388 398.472 300.388
399.028 241.265 420.425 241.265 420.425 301.103 399.028 301.103
398.842 242.228 420.235 242.228 420.235 302.012 398.842 302.012
399.106 240.608 420.521 240.608 420.521 300.245 399.106 300.245
398.856 243.226 420.301 243.226 420.301 302.855 398.856 302.855
398.768 242.826 420.225 242.826 420.225 302.326 398.768 302.326
399.275 242.035 420.727 242.035 420.727 301.536 399.275 301.536
399.544 242.380 420.964 242.380 420.964 301.797 399.544 301.797
399.763 242.817 421.224 242.817 421.224 302.478 399.763 302.478
399.535 243.052 421.048 243.052 421.048 302.642 399.535 302.642
399.609 242.604 421.093 242.604 421.093 302.493 399.609 302.493
399.333 242.649 420.818 242.649 420.818 303.048 399.333 303.048
399.347 241.493 420.786 241.493 420.786 302.317 399.347 302.317
399.581 242.226 421.087 242.226 421.087 303.181 399.581 303.181
399.370 242.540 421.072 242.540 421.072 303.608 399.370 303.608
399.928 242.256 421.747 242.256 421.747 303.382 399.928 303.382
399.226 242.747 421.173 242.747 421.173 303.692 399.226 303.692
399.330 242.761 421.233 242.761 421.233 303.679 399.330 303.679
399.365 243.826 421.311 243.826 421.311 304.664 399.365 304.664
399.395 240.563 421.185 240.563 421.185 301.403 399.395 301.403
399.221 238.318 421.025 238.318 421.025 299.076 399.221 299.076
402.482 243.275 424.712 243.275 424.712 303.650 402.482 303.650
396.543 247.824 419.455 247.824 419.455 307.012 396.543 307.012
396.860 247.598 419.785 247.598 419.785 306.771 396.860 306.771
396.543 246.177 419.468 246.177 419.468 305.350 396.543 305.350
396.453 244.406 419.378 244.406 419.378 303.578 396.453 303.578
396.504 243.276 419.429 243.276 419.429 302.448 396.504 302.448
396.294 242.129 419.220 242.129 419.220 301.300 396.294 301.300
395.678 241.726 418.604 241.726 418.604 300.897 395.678 300.897
395.361 240.654 418.287 240.654 418.287 299.824 395.361 299.824
395.137 238.981 418.064 238.981 418.064 298.150 395.137 298.150
394.968 238.823 417.896 238.823 417.896 297.991 394.968 297.991
394.789 237.875 417.717 237.875 417.717 297.043 394.789 297.043
394.748 236.838 417.676 236.838 417.676 296.006 394.748 296.006
394.881 236.341 417.809 236.341 417.809 295.508 394.881 295.508
394.930 235.910 417.858 235.910 417.858 295.077 394.930 295.077
394.942 234.930 417.871 234.930 417.871 294.097 394.942 294.097
395.019 233.928 417.948 233.928 417.948 293.094 395.019 293.094
395.085 232.573 418.014 232.573 418.014 291.739 395.085 291.739
395.115 231.721 418.044 231.721 418.044 290.887 395.115 290.887
395.118 230.968 418.048 230.968 418.048 290.133 395.118 290.133
395.203 229.743 418.133 229.743 418.133 288.908 395.203 288.908
395.571 228.259 418.501 228.259 418.501 287.424 395.571 287.424
395.632 226.962 418.562 226.962 418.562 286.126 395.632 286.126
396.003 225.184 418.933 225.184 418.933 284.348 396.003 284.348
395.647 223.397 418.577 223.397 418.577 282.561 395.647 282.561
395.813 220.784 418.743 220.784 418.743 279.948 395.813 279.948
395.991 218.905 418.922 218.905 418.922 278.069 395.991 278.069
396.174 215.808 419.105 215.808 419.105 274.971 396.174 274.971
396.522 212.386 419.453 212.386 419.453 271.549 396.522 271.549
396.653 208.829 419.584 208.829 419.584 267.991 396.653 267.991
397.062 206.310 419.993 206.310 419.993 265.472 397.062 265.472
397.491 203.662 420.422 203.662 420.422 262.824 397.491 262.824
398.150 202.142 421.081 202.142 421.081 261.304 398.150 261.304
398.884 200.202 421.816 200.202 421.816 259.363 398.884 259.363
399.674 198.559 422.606 198.559 422.606 257.720 399.674 257.720
400.360 196.250 423.292 196.250 423.292 255.411 400.360 255.411
400.820 194.472 423.752 194.472 423.752 253.633 400.820 253.633
401.040 193.016 423.972 193.016 423.972 252.177 401.040 252.177
401.247 191.154 424.179 191.154 424.179 250.315 401.247 250.315
401.122 189.092 424.054 189.092 424.054 248.253 401.122 248.253
400.763 186.566 423.695 186.566 423.695 245.727 400.763 245.727
400.496 183.705 423.428 183.705 423.428 242.866 400.496 242.866
400.014 180.271 422.946 180.271 422.946 239.432 400.014 239.432
399.401 177.154 422.333 177.154 422.333 236.314 399.401 236.314
397.406 174.612 420.340 174.612 420.340 233.768 397.406 233.768
396.170 172.795 419.107 172.795 419.107 231.945 396.170 231.945
394.185 171.038 417.143 171.038 417.143 230.159 394.185 230.159
392.448 169.790 415.446 169.790 415.446 228.857 392.448 228.857
390.445 169.021 413.489 169.021 413.489 228.026 390.445 228.026
388.158 168.454 411.223 168.454 411.223 227.430 388.158 227.430
386.368 168.601 409.463 168.601 409.463 227.535 386.368 227.535
385.214 168.559 408.316 168.559 408.316 227.483 385.214 227.483
384.365 168.609 407.490 168.609 407.490 227.500 384.365 227.500
382.988 169.223 406.115 169.223 406.115 228.111 382.988 228.111
381.990 170.403 405.122 170.403 405.122 229.284 381.990 229.284
380.923 170.686 404.061 170.686 404.061 229.561 380.923 229.561
379.813 171.280 402.955 171.280 402.955 230.149 379.813 230.149
378.402 171.402 401.549 171.402 401.549 230.265 378.402 230.265
378.426 171.315 401.574 171.315 401.574 230.176 378.426 230.176
378.194 171.008 401.343 171.008 401.343 229.867 378.194 229.867
376.961 171.163 400.117 171.163 400.117 230.014 376.961 230.014
375.695 171.761 398.858 171.761 398.858 230.604 375.695 230.604
374.427 171.910 397.595 171.910 397.595 230.747 374.427 230.747
372.890 172.728 396.062 172.728 396.062 231.560 372.890 231.560
372.036 172.837 395.210 172.837 395.210 231.667 372.036 231.667
370.490 173.886 393.671 173.886 393.671 232.707 370.490 232.707
369.844 173.946 393.030 173.946 393.030 232.759 369.844 232.759
368.680 174.492 391.874 174.492 391.874 233.295 368.680 233.295
367.237 175.174 390.438 175.174 390.438 233.970 367.237 233.970
366.054 174.440 389.260 174.440 389.260 233.226 366.054 233.226
365.066 174.709 388.278 174.709 388.278 233.484 365.066 233.484
359.955 179.400 383.195 179.400 383.195 238.077 359.955 238.077
360.156 179.268 383.413 179.268 383.413 237.892 360.156 237.892
360.618 179.367 383.892 179.367 383.892 237.938 360.618 237.938
360.214 179.263 383.493 179.263 383.493 237.817 360.214 237.817
360.463 178.748 383.745 178.748 383.745 237.291 360.463 237.291
360.296 179.055 383.584 179.055 383.584 237.578 360.296 237.578
359.968 175.181 383.277 175.181 383.277 233.649 359.968 233.649
360.127 176.477 383.429 176.477 383.429 234.922 360.127 234.922
360.324 177.556 383.632 177.556 383.632 235.982 360.324 235.982
360.371 178.006 383.696 178.006 383.696 236.384 360.371 236.384
361.065 179.135 384.394 179.135 384.394 237.500 361.065 237.500
360.980 179.240 384.313 179.240 384.313 237.593 360.980 237.593
360.877 178.439 384.220 178.439 384.220 236.767 360.877 236.767
360.418 178.287 383.768 178.287 383.768 236.597 360.418 236.597
314.000 171.286 337.166 171.286 337.166 229.567 314.000 229.567
313.941 169.552 336.915 169.552 336.915 227.733 313.941 227.733
317.364 171.727 340.280 171.727 340.280 229.864 317.364 229.864
316.620 170.063 339.501 170.063 339.501 228.180 316.620 228.180
316.631 171.896 339.360 171.896 339.360 229.867 316.631 229.867
316.427 170.094 339.190 170.094 339.190 227.934 316.427 227.934
316.143 173.232 338.879 173.232 338.879 231.007 316.143 231.007
320.250 175.599 342.911 175.599 342.911 232.905 320.250 232.905
319.451 172.650 342.021 172.650 342.021 229.769 319.451 229.769
319.431 175.001 341.878 175.001 341.878 231.967 319.431 231.967
323.808 177.271 346.330 177.271 346.330 233.923 323.808 233.923
323.309 174.621 345.715 174.621 345.715 231.026 323.309 231.026
322.485 172.903 344.879 172.903 344.879 229.275 322.485 229.275
322.121 171.887 344.528 171.887 344.528 228.218 322.121 228.218
327.224 175.141 349.666 175.141 349.666 231.370 327.224 231.370
327.111 173.968 349.589 173.968 349.589 230.112 327.111 230.112
327.416 173.018 349.928 173.018 349.928 229.089 327.416 229.089
327.676 172.254 350.220 172.254 350.220 228.260 327.676 228.260
328.186 172.248 350.741 172.248 350.741 228.235 328.186 228.235
333.667 179.577 356.464 179.577 356.464 234.722 333.667 234.722
334.261 181.549 357.113 181.549 357.113 236.361 334.261 236.361
334.243 180.231 357.243 180.231 357.243 234.283 334.243 234.283
335.061 182.117 358.074 182.117 358.074 236.036 335.061 236.036
335.761 182.409 358.861 182.409 358.861 235.562 335.761 235.562
336.082 183.935 359.296 183.935 359.296 236.283 336.082 236.283
336.616 185.122 359.975 185.122 359.975 236.117 336.616 236.117
378.028 228.944 401.392 228.944 401.392 279.092 378.028 279.092
377.923 230.261 401.304 230.261 401.304 279.596 377.923 279.596
378.843 229.832 401.997 229.832 401.997 278.759 378.843 278.759
379.725 230.309 402.707 230.309 402.707 278.528 379.725 278.528
380.580 231.967 403.572 231.967 403.572 279.400 380.580 279.400
381.277 232.533 404.037 232.533 404.037 279.582 381.277 279.582
381.887 232.447 404.460 232.447 404.460 278.924 381.887 278.924
382.947 233.111 405.334 233.111 405.334 279.299 382.947 279.299
384.161 232.561 406.368 232.561 406.368 278.341 384.161 278.341
384.901 232.369 406.746 232.369 406.746 277.958 384.901 277.958
385.833 232.828 407.458 232.828 407.458 278.174 385.833 278.174
386.499 233.328 407.978 233.328 407.978 278.298 386.499 278.298
387.563 233.476 408.706 233.476 408.706 278.494 387.563 278.494
387.884 233.681 408.746 233.681 408.746 278.626 387.884 278.626
388.960 234.104 409.533 234.104 409.533 279.279 388.960 279.279
389.661 234.233 410.091 234.233 410.091 279.612 389.661 279.612
390.358 234.600 410.529 234.600 410.529 280.281 390.358 280.281
391.376 234.919 411.313 234.919 411.313 280.382 391.376 280.382
392.418 234.344 412.052 234.344 412.052 279.934 392.418 279.934
393.431 234.155 412.907 234.155 412.907 279.535 393.431 279.535
394.352 232.534 413.703 232.534 413.703 277.952 394.352 277.952
398.216 232.478 417.494 232.478 417.494 278.222 398.216 278.222
398.440 233.059 417.660 233.059 417.660 279.143 398.440 279.143
399.300 234.194 418.367 234.194 418.367 280.708 399.300 280.708
400.273 234.035 419.286 234.035 419.286 280.874 400.273 280.874
400.935 234.460 419.912 234.460 419.912 281.407 400.935 281.407
401.563 234.071 420.558 234.071 420.558 281.291 401.563 281.291
404.594 232.826 423.673 232.826 423.673 280.591 404.594 280.591
404.924 234.510 423.986 234.510 423.986 282.717 404.924 282.717
405.344 233.263 424.434 233.263 424.434 281.724 405.344 281.724
406.137 232.085 425.226 232.085 425.226 281.179 406.137 281.179
407.337 230.284 426.517 230.284 426.517 279.502 407.337 279.502
408.256 230.980 427.212 230.980 427.212 281.051 408.256 281.051
408.958 230.738 428.056 230.738 428.056 281.122 408.958 281.122
409.732 230.079 428.933 230.079 428.933 280.381 409.732 280.381
410.282 229.861 429.404 229.861 429.404 280.287 410.282 280.287
410.847 229.458 429.951 229.458 429.951 280.034 410.847 280.034
411.227 228.068 430.457 228.068 430.457 278.796 411.227 278.796
411.510 228.352 430.666 228.352 430.666 279.139 411.510 279.139
411.968 228.981 430.996 228.981 430.996 279.846 411.968 279.846
412.547 230.297 431.673 230.297 431.673 281.031 412.547 281.031
413.079 231.056 432.200 231.056 432.200 281.919 413.079 281.919
413.654 231.281 432.775 231.281 432.775 282.107 413.654 282.107
414.029 231.205 433.187 231.205 433.187 281.854 414.029 281.854
414.875 231.619 434.000 231.619 434.000 282.227 414.875 282.227
415.734 231.376 434.778 231.376 434.778 282.089 415.734 282.089
416.479 231.613 435.475 231.613 435.475 282.436 416.479 282.436
417.136 231.779 436.122 231.779 436.122 282.800 417.136 282.800
418.227 230.050 437.202 230.050 437.202 281.336 418.227 281.336
418.077 228.877 437.142 228.877 437.142 280.256 418.077 280.256
418.854 228.769 437.907 228.769 437.907 280.417 418.854 280.417
419.232 228.386 438.132 228.386 438.132 280.600 419.232 280.600
419.766 227.930 438.740 227.930 438.740 280.357 419.766 280.357
420.601 227.797 439.608 227.797 439.608 280.088 420.601 280.088
420.588 227.279 439.728 227.279 439.728 279.671 420.588 279.671
420.782 227.347 440.037 227.347 440.037 279.579 420.782 279.579
420.502 226.331 439.824 226.331 439.824 278.936 420.502 278.936
420.693 225.289 439.945 225.289 439.945 278.090 420.693 278.090
420.702 225.351 439.949 225.351 439.949 278.293 420.702 278.293
420.739 224.294 440.013 224.294 440.013 277.381 420.739 277.381
420.626 224.501 439.897 224.501 439.897 277.768 420.626 277.768
420.788 221.935 440.455 221.935 440.455 274.923 420.788 274.923
421.034 222.870 440.652 222.870 440.652 276.106 421.034 276.106
420.755 223.592 440.347 223.592 440.347 277.099 420.755 277.099
420.597 224.045 440.175 224.045 440.175 277.788 420.597 277.788
420.641 223.936 440.129 223.936 440.129 277.879 420.641 277.879
420.566 224.154 440.034 224.154 440.034 278.305 420.566 278.305
420.494 225.119 439.930 225.119 439.930 279.433 420.494 279.433
420.028 224.725 439.535 224.725 439.535 279.015 420.028 279.015
420.464 224.808 439.880 224.808 439.880 279.284 420.464 279.284
420.233 227.556 439.554 227.556 439.554 282.597 420.233 282.597
420.205 225.893 439.454 225.893 439.454 281.133 420.205 281.133
420.529 223.429 439.780 223.429 439.780 278.779 420.529 278.779
420.976 222.136 440.152 222.136 440.152 277.677 420.976 277.677
421.189 222.329 440.325 222.329 440.325 277.767 421.189 277.767
421.651 222.586 440.823 222.586 440.823 277.791 421.651 277.791
421.902 222.573 441.067 222.573 441.067 277.798 421.902 277.798
422.670 222.748 441.837 222.748 441.837 277.965 422.670 277.965
422.374 223.417 441.634 223.417 441.634 278.417 422.374 278.417
422.693 220.612 442.010 220.612 442.010 275.521 422.693 275.521
422.423 221.522 441.853 221.522 441.853 276.310 422.423 276.310
422.074 222.477 441.514 222.477 441.514 277.334 422.074 277.334
421.707 223.071 441.195 223.071 441.195 277.843 421.707 277.843
421.838 223.482 441.385 223.482 441.385 277.972 421.838 277.972
421.590 221.297 441.348 221.297 441.348 275.350 421.590 275.350
421.604 222.115 441.361 222.115 441.361 275.991 421.604 275.991
421.798 222.781 441.579 222.781 441.579 276.311 421.798 276.311
422.028 219.642 442.472 219.642 442.472 272.515 422.028 272.515
422.255 220.865 443.080 220.865 443.080 273.317 422.255 273.317
423.083 220.735 444.206 220.735 444.206 272.759 423.083 272.759
423.416 222.413 444.842 222.413 444.842 274.184 423.416 274.184
423.723 222.487 445.284 222.487 445.284 274.005 423.723 274.005
424.783 222.350 446.577 222.350 446.577 273.270 424.783 273.270
425.528 222.445 447.497 222.445 447.497 273.068 425.528 273.068
426.226 222.731 448.283 222.731 448.283 273.084 426.226 273.084
427.491 222.724 449.380 222.724 449.380 273.153 427.491 273.153
428.370 223.447 450.114 223.447 450.114 274.018 428.370 274.018
429.034 225.060 450.703 225.060 450.703 275.300 429.034 275.300
429.454 224.873 450.860 224.873 450.860 275.249 429.454 275.249
430.286 225.581 451.468 225.581 451.468 276.126 430.286 276.126
431.083 225.853 451.996 225.853 451.996 276.726 431.083 276.726
431.453 225.540 452.304 225.540 452.304 276.560 431.453 276.560
431.441 223.211 452.229 223.211 452.229 274.469 431.441 274.469
431.840 223.418 452.777 223.418 452.777 274.233 431.840 274.233
432.824 223.013 453.823 223.013 453.823 273.548 432.824 273.548
433.455 223.125 454.393 223.125 454.393 273.799 433.455 273.799
434.024 222.751 454.947 222.751 454.947 273.463 434.024 273.463
434.611 222.357 455.509 222.357 455.509 273.297 434.611 273.297
434.721 222.034 455.770 222.034 455.770 272.889 434.721 272.889
435.286 221.417 456.406 221.417 456.406 272.529 435.286 272.529
435.940 220.707 457.004 220.707 457.004 272.126 435.940 272.126
435.970 220.347 457.006 220.347 457.006 272.018 435.970 272.018
436.498 221.311 457.390 221.311 457.390 273.379 436.498 273.379
436.864 221.866 457.768 221.866 457.768 274.148 436.864 274.148
437.247 221.710 458.031 221.710 458.031 274.313 437.247 274.313
437.479 221.972 458.217 221.972 458.217 274.648 437.479 274.648
438.328 221.694 459.062 221.694 459.062 274.370 438.328 274.370
438.679 221.387 459.398 221.387 459.398 273.926 438.679 273.926
438.709 222.090 459.478 222.090 459.478 274.569 438.709 274.569
439.080 221.834 459.919 221.834 459.919 274.360 439.080 274.360
438.982 221.335 459.714 221.335 459.714 274.038 438.982 274.038
438.942 221.222 459.742 221.222 459.742 274.004 438.942 274.004
438.704 221.228 459.314 221.228 459.314 273.922 438.704 273.922
438.661 221.137 459.133 221.137 459.133 274.206 438.661 274.206
439.063 220.710 459.450 220.710 459.450 273.945 439.063 273.945
438.524 220.769 458.921 220.769 458.921 273.846 438.524 273.846
438.445 219.998 458.909 219.998 458.909 272.878 438.445 272.878
438.370 220.190 458.821 220.190 458.821 273.220 438.370 273.220
438.281 220.420 458.652 220.420 458.652 273.488 438.281 273.488
437.881 220.247 457.972 220.247 457.972 273.547 437.881 273.547
438.147 219.743 458.257 219.743 458.257 272.871 438.147 272.871
438.514 219.428 458.655 219.428 458.655 272.569 438.514 272.569
438.040 218.795 458.081 218.795 458.081 272.203 438.040 272.203
437.474 218.578 457.559 218.578 457.559 271.946 437.474 271.946
437.880 217.819 458.125 217.819 458.125 271.170 437.880 271.170
438.483 217.887 458.836 217.887 458.836 271.171 438.483 271.171
439.418 218.051 459.904 218.051 459.904 271.251 439.418 271.251
440.083 217.310 460.638 217.310 460.638 270.687 440.083 270.687
440.363 215.989 461.043 215.989 461.043 269.600 440.363 269.600
440.400 216.316 460.964 216.316 460.964 270.582 440.400 270.582
440.197 216.607 460.813 216.607 460.813 271.503 440.197 271.503
439.594 216.658 460.233 216.658 460.233 272.021 439.594 272.021
438.951 217.873 459.569 217.873 459.569 273.686 438.951 273.686
438.426 216.732 459.104 216.732 459.104 273.124 438.426 273.124
438.154 215.388 458.909 215.388 458.909 271.918 438.154 271.918
437.898 215.636 458.762 215.636 458.762 272.406 437.898 272.406
437.682 215.240 458.932 215.240 458.932 271.630 437.682 271.630
436.703 216.353 458.509 216.353 458.509 272.028 436.703 272.028
431.937 214.831 453.995 214.831 453.995 270.205 431.937 270.205
431.303 210.241 453.742 210.241 453.742 264.959 431.303 264.959
430.837 213.981 453.490 213.981 453.490 268.521 430.837 268.521
425.930 207.861 448.997 207.861 448.997 261.756 425.930 261.756
426.039 210.144 449.296 210.144 449.296 263.605 426.039 263.605
425.561 209.415 448.926 209.415 448.926 262.791 425.561 262.791
421.930 208.332 445.114 208.332 445.114 261.790 421.930 261.790
423.191 210.285 446.121 210.285 446.121 264.142 423.191 264.142
423.411 209.070 446.259 209.070 446.259 263.074 423.411 263.074
