548.000 198.000 589.000 198.000 589.000 311.000 548.000 311.000
545.007 191.908 585.089 191.908 585.089 306.208 545.007 306.208
544.356 195.232 584.326 195.232 584.326 309.591 544.356 309.591
540.965 194.404 580.758 194.404 580.758 308.591 540.965 308.591
539.176 196.251 579.093 196.251 579.093 309.157 539.176 309.157
536.463 201.390 576.900 201.390 576.900 312.357 536.463 312.357
534.981 204.654 575.748 204.654 575.748 314.213 534.981 314.213
533.221 209.093 574.442 209.093 574.442 316.843 533.221 316.843
532.387 208.205 573.845 208.205 573.845 315.131 532.387 315.131
531.173 210.598 573.016 210.598 573.016 315.926 531.173 315.926
531.151 211.071 573.134 211.071 573.134 315.424 531.151 315.424
530.872 209.773 572.608 209.773 572.608 313.768 530.872 313.768
530.487 208.961 571.956 208.961 571.956 312.668 530.487 312.668
530.180 210.574 571.629 210.574 571.629 313.735 530.180 313.735
530.176 210.513 571.469 210.513 571.469 313.488 530.176 313.488
530.517 211.711 571.702 211.711 571.702 314.284 530.517 314.284
530.575 210.591 571.537 210.591 571.537 313.152 530.575 313.152
530.525 212.136 571.616 212.136 571.616 313.906 530.525 313.906
530.711 211.861 571.609 211.861 571.609 313.577 530.711 313.577
530.373 212.009 571.256 212.009 571.256 313.280 530.373 313.280
530.413 211.855 571.129 211.855 571.129 313.216 530.413 313.216
529.875 211.448 570.479 211.448 570.479 312.637 529.875 312.637
530.759 213.250 571.174 213.250 571.174 314.377 530.759 314.377
530.589 212.193 570.971 212.193 570.971 313.160 530.589 313.160
530.875 211.125 571.073 211.125 571.073 312.106 530.875 312.106
530.923 211.496 571.323 211.496 571.323 311.877 530.923 311.877
530.906 213.343 571.359 213.343 571.359 313.040 530.906 313.040
531.605 211.371 571.773 211.371 571.773 311.094 531.605 311.094
531.171 212.758 571.403 212.758 571.403 311.919 531.171 311.919
531.158 212.110 571.168 212.110 571.168 311.479 531.158 311.479
531.290 212.930 571.260 212.930 571.260 312.085 531.290 312.085
531.411 212.253 571.145 212.253 571.145 311.488 531.411 311.488
531.804 211.413 571.517 211.413 571.517 310.511 531.804 310.511
531.659 212.670 571.499 212.670 571.499 311.361 531.659 311.361
531.907 212.507 571.696 212.507 571.696 310.846 531.907 310.846
531.521 211.825 571.244 211.825 571.244 310.050 531.521 310.050
531.467 213.014 571.137 213.014 571.137 311.228 531.467 311.228
531.145 212.350 570.632 212.350 570.632 310.851 531.145 310.851
531.292 211.614 570.669 211.614 570.669 310.048 531.292 310.048
531.179 211.969 570.463 211.969 570.463 310.403 531.179 310.403
531.657 211.745 570.960 211.745 570.960 310.042 531.657 310.042
531.709 211.391 570.749 211.391 570.749 309.989 531.709 309.989
532.117 208.743 570.700 208.743 570.700 308.129 532.117 308.129
532.050 207.946 570.610 207.946 570.610 307.471 532.050 307.471
532.276 206.323 570.542 206.323 570.542 306.674 532.276 306.674
532.260 204.617 570.278 204.617 570.278 305.987 532.260 305.987
533.363 202.053 571.236 202.053 571.236 304.350 533.363 304.350
534.335 199.761 571.978 199.761 571.978 303.100 534.335 303.100
532.975 193.585 570.932 193.585 570.932 297.899 532.975 297.899
534.050 193.705 571.686 193.705 571.686 299.140 534.050 299.140
533.387 193.385 570.902 193.385 570.902 299.731 533.387 299.731
534.637 192.676 572.090 192.676 572.090 299.592 534.637 299.592
533.421 192.122 570.831 192.122 570.831 299.612 533.421 299.612
534.381 192.520 571.744 192.520 571.744 300.298 534.381 300.298
534.178 192.325 571.601 192.325 571.601 300.237 534.178 300.237
534.555 192.958 571.913 192.958 571.913 300.848 534.555 300.848
533.801 192.249 571.173 192.249 571.173 300.459 533.801 300.459
533.727 192.683 571.177 192.683 571.177 300.839 533.727 300.839
533.943 191.990 571.303 191.990 571.303 300.441 533.943 300.441
533.154 192.691 570.477 192.691 570.477 301.228 533.154 301.228
533.182 193.432 570.631 193.432 570.631 301.570 533.182 301.570
533.114 193.034 570.712 193.034 570.712 301.110 533.114 301.110
533.233 192.200 570.838 192.200 570.838 300.518 533.233 300.518
533.417 192.195 570.900 192.195 570.900 300.851 533.417 300.851
533.639 191.753 571.125 191.753 571.125 300.611 533.639 300.611
532.748 190.375 570.075 190.375 570.075 299.692 532.748 299.692
533.036 192.617 570.406 192.617 570.406 302.048 533.036 302.048
532.431 193.304 569.967 193.304 569.967 302.385 532.431 302.385
533.801 192.271 571.492 192.271 571.492 301.477 533.801 301.477
532.947 190.717 570.640 190.717 570.640 300.082 532.947 300.082
532.596 190.900 570.148 190.900 570.148 300.873 532.596 300.873
532.206 190.736 569.650 190.736 569.650 301.057 532.206 301.057
533.036 191.116 570.594 191.116 570.594 301.410 533.036 301.410
532.446 190.172 569.989 190.172 569.989 300.371 532.446 300.371
532.852 193.155 570.477 193.155 570.477 303.081 532.852 303.081
532.425 192.042 570.224 192.042 570.224 302.093 532.425 302.093
532.590 191.284 570.756 191.284 570.756 301.252 532.590 301.252
532.097 190.531 570.486 190.531 570.486 300.763 532.097 300.763
532.265 189.503 570.624 189.503 570.624 299.920 532.265 299.920
533.095 189.672 571.499 189.672 571.499 300.179 533.095 300.179
532.893 190.257 571.378 190.257 571.378 300.594 532.893 300.594
532.739 189.702 571.195 189.702 571.195 300.227 532.739 300.227
533.379 188.975 571.662 188.975 571.662 299.741 533.379 299.741
532.419 189.537 570.925 189.537 570.925 300.114 532.419 300.114
533.326 193.440 572.245 193.440 572.245 303.324 533.326 303.324
532.689 191.927 571.530 191.927 571.530 301.951 532.689 301.951
531.903 191.891 570.716 191.891 570.716 301.897 531.903 301.897
532.211 193.281 570.884 193.281 570.884 303.143 532.211 303.143
531.531 192.421 570.154 192.421 570.154 302.252 531.531 302.252
531.783 194.138 570.333 194.138 570.333 303.802 531.783 303.802
531.873 193.203 570.381 193.203 570.381 302.882 531.873 302.882
530.824 193.913 568.970 193.913 568.970 303.963 530.824 303.963
532.291 193.668 570.242 193.668 570.242 303.728 532.291 303.728
532.600 193.100 570.339 193.100 570.339 303.305 532.600 303.305
531.855 192.510 569.527 192.510 569.527 302.812 531.855 302.812
531.635 191.944 569.481 191.944 569.481 302.090 531.635 302.090
532.017 193.894 570.007 193.894 570.007 303.293 532.017 303.293
532.112 193.100 570.139 193.100 570.139 302.453 532.112 302.453
530.831 194.334 568.857 194.334 568.857 303.608 530.831 303.608
532.924 193.372 571.197 193.372 571.197 302.174 532.924 302.174
531.617 192.750 569.744 192.750 569.744 301.796 531.617 301.796
531.837 194.350 569.922 194.350 569.922 303.232 531.837 303.232
531.966 192.768 570.106 192.768 570.106 301.923 531.966 301.923
531.256 192.635 569.332 192.635 569.332 301.982 531.256 301.982
531.874 192.907 570.035 192.907 570.035 301.732 531.874 301.732
531.654 193.678 569.845 193.678 569.845 302.592 531.654 302.592
532.538 193.771 570.706 193.771 570.706 302.572 532.538 302.572
531.715 193.403 569.937 193.403 569.937 302.263 531.715 302.263
531.810 194.245 570.087 194.245 570.087 303.243 531.810 303.243
532.406 194.175 570.788 194.175 570.788 303.082 532.406 303.082
532.211 191.038 570.428 191.038 570.428 300.757 532.211 300.757
532.094 191.521 570.259 191.521 570.259 301.154 532.094 301.154
532.299 192.032 570.419 192.032 570.419 301.618 532.299 301.618
532.262 192.197 570.411 192.197 570.411 301.690 532.262 301.690
532.516 192.447 570.636 192.447 570.636 301.744 532.516 301.744
532.603 192.192 570.768 192.192 570.768 301.677 532.603 301.677
531.935 191.049 570.110 191.049 570.110 300.452 531.935 300.452
532.749 190.261 570.913 190.261 570.913 299.779 532.749 299.779
531.987 192.082 570.097 192.082 570.097 301.483 531.987 301.483
532.261 192.451 570.395 192.451 570.395 301.663 532.261 301.663
532.259 192.187 570.480 192.187 570.480 301.328 532.259 301.328
532.131 192.034 570.319 192.034 570.319 301.075 532.131 301.075
531.933 191.699 569.948 191.699 569.948 301.047 531.933 301.047
533.194 191.028 571.248 191.028 571.248 300.559 533.194 300.559
532.329 190.461 570.426 190.461 570.426 300.016 532.329 300.016
531.964 193.216 570.116 193.216 570.116 302.653 531.964 302.653
531.970 190.272 570.182 190.272 570.182 299.789 531.970 299.789
531.726 191.786 569.900 191.786 569.900 301.293 531.726 301.293
531.644 191.656 569.688 191.656 569.688 301.075 531.644 301.075
532.252 191.689 570.320 191.689 570.320 301.109 532.252 301.109
532.038 192.253 570.076 192.253 570.076 301.676 532.038 301.676
532.078 192.184 570.167 192.184 570.167 301.806 532.078 301.806
532.868 191.488 570.798 191.488 570.798 301.286 532.868 301.286
532.501 191.794 570.243 191.794 570.243 301.688 532.501 301.688
531.906 191.078 569.689 191.078 569.689 301.012 531.906 301.012
532.569 191.117 570.394 191.117 570.394 300.898 532.569 300.898
531.520 193.164 569.377 193.164 569.377 302.600 531.520 302.600
532.203 191.846 570.098 191.846 570.098 301.123 532.203 301.123
532.411 192.971 570.373 192.971 570.373 301.959 532.411 301.959
532.266 192.265 570.076 192.265 570.076 301.405 532.266 301.405
532.128 192.192 569.961 192.192 569.961 301.115 532.128 301.115
532.404 191.680 570.254 191.680 570.254 300.552 532.404 300.552
532.261 192.003 570.186 192.003 570.186 300.537 532.261 300.537
531.692 191.545 569.446 191.545 569.446 300.251 531.692 300.251
532.789 192.389 570.520 192.389 570.520 301.072 532.789 301.072
532.660 192.241 570.170 192.241 570.170 301.231 532.660 301.231
532.574 191.265 570.164 191.265 570.164 300.408 532.574 300.408
532.928 191.528 570.459 191.528 570.459 300.742 532.928 300.742
531.790 191.056 569.317 191.056 569.317 300.167 531.790 300.167
532.423 191.324 569.886 191.324 569.886 300.385 532.423 300.385
532.496 190.466 569.903 190.466 569.903 299.690 532.496 299.690
531.932 191.357 569.344 191.357 569.344 300.557 531.932 300.557
532.837 191.828 570.376 191.828 570.376 301.094 532.837 301.094
532.888 193.228 570.424 193.228 570.424 302.282 532.888 302.282
532.763 191.384 570.246 191.384 570.246 300.478 532.763 300.478
532.726 189.744 570.148 189.744 570.148 299.157 532.726 299.157
532.112 191.279 569.489 191.279 569.489 300.151 532.112 300.151
532.370 192.604 569.727 192.604 569.727 301.161 532.370 301.161
532.281 192.591 569.589 192.591 569.589 301.137 532.281 301.137
532.796 192.645 570.105 192.645 570.105 301.284 532.796 301.284
532.748 191.328 570.067 191.328 570.067 300.073 532.748 300.073
532.548 190.605 569.845 190.605 569.845 299.332 532.548 299.332
532.795 192.260 570.238 192.260 570.238 300.721 532.795 300.721
532.085 191.900 569.500 191.900 569.500 300.138 532.085 300.138
532.945 191.923 570.311 191.923 570.311 300.228 532.945 300.228
533.083 192.146 570.456 192.146 570.456 300.236 533.083 300.236
532.876 193.210 570.261 193.210 570.261 301.120 532.876 301.120
533.207 191.641 570.764 191.641 570.764 299.458 533.207 299.458
533.086 191.814 570.681 191.814 570.681 299.494 533.086 299.494
532.325 192.859 569.852 192.859 569.852 300.680 532.325 300.680
531.911 192.097 569.417 192.097 569.417 299.733 531.911 299.733
532.852 192.965 570.371 192.965 570.371 300.553 532.852 300.553
532.505 191.073 570.056 191.073 570.056 298.680 532.505 298.680
532.791 193.283 570.290 193.283 570.290 300.734 532.791 300.734
532.745 192.943 570.320 192.943 570.320 300.046 532.745 300.046
532.614 192.875 570.124 192.875 570.124 300.191 532.614 300.191
532.829 191.681 570.325 191.681 570.325 299.115 532.829 299.115
531.546 192.511 569.068 192.511 569.068 299.895 531.546 299.895
533.079 191.842 570.743 191.842 570.743 299.259 533.079 299.259
531.697 191.898 569.241 191.898 569.241 299.651 531.697 299.651
532.098 192.602 569.511 192.602 569.511 300.143 532.098 300.143
532.234 192.902 569.371 192.902 569.371 300.867 532.234 300.867
532.156 191.211 569.319 191.211 569.319 299.342 532.156 299.342
532.360 191.603 569.539 191.603 569.539 299.670 532.360 299.670
532.714 192.224 569.921 192.224 569.921 300.120 532.714 300.120
533.074 191.236 570.014 191.236 570.014 299.804 533.074 299.804
532.248 192.404 569.072 192.404 569.072 301.255 532.248 301.255
532.575 191.286 569.500 191.286 569.500 299.927 532.575 299.927
532.094 191.567 568.806 191.567 568.806 300.529 532.094 300.529
532.374 193.097 569.279 193.097 569.279 301.935 532.374 301.935
532.058 190.969 568.827 190.969 568.827 300.059 532.058 300.059
532.201 191.104 568.957 191.104 568.957 300.051 532.201 300.051
532.601 190.696 569.274 190.696 569.274 300.113 532.601 300.113
532.166 191.085 568.915 191.085 568.915 300.242 532.166 300.242
532.605 192.570 569.508 192.570 569.508 301.193 532.605 301.193
531.788 192.933 568.565 192.933 568.565 301.378 531.788 301.378
532.569 193.226 569.565 193.226 569.565 301.498 532.569 301.498
532.451 191.441 569.448 191.441 569.448 299.682 532.451 299.682
532.622 191.256 569.581 191.256 569.581 299.566 532.622 299.566
532.271 191.803 569.227 191.803 569.227 300.316 532.271 300.316
532.805 190.566 569.624 190.566 569.624 299.690 532.805 299.690
532.593 192.408 569.466 192.408 569.466 301.208 532.593 301.208
532.568 192.737 569.342 192.737 569.342 301.411 532.568 301.411
532.170 190.965 569.040 190.965 569.040 299.686 532.170 299.686
532.309 190.996 569.145 190.996 569.145 299.860 532.309 299.860
532.565 191.951 569.406 191.951 569.406 300.837 532.565 300.837
532.230 191.704 569.134 191.704 569.134 300.572 532.230 300.572
532.534 192.131 569.535 192.131 569.535 300.827 532.534 300.827
532.565 192.030 569.527 192.030 569.527 300.426 532.565 300.426
532.660 191.289 569.679 191.289 569.679 299.817 532.660 299.817
532.139 192.035 569.099 192.035 569.099 300.859 532.139 300.859
532.676 191.006 569.726 191.006 569.726 299.604 532.676 299.604
531.759 192.186 568.798 192.186 568.798 300.690 531.759 300.690
531.849 191.619 568.890 191.619 568.890 300.083 531.849 300.083
532.516 190.364 569.613 190.364 569.613 299.039 532.516 299.039
532.565 190.448 569.795 190.448 569.795 299.069 532.565 299.069
533.219 189.217 570.614 189.217 570.614 298.306 533.219 298.306
533.577 190.953 571.035 190.953 571.035 300.319 533.577 300.319
533.138 188.930 570.673 188.930 570.673 298.685 533.138 298.685
533.520 191.922 571.215 191.922 571.215 301.683 533.520 301.683
533.060 188.880 570.740 188.880 570.740 299.301 533.060 299.301
532.694 190.083 570.601 190.083 570.601 300.642 532.694 300.642
533.484 187.399 571.424 187.399 571.424 298.441 533.484 298.441
533.161 191.091 571.621 191.091 571.621 301.404 533.161 301.404
533.523 188.609 571.984 188.609 571.984 299.399 533.523 299.399
533.556 190.338 572.198 190.338 572.198 300.742 533.556 300.742
532.921 189.736 571.238 189.736 571.238 300.835 532.921 300.835
533.676 188.007 571.919 188.007 571.919 299.536 533.676 299.536
533.058 188.745 571.369 188.745 571.369 300.403 533.058 300.403
533.486 189.619 571.998 189.619 571.998 300.967 533.486 300.967
532.369 189.902 570.704 189.902 570.704 301.503 532.369 301.503
533.048 189.847 571.356 189.847 571.356 301.090 533.048 301.090
533.005 190.098 571.317 190.098 571.317 300.708 533.005 300.708
533.867 191.209 572.443 191.209 572.443 301.418 533.867 301.418
534.242 194.684 572.968 194.684 572.968 304.214 534.242 304.214
533.972 195.054 572.557 195.054 572.557 304.051 533.972 304.051
534.271 195.362 572.749 195.362 572.749 303.626 534.271 303.626
534.431 196.304 572.935 196.304 572.935 303.854 534.431 303.854
534.635 196.887 573.036 196.887 573.036 303.773 534.635 303.773
534.960 197.323 573.224 197.323 573.224 303.569 534.960 303.569
534.999 196.958 573.234 196.958 573.234 302.764 534.999 302.764
534.875 197.477 573.070 197.477 573.070 303.103 534.875 303.103
535.107 196.569 573.064 196.569 573.064 302.441 535.107 302.441
535.125 196.473 572.994 196.473 572.994 302.533 535.125 302.533
534.662 196.942 572.393 196.942 572.393 302.708 534.662 302.708
535.188 195.782 572.878 195.782 572.878 301.237 535.188 301.237
534.842 198.968 572.547 198.968 572.547 304.175 534.842 304.175
535.203 195.238 572.894 195.238 572.894 300.818 535.203 300.818
534.758 196.630 572.454 196.630 572.454 302.147 534.758 302.147
535.233 195.851 572.754 195.851 572.754 301.621 535.233 301.621
535.118 196.853 572.681 196.853 572.681 302.685 535.118 302.685
535.099 196.431 572.655 196.431 572.655 302.375 535.099 302.375
534.083 195.532 571.613 195.532 571.613 301.554 534.083 301.554
534.433 197.274 571.960 197.274 571.960 303.063 534.433 303.063
534.649 195.512 572.095 195.512 572.095 301.503 534.649 301.503
534.682 196.336 572.044 196.336 572.044 302.384 534.682 302.384
534.263 195.014 571.677 195.014 571.677 301.158 534.263 301.158
534.747 194.905 572.234 194.905 572.234 301.009 534.747 301.009
534.191 193.642 571.458 193.642 571.458 300.217 534.191 300.217
534.376 194.116 571.793 194.116 571.793 300.452 534.376 300.452
534.071 194.930 571.458 194.930 571.458 301.244 534.071 301.244
533.325 194.098 570.628 194.098 570.628 300.740 533.325 300.740
533.713 193.572 570.907 193.572 570.907 300.076 533.713 300.076
533.014 193.910 570.290 193.910 570.290 300.494 533.014 300.494
533.319 193.655 570.655 193.655 570.655 300.251 533.319 300.251
533.279 193.890 570.581 193.890 570.581 300.547 533.279 300.547
533.190 193.548 570.426 193.548 570.426 300.375 533.190 300.375
533.240 193.038 570.345 193.038 570.345 300.152 533.240 300.152
533.654 192.812 570.914 192.812 570.914 299.772 533.654 299.772
533.707 193.737 570.942 193.737 570.942 300.640 533.707 300.640
533.564 192.427 570.566 192.427 570.566 299.634 533.564 299.634
533.346 193.722 570.445 193.722 570.445 300.834 533.346 300.834
533.598 193.209 570.842 193.209 570.842 300.393 533.598 300.393
533.913 192.837 571.163 192.837 571.163 300.346 533.913 300.346
533.956 192.769 571.200 192.769 571.200 300.029 533.956 300.029
533.523 192.362 570.832 192.362 570.832 299.482 533.523 299.482
533.369 192.985 570.809 192.985 570.809 300.144 533.369 300.144
533.937 192.175 571.512 192.175 571.512 299.135 533.937 299.135
534.190 191.966 571.680 191.966 571.680 299.218 534.190 299.218
533.692 191.952 571.107 191.952 571.107 299.434 533.692 299.434
533.921 191.940 571.375 191.940 571.375 299.637 533.921 299.637
533.726 190.680 571.232 190.680 571.232 298.606 533.726 298.606
533.082 192.788 570.631 192.788 570.631 300.607 533.082 300.607
533.169 192.799 570.893 192.799 570.893 300.698 533.169 300.698
533.187 190.413 570.877 190.413 570.877 298.432 533.187 298.432
533.466 192.031 571.273 192.031 571.273 299.490 533.466 299.490
533.532 192.383 571.158 192.383 571.158 299.901 533.532 299.901
533.411 190.902 570.807 190.902 570.807 299.008 533.411 299.008
533.432 191.877 570.876 191.877 570.876 300.032 533.432 300.032
533.117 190.605 570.573 190.605 570.573 298.820 533.117 298.820
533.758 191.145 571.281 191.145 571.281 299.108 533.758 299.108
533.031 191.672 570.407 191.672 570.407 299.644 533.031 299.644
532.825 192.533 570.246 192.533 570.246 300.909 532.825 300.909
533.461 191.023 570.951 191.023 570.951 299.636 533.461 299.636
533.556 191.213 571.026 191.213 571.026 300.059 533.556 300.059
532.622 191.895 570.133 191.895 570.133 300.926 532.622 300.926
532.921 190.695 570.390 190.695 570.390 299.844 532.921 299.844
533.815 190.444 571.389 190.444 571.389 300.006 533.815 300.006
533.206 193.559 571.114 193.559 571.114 302.264 533.206 302.264
533.578 192.316 571.567 192.316 571.567 301.200 533.578 301.200
533.277 190.382 571.139 190.382 571.139 299.541 533.277 299.541
533.184 192.099 571.106 192.099 571.106 300.815 533.184 300.815
533.212 190.664 571.122 190.664 571.122 299.366 533.212 299.366
532.889 192.727 570.775 192.727 570.775 301.290 532.889 301.290
533.579 192.264 571.438 192.264 571.438 300.980 533.579 300.980
532.929 192.411 570.750 192.411 570.750 301.014 532.929 301.014
533.428 191.918 571.321 191.918 571.321 300.427 533.428 300.427
533.249 191.517 571.069 191.517 571.069 300.224 533.249 300.224
533.191 191.704 571.093 191.704 571.093 300.524 533.191 300.524
533.230 191.694 571.139 191.694 571.139 300.576 533.230 300.576
532.878 192.102 570.795 192.102 570.795 300.765 532.878 300.765
532.801 191.161 570.678 191.161 570.678 299.885 532.801 299.885
532.167 190.963 569.944 190.963 569.944 299.751 532.167 299.751
533.213 192.986 570.966 192.986 570.966 301.757 533.213 301.757
532.737 192.325 570.435 192.325 570.435 300.827 532.737 300.827
532.926 192.198 570.558 192.198 570.558 300.777 532.926 300.777
533.262 191.330 570.835 191.330 570.835 299.869 533.262 299.869
532.940 192.521 570.552 192.521 570.552 300.943 532.940 300.943
532.196 190.758 569.843 190.758 569.843 299.080 532.196 299.080
533.339 192.227 571.044 192.227 571.044 300.562 533.339 300.562
533.268 192.169 570.957 192.169 570.957 300.421 533.268 300.421
533.175 191.957 570.759 191.957 570.759 300.044 533.175 300.044
533.202 191.604 570.786 191.604 570.786 299.860 533.202 299.860
532.486 191.408 570.086 191.408 570.086 299.805 532.486 299.805
533.214 192.516 570.972 192.516 570.972 300.867 533.214 300.867
532.318 191.801 570.074 191.801 570.074 300.159 532.318 300.159
533.175 192.186 571.004 192.186 571.004 300.526 533.175 300.526
533.071 191.605 570.916 191.605 570.916 299.916 533.071 299.916
532.477 192.760 570.301 192.760 570.301 301.036 532.477 301.036
532.707 191.608 570.519 191.608 570.519 299.917 532.707 299.917
533.182 191.294 570.987 191.294 570.987 299.818 533.182 299.818
532.443 193.849 570.264 193.849 570.264 302.123 532.443 302.123
532.481 191.698 570.328 191.698 570.328 299.956 532.481 299.956
532.789 191.836 570.514 191.836 570.514 300.594 532.789 300.594
533.069 192.428 570.769 192.428 570.769 300.993 533.069 300.993
533.085 191.592 570.755 191.592 570.755 300.180 533.085 300.180
532.587 192.247 570.248 192.247 570.248 300.656 532.587 300.656
533.055 191.750 570.800 191.750 570.800 300.487 533.055 300.487
532.893 192.723 570.640 192.723 570.640 301.233 532.893 301.233
533.195 190.101 570.954 190.101 570.954 298.747 533.195 298.747
532.112 192.336 569.912 192.336 569.912 300.548 532.112 300.548
532.883 191.367 570.808 191.367 570.808 299.849 532.883 299.849
533.241 191.971 571.089 191.971 571.089 300.592 533.241 300.592
532.892 191.501 570.611 191.501 570.611 300.255 532.892 300.255
533.109 191.633 570.647 191.633 570.647 301.177 533.109 301.177
532.526 190.625 570.057 190.625 570.057 300.275 532.526 300.275
533.079 189.392 570.591 189.392 570.591 299.353 533.079 299.353
533.276 191.459 570.933 191.459 570.933 301.213 533.276 301.213
532.201 190.297 569.864 190.297 569.864 300.139 532.201 300.139
532.824 190.158 570.465 190.158 570.465 300.516 532.824 300.516
532.275 188.087 569.887 188.087 569.887 298.735 532.275 298.735
531.875 191.189 569.833 191.189 569.833 301.010 531.875 301.010
532.206 189.046 570.132 189.046 570.132 299.438 532.206 299.438
532.484 189.305 570.436 189.305 570.436 299.791 532.484 299.791
532.505 189.802 570.371 189.802 570.371 300.439 532.505 300.439
532.223 188.874 569.968 188.874 569.968 299.992 532.223 299.992
532.548 189.806 570.431 189.806 570.431 300.374 532.548 300.374
532.628 190.035 570.421 190.035 570.421 300.386 532.628 300.386
532.046 189.854 569.776 189.854 569.776 300.633 532.046 300.633
533.422 188.321 571.174 188.321 571.174 299.244 533.422 299.244
531.822 188.913 569.570 188.913 569.570 299.889 531.822 299.889
533.023 189.963 570.868 189.963 570.868 300.837 533.023 300.837
532.588 189.716 570.383 189.716 570.383 300.501 532.588 300.501
532.801 190.017 570.637 190.017 570.637 301.108 532.801 301.108
532.026 187.516 569.711 187.516 569.711 298.508 532.026 298.508
531.861 191.721 569.706 191.721 569.706 302.204 531.861 302.204
532.862 191.097 570.697 191.097 570.697 301.401 532.862 301.401
532.073 191.979 569.786 191.979 569.786 302.042 532.073 302.042
532.460 192.901 570.144 192.901 570.144 302.878 532.460 302.878
532.398 191.025 570.158 191.025 570.158 301.197 532.398 301.197
533.172 191.498 571.213 191.498 571.213 301.330 533.172 301.330
532.165 192.523 570.244 192.523 570.244 301.869 532.165 301.869
532.590 191.500 570.636 191.500 570.636 300.998 532.590 300.998
532.163 191.423 570.117 191.423 570.117 301.168 532.163 301.168
532.503 191.757 570.475 191.757 570.475 301.446 532.503 301.446
532.668 191.653 570.489 191.653 570.489 301.484 532.668 301.484
532.753 192.178 570.464 192.178 570.464 302.205 532.753 302.205
533.164 193.228 570.750 193.228 570.750 303.718 533.164 303.718
534.041 192.784 571.212 192.784 571.212 304.324 534.041 304.324
535.098 192.784 572.384 192.784 572.384 304.700 535.098 304.700
535.965 192.165 573.533 192.165 573.533 304.537 535.965 304.537
536.824 196.644 575.330 196.644 575.330 307.941 536.824 307.941
537.749 192.874 576.636 192.874 576.636 304.572 537.749 304.572
535.922 193.156 575.163 193.156 575.163 304.807 535.922 304.807
533.969 190.290 572.677 190.290 572.677 302.763 533.969 302.763
532.502 191.658 570.807 191.658 570.807 304.176 532.502 304.176
532.075 190.908 570.234 190.908 570.234 303.070 532.075 303.070
531.745 190.405 569.697 190.405 569.697 302.625 531.745 302.625
532.717 191.733 570.981 191.733 570.981 303.483 532.717 303.483
532.193 190.267 570.557 190.267 570.557 301.861 532.193 301.861
532.401 191.417 570.810 191.417 570.810 302.608 532.401 302.608
532.709 190.590 571.228 190.590 571.228 301.664 532.709 301.664
532.692 191.345 571.329 191.345 571.329 302.203 532.692 302.203
532.436 192.160 571.345 192.160 571.345 302.986 532.436 302.986
531.902 192.109 570.855 192.109 570.855 303.429 531.902 303.429
531.709 193.268 570.837 193.268 570.837 304.503 531.709 304.503
531.769 193.705 571.114 193.705 571.114 304.596 531.769 304.596
531.641 191.713 571.032 191.713 571.032 302.636 531.641 302.636
531.062 192.616 570.433 192.616 570.433 303.222 531.062 303.222
532.521 190.518 571.925 190.518 571.925 300.876 532.521 300.876
531.831 191.688 571.128 191.688 571.128 302.035 531.831 302.035
532.588 191.006 571.782 191.006 571.782 301.053 532.588 301.053
531.465 191.912 570.617 191.912 570.617 301.743 531.465 301.743
531.956 190.259 570.933 190.259 570.933 300.632 531.956 300.632
531.367 191.434 570.397 191.434 570.397 301.774 531.367 301.774
531.925 191.029 570.790 191.029 570.790 301.583 531.925 301.583
531.468 190.909 570.310 190.909 570.310 301.307 531.468 301.307
531.583 191.024 570.421 191.024 570.421 301.525 531.583 301.525
531.348 191.363 570.154 191.363 570.154 301.778 531.348 301.778
532.147 192.106 571.055 192.106 571.055 302.349 532.147 302.349
532.214 191.631 571.008 191.631 571.008 302.038 532.214 302.038
531.260 193.328 570.075 193.328 570.075 303.505 531.260 303.505
531.896 191.993 570.716 191.993 570.716 302.109 531.896 302.109
530.371 191.358 569.251 191.358 569.251 301.202 530.371 301.202
530.568 193.925 569.377 193.925 569.377 303.408 530.568 303.408
531.162 190.056 569.783 190.056 569.783 300.168 531.162 300.168
530.616 191.947 569.172 191.947 569.172 301.879 530.616 301.879
530.680 191.540 569.182 191.540 569.182 301.241 530.680 301.241
531.992 191.211 570.479 191.211 570.479 301.057 531.992 301.057
530.879 191.393 569.246 191.393 569.246 301.323 530.879 301.323
530.848 191.375 569.132 191.375 569.132 301.650 530.848 301.650
530.897 191.263 569.124 191.263 569.124 301.437 530.897 301.437
531.827 191.407 570.066 191.407 570.066 301.305 531.827 301.305
531.351 191.324 569.600 191.324 569.600 301.299 531.351 301.299
531.323 190.964 569.652 190.964 569.652 301.134 531.323 301.134
531.813 190.207 570.099 190.207 570.099 300.672 531.813 300.672
532.136 192.738 570.459 192.738 570.459 302.952 532.136 302.952
530.514 189.777 568.868 189.777 568.868 300.221 530.514 300.221
531.270 190.170 569.686 190.170 569.686 300.572 531.270 300.572
530.551 189.745 568.902 189.745 568.902 300.265 530.551 300.265
531.592 190.798 569.755 190.798 569.755 301.570 531.592 301.570
532.117 189.246 570.011 189.246 570.011 300.495 532.117 300.495
531.729 187.924 569.458 187.924 569.458 299.421 531.729 299.421
531.370 189.801 569.273 189.801 569.273 301.109 531.370 301.109
531.604 189.657 569.534 189.657 569.534 300.913 531.604 300.913
531.891 189.518 569.879 189.518 569.879 300.797 531.891 300.797
532.406 190.216 570.417 190.216 570.417 301.691 532.406 301.691
532.108 189.849 570.264 189.849 570.264 301.122 532.108 301.122
531.369 189.785 569.421 189.785 569.421 301.296 531.369 301.296
531.189 189.596 569.309 189.596 569.309 301.069 531.189 301.069
530.535 190.389 568.510 190.389 568.510 301.506 530.535 301.506
530.837 191.382 569.085 191.382 569.085 301.912 530.837 301.912
531.317 191.207 569.726 191.207 569.726 301.355 531.317 301.355
530.713 192.669 569.090 192.669 569.090 302.596 530.713 302.596
531.529 191.670 569.896 191.670 569.896 301.546 531.529 301.546
530.752 191.997 568.996 191.997 568.996 301.939 530.752 301.939
531.815 191.446 570.077 191.446 570.077 301.348 531.815 301.348
530.409 191.360 568.641 191.360 568.641 301.459 530.409 301.459
531.518 192.587 569.794 192.587 569.794 302.601 531.518 302.601
530.926 193.484 569.163 193.484 569.163 303.255 530.926 303.255
531.088 191.999 569.388 191.999 569.388 301.855 531.088 301.855
531.506 192.227 569.719 192.227 569.719 302.046 531.506 302.046
530.967 191.256 569.137 191.256 569.137 300.887 530.967 300.887
530.615 191.896 568.668 191.896 568.668 301.488 530.615 301.488
532.013 190.750 570.154 190.750 570.154 300.445 532.013 300.445
531.078 190.092 569.125 190.092 569.125 300.128 531.078 300.128
531.122 191.591 569.112 191.591 569.112 301.558 531.122 301.558
531.626 189.761 569.752 189.761 569.752 299.980 531.626 299.980
531.748 191.339 569.871 191.339 569.871 301.734 531.748 301.734
531.910 189.503 569.874 189.503 569.874 300.540 531.910 300.540
531.230 189.798 569.163 189.798 569.163 300.977 531.230 300.977
532.013 190.067 570.155 190.067 570.155 300.972 532.013 300.972
530.984 189.141 569.217 189.141 569.217 300.351 530.984 300.351
531.041 190.961 569.477 190.961 569.477 301.699 531.041 301.699
530.856 190.980 569.317 190.980 569.317 301.684 530.856 301.684
531.727 190.356 570.262 190.356 570.262 300.910 531.727 300.910
530.760 190.127 569.334 190.127 569.334 301.091 530.760 301.091
532.255 190.461 570.890 190.461 570.890 301.377 532.255 301.377
531.422 190.271 569.991 190.271 569.991 301.703 531.422 301.703
532.419 191.401 571.064 191.401 571.064 302.455 532.419 302.455
531.332 190.964 570.025 190.964 570.025 301.924 531.332 301.924
531.701 194.261 570.371 194.261 570.371 304.853 531.701 304.853
531.716 190.013 570.178 190.013 570.178 300.961 531.716 300.961
531.940 190.904 570.235 190.904 570.235 302.095 531.940 302.095
531.996 190.584 570.322 190.584 570.322 301.771 531.996 301.771
532.580 191.429 570.937 191.429 570.937 302.923 532.580 302.923
532.022 191.065 570.422 191.065 570.422 302.044 532.022 302.044
531.393 191.249 569.720 191.249 569.720 302.146 531.393 302.146
532.061 192.418 570.331 192.418 570.331 303.352 532.061 303.352
532.567 191.452 570.621 191.452 570.621 302.759 532.567 302.759
532.716 190.451 570.797 190.451 570.797 301.813 532.716 301.813
532.311 191.136 570.379 191.136 570.379 302.492 532.311 302.492
531.696 192.790 569.768 192.790 569.768 303.942 531.696 303.942
533.139 191.258 571.202 191.258 571.202 302.598 533.139 302.598
532.081 191.692 570.063 191.692 570.063 302.939 532.081 302.939
532.878 191.833 570.972 191.833 570.972 302.717 532.878 302.717
532.473 192.726 570.461 192.726 570.461 303.449 532.473 303.449
532.594 190.354 570.663 190.354 570.663 301.050 532.594 301.050
532.723 191.000 570.909 191.000 570.909 301.602 532.723 301.602
533.676 191.946 571.962 191.946 571.962 302.399 533.676 302.399
534.339 191.952 572.583 191.952 572.583 302.247 534.339 302.247
534.625 193.535 572.883 193.535 572.883 303.352 534.625 303.352
534.868 194.181 572.968 194.181 572.968 303.540 534.868 303.540
535.408 193.194 573.453 193.194 573.453 302.619 535.408 302.619
534.991 194.199 573.083 194.199 573.083 303.331 534.991 303.331
535.680 194.216 573.705 194.216 573.705 303.004 535.680 303.004
535.436 194.862 573.461 194.862 573.461 303.756 535.436 303.756
536.414 195.803 574.334 195.803 574.334 304.394 536.414 304.394
536.653 195.409 574.495 195.409 574.495 303.807 536.653 303.807
535.932 194.950 573.832 194.950 573.832 303.444 535.932 303.444
536.275 193.871 574.180 193.871 574.180 302.482 536.275 302.482
535.712 195.569 573.594 195.569 573.594 303.823 535.712 303.823
536.003 194.740 573.847 194.740 573.847 303.122 536.003 303.122
535.891 193.722 573.728 193.722 573.728 302.154 535.891 302.154
535.110 194.041 572.891 194.041 572.891 302.526 535.110 302.526
535.616 192.539 573.311 192.539 573.311 301.005 535.616 301.005
535.072 194.844 572.714 194.844 572.714 303.041 535.072 303.041
535.236 193.196 572.868 193.196 572.868 301.444 535.236 301.444
534.876 195.328 572.428 195.328 572.428 303.303 534.876 303.303
535.859 193.905 573.491 193.905 573.491 301.830 535.859 301.830
534.992 195.958 572.514 195.958 572.514 303.860 534.992 303.860
535.144 193.121 572.683 193.121 572.683 301.284 535.144 301.284
534.764 193.371 572.345 193.371 572.345 301.785 534.764 301.785
534.768 192.693 572.422 192.693 572.422 301.051 534.768 301.051
535.143 193.008 572.838 193.008 572.838 301.263 535.143 301.263
534.312 193.141 571.979 193.141 571.979 301.572 534.312 301.572
534.730 192.903 572.514 192.903 572.514 300.927 534.730 300.927
534.383 194.022 572.184 194.022 572.184 301.738 534.383 301.738
534.911 193.402 572.661 193.402 572.661 301.220 534.911 301.220
535.083 194.573 572.717 194.573 572.717 302.017 535.083 302.017
535.814 193.924 573.385 193.924 573.385 301.188 535.814 301.188
535.527 194.199 573.023 194.199 573.023 301.353 535.527 301.353
535.747 194.935 573.220 194.935 573.220 301.852 535.747 301.852
535.656 194.648 573.139 194.648 573.139 301.605 535.656 301.605
535.525 193.603 572.899 193.603 572.899 301.089 535.525 301.089
536.022 193.523 573.421 193.523 573.421 301.207 536.022 301.207
534.896 194.329 572.298 194.329 572.298 301.871 534.896 301.871
535.038 196.319 572.339 196.319 572.339 303.767 535.038 303.767
535.230 195.897 572.624 195.897 572.624 303.559 535.230 303.559
535.869 195.921 573.173 195.921 573.173 303.640 535.869 303.640
536.082 194.876 573.499 194.876 573.499 302.577 536.082 302.577
535.478 193.863 573.013 193.863 573.013 301.678 535.478 301.678
535.147 195.441 572.571 195.441 572.571 303.119 535.147 303.119
535.894 195.643 573.203 195.643 573.203 303.308 535.894 303.308
535.733 195.641 573.055 195.641 573.055 303.328 535.733 303.328
535.928 195.156 573.241 195.156 573.241 302.938 535.928 302.938
536.199 194.780 573.376 194.780 573.376 302.635 536.199 302.635
536.280 195.274 573.367 195.274 573.367 303.101 536.280 303.101
536.062 195.332 573.173 195.332 573.173 303.059 536.062 303.059
536.209 194.664 573.419 194.664 573.419 302.339 536.209 302.339
535.958 195.338 573.092 195.338 573.092 302.828 535.958 302.828
536.550 195.720 573.828 195.720 573.828 302.949 536.550 302.949
535.466 195.457 572.830 195.457 572.830 302.695 535.466 302.695
536.038 195.283 573.354 195.283 573.354 302.551 536.038 302.551
535.883 194.695 573.313 194.695 573.313 302.158 535.883 302.158
535.662 196.074 572.922 196.074 572.922 303.413 535.662 303.413
535.394 194.922 572.725 194.922 572.725 302.445 535.394 302.445
535.421 193.343 572.703 193.343 572.703 301.112 535.421 301.112
534.587 193.018 571.963 193.018 571.963 300.865 534.587 300.865
534.605 192.635 571.934 192.635 571.934 300.513 534.605 300.513
535.116 193.398 572.391 193.398 572.391 301.317 535.116 301.317
535.036 193.058 572.391 193.058 572.391 301.136 535.036 301.136
535.631 193.208 573.138 193.208 573.138 301.268 535.631 301.268
535.195 193.304 572.702 193.304 572.702 301.343 535.195 301.343
535.602 193.453 573.072 193.453 573.072 301.543 535.602 301.543
535.029 192.484 572.519 192.484 572.519 300.524 535.029 300.524
534.852 193.784 572.340 193.784 572.340 302.221 534.852 302.221
535.021 192.679 572.425 192.679 572.425 301.208 535.021 301.208
535.294 192.460 572.618 192.460 572.618 300.907 535.294 300.907
535.171 192.342 572.462 192.342 572.462 300.873 535.171 300.873
534.391 194.260 571.743 194.260 571.743 302.608 534.391 302.608
534.771 192.138 572.171 192.138 572.171 300.283 534.771 300.283
535.911 192.320 573.261 192.320 573.261 300.486 535.911 300.486
534.883 193.242 572.203 193.242 572.203 301.625 534.883 301.625
535.142 191.981 572.469 191.981 572.469 300.332 535.142 300.332
534.529 193.111 571.791 193.111 571.791 301.458 534.529 301.458
534.860 192.069 572.092 192.069 572.092 300.422 534.860 300.422
535.454 191.978 572.629 191.978 572.629 300.374 535.454 300.374
535.265 192.892 572.485 192.892 572.485 301.106 535.265 301.106
535.634 192.943 572.899 192.943 572.899 300.663 535.634 300.663
535.091 193.040 572.271 193.040 572.271 300.498 535.091 300.498
535.319 192.928 572.592 192.928 572.592 300.246 535.319 300.246
535.139 194.278 572.319 194.278 572.319 301.447 535.139 301.447
535.173 194.698 572.326 194.698 572.326 301.777 535.173 301.777
535.704 192.962 572.725 192.962 572.725 300.045 535.704 300.045
535.660 194.184 572.705 194.184 572.705 301.175 535.660 301.175
535.823 192.689 572.784 192.689 572.784 299.751 535.823 299.751
535.457 194.058 572.349 194.058 572.349 301.171 535.457 301.171
535.747 192.047 572.551 192.047 572.551 299.194 535.747 299.194
534.991 192.637 571.914 192.637 571.914 299.737 534.991 299.737
535.192 193.211 572.208 193.211 572.208 300.193 535.192 300.193
534.591 192.485 571.546 192.485 571.546 299.573 534.591 299.573
534.963 194.218 571.986 194.218 571.986 300.960 534.963 300.960
534.970 194.001 571.981 194.001 571.981 300.398 534.970 300.398
534.683 193.275 571.693 193.275 571.693 299.789 534.683 299.789
534.208 193.993 571.260 193.993 571.260 300.482 534.208 300.482
534.888 193.815 571.937 193.815 571.937 300.065 534.888 300.065
534.978 193.517 571.818 193.517 571.818 299.952 534.978 299.952
535.003 193.959 571.759 193.959 571.759 300.468 535.003 300.468
534.411 194.665 571.191 194.665 571.191 301.106 534.411 301.106
534.437 194.101 571.120 194.101 571.120 300.330 534.437 300.330
534.241 193.609 570.932 193.609 570.932 299.979 534.241 299.979
534.687 193.278 571.420 193.278 571.420 299.598 534.687 299.598
534.695 192.922 571.491 192.922 571.491 299.436 534.695 299.436
534.434 193.674 571.229 193.674 571.229 300.400 534.434 300.400
534.643 193.314 571.438 193.314 571.438 299.970 534.643 299.970
534.033 192.965 570.859 192.965 570.859 299.672 534.033 299.672
534.429 192.276 571.341 192.276 571.341 299.056 534.429 299.056
534.054 192.716 570.960 192.716 570.960 299.531 534.054 299.531
533.807 193.304 570.815 193.304 570.815 300.000 533.807 300.000
534.519 193.320 571.733 193.320 571.733 299.617 534.519 299.617
533.690 193.352 570.917 193.352 570.917 299.894 533.690 299.894
534.400 192.930 571.691 192.930 571.691 299.763 534.400 299.763
534.381 193.114 571.636 193.114 571.636 299.998 534.381 299.998
534.225 193.225 571.561 193.225 571.561 299.980 534.225 299.980
533.642 194.450 571.062 194.450 571.062 301.182 533.642 301.182
534.145 193.073 571.484 193.073 571.484 299.946 534.145 299.946
534.840 193.315 572.210 193.315 572.210 299.989 534.840 299.989
534.080 194.022 571.436 194.022 571.436 300.930 534.080 300.930
534.508 192.606 571.908 192.606 571.908 299.746 534.508 299.746
534.446 192.399 571.770 192.399 571.770 299.555 534.446 299.555
533.998 193.077 571.350 193.077 571.350 300.573 533.998 300.573
534.081 191.798 571.481 191.798 571.481 299.432 534.081 299.432
534.282 194.307 571.658 194.307 571.658 301.919 534.282 301.919
534.467 192.425 571.861 192.425 571.861 300.271 534.467 300.271
534.438 191.829 571.810 191.829 571.810 299.662 534.438 299.662
534.686 193.525 572.126 193.525 572.126 301.541 534.686 301.541
534.839 192.296 572.271 192.296 572.271 300.485 534.839 300.485
535.029 191.450 572.406 191.450 572.406 299.618 535.029 299.618
535.287 193.916 572.627 193.916 572.627 301.848 535.287 301.848
534.599 191.988 571.896 191.988 571.896 300.035 534.599 300.035
534.447 193.050 571.764 193.050 571.764 300.930 534.447 300.930
534.875 192.096 572.259 192.096 572.259 300.184 534.875 300.184
534.772 191.489 572.239 191.489 572.239 299.536 534.772 299.536
534.364 193.701 571.732 193.701 571.732 301.736 534.364 301.736
534.482 191.954 571.912 191.954 571.912 300.177 534.482 300.177
534.572 193.616 572.095 193.616 572.095 301.675 534.572 301.675
534.437 192.700 571.986 192.700 571.986 300.789 534.437 300.789
534.370 191.231 572.032 191.231 572.032 299.042 534.370 299.042
534.995 193.564 572.531 193.564 572.531 301.348 534.995 301.348
534.277 191.790 571.833 191.790 571.833 299.921 534.277 299.921
534.576 192.088 571.965 192.088 571.965 300.600 534.576 300.600
534.503 192.824 571.869 192.824 571.869 301.442 534.503 301.442
534.677 191.542 572.239 191.542 572.239 299.896 534.677 299.896
534.773 192.784 572.410 192.784 572.410 300.904 534.773 300.904
534.432 191.320 572.002 191.320 572.002 299.552 534.432 299.552
534.868 192.551 572.467 192.551 572.467 300.526 534.868 300.526
534.763 191.681 572.153 191.681 572.153 300.172 534.763 300.172
535.599 192.345 573.005 192.345 573.005 300.573 535.599 300.573
534.898 192.335 572.281 192.335 572.281 300.509 534.898 300.509
535.709 192.150 573.028 192.150 573.028 300.328 535.709 300.328
534.657 193.576 572.294 193.576 572.294 300.973 534.657 300.973
534.594 197.317 573.030 197.317 573.030 303.713 534.594 303.713
535.029 201.644 573.710 201.644 573.710 307.975 535.029 307.975
534.043 203.819 573.367 203.819 573.367 309.712 534.043 309.712
533.181 205.244 572.779 205.244 572.779 310.453 533.181 310.453
532.086 208.110 572.429 208.110 572.429 312.144 532.086 312.144
531.133 212.396 571.965 212.396 571.965 314.977 531.133 314.977
531.360 211.775 572.141 211.775 572.141 314.174 531.360 314.174
531.574 211.505 572.499 211.505 572.499 313.477 531.574 313.477
531.369 211.021 572.387 211.021 572.387 312.523 531.369 312.523
531.540 212.157 572.768 212.157 572.768 313.193 531.540 313.193
531.118 211.593 572.224 211.593 572.224 312.854 531.118 312.854
531.391 210.149 572.216 210.149 572.216 311.700 531.391 311.700
532.348 212.195 573.412 212.195 573.412 313.066 532.348 313.066
532.572 212.779 573.549 212.779 573.549 313.428 532.572 313.428
532.538 213.594 573.497 213.594 573.497 313.926 532.538 313.926
533.355 212.518 574.140 212.518 574.140 312.856 533.355 312.856
532.523 212.628 573.133 212.628 573.133 312.844 532.523 312.844
532.878 212.316 573.410 212.316 573.410 312.617 532.878 312.617
532.268 212.467 572.702 212.467 572.702 312.431 532.268 312.431
532.377 211.959 572.755 211.959 572.755 311.920 532.377 311.920
532.303 210.934 572.480 210.934 572.480 311.094 532.303 311.094
532.938 215.282 573.008 215.282 573.008 314.832 532.938 314.832
532.757 212.712 572.506 212.712 572.506 312.159 532.757 312.159
532.590 211.653 572.212 211.653 572.212 310.805 532.590 310.805
532.527 209.715 571.923 209.715 571.923 309.253 532.527 309.253
532.507 206.523 571.514 206.523 571.514 306.616 532.507 306.616
532.204 202.923 570.634 202.923 570.634 304.814 532.204 304.814
532.138 200.148 570.186 200.148 570.186 303.701 532.138 303.701
532.182 198.124 570.014 198.124 570.014 303.168 532.182 303.168
532.893 196.325 570.783 196.325 570.783 302.657 532.893 302.657
532.995 194.798 570.745 194.798 570.745 302.406 532.995 302.406
532.118 193.520 569.999 193.520 569.999 302.077 532.118 302.077
531.095 192.789 568.736 192.789 568.736 302.951 531.095 302.951
529.756 190.007 567.438 190.007 567.438 301.479 529.756 301.479
528.889 189.641 566.694 189.641 566.694 301.691 528.889 301.691
528.424 189.671 566.346 189.671 566.346 302.393 528.424 302.393
526.822 189.847 565.023 189.847 565.023 302.475 526.822 302.475
525.460 192.157 563.937 192.157 563.937 304.464 525.460 304.464
523.827 189.085 562.134 189.085 562.134 301.815 523.827 301.815
521.883 188.909 560.021 188.909 560.021 302.463 521.883 302.463
518.900 188.679 557.126 188.679 557.126 302.951 518.900 302.951
517.546 188.734 555.665 188.734 555.665 303.921 517.546 303.921
516.409 187.827 554.415 187.827 554.415 303.953 516.409 303.953
515.539 187.710 553.488 187.710 553.488 304.977 515.539 304.977
513.449 188.988 550.938 188.988 550.938 307.843 513.449 307.843
512.614 184.739 549.906 184.739 549.906 305.183 512.614 305.183
511.712 182.696 548.966 182.696 548.966 304.295 511.712 304.295
511.337 181.044 548.991 181.044 548.991 303.405 511.337 303.405
511.056 177.720 548.888 177.720 548.888 301.140 511.056 301.140
512.349 178.097 550.177 178.097 550.177 302.473 512.349 302.473
513.482 176.208 551.264 176.208 551.264 301.938 513.482 301.938
514.014 176.021 551.979 176.021 551.979 302.858 514.014 302.858
513.035 172.352 551.281 172.352 551.281 300.220 513.035 300.220
511.575 170.963 550.148 170.963 550.148 299.534 511.575 299.534
511.135 175.584 549.581 175.584 549.581 304.713 511.135 304.713
510.366 173.468 548.804 173.468 548.804 302.745 510.366 302.745
510.124 171.964 548.596 171.964 548.596 301.829 510.124 301.829
509.984 177.121 548.525 177.121 548.525 306.970 509.984 306.970
510.502 174.172 549.088 174.172 549.088 303.924 510.502 303.924
509.826 178.687 548.608 178.687 548.608 307.740 509.826 307.740
509.286 174.310 548.224 174.310 548.224 303.410 509.286 303.410
509.867 172.431 548.893 172.431 548.893 301.932 509.867 301.932
510.231 178.618 549.037 178.618 549.037 308.207 510.231 308.207
509.854 183.561 548.799 183.561 548.799 312.177 509.854 312.177
510.149 187.302 549.297 187.302 549.297 314.918 510.149 314.918
510.354 186.407 549.846 186.407 549.846 311.954 510.354 311.954
511.125 183.483 550.617 183.483 550.617 307.573 511.125 307.573
511.123 184.733 550.332 184.733 550.332 308.358 511.123 308.358
511.197 180.521 550.139 180.521 550.139 303.928 511.197 303.928
511.065 178.623 549.993 178.623 549.993 301.910 511.065 301.910
510.982 188.017 550.323 188.017 550.323 310.279 510.982 310.279
511.816 181.625 551.187 181.625 551.187 303.570 511.816 303.570
511.927 188.656 551.491 188.656 551.491 309.276 511.927 309.276
512.164 190.322 551.940 190.322 551.940 310.112 512.164 310.112
511.826 191.928 551.738 191.928 551.738 310.989 511.826 310.989
512.725 186.326 552.494 186.326 552.494 305.224 512.725 305.224
513.433 183.251 552.912 183.251 552.912 302.374 513.433 302.374
514.272 187.282 553.486 187.282 553.486 305.950 514.272 305.950
514.402 181.361 552.964 181.361 552.964 301.178 514.402 301.178
515.698 185.641 553.847 185.641 553.847 305.507 515.698 305.507
516.726 181.750 554.412 181.750 554.412 302.474 516.726 302.474
518.510 178.243 556.118 178.243 556.118 299.709 518.510 299.709
519.623 177.454 557.429 177.454 557.429 298.651 519.623 298.651
521.241 176.945 559.105 176.945 559.105 298.254 521.241 298.254
521.808 178.919 559.706 178.919 559.706 299.808 521.808 299.808
521.676 179.444 559.867 179.444 559.867 299.752 521.676 299.752
522.084 179.312 560.283 179.312 560.283 299.561 522.084 299.561
521.514 179.186 559.798 179.186 559.798 298.992 521.514 298.992
520.874 180.177 559.319 180.177 559.319 299.564 520.874 299.564
522.502 184.250 560.964 184.250 560.964 304.475 522.502 304.475
522.543 185.130 560.939 185.130 560.939 306.101 522.543 306.101
522.939 182.447 562.356 182.447 562.356 302.555 522.939 302.555
523.596 183.622 563.267 183.622 563.267 304.225 523.596 304.225
522.792 182.515 563.434 182.515 563.434 301.889 522.792 301.889
523.402 183.859 564.929 183.859 564.929 301.710 523.402 301.710
523.966 183.092 565.958 183.092 565.958 300.425 523.966 300.425
524.948 182.154 567.050 182.154 567.050 299.516 524.948 299.516
535.057 177.846 577.072 177.846 577.072 296.033 535.057 296.033
535.165 180.958 576.924 180.958 576.924 299.198 535.165 299.198
535.569 179.709 577.113 179.709 577.113 298.093 535.569 298.093
535.203 179.063 576.345 179.063 576.345 297.469 535.203 297.469
534.800 182.199 575.664 182.199 575.664 300.574 534.800 300.574
535.254 181.001 575.962 181.001 575.962 299.476 535.254 299.476
534.147 182.136 574.892 182.136 574.892 300.230 534.147 300.230
533.127 181.092 573.602 181.092 573.602 299.499 533.127 299.499
533.266 183.529 573.815 183.529 573.815 301.972 533.266 301.972
532.678 181.029 573.170 181.029 573.170 299.388 532.678 299.388
531.991 183.059 572.740 183.059 572.740 300.890 531.991 300.890
531.889 182.612 572.574 182.612 572.574 300.450 531.889 300.450
531.992 182.674 572.626 182.674 572.626 300.581 531.992 300.581
531.483 181.821 572.050 181.821 572.050 299.844 531.483 299.844
530.375 183.319 570.789 183.319 570.789 301.624 530.375 301.624
531.992 183.084 572.450 183.084 572.450 301.579 531.992 301.579
531.207 181.557 571.622 181.557 571.622 300.053 531.207 300.053
531.664 183.093 572.095 183.093 572.095 301.446 531.664 301.446
531.629 181.935 572.031 181.935 572.031 300.247 531.629 300.247
532.429 183.361 572.995 183.361 572.995 301.270 532.429 301.270
531.591 183.270 572.010 183.270 572.010 300.951 531.591 300.951
531.774 180.864 572.059 180.864 572.059 298.575 531.774 298.575
532.694 182.598 573.014 182.598 573.014 300.514 532.694 300.514
532.148 182.822 572.256 182.822 572.256 300.692 532.148 300.692
532.071 183.383 572.122 183.383 572.122 301.280 532.071 301.280
532.582 181.296 572.718 181.296 572.718 299.508 532.582 299.508
532.940 182.223 573.013 182.223 573.013 300.627 532.940 300.627
532.734 183.469 572.806 183.469 572.806 301.779 532.734 301.779
532.931 181.428 572.804 181.428 572.804 299.831 532.931 299.831
533.359 181.529 573.140 181.529 573.140 300.112 533.359 300.112
532.451 181.730 572.228 181.730 572.228 300.228 532.451 300.228
533.641 181.055 573.308 181.055 573.308 300.153 533.641 300.153
534.292 181.174 574.059 181.174 574.059 300.357 534.292 300.357
533.234 180.873 573.074 180.873 573.074 299.792 533.234 299.792
533.921 180.617 573.823 180.617 573.823 299.588 533.921 299.588
533.249 181.011 573.266 181.011 573.266 299.982 533.249 299.982
533.181 181.964 573.289 181.964 573.289 301.138 533.181 301.138
532.994 181.428 573.222 181.428 573.222 300.446 532.994 300.446
533.507 181.992 573.665 181.992 573.665 301.010 533.507 301.010
533.955 181.949 574.244 181.949 574.244 300.991 533.955 300.991
533.613 181.782 573.848 181.782 573.848 300.961 533.613 300.961
532.983 181.923 573.150 181.923 573.150 300.960 532.983 300.960
533.033 180.812 573.148 180.812 573.148 299.899 533.033 299.899
533.061 181.423 573.092 181.423 573.092 300.748 533.061 300.748
533.578 181.779 573.781 181.779 573.781 301.076 533.578 301.076
532.968 181.189 573.064 181.189 573.064 300.672 532.968 300.672
534.161 181.752 574.412 181.752 574.412 301.231 534.161 301.231
533.333 180.627 573.672 180.627 573.672 299.815 533.333 299.815
533.157 181.269 573.613 181.269 573.613 300.197 533.157 300.197
533.698 181.270 574.199 181.270 574.199 300.173 533.698 300.173
533.598 180.767 573.844 180.767 573.844 300.032 533.598 300.032
532.926 180.059 573.170 180.059 573.170 299.303 532.926 299.303
533.303 180.949 573.670 180.949 573.670 299.932 533.303 299.932
533.600 179.921 573.878 179.921 573.878 299.108 533.600 299.108
532.806 183.033 573.312 183.033 573.312 301.675 532.806 301.675
533.303 180.631 573.698 180.631 573.698 299.237 533.303 299.237
533.300 181.505 573.690 181.505 573.690 300.021 533.300 300.021
533.070 180.735 573.500 180.735 573.500 299.331 533.070 299.331
533.514 181.211 573.953 181.211 573.953 299.784 533.514 299.784
533.428 180.683 573.902 180.683 573.902 299.227 533.428 299.227
533.265 181.520 573.750 181.520 573.750 300.196 533.265 300.196
533.219 182.063 573.605 182.063 573.605 300.731 533.219 300.731
532.653 182.481 573.126 182.481 573.126 301.324 532.653 301.324
533.259 181.263 573.873 181.263 573.873 299.941 533.259 299.941
532.871 180.876 573.421 180.876 573.421 299.592 532.871 299.592
532.599 181.966 573.157 181.966 573.157 300.306 532.599 300.306
533.282 181.191 573.777 181.191 573.777 299.754 533.282 299.754
532.648 181.913 573.043 181.913 573.043 300.862 532.648 300.862
532.928 181.701 573.395 181.701 573.395 300.579 532.928 300.579
533.561 182.533 574.065 182.533 574.065 301.291 533.561 301.291
533.049 181.750 573.436 181.750 573.436 300.661 533.049 300.661
533.144 182.460 573.697 182.460 573.697 301.343 533.144 301.343
532.821 182.361 573.427 182.361 573.427 301.266 532.821 301.266
532.648 182.008 573.194 182.008 573.194 300.628 532.648 300.628
532.842 181.118 573.354 181.118 573.354 299.593 532.842 299.593
532.729 181.879 573.230 181.879 573.230 300.385 532.729 300.385
534.146 181.702 574.624 181.702 574.624 300.331 534.146 300.331
532.836 180.943 573.298 180.943 573.298 299.885 532.836 299.885
533.259 180.691 573.694 180.691 573.694 299.688 533.259 299.688
533.343 180.615 573.859 180.615 573.859 299.524 533.343 299.524
533.396 181.742 574.148 181.742 574.148 300.470 533.396 300.470
533.379 181.626 573.991 181.626 573.991 300.493 533.379 300.493
532.744 180.714 573.274 180.714 573.274 299.912 532.744 299.912
533.420 180.960 573.933 180.960 573.933 300.141 533.420 300.141
532.771 181.839 573.383 181.839 573.383 300.933 532.771 300.933
533.334 181.773 574.076 181.773 574.076 300.550 533.334 300.550
533.033 182.255 573.649 182.255 573.649 301.367 533.033 301.367
533.657 180.730 574.020 180.730 574.020 300.430 533.657 300.430
534.342 181.740 574.862 181.740 574.862 301.326 534.342 301.326
533.598 179.921 574.197 179.921 574.197 299.451 533.598 299.451
534.137 182.042 574.794 182.042 574.794 301.594 534.137 301.594
533.672 182.713 574.424 182.713 574.424 302.273 533.672 302.273
532.991 181.069 573.886 181.069 573.886 300.367 532.991 300.367
533.821 183.595 574.857 183.595 574.857 302.661 533.821 302.661
533.332 181.282 574.241 181.282 574.241 300.554 533.332 300.554
533.915 181.532 574.721 181.532 574.721 301.050 533.915 301.050
533.517 182.832 574.096 182.832 574.096 302.661 533.517 302.661
533.012 180.018 573.091 180.018 573.091 300.636 533.012 300.636
533.892 180.300 573.818 180.300 573.818 300.371 533.892 300.371
532.682 181.189 572.534 181.189 572.534 300.510 532.682 300.510
532.868 181.903 572.837 181.903 572.837 300.299 532.868 300.299
532.873 181.885 572.911 181.885 572.911 299.612 532.873 299.612
531.101 183.001 571.156 183.001 571.156 300.522 531.101 300.522
531.157 184.522 571.291 184.522 571.291 302.046 531.157 302.046
529.989 183.282 570.391 183.282 570.391 301.049 529.989 301.049
530.027 180.790 570.810 180.790 570.810 298.573 530.027 298.573
531.034 181.003 571.951 181.003 571.951 299.131 531.034 299.131
532.480 181.192 573.225 181.192 573.225 299.872 532.480 299.872
533.167 180.098 573.540 180.098 573.540 299.175 533.167 299.175
534.667 179.971 574.884 179.971 574.884 299.324 534.667 299.324
533.819 179.540 573.752 179.540 573.752 298.870 533.819 298.870
534.004 179.667 573.845 179.667 573.845 298.821 534.004 298.821
533.736 180.628 573.483 180.628 573.483 299.713 533.736 299.713
534.292 180.550 573.782 180.550 573.782 299.490 534.292 299.490
533.949 179.477 573.160 179.477 573.160 298.807 533.949 298.807
534.211 180.943 573.253 180.943 573.253 300.623 534.211 300.623
533.645 180.912 572.632 180.912 572.632 300.342 533.645 300.342
532.903 184.773 572.140 184.773 572.140 303.571 532.903 303.571
534.041 183.667 573.256 183.667 573.256 302.524 534.041 302.524
533.178 183.000 572.104 183.000 572.104 302.107 533.178 302.107
533.191 183.766 572.268 183.766 572.268 302.785 533.191 302.785
532.719 182.601 571.718 182.601 571.718 301.396 532.719 301.396
531.864 180.184 571.087 180.184 571.087 298.887 531.864 298.887
532.350 181.533 571.771 181.533 571.771 300.186 532.350 300.186
532.402 178.637 571.723 178.637 571.723 297.947 532.402 297.947
531.405 177.254 570.906 177.254 570.906 296.529 531.405 296.529
531.472 179.986 571.104 179.986 571.104 299.017 531.472 299.017
531.324 180.498 570.878 180.498 570.878 299.563 531.324 299.563
531.019 180.285 570.508 180.285 570.508 299.153 531.019 299.153
531.021 180.005 570.578 180.005 570.578 298.821 531.021 298.821
530.508 181.059 570.094 181.059 570.094 299.645 530.508 299.645
530.306 180.063 569.927 180.063 569.927 299.263 530.306 299.263
529.739 177.886 569.324 177.886 569.324 297.296 529.739 297.296
529.414 181.290 569.249 181.290 569.249 300.401 529.414 300.401
528.999 180.519 568.758 180.519 568.758 299.386 528.999 299.386
528.418 181.178 568.316 181.178 568.316 299.757 528.418 299.757
528.641 182.268 568.830 182.268 568.830 300.385 528.641 300.385
528.092 181.517 568.243 181.517 568.243 299.782 528.092 299.782
528.289 181.074 568.524 181.074 568.524 299.187 528.289 299.187
526.977 181.567 567.344 181.567 567.344 299.668 526.977 299.668
525.567 181.088 566.157 181.088 566.157 299.180 525.567 299.180
524.670 181.477 565.309 181.477 565.309 299.590 524.670 299.590
523.770 181.723 564.597 181.723 564.597 299.706 523.770 299.706
522.757 181.065 563.456 181.065 563.456 299.502 522.757 299.502
522.357 180.276 563.244 180.276 563.244 298.699 522.357 298.699
521.466 178.745 562.350 178.745 562.350 297.551 521.466 297.551
520.346 179.888 561.342 179.888 561.342 298.709 520.346 298.709
519.152 178.812 560.082 178.812 560.082 298.198 519.152 298.198
517.807 178.789 558.891 178.789 558.891 298.111 517.807 298.111
516.056 176.136 556.891 176.136 556.891 295.602 516.056 295.602
507.417 173.860 548.293 173.860 548.293 293.630 507.417 293.630
507.625 178.591 548.270 178.591 548.270 298.746 507.625 298.746
507.488 175.280 548.296 175.280 548.296 295.566 507.488 295.566
500.969 173.684 542.025 173.684 542.025 294.649 500.969 294.649
501.280 172.160 542.661 172.160 542.661 293.261 501.280 293.261
500.984 170.376 542.465 170.376 542.465 291.879 500.984 291.879
493.196 177.796 534.561 177.796 534.561 299.352 493.196 299.352
495.313 182.265 536.568 182.265 536.568 303.384 495.313 303.384
487.390 181.691 528.788 181.691 528.788 302.518 487.390 302.518
488.232 180.455 529.673 180.455 529.673 301.694 488.232 301.694
478.313 181.563 519.412 181.563 519.412 301.941 478.313 301.941
472.161 188.342 513.519 188.342 513.519 307.932 472.161 307.932
472.206 191.084 513.604 191.084 513.604 310.432 472.206 310.432
463.675 183.479 504.664 183.479 504.664 303.167 463.675 303.167
465.614 176.371 506.650 176.371 506.650 296.004 465.614 296.004
456.821 187.481 498.382 187.481 498.382 306.610 456.821 306.610
457.825 189.262 499.892 189.262 499.892 307.685 457.825 307.685
448.749 190.392 490.941 190.392 490.941 308.870 448.749 308.870
449.559 191.419 491.911 191.419 491.911 310.022 449.559 310.022
439.603 186.649 481.354 186.649 481.354 306.386 439.603 306.386
440.215 188.252 481.572 188.252 481.572 309.017 440.215 309.017
440.255 189.844 481.251 189.844 481.251 311.392 440.255 311.392
441.914 190.326 482.817 190.326 482.817 312.853 441.914 312.853
445.218 192.254 485.888 192.254 485.888 315.970 445.218 315.970
448.587 193.697 489.608 193.697 489.608 317.832 448.587 317.832
451.556 193.321 492.558 193.321 492.558 318.130 451.556 318.130
454.492 192.578 494.883 192.578 494.883 318.936 454.492 318.936
456.894 195.370 496.851 195.370 496.851 323.399 456.894 323.399
458.488 194.631 497.922 194.631 497.922 325.276 458.488 325.276
462.047 186.308 501.243 186.308 501.243 318.006 462.047 318.006
477.670 191.237 518.784 191.237 518.784 320.716 477.670 320.716
541.028 214.021 583.199 214.021 583.199 341.062 541.028 341.062
