73.000 271.000 108.000 271.000 108.000 353.000 73.000 353.000
77.090 273.135 111.335 273.135 111.335 355.381 77.090 355.381
75.992 271.394 109.574 271.394 109.574 353.660 75.992 353.660
77.079 272.259 110.128 272.259 110.128 354.799 77.079 354.799
77.406 270.176 110.165 270.176 110.165 352.629 77.406 352.629
78.264 270.634 110.830 270.634 110.830 352.970 78.264 352.970
78.921 268.874 111.416 268.874 111.416 350.919 78.921 350.919
79.916 270.870 112.333 270.870 112.333 352.664 79.916 352.664
80.599 270.029 112.762 270.029 112.762 351.646 80.599 351.646
81.252 270.336 113.437 270.336 113.437 351.519 81.252 351.519
81.595 269.177 113.711 269.177 113.711 350.008 81.595 350.008
81.548 268.787 113.434 268.787 113.434 349.355 81.548 349.355
81.169 269.154 112.915 269.154 112.915 349.267 81.169 349.267
80.360 268.418 112.093 268.418 112.093 348.190 80.360 348.190
80.911 271.292 112.812 271.292 112.812 350.364 80.911 350.364
80.452 269.059 112.278 269.059 112.278 347.810 80.452 347.810
79.965 270.363 111.874 270.363 111.874 348.998 79.965 348.998
79.752 268.763 111.756 268.763 111.756 346.960 79.752 346.960
79.650 268.316 111.660 268.316 111.660 346.423 79.650 346.423
79.381 268.844 111.379 268.844 111.379 346.629 79.381 346.629
78.865 268.028 110.963 268.028 110.963 345.121 78.865 345.121
78.916 266.816 110.975 266.816 110.975 343.782 78.916 343.782
78.342 267.106 110.292 267.106 110.292 343.960 78.342 343.960
77.869 267.062 109.699 267.062 109.699 343.956 77.869 343.956
78.428 265.399 110.104 265.399 110.104 342.383 78.428 342.383
78.064 264.670 109.544 264.670 109.544 341.331 78.064 341.331
77.133 263.235 108.387 263.235 108.387 339.743 77.133 339.743
77.625 262.404 108.415 262.404 108.415 338.929 77.625 338.929
77.008 262.288 107.176 262.288 107.176 339.293 77.008 339.293
76.443 262.914 106.164 262.914 106.164 340.175 76.443 340.175
75.951 261.236 105.627 261.236 105.627 338.750 75.951 338.750
75.463 261.640 105.185 261.640 105.185 339.106 75.463 339.106
75.147 259.680 104.874 259.680 104.874 337.161 75.147 337.161
75.210 259.539 105.055 259.539 105.055 336.949 75.210 336.949
75.762 257.801 105.589 257.801 105.589 335.327 75.762 335.327
75.822 256.954 105.664 256.954 105.664 334.539 75.822 334.539
76.346 257.625 106.097 257.625 106.097 335.046 76.346 335.046
75.298 256.141 105.131 256.141 105.131 332.887 75.298 332.887
75.476 255.812 105.340 255.812 105.340 332.041 75.476 332.041
74.327 256.307 104.146 256.307 104.146 332.397 74.327 332.397
74.158 254.987 104.047 254.987 104.047 331.013 74.158 331.013
73.945 253.175 103.931 253.175 103.931 329.428 73.945 329.428
72.336 251.612 102.416 251.612 102.416 328.489 72.336 328.489
72.524 251.786 102.817 251.786 102.817 329.183 72.524 329.183
71.639 251.958 102.461 251.958 102.461 329.379 71.639 329.379
72.041 251.341 103.120 251.341 103.120 329.067 72.041 329.067
71.562 251.647 102.814 251.647 102.814 329.562 71.562 329.562
71.930 249.359 103.323 249.359 103.323 327.531 71.930 327.531
70.248 248.852 101.575 248.852 101.575 327.154 70.248 327.154
70.503 247.574 101.602 247.574 101.602 326.043 70.503 326.043
70.074 247.914 100.834 247.914 100.834 326.754 70.074 326.754
70.648 247.911 101.144 247.911 101.144 327.103 70.648 327.103
70.431 247.537 100.790 247.537 100.790 327.104 70.431 327.104
69.635 245.913 100.060 245.913 100.060 325.362 69.635 325.362
69.587 245.573 99.903 245.573 99.903 324.884 69.587 324.884
69.435 243.923 99.334 243.923 99.334 323.425 69.435 323.425
69.263 243.478 98.770 243.478 98.770 323.213 69.263 323.213
69.765 242.668 99.352 242.668 99.352 322.283 69.765 322.283
72.331 245.046 101.703 245.046 101.703 324.683 72.331 324.683
73.610 242.953 102.904 242.953 102.904 322.267 73.610 322.267
73.623 241.573 102.858 241.573 102.858 320.371 73.623 320.371
74.130 242.020 103.190 242.020 103.190 320.516 74.130 320.516
73.608 242.479 102.538 242.479 102.538 320.971 73.608 320.971
73.226 242.489 102.008 242.489 102.008 320.508 73.226 320.508
72.633 242.828 101.876 242.828 101.876 320.173 72.633 320.173
72.411 241.882 101.690 241.882 101.690 319.040 72.411 319.040
71.517 240.460 100.524 240.460 100.524 317.512 71.517 317.512
72.188 240.518 100.993 240.518 100.993 317.755 72.188 317.755
71.955 240.520 100.705 240.520 100.705 317.701 71.955 317.701
71.945 239.279 100.793 239.279 100.793 316.520 71.945 316.520
72.699 239.316 101.766 239.316 101.766 316.010 72.699 316.010
71.979 239.142 101.324 239.142 101.324 315.552 71.979 315.552
71.169 238.693 100.494 238.693 100.494 315.093 71.169 315.093
71.160 238.513 100.302 238.513 100.302 314.939 71.160 314.939
71.033 238.006 99.990 238.006 99.990 314.295 71.033 314.295
70.815 237.204 99.709 237.204 99.709 313.358 70.815 313.358
71.063 237.070 99.770 237.070 99.770 313.278 71.063 313.278
70.826 236.937 99.355 236.937 99.355 313.082 70.826 313.082
70.115 236.357 98.514 236.357 98.514 312.313 70.115 312.313
69.736 236.197 97.988 236.197 97.988 312.002 69.736 312.002
69.804 235.121 97.994 235.121 97.994 310.450 69.804 310.450
70.617 235.030 98.645 235.030 98.645 309.982 70.617 309.982
70.646 234.858 98.458 234.858 98.458 309.709 70.646 309.709
72.853 234.653 100.644 234.653 100.644 309.213 72.853 309.213
74.773 235.666 102.668 235.666 102.668 309.795 74.773 309.795
74.777 234.582 102.873 234.582 102.873 308.567 74.777 308.567
75.244 233.801 103.619 233.801 103.619 307.922 75.244 307.922
75.562 233.607 104.037 233.607 104.037 308.001 75.562 308.001
76.131 232.595 104.552 232.595 104.552 307.289 76.131 307.289
76.446 233.309 104.978 233.309 104.978 307.944 76.446 307.944
77.176 232.844 105.668 232.844 105.668 307.594 77.176 307.594
76.876 232.122 105.385 232.122 105.385 306.906 76.876 306.906
77.134 231.312 105.454 231.312 105.454 306.280 77.134 306.280
77.605 230.592 105.978 230.592 105.978 305.186 77.605 305.186
78.204 229.408 106.511 229.408 106.511 303.775 78.204 303.775
78.296 229.573 106.737 229.573 106.737 303.359 78.296 303.359
79.367 228.686 108.282 228.686 108.282 301.882 79.367 301.882
78.612 228.050 107.611 228.050 107.611 301.122 78.612 301.122
77.798 229.413 106.720 229.413 106.720 302.538 77.798 302.538
76.372 228.820 105.615 228.820 105.615 301.360 76.372 301.360
74.061 228.744 103.532 228.744 103.532 300.900 74.061 300.900
73.111 228.256 102.482 228.256 102.482 300.269 73.111 300.269
73.121 228.487 102.659 228.487 102.659 300.131 73.121 300.131
73.464 227.640 102.944 227.640 102.944 299.282 73.464 299.282
72.597 228.839 102.163 228.839 102.163 300.017 72.597 300.017
73.243 228.092 102.833 228.092 102.833 299.114 73.243 299.114
73.945 229.477 103.185 229.477 103.185 300.556 73.945 300.556
73.733 228.998 102.763 228.998 102.763 300.058 73.733 300.058
73.856 228.840 102.706 228.840 102.706 299.869 73.856 299.869
76.044 227.154 104.840 227.154 104.840 298.195 76.044 298.195
77.009 225.829 105.970 225.829 105.970 296.824 77.009 296.824
77.309 226.571 106.366 226.571 106.366 297.922 77.309 297.922
77.979 225.825 107.175 225.825 107.175 296.980 77.979 296.980
78.805 225.975 107.981 225.975 107.981 297.027 78.805 297.027
78.291 226.552 107.594 226.552 107.594 297.410 78.291 297.410
79.346 226.202 108.537 226.202 108.537 296.927 79.346 296.927
79.769 226.318 108.913 226.318 108.913 296.880 79.769 296.880
80.758 223.037 109.968 223.037 109.968 293.903 80.758 293.903
80.622 224.608 109.694 224.608 109.694 295.486 80.622 295.486
81.039 223.549 110.062 223.549 110.062 294.150 81.039 294.150
81.081 223.514 110.074 223.514 110.074 294.311 81.081 294.311
81.621 223.190 110.385 223.190 110.385 293.935 81.621 293.935
81.877 222.333 110.562 222.333 110.562 292.798 81.877 292.798
83.518 215.481 111.970 215.481 111.970 286.741 83.518 286.741
80.071 222.833 108.611 222.833 108.611 293.816 80.071 293.816
80.352 221.655 108.933 221.655 108.933 292.038 80.352 292.038
80.600 221.705 109.264 221.705 109.264 291.751 80.600 291.751
80.388 221.561 108.910 221.561 108.910 291.383 80.388 291.383
81.680 222.704 110.181 222.704 110.181 292.186 81.680 292.186
82.584 215.934 110.873 215.934 110.873 286.652 82.584 286.652
82.830 213.979 111.048 213.979 111.048 285.797 82.830 285.797
83.096 213.450 111.487 213.450 111.487 285.931 83.096 285.931
82.477 212.164 111.015 212.164 111.015 285.400 82.477 285.400
81.740 210.733 110.509 210.733 110.509 284.740 81.740 284.740
77.042 213.257 105.819 213.257 105.819 287.643 77.042 287.643
76.796 213.683 106.145 213.683 106.145 287.597 76.796 287.597
77.001 210.145 106.699 210.145 106.699 284.483 77.001 284.483
76.965 209.318 106.763 209.318 106.763 284.686 76.965 284.686
76.731 207.082 106.609 207.082 106.609 283.999 76.731 283.999
72.739 203.724 102.317 203.724 102.317 282.012 72.739 282.012
73.645 202.377 103.161 202.377 103.161 281.574 73.645 281.574
69.898 201.778 99.043 201.778 99.043 282.295 69.898 282.295
71.479 204.123 101.216 204.123 101.216 284.732 71.479 284.732
71.866 202.301 101.790 202.301 101.790 283.284 71.866 283.284
67.246 201.291 97.026 201.291 97.026 282.793 67.246 282.793
68.433 200.309 98.268 200.309 98.268 282.295 68.433 282.295
70.180 200.302 100.155 200.302 100.155 282.605 70.180 282.605
72.019 198.691 102.195 198.691 102.195 281.716 72.019 281.716
72.319 197.552 102.782 197.552 102.782 280.567 72.319 280.567
72.504 197.237 103.145 197.237 103.145 280.456 72.504 280.456
71.843 197.633 102.428 197.633 102.428 281.187 71.843 281.187
66.822 194.132 97.341 194.132 97.341 278.003 66.822 278.003
68.245 194.045 98.714 194.045 98.714 278.003 68.245 278.003
68.775 193.483 99.243 193.483 99.243 277.492 68.775 277.492
63.708 192.490 94.152 192.490 94.152 276.511 63.708 276.511
65.286 194.040 95.690 194.040 95.690 278.078 65.286 278.078
67.038 193.879 97.434 193.879 97.434 277.944 67.038 277.944
68.141 193.812 98.495 193.812 98.495 277.932 68.141 277.932
68.467 193.523 98.750 193.523 98.750 277.753 68.467 277.753
69.428 193.732 99.679 193.732 99.679 277.890 69.428 277.890
69.880 194.320 100.092 194.320 100.092 278.449 69.880 278.449
70.650 193.101 100.841 193.101 100.841 277.172 70.650 277.172
70.751 193.020 100.997 193.020 100.997 276.843 70.751 276.843
70.676 193.152 100.894 193.152 100.894 277.017 70.676 277.017
71.189 192.858 101.313 192.858 101.313 276.897 71.189 276.897
66.770 192.515 96.815 192.515 96.815 276.717 66.770 276.717
68.694 191.581 98.718 191.581 98.718 275.949 68.694 275.949
69.399 191.483 99.417 191.483 99.417 275.911 69.399 275.911
48.832 201.907 78.522 201.907 78.522 286.485 48.832 286.485
49.694 197.572 79.119 197.572 79.119 282.385 49.694 282.385
50.285 199.974 79.513 199.974 79.513 285.142 50.285 285.142
50.457 201.140 79.537 201.140 79.537 286.693 50.457 286.693
50.210 197.502 79.239 197.502 79.239 283.149 50.210 283.149
50.657 199.313 79.575 199.313 79.575 285.318 50.657 285.318
50.455 195.144 79.278 195.144 79.278 281.226 50.455 281.226
50.696 196.468 79.427 196.468 79.427 282.801 50.696 282.801
51.200 186.578 79.919 186.578 79.919 272.886 51.200 272.886
67.630 187.424 96.446 187.424 96.446 273.725 67.630 273.725
69.380 186.233 98.331 186.233 98.331 272.460 69.380 272.460
70.783 186.366 99.781 186.366 99.781 272.758 70.783 272.758
71.985 185.804 101.072 185.804 101.072 272.150 71.985 272.150
72.630 185.555 101.836 185.555 101.836 271.794 72.630 271.794
72.494 184.488 101.793 184.488 101.793 270.638 72.494 270.638
72.402 184.380 101.765 184.380 101.765 270.462 72.402 270.462
72.784 183.399 102.247 183.399 102.247 269.453 72.784 269.453
73.189 183.352 102.724 183.352 102.724 269.386 73.189 269.386
73.307 182.439 102.913 182.439 102.913 268.500 73.307 268.500
73.494 182.126 103.179 182.126 103.179 268.120 73.494 268.120
68.235 181.621 97.952 181.621 97.952 267.913 68.235 267.913
70.156 181.989 99.934 181.989 99.934 268.342 70.156 268.342
72.592 181.426 102.396 181.426 102.396 267.804 72.592 267.804
73.575 181.198 103.518 181.198 103.518 267.420 73.575 267.420
74.310 179.713 104.421 179.713 104.421 265.715 74.310 265.715
74.951 180.192 105.166 180.192 105.166 266.073 74.951 266.073
75.768 180.650 106.138 180.650 106.138 266.323 75.768 266.323
70.658 180.382 101.141 180.382 101.141 265.962 70.658 265.962
72.871 179.992 103.467 179.992 103.467 265.437 72.871 265.437
74.732 179.179 105.569 179.179 105.569 264.435 74.732 264.435
75.985 177.639 106.932 177.639 106.932 262.771 75.985 262.771
76.955 177.667 107.952 177.667 107.952 262.736 76.955 262.736
77.474 177.876 108.613 177.876 108.613 262.720 77.474 262.720
77.510 178.469 108.688 178.469 108.688 263.243 77.510 263.243
77.783 178.816 108.970 178.816 108.970 263.460 77.783 263.460
72.970 178.585 104.217 178.585 104.217 263.118 72.970 263.118
74.606 177.748 105.877 177.748 105.877 262.248 74.606 262.248
74.743 176.777 106.046 176.777 106.046 261.270 74.743 261.270
74.606 174.833 105.959 174.833 105.959 259.251 74.606 259.251
73.918 175.761 105.283 175.761 105.283 260.281 73.918 260.281
74.515 175.946 105.873 175.946 105.873 260.504 74.515 260.504
69.870 176.322 101.233 176.322 101.233 260.936 69.870 260.936
72.357 176.473 103.717 176.473 103.717 261.130 72.357 261.130
72.848 175.142 104.205 175.142 104.205 259.794 72.848 259.794
73.493 175.021 104.879 175.021 104.879 259.612 73.493 259.612
68.202 175.079 99.553 175.079 99.553 259.723 68.202 259.723
70.506 175.991 101.850 175.991 101.850 260.648 70.506 260.648
72.298 173.436 103.630 173.436 103.630 258.169 72.298 258.169
66.898 173.205 98.219 173.205 98.219 257.956 66.898 257.956
60.804 172.982 92.125 172.982 92.125 257.781 60.804 257.781
69.775 172.608 101.062 172.608 101.062 257.720 69.775 257.720
72.320 175.102 103.587 175.102 103.587 260.261 72.320 260.261
73.011 173.389 104.259 173.389 104.259 258.584 73.011 258.584
68.087 173.833 99.341 173.833 99.341 259.124 68.087 259.124
70.018 172.891 101.202 172.891 101.202 258.330 70.018 258.330
71.115 171.311 102.292 171.311 102.292 256.909 71.115 256.909
70.885 170.705 102.077 170.705 102.077 256.275 70.885 256.275
71.404 169.961 102.622 169.961 102.622 255.548 71.404 255.548
66.580 170.861 97.821 170.861 97.821 256.438 66.580 256.438
61.078 171.821 92.299 171.821 92.299 257.517 61.078 257.517
63.899 172.450 95.112 172.450 95.112 258.272 63.899 258.272
49.705 171.844 80.892 171.844 80.892 257.742 49.705 257.742
66.727 171.420 97.949 171.420 97.949 257.342 66.727 257.342
68.756 171.295 99.968 171.295 99.968 257.264 68.756 257.264
63.983 171.401 95.199 171.401 95.199 257.414 63.983 257.414
66.670 171.546 97.875 171.546 97.875 257.600 66.670 257.600
68.746 170.016 99.916 170.016 99.916 256.113 68.746 256.113
70.187 167.700 101.380 167.700 101.380 253.851 70.187 253.851
71.183 165.943 102.407 165.943 102.407 252.046 71.183 252.046
71.154 165.918 102.419 165.918 102.419 252.021 71.154 252.021
66.772 166.822 98.034 166.822 98.034 253.057 66.772 253.057
69.349 166.327 100.628 166.327 100.628 252.557 69.349 252.557
70.548 166.228 101.815 166.228 101.815 252.496 70.548 252.496
65.923 167.761 97.152 167.761 97.152 254.107 65.923 254.107
67.961 166.329 99.210 166.329 99.210 252.742 67.961 252.742
68.938 165.502 100.232 165.502 100.232 251.842 68.938 251.842
69.347 164.535 100.650 164.535 100.650 250.858 69.347 250.858
70.293 164.100 101.602 164.100 101.602 250.458 70.293 250.458
70.503 164.041 101.816 164.041 101.816 250.377 70.503 250.377
71.571 164.239 102.932 164.239 102.932 250.517 71.571 250.517
67.563 165.583 98.915 165.583 98.915 251.733 67.563 251.733
69.611 164.705 100.982 164.705 100.982 250.764 69.611 250.764
65.310 165.615 96.588 165.615 96.588 251.768 65.310 251.768
67.670 164.034 98.885 164.034 98.885 250.349 67.670 250.349
69.549 162.566 100.857 162.566 100.857 248.700 69.549 248.700
70.736 163.611 102.468 163.611 102.468 249.382 70.736 249.382
71.835 163.983 104.128 163.983 104.128 249.207 71.835 249.207
72.452 163.202 105.097 163.202 105.097 248.146 72.452 248.146
66.893 164.252 99.722 164.252 99.722 248.951 66.893 248.951
67.943 164.594 101.040 164.594 101.040 248.932 67.943 248.932
68.679 164.764 101.658 164.764 101.658 249.264 68.679 249.264
69.058 165.420 102.546 165.420 102.546 249.239 69.058 249.239
69.068 164.291 103.035 164.291 103.035 247.579 69.068 247.579
69.939 164.187 104.166 164.187 104.166 247.024 69.939 247.024
70.837 163.786 105.207 163.786 105.207 246.349 70.837 246.349
65.036 164.862 99.153 164.862 99.153 247.528 65.036 247.528
65.503 164.961 99.167 164.961 99.167 247.758 65.503 247.758
65.921 165.032 99.284 165.032 99.284 247.942 65.921 247.942
65.869 164.032 98.929 164.032 98.929 246.896 65.869 246.896
65.373 164.281 98.618 164.281 98.618 246.505 65.373 246.505
65.165 164.347 98.190 164.347 98.190 246.418 65.165 246.418
64.913 163.572 97.632 163.572 97.632 245.436 64.913 245.436
64.547 164.207 97.547 164.207 97.547 245.187 64.547 245.187
64.799 165.602 97.998 165.602 97.998 245.842 64.799 245.842
65.237 164.516 98.107 164.516 98.107 244.855 65.237 244.855
65.013 166.091 98.005 166.091 98.005 245.868 65.013 245.868
65.432 165.463 98.472 165.463 98.472 244.837 65.432 244.837
65.490 166.420 98.498 166.420 98.498 245.345 65.490 245.345
65.520 166.313 98.585 166.313 98.585 244.853 65.520 244.853
65.953 166.179 99.046 166.179 99.046 244.384 65.953 244.384
66.121 165.766 99.207 165.766 99.207 243.631 66.121 243.631
66.644 165.615 99.678 165.615 99.678 243.018 66.644 243.018
66.947 164.551 99.308 164.551 99.308 242.227 66.947 242.227
67.590 165.228 99.921 165.228 99.921 242.518 67.590 242.518
67.887 166.173 99.635 166.173 99.635 243.656 67.887 243.656
67.743 165.752 99.028 165.752 99.028 243.449 67.743 243.449
67.851 166.778 98.690 166.778 98.690 244.433 67.851 244.433
67.685 166.484 97.880 166.484 97.880 244.209 67.685 244.209
67.984 166.344 97.717 166.344 97.717 243.793 67.984 243.793
67.930 167.746 97.419 167.746 97.419 244.885 67.930 244.885
67.702 168.108 96.795 168.108 96.795 244.991 67.702 244.991
67.815 169.015 96.752 169.015 96.752 245.585 67.815 245.585
68.749 165.699 97.472 165.699 97.472 242.145 68.749 242.145
69.150 167.623 97.679 167.623 97.679 243.850 69.150 243.850
68.627 168.547 97.092 168.547 97.092 244.099 68.627 244.099
68.734 168.727 97.006 168.727 97.006 243.800 68.734 243.800
68.528 169.474 96.528 169.474 96.528 244.073 68.528 244.073
68.853 169.470 96.669 169.470 96.669 243.463 68.853 243.463
68.992 170.183 96.556 170.183 96.556 243.796 68.992 243.796
69.379 166.078 96.852 166.078 96.852 239.564 69.379 239.564
69.381 169.138 96.778 169.138 96.778 242.243 69.381 242.243
68.983 170.011 96.220 170.011 96.220 242.742 68.983 242.742
68.870 169.816 95.967 169.816 95.967 241.995 68.870 241.995
68.769 169.634 95.601 169.634 95.601 241.493 68.769 241.493
68.925 170.325 95.524 170.325 95.524 241.916 68.925 241.916
68.758 171.614 95.111 171.614 95.111 243.166 68.758 243.166
69.204 168.945 95.436 168.945 95.436 240.340 69.204 240.340
68.954 171.389 95.110 171.389 95.110 242.484 68.954 242.484
69.121 172.183 95.097 172.183 95.097 242.916 69.121 242.916
69.132 172.963 95.094 172.963 95.094 243.153 69.132 243.153
69.173 170.503 95.071 170.503 95.071 240.675 69.173 240.675
69.424 172.011 95.271 172.011 95.271 241.656 69.424 241.656
69.060 172.713 94.755 172.713 94.755 242.152 69.060 242.152
68.733 173.174 94.307 173.174 94.307 242.319 68.733 242.319
69.247 172.180 94.785 172.180 94.785 241.249 69.247 241.249
69.299 172.968 94.771 172.968 94.771 241.818 69.299 241.818
68.868 174.294 94.202 174.294 94.202 242.951 68.868 242.951
68.718 174.577 93.965 174.577 93.965 242.817 68.718 242.817
69.080 175.228 94.182 175.228 94.182 243.056 69.080 243.056
68.599 175.886 93.614 175.886 93.614 243.261 68.599 243.261
68.581 176.088 93.451 176.088 93.451 243.316 68.581 243.316
68.650 176.340 93.420 176.340 93.420 243.261 68.650 243.261
68.885 176.049 93.650 176.049 93.650 242.408 68.885 242.408
68.893 175.607 93.624 175.607 93.624 241.487 68.893 241.487
68.761 176.415 93.444 176.415 93.444 242.143 68.761 242.143
68.950 176.831 93.539 176.831 93.539 242.299 68.950 242.299
68.581 176.742 93.082 176.742 93.082 241.821 68.581 241.821
68.813 177.202 93.224 177.202 93.224 241.954 68.813 241.954
68.852 176.871 93.096 176.871 93.096 241.506 68.852 241.506
68.832 177.177 92.910 177.177 92.910 241.626 68.832 241.626
68.385 177.990 92.270 177.990 92.270 242.555 68.385 242.555
68.731 178.219 92.538 178.219 92.538 242.764 68.731 242.764
68.788 178.246 92.846 178.246 92.846 242.114 68.788 242.114
69.124 179.298 93.107 179.298 93.107 243.011 69.124 243.011
69.531 179.160 93.317 179.160 93.317 242.894 69.531 242.894
69.484 179.186 93.418 179.186 93.418 242.433 69.484 242.433
69.859 178.811 93.836 178.811 93.836 241.714 69.859 241.714
70.245 178.504 94.248 178.504 94.248 241.137 70.245 241.137
70.201 177.818 94.691 177.818 94.691 239.551 70.201 239.551
70.529 177.586 95.335 177.586 95.335 238.849 70.529 238.849
70.430 176.351 95.610 176.351 95.610 236.988 70.430 236.988
70.409 176.895 95.673 176.895 95.673 237.255 70.409 237.255
70.739 178.739 96.278 178.739 96.278 238.272 70.739 238.272
71.086 177.703 96.734 177.703 96.734 236.832 71.086 236.832
70.797 178.903 96.461 178.903 96.461 237.680 70.797 237.680
71.226 177.663 96.922 177.663 96.922 236.192 71.226 236.192
70.862 177.992 96.512 177.992 96.512 236.297 70.862 236.297
70.684 178.316 96.333 178.316 96.333 236.383 70.684 236.383
70.508 178.556 95.910 178.556 95.910 236.848 70.508 236.848
69.880 178.507 95.158 178.507 95.158 236.713 69.880 236.713
69.871 179.881 95.167 179.881 95.167 237.860 69.871 237.860
69.648 178.927 94.794 178.927 94.794 236.869 69.648 236.869
69.719 180.032 95.111 180.032 95.111 237.677 69.719 237.677
69.386 177.874 94.699 177.874 94.699 235.610 69.386 235.610
69.120 179.734 94.433 179.734 94.433 237.415 69.120 237.415
68.886 178.171 93.885 178.171 93.885 236.151 68.886 236.151
68.459 177.783 93.390 177.783 93.390 236.022 68.459 236.022
67.784 177.376 92.639 177.376 92.639 235.841 67.784 235.841
68.095 179.328 92.937 179.328 92.937 237.741 68.095 237.741
68.060 177.212 92.866 177.212 92.866 235.610 68.060 235.610
68.296 177.418 93.027 177.418 93.027 236.040 68.296 236.040
67.743 178.270 92.471 178.270 92.471 236.883 67.743 236.883
68.665 176.762 93.421 176.762 93.421 235.382 68.665 235.382
68.583 178.005 93.304 178.005 93.304 236.819 68.583 236.819
68.917 176.973 93.780 176.973 93.780 235.862 68.917 235.862
68.441 177.688 93.343 177.688 93.343 236.702 68.441 236.702
68.311 175.195 92.834 175.195 92.834 234.726 68.311 234.726
68.709 177.482 93.453 177.482 93.453 237.014 68.709 237.014
68.867 176.976 93.712 176.976 93.712 236.563 68.867 236.563
69.010 175.529 93.948 175.529 93.948 235.138 69.010 235.138
68.722 177.138 93.906 177.138 93.906 236.519 68.722 236.519
68.141 176.292 93.530 176.292 93.530 235.519 68.141 235.519
68.186 177.231 93.659 177.231 93.659 236.279 68.186 236.279
67.347 172.328 92.801 172.328 92.801 231.574 67.347 231.574
66.740 172.665 92.204 172.665 92.204 232.040 66.740 232.040
66.029 175.307 91.509 175.307 91.509 234.582 66.029 234.582
66.353 174.378 91.824 174.378 91.824 233.686 66.353 233.686
66.038 174.113 91.540 174.113 91.540 233.417 66.038 233.417
65.900 176.887 91.361 176.887 91.361 236.173 65.900 236.173
66.234 171.525 91.665 171.525 91.665 230.948 66.234 230.948
66.448 171.590 91.838 171.590 91.838 231.116 66.448 231.116
66.364 174.132 91.574 174.132 91.574 233.895 66.364 233.895
65.631 174.962 90.301 174.962 90.301 235.517 65.631 235.517
65.928 173.645 90.293 173.645 90.293 234.620 65.928 234.620
65.673 172.706 89.947 172.706 89.947 233.812 65.673 233.812
65.772 173.301 89.623 173.301 89.623 234.951 65.772 234.951
65.722 171.697 89.136 171.697 89.136 233.917 65.722 233.917
65.523 174.315 88.695 174.315 88.695 236.854 65.523 236.854
65.530 171.793 88.455 171.793 88.455 234.689 65.530 234.689
65.047 174.152 88.109 174.152 88.109 236.883 65.047 236.883
64.515 172.581 87.655 172.581 87.655 235.257 64.515 235.257
64.236 170.906 87.274 170.906 87.274 233.719 64.236 233.719
63.650 173.687 86.751 173.687 86.751 236.463 63.650 236.463
62.809 171.738 85.940 171.738 85.940 234.451 62.809 234.451
62.073 170.883 85.228 170.883 85.228 233.545 62.073 233.545
61.612 170.715 84.782 170.715 84.782 233.344 61.612 233.344
61.139 171.112 84.326 171.112 84.326 233.713 61.139 233.713
60.363 171.263 83.553 171.263 83.553 233.858 60.363 233.858
59.569 171.183 82.761 171.183 82.761 233.776 59.569 233.776
59.052 170.590 82.247 170.590 82.247 233.183 59.052 233.183
58.824 170.345 82.026 170.345 82.026 232.930 58.824 232.930
58.662 170.497 81.882 170.497 81.882 233.070 58.662 233.070
58.029 170.859 81.265 170.859 81.265 233.418 58.029 233.418
57.064 170.041 80.308 170.041 80.308 232.593 57.064 232.593
56.374 169.863 79.622 169.863 79.622 232.412 56.374 232.412
56.006 170.574 79.261 170.574 79.261 233.120 56.006 233.120
55.298 170.310 78.557 170.310 78.557 232.853 55.298 232.853
54.845 169.786 78.107 169.786 78.107 232.327 54.845 232.327
54.388 169.681 77.651 169.681 77.651 232.221 54.388 232.221
54.059 170.248 77.324 170.248 77.324 232.787 54.059 232.787
53.654 171.387 76.921 171.387 76.921 233.926 53.654 233.926
53.396 171.463 76.666 171.463 76.666 234.003 53.396 234.003
52.774 171.468 76.047 171.468 76.047 234.009 52.774 234.009
52.437 172.068 75.710 172.068 75.710 234.611 52.437 234.611
52.342 172.013 75.615 172.013 75.615 234.562 52.342 234.562
52.039 172.226 75.314 172.226 75.314 234.775 52.039 234.775
51.878 172.554 75.153 172.554 75.153 235.107 51.878 235.107
51.768 173.018 75.049 173.018 75.049 235.572 51.768 235.572
52.199 172.636 75.481 172.636 75.481 235.191 52.199 235.191
51.920 172.331 75.206 172.331 75.206 234.884 51.920 234.884
51.836 171.339 75.121 171.339 75.121 233.896 51.836 233.896
52.173 170.649 75.458 170.649 75.458 233.210 52.173 233.210
52.533 169.512 75.821 169.512 75.821 232.082 52.533 232.082
52.659 169.464 75.947 169.464 75.947 232.038 52.659 232.038
52.663 168.969 75.953 168.969 75.953 231.551 52.663 231.551
52.902 168.925 76.192 168.925 76.192 231.520 52.902 231.520
53.108 169.131 76.407 169.131 76.407 231.721 53.108 231.721
57.492 168.306 80.820 168.306 80.820 230.888 57.492 230.888
57.155 168.376 80.529 168.376 80.529 230.945 57.155 230.945
61.810 162.668 85.223 162.668 85.223 225.134 61.810 225.134
66.484 158.071 90.044 158.071 90.044 220.424 66.484 220.424
65.642 157.836 89.307 157.836 89.307 220.089 65.642 220.089
65.132 158.197 88.859 158.197 88.859 220.383 65.132 220.383
64.601 158.312 88.407 158.312 88.407 220.410 64.601 220.410
64.178 158.512 88.025 158.512 88.025 220.551 64.178 220.551
57.553 167.498 81.448 167.498 81.448 229.531 57.553 229.531
61.758 161.709 85.635 161.709 85.635 223.657 61.758 223.657
60.465 164.839 84.358 164.839 84.358 226.664 60.465 226.664
60.247 163.289 84.165 163.289 84.165 225.014 60.247 225.014
64.962 158.060 88.886 158.060 88.886 219.645 64.962 219.645
64.491 158.221 88.414 158.221 88.414 219.806 64.491 219.806
64.597 157.911 88.343 157.911 88.343 219.721 64.597 219.721
64.592 157.823 88.209 157.823 88.209 219.800 64.592 219.800
64.599 157.166 88.226 157.166 88.226 219.124 64.599 219.124
64.772 157.028 88.417 157.028 88.417 218.962 64.772 218.962
64.435 156.746 88.149 156.746 88.149 218.594 64.435 218.594
64.084 156.459 87.877 156.459 87.877 218.205 64.084 218.205
63.801 156.554 87.680 156.554 87.680 218.241 63.801 218.241
63.775 156.050 87.715 156.050 87.715 217.640 63.775 217.640
63.114 155.991 87.067 155.991 87.067 217.601 63.114 217.601
63.113 156.485 87.061 156.485 87.061 218.130 63.113 218.130
62.773 156.842 86.738 156.842 86.738 218.458 62.773 218.458
62.218 157.246 86.192 157.246 86.192 218.784 62.218 218.784
62.118 157.089 86.115 157.089 86.115 218.559 62.118 218.559
61.630 157.191 85.616 157.191 85.616 218.609 61.630 218.609
61.282 156.732 85.273 156.732 85.273 218.027 61.282 218.027
60.787 160.079 84.780 160.079 84.780 221.290 60.787 221.290
60.010 162.516 83.938 162.516 83.938 223.802 60.010 223.802
64.850 155.889 88.793 155.889 88.793 217.191 64.850 217.191
64.762 154.881 88.723 154.881 88.723 216.164 64.762 216.164
64.904 154.374 88.871 154.374 88.871 215.654 64.904 215.654
70.566 154.001 94.569 154.001 94.569 215.305 70.566 215.305
71.290 154.918 95.318 154.918 95.318 216.229 71.290 216.229
71.971 154.565 95.991 154.565 95.991 215.921 71.971 215.921
78.702 150.801 102.731 150.801 102.731 212.335 78.702 212.335
79.958 150.560 104.020 150.560 104.020 212.233 79.958 212.233
80.496 149.655 104.585 149.655 104.585 211.431 80.496 211.431
80.809 149.300 104.911 149.300 104.911 211.329 80.809 211.329
80.816 150.164 104.945 150.164 104.945 212.381 80.816 212.381
80.615 150.793 104.808 150.793 104.808 213.174 80.615 213.174
80.269 149.308 104.475 149.308 104.475 211.756 80.269 211.756
80.504 149.967 104.743 149.967 104.743 212.542 80.504 212.542
81.329 150.048 105.588 150.048 105.588 212.705 81.329 212.705
81.321 149.575 105.605 149.575 105.605 212.366 81.321 212.366
81.538 148.764 105.836 148.764 105.836 211.652 81.538 211.652
83.225 148.219 107.626 148.219 107.626 211.347 83.225 211.347
84.521 147.352 108.931 147.352 108.931 210.570 84.521 210.570
84.277 146.970 108.697 146.970 108.697 210.342 84.277 210.342
84.286 146.910 108.710 146.910 108.710 210.382 84.286 210.382
84.221 146.792 108.665 146.792 108.665 210.365 84.221 210.365
84.389 146.869 108.847 146.869 108.847 210.541 84.389 210.541
84.647 146.287 109.091 146.287 109.091 210.150 84.647 210.150
84.040 146.094 108.484 146.094 108.484 210.064 84.040 210.064
83.658 146.915 108.132 146.915 108.132 210.939 83.658 210.939
82.906 145.983 107.404 145.983 107.404 210.062 82.906 210.062
82.769 146.866 107.280 146.866 107.280 210.980 82.769 210.980
82.105 146.683 106.620 146.683 106.620 210.816 82.105 210.816
81.228 146.018 105.758 146.018 105.758 210.188 81.228 210.188
80.478 145.527 105.021 145.527 105.021 209.753 80.478 209.753
80.316 145.346 104.882 145.346 104.882 209.634 80.316 209.634
79.640 145.093 104.244 145.093 104.244 209.472 79.640 209.472
79.215 143.016 103.818 143.016 103.818 207.525 79.215 207.525
78.596 143.642 103.201 143.642 103.201 208.189 78.596 208.189
78.085 143.548 102.690 143.548 102.690 208.121 78.085 208.121
77.690 143.867 102.296 143.867 102.296 208.490 77.690 208.490
77.408 143.848 102.015 143.848 102.015 208.499 77.408 208.499
76.920 143.802 101.525 143.802 101.525 208.477 76.920 208.477
76.777 144.084 101.384 144.084 101.384 208.787 76.777 208.787
77.066 144.237 101.680 144.237 101.680 208.977 77.066 208.977
77.669 143.265 102.296 143.265 102.296 208.031 77.669 208.031
77.830 142.394 102.462 142.394 102.462 207.190 77.830 207.190
77.662 142.570 102.299 142.570 102.299 207.423 77.662 207.423
77.894 141.622 102.526 141.622 102.526 206.524 77.894 206.524
77.618 141.910 102.254 141.910 102.254 206.872 77.618 206.872
77.316 141.235 101.973 141.235 101.973 206.309 77.316 206.309
77.174 140.863 101.844 140.863 101.844 205.998 77.174 205.998
76.952 140.316 101.637 140.316 101.637 205.509 76.952 205.509
75.923 141.224 100.616 141.224 100.616 206.458 75.923 206.458
75.156 141.754 99.866 141.754 99.866 207.065 75.156 207.065
74.787 141.625 99.511 141.625 99.511 206.991 74.787 206.991
73.830 141.237 98.566 141.237 98.566 206.632 73.830 206.632
72.834 140.442 97.586 140.442 97.586 205.922 72.834 205.922
72.535 141.240 97.310 141.240 97.310 206.833 72.535 206.833
72.046 140.572 96.847 140.572 96.847 206.269 72.046 206.269
71.650 139.906 96.479 139.906 96.479 205.726 71.650 205.726
71.211 139.228 96.034 139.228 96.034 205.133 71.211 205.133
70.659 138.550 95.477 138.550 95.477 204.493 70.659 204.493
71.046 139.092 95.852 139.092 95.852 205.132 71.046 205.132
70.936 139.249 95.744 139.249 95.744 205.335 70.936 205.335
71.044 138.596 95.849 138.596 95.849 204.751 71.044 204.751
71.422 136.549 96.231 136.549 96.231 202.816 71.422 202.816
71.973 137.783 96.792 137.783 96.792 204.125 71.973 204.125
72.147 136.732 97.007 136.732 97.007 203.186 72.147 203.186
73.430 133.165 98.391 133.165 98.391 199.584 73.430 199.584
74.098 133.429 99.070 133.429 99.070 199.889 74.098 199.889
74.224 133.282 99.206 133.282 99.206 199.771 74.224 199.771
