93.000 170.000 118.000 170.000 118.000 236.000 93.000 236.000
94.108 169.666 119.373 169.666 119.373 235.528 94.108 235.528
95.243 171.431 120.893 171.431 120.893 236.964 95.243 236.964
97.517 171.846 123.415 171.846 123.415 237.171 97.517 237.171
98.341 172.002 124.548 172.002 124.548 237.145 98.341 237.145
99.083 172.758 125.409 172.758 125.409 237.979 99.083 237.979
100.037 171.205 126.434 171.205 126.434 236.465 100.037 236.465
101.162 172.407 127.559 172.407 127.559 237.569 101.162 237.569
104.698 169.961 131.157 169.961 131.157 234.830 104.698 234.830
106.570 174.349 133.161 174.349 133.161 238.531 106.570 238.531
109.591 173.148 136.130 173.148 136.130 237.122 109.591 237.122
113.021 173.879 139.545 173.879 139.545 237.721 113.021 237.721
114.081 176.171 140.480 176.171 140.480 239.785 114.081 239.785
115.773 173.804 141.938 173.804 141.938 237.571 115.773 237.571
116.632 174.474 142.695 174.474 142.695 238.134 116.632 238.134
117.461 174.873 143.432 174.873 143.432 238.028 117.461 238.028
122.612 177.819 148.594 177.819 148.594 240.870 122.612 240.870
122.784 176.287 148.758 176.287 148.758 239.727 122.784 239.727
125.317 176.491 151.217 176.491 151.217 240.190 125.317 240.190
127.693 178.793 153.643 178.793 153.643 242.473 127.693 242.473
130.875 176.742 156.578 176.742 156.578 240.956 130.875 240.956
133.704 177.290 158.966 177.290 158.966 242.079 133.704 242.079
134.630 177.888 159.593 177.888 159.593 243.397 134.630 243.397
134.707 176.559 159.666 176.559 159.666 242.436 134.707 242.436
135.353 176.314 160.125 176.314 160.125 242.780 135.353 242.780
136.582 179.275 161.156 179.275 161.156 245.775 136.582 245.775
137.205 178.552 161.658 178.552 161.658 245.381 137.205 245.381
137.855 177.601 162.221 177.601 162.221 244.597 137.855 244.597
138.672 176.630 163.094 176.630 163.094 243.653 138.672 243.653
139.036 175.670 163.578 175.670 163.578 242.675 139.036 242.675
139.448 175.751 164.004 175.751 164.004 243.305 139.448 243.305
139.856 175.378 164.333 175.378 164.333 243.551 139.856 243.551
151.507 181.601 176.219 181.601 176.219 250.154 151.507 250.154
152.686 183.507 177.638 183.507 177.638 252.541 152.686 252.541
154.230 182.305 179.494 182.305 179.494 251.869 154.230 251.869
156.535 182.224 182.044 182.224 182.044 251.553 156.535 251.553
158.505 182.413 184.331 182.413 184.331 251.461 158.505 251.461
160.457 183.870 186.588 183.870 186.588 252.995 160.457 252.995
161.382 185.069 187.664 185.069 187.664 253.552 161.382 253.552
162.698 184.490 188.968 184.490 188.968 252.781 162.698 252.781
164.602 183.956 190.890 183.956 190.890 252.029 164.602 252.029
166.147 184.841 192.482 184.841 192.482 252.727 166.147 252.727
167.483 183.097 194.192 183.097 194.192 250.553 167.483 250.553
168.554 184.184 195.295 184.184 195.295 251.362 168.554 251.362
169.662 186.545 196.778 186.545 196.778 253.685 169.662 253.685
171.227 188.001 198.564 188.001 198.564 255.307 171.227 255.307
173.726 188.094 201.088 188.094 201.088 255.583 173.726 255.583
176.151 188.517 203.584 188.517 203.584 256.675 176.151 256.675
182.429 188.710 209.484 188.710 209.484 257.544 182.429 257.544
183.598 187.226 210.608 187.226 210.608 256.658 183.598 256.658
185.326 186.109 212.593 186.109 212.593 255.875 185.326 255.875
186.475 185.565 213.858 185.565 213.858 255.395 186.475 255.395
187.352 186.389 214.894 186.389 214.894 256.311 187.352 256.311
188.423 186.127 216.048 186.127 216.048 256.044 188.423 256.044
188.926 186.376 216.689 186.376 216.689 256.241 188.926 256.241
190.077 189.649 217.896 189.649 217.896 259.357 190.077 259.357
190.820 191.470 218.710 191.470 218.710 261.048 190.820 261.048
191.558 192.413 219.356 192.413 219.356 262.450 191.558 262.450
192.848 192.858 220.691 192.858 220.691 262.664 192.848 262.664
194.399 190.354 222.260 190.354 222.260 260.441 194.399 260.441
196.723 192.391 224.614 192.391 224.614 262.396 196.723 262.396
198.949 192.012 226.766 192.012 226.766 262.162 198.949 262.162
200.827 191.410 228.723 191.410 228.723 261.576 200.827 261.576
207.355 192.516 235.088 192.516 235.088 263.127 207.355 263.127
209.295 192.529 236.985 192.529 236.985 263.338 209.295 263.338
211.217 193.335 238.749 193.335 238.749 264.202 211.217 264.202
213.618 192.566 241.273 192.566 241.273 263.609 213.618 263.609
215.706 195.103 243.448 195.103 243.448 266.326 215.706 266.326
216.899 194.520 244.814 194.520 244.814 265.761 216.899 265.761
217.951 197.590 245.963 197.590 245.963 268.720 217.951 268.720
218.729 195.053 246.970 195.053 246.970 266.420 218.729 266.420
221.987 193.232 250.189 193.232 250.189 264.694 221.987 264.694
224.225 194.457 252.353 194.457 252.353 266.015 224.225 266.015
231.310 195.978 259.665 195.978 259.665 267.977 231.310 267.977
232.542 196.079 261.246 196.079 261.246 268.022 232.542 268.022
234.879 194.131 263.646 194.131 263.646 266.196 234.879 266.196
236.840 195.471 265.661 195.471 265.661 267.680 236.840 267.680
238.564 195.881 267.401 195.881 267.401 267.967 238.564 267.967
240.566 196.225 269.367 196.225 269.367 267.888 240.566 267.888
242.194 199.277 270.946 199.277 270.946 271.033 242.194 271.033
243.714 198.533 272.415 198.533 272.415 270.710 243.714 270.710
245.439 198.011 273.892 198.011 273.892 270.464 245.439 270.464
246.371 199.730 274.691 199.730 274.691 272.335 246.371 272.335
249.045 200.203 276.998 200.203 276.998 273.185 249.045 273.185
251.709 200.077 279.547 200.077 279.547 272.929 251.709 272.929
253.713 201.320 281.471 201.320 281.471 273.950 253.713 273.950
267.504 201.437 295.078 201.437 295.078 273.395 267.504 273.395
268.264 204.887 295.909 204.887 295.909 276.530 268.264 276.530
274.168 204.602 301.591 204.602 301.591 276.398 274.168 276.398
274.682 203.747 302.048 203.747 302.048 275.476 274.682 275.476
280.353 204.377 307.912 204.377 307.912 275.499 280.353 275.499
281.288 207.692 309.230 207.692 309.230 278.273 281.288 278.273
292.626 206.807 320.362 206.807 320.362 276.961 292.626 276.961
297.847 208.402 325.150 208.402 325.150 278.828 297.847 278.828
297.131 208.040 324.320 208.040 324.320 277.969 297.131 277.969
302.068 210.519 328.902 210.519 328.902 280.504 302.068 280.504
301.222 210.550 327.895 210.550 327.895 279.963 301.222 279.963
301.488 210.969 327.946 210.969 327.946 279.809 301.488 279.809
301.896 208.963 328.591 208.963 328.591 276.976 301.896 276.976
303.011 207.821 329.769 207.821 329.769 274.498 303.011 274.498
303.491 207.667 330.083 207.667 330.083 273.532 303.491 273.532
308.766 209.727 335.368 209.727 335.368 275.053 308.766 275.053
308.890 210.025 335.196 210.025 335.196 274.811 308.890 274.811
310.904 212.420 336.917 212.420 336.917 277.515 310.904 277.515
311.445 212.760 337.643 212.760 337.643 277.317 311.445 277.317
312.557 214.452 339.066 214.452 339.066 278.552 312.557 278.552
