394.000 60.000 414.000 60.000 414.000 107.000 394.000 107.000
393.809 58.911 413.100 58.911 413.100 107.006 393.809 107.006
393.429 59.158 412.220 59.158 412.220 107.876 393.429 107.876
392.296 58.634 410.931 58.634 410.931 107.633 392.296 107.633
392.049 59.877 410.470 59.877 410.470 109.101 392.049 109.101
391.002 57.177 409.254 57.177 409.254 106.704 391.002 106.704
390.767 58.978 408.831 58.978 408.831 108.702 390.767 108.702
390.670 55.813 408.423 55.813 408.423 106.025 390.670 106.025
389.850 57.916 407.623 57.916 407.623 108.105 389.850 108.105
389.831 57.647 407.555 57.647 407.555 107.736 389.831 107.736
389.487 58.332 407.217 58.332 407.217 108.410 389.487 108.410
389.352 57.658 407.213 57.658 407.213 107.793 389.352 107.793
388.992 58.211 406.885 58.211 406.885 108.348 388.992 108.348
389.213 56.932 406.844 56.932 406.844 107.495 389.213 107.495
388.079 56.999 405.730 56.999 405.730 107.495 388.079 107.495
388.192 57.334 405.857 57.334 405.857 107.694 388.192 107.694
386.042 58.352 403.818 58.352 403.818 108.590 386.042 108.590
385.189 55.826 402.889 55.826 402.889 106.304 385.189 106.304
383.405 57.995 400.977 57.995 400.977 108.673 383.405 108.673
382.610 55.969 400.203 55.969 400.203 106.706 382.610 106.706
382.568 57.241 400.081 57.241 400.081 107.911 382.568 107.911
381.821 56.936 399.291 56.936 399.291 107.539 381.821 107.539
381.850 57.145 399.314 57.145 399.314 107.402 381.850 107.402
381.654 58.059 398.955 58.059 398.955 108.121 381.654 108.121
380.909 57.094 398.262 57.094 398.262 106.949 380.909 106.949
381.162 57.194 398.451 57.194 398.451 107.024 381.162 107.024
380.561 54.940 397.776 54.940 397.776 104.718 380.561 104.718
379.060 57.504 396.215 57.504 396.215 106.909 379.060 106.909
378.543 57.156 395.854 57.156 395.854 106.387 378.543 106.387
378.079 58.469 395.373 58.469 395.373 107.451 378.079 107.451
376.570 57.115 393.937 57.115 393.937 105.931 376.570 105.931
371.366 58.044 388.934 58.044 388.934 106.638 371.366 106.638
369.791 58.246 387.234 58.246 387.234 106.866 369.791 106.866
369.101 57.962 386.448 57.962 386.448 106.582 369.101 106.582
368.455 57.634 385.637 57.634 385.637 106.555 368.455 106.555
367.257 56.531 384.410 56.531 384.410 105.255 367.257 105.255
366.114 58.649 383.323 58.649 383.323 106.878 366.114 106.878
365.432 55.733 382.477 55.733 382.477 104.206 365.432 104.206
365.799 58.808 382.814 58.808 382.814 107.233 365.799 107.233
365.131 57.128 382.177 57.128 382.177 105.489 365.131 105.489
363.902 59.389 380.772 59.389 380.772 107.489 363.902 107.489
362.848 59.160 379.806 59.160 379.806 107.146 362.848 107.146
360.045 59.412 377.026 59.412 377.026 106.993 360.045 106.993
359.999 59.017 376.952 59.017 376.952 106.799 359.999 106.799
358.540 58.742 375.485 58.742 375.485 106.630 358.540 106.630
357.129 58.074 374.005 58.074 374.005 105.800 357.129 105.800
356.417 56.627 373.365 56.627 373.365 104.207 356.417 104.207
355.852 57.718 372.737 57.718 372.737 105.003 355.852 105.003
355.435 58.130 372.279 58.130 372.279 105.232 355.435 105.232
354.920 57.278 371.590 57.278 371.590 104.190 354.920 104.190
354.142 57.017 370.790 57.017 370.790 103.817 354.142 103.817
352.866 56.442 369.437 56.442 369.437 103.075 352.866 103.075
351.843 59.000 368.383 59.000 368.383 105.314 351.843 105.314
350.789 58.645 367.234 58.645 367.234 104.761 350.789 104.761
348.428 58.574 364.890 58.574 364.890 104.461 348.428 104.461
346.834 57.574 363.251 57.574 363.251 103.627 346.834 103.627
346.580 57.457 363.076 57.457 363.076 103.251 346.580 103.251
346.189 57.719 362.657 57.719 362.657 103.537 346.189 103.537
345.639 56.461 361.963 56.461 361.963 102.214 345.639 102.214
345.493 57.078 361.759 57.078 361.759 102.600 345.493 102.600
344.187 56.275 360.532 56.275 360.532 101.341 344.187 101.341
343.976 58.203 360.270 58.203 360.270 102.872 343.976 102.872
343.854 57.672 360.239 57.672 360.239 102.029 343.854 102.029
343.944 58.075 360.258 58.075 360.258 102.316 343.944 102.316
343.923 57.720 360.153 57.720 360.153 101.668 343.923 101.668
343.003 56.817 359.078 56.817 359.078 100.637 343.003 100.637
341.986 56.617 358.022 56.617 358.022 100.383 341.986 100.383
341.803 58.075 357.848 58.075 357.848 101.655 341.803 101.655
340.041 57.684 356.055 57.684 356.055 101.172 340.041 101.172
339.459 58.134 355.358 58.134 355.358 101.426 339.459 101.426
337.902 58.706 353.776 58.706 353.776 102.070 337.902 102.070
338.110 58.009 353.859 58.009 353.859 101.406 338.110 101.406
337.730 57.714 353.411 57.714 353.411 101.279 337.730 101.279
337.431 55.876 352.854 55.876 352.854 99.860 337.431 99.860
336.798 57.364 352.097 57.364 352.097 101.038 336.798 101.038
336.797 56.580 351.839 56.580 351.839 100.491 336.797 100.491
336.920 56.377 351.936 56.377 351.936 100.195 336.920 100.195
336.383 58.305 351.412 58.305 351.412 101.908 336.383 101.908
336.113 57.327 351.214 57.327 351.214 100.798 336.113 100.798
336.093 57.924 351.164 57.924 351.164 101.355 336.093 101.355
336.330 56.685 351.241 56.685 351.241 100.299 336.330 100.299
336.386 55.874 351.115 55.874 351.115 99.720 336.386 99.720
335.893 55.739 350.483 55.739 350.483 99.738 335.893 99.738
335.178 55.677 349.769 55.677 349.769 99.559 335.178 99.559
335.097 55.331 349.720 55.331 349.720 99.160 335.097 99.160
334.626 55.027 349.247 55.027 349.247 98.885 334.626 98.885
333.698 56.275 348.368 56.275 348.368 99.804 333.698 99.804
333.538 56.614 348.212 56.614 348.212 99.880 333.538 99.880
332.290 57.626 347.048 57.626 347.048 100.574 332.290 100.574
331.276 57.321 346.086 57.321 346.086 100.425 331.276 100.425
328.811 56.450 343.650 56.450 343.650 99.477 328.811 99.477
327.457 53.748 342.172 53.748 342.172 96.973 327.457 96.973
325.896 56.916 340.589 56.916 340.589 99.851 325.896 99.851
324.732 56.767 339.417 56.767 339.417 99.749 324.732 99.749
323.902 54.425 338.471 54.425 338.471 97.330 323.902 97.330
322.449 54.860 336.778 54.860 336.778 98.207 322.449 98.207
321.473 55.172 335.816 55.172 335.816 98.561 321.473 98.561
320.547 56.363 334.857 56.363 334.857 99.660 320.547 99.660
319.870 55.796 334.356 55.796 334.356 98.601 319.870 98.601
318.926 55.301 333.621 55.301 333.621 97.721 318.926 97.721
317.974 53.129 332.745 53.129 332.745 95.581 317.974 95.581
316.944 54.884 331.781 54.884 331.781 97.536 316.944 97.536
315.771 55.428 330.575 55.428 330.575 98.385 315.771 98.385
315.221 54.682 330.019 54.682 330.019 97.797 315.221 97.797
313.705 54.418 328.420 54.418 328.420 97.817 313.705 97.817
313.915 54.450 328.379 54.450 328.379 98.338 313.915 98.338
313.749 54.270 328.085 54.270 328.085 98.507 313.749 98.507
313.801 52.004 327.911 52.004 327.911 96.859 313.801 96.859
313.355 52.752 327.483 52.752 327.483 97.522 313.355 97.522
313.304 51.964 327.627 51.964 327.627 96.751 313.304 96.751
313.673 52.313 328.025 52.313 328.025 97.365 313.673 97.365
314.289 52.946 328.631 52.946 328.631 97.870 314.289 97.870
314.840 53.569 329.203 53.569 329.203 98.310 314.840 98.310
315.012 54.339 329.517 54.339 329.517 98.693 315.012 98.693
315.518 54.816 330.103 54.816 330.103 98.993 315.518 98.993
316.874 55.137 331.627 55.137 331.627 99.151 316.874 99.151
316.841 55.117 331.619 55.117 331.619 99.456 316.841 99.456
318.009 55.433 332.798 55.433 332.798 99.921 318.009 99.921
318.325 56.156 333.377 56.156 333.377 100.499 318.325 100.499
319.311 55.774 334.478 55.774 334.478 100.137 319.311 100.137
319.572 57.152 334.892 57.152 334.892 101.414 319.572 101.414
318.727 56.334 334.075 56.334 334.075 100.420 318.727 100.420
318.665 56.908 334.013 56.908 334.013 100.938 318.665 100.938
318.840 56.400 334.082 56.400 334.082 100.765 318.840 100.765
319.894 56.312 335.000 56.312 335.000 101.081 319.894 101.081
320.460 55.219 335.616 55.219 335.616 100.206 320.460 100.206
320.720 55.293 335.809 55.293 335.809 100.350 320.720 100.350
321.334 55.838 336.384 55.838 336.384 100.778 321.334 100.778
321.312 56.730 336.390 56.730 336.390 101.624 321.312 101.624
321.689 56.880 336.786 56.880 336.786 101.687 321.689 101.687
321.935 57.839 336.986 57.839 336.986 102.533 321.935 102.533
322.825 57.714 337.993 57.714 337.993 102.083 322.825 102.083
323.812 58.633 338.941 58.633 338.941 102.923 323.812 102.923
324.464 54.871 339.630 54.871 339.630 99.471 324.464 99.471
324.971 56.470 340.055 56.470 340.055 101.055 324.971 101.055
325.065 56.148 340.260 56.148 340.260 100.602 325.065 100.602
325.180 56.854 340.339 56.854 340.339 101.379 325.180 101.379
324.844 58.011 340.107 58.011 340.107 102.406 324.844 102.406
324.711 57.716 339.952 57.716 339.952 102.035 324.711 102.035
324.344 57.978 339.531 57.978 339.531 102.396 324.344 102.396
324.377 55.992 339.596 55.992 339.596 100.383 324.377 100.383
324.575 55.891 339.772 55.891 339.772 100.299 324.575 100.299
324.787 55.813 339.948 55.813 339.948 100.520 324.787 100.520
325.713 55.999 340.905 55.999 340.905 100.800 325.713 100.800
326.051 58.187 341.187 58.187 341.187 103.165 326.051 103.165
326.446 57.228 341.655 57.228 341.655 102.126 326.446 102.126
326.362 57.115 341.671 57.115 341.671 101.847 326.362 101.847
326.810 56.141 342.113 56.141 342.113 101.085 326.810 101.085
327.220 56.940 342.457 56.940 342.457 102.080 327.220 102.080
327.833 56.483 343.069 56.483 343.069 101.774 327.833 101.774
327.331 57.542 342.791 57.542 342.791 102.639 327.331 102.639
327.246 58.288 342.806 58.288 342.806 103.587 327.246 103.587
326.928 57.688 342.658 57.688 342.658 103.130 326.928 103.130
327.391 57.853 343.153 57.853 343.153 103.352 327.391 103.352
326.913 57.941 342.695 57.941 342.695 103.530 326.913 103.530
327.338 58.293 343.140 58.293 343.140 104.093 327.338 104.093
327.649 57.067 343.527 57.067 343.527 103.126 327.649 103.126
327.363 57.256 343.237 57.256 343.237 103.419 327.363 103.419
327.829 56.883 343.723 56.883 343.723 103.059 327.829 103.059
327.636 58.974 343.473 58.974 343.473 105.113 327.636 105.113
328.327 58.202 344.165 58.202 344.165 104.242 328.327 104.242
329.639 59.071 345.489 59.071 345.489 104.989 329.639 104.989
330.444 56.848 346.313 56.848 346.313 102.711 330.444 102.711
331.211 57.076 346.937 57.076 346.937 103.103 331.211 103.103
331.406 58.323 347.065 58.323 347.065 104.452 331.406 104.452
332.197 57.240 347.834 57.240 347.834 103.395 332.197 103.395
332.279 58.508 347.820 58.508 347.820 104.813 332.279 104.813
332.538 57.771 348.029 57.771 348.029 104.355 332.538 104.355
332.399 58.896 347.831 58.896 347.831 105.520 332.399 105.520
332.218 59.348 347.703 59.348 347.703 105.918 332.218 105.918
332.355 58.847 347.792 58.847 347.792 105.413 332.355 105.413
332.355 59.536 347.798 59.536 347.798 105.899 332.355 105.899
333.029 56.600 348.464 56.600 348.464 103.172 333.029 103.172
332.701 57.572 348.156 57.572 348.156 104.110 332.701 104.110
333.516 57.910 348.910 57.910 348.910 104.552 333.516 104.552
334.102 60.296 349.423 60.296 349.423 107.470 334.102 107.470
334.152 58.813 349.638 58.813 349.638 106.260 334.152 106.260
334.749 59.890 350.248 59.890 350.248 107.209 334.749 107.209
335.158 57.489 350.625 57.489 350.625 104.827 335.158 104.827
335.090 59.819 350.639 59.819 350.639 107.331 335.090 107.331
335.566 57.201 351.142 57.201 351.142 104.891 335.566 104.891
336.067 59.661 351.610 59.661 351.610 107.725 336.067 107.725
336.689 57.312 352.174 57.312 352.174 105.582 336.689 105.582
336.945 61.166 352.442 61.166 352.442 109.340 336.945 109.340
337.572 57.841 353.092 57.841 353.092 106.039 337.572 106.039
337.106 61.553 352.593 61.553 352.593 109.715 337.106 109.715
338.285 58.942 353.791 58.942 353.791 106.973 338.285 106.973
337.863 60.551 353.490 60.551 353.490 108.442 337.863 108.442
338.351 58.226 353.945 58.226 353.945 106.083 338.351 106.083
338.022 58.741 353.684 58.741 353.684 106.775 338.022 106.775
338.172 59.709 353.811 59.709 353.811 107.960 338.172 107.960
338.797 58.740 354.413 58.740 354.413 107.294 338.797 107.294
339.482 61.440 355.096 61.440 355.096 109.941 339.482 109.941
340.208 58.024 355.798 58.024 355.798 106.782 340.208 106.782
340.468 60.860 356.136 60.860 356.136 109.546 340.468 109.546
340.881 58.243 356.586 58.243 356.586 106.676 340.881 106.676
340.831 60.507 356.727 60.507 356.727 108.702 340.831 108.702
341.266 58.684 357.178 58.684 357.178 107.071 341.266 107.071
341.590 60.952 357.521 60.952 357.521 109.359 341.590 109.359
342.198 58.386 358.194 58.386 358.194 106.562 342.198 106.562
342.146 61.285 358.336 61.285 358.336 109.166 342.146 109.166
342.639 60.284 358.747 60.284 358.747 108.291 342.639 108.291
342.628 61.893 358.732 61.893 358.732 109.648 342.628 109.648
342.960 60.246 358.987 60.246 358.987 107.954 342.960 107.954
343.186 62.323 359.089 62.323 359.089 110.125 343.186 110.125
343.479 59.385 359.372 59.385 359.372 107.159 343.479 107.159
343.233 60.059 359.095 60.059 359.095 107.737 343.233 107.737
343.532 59.802 359.327 59.802 359.327 107.565 343.532 107.565
343.742 61.684 359.536 61.684 359.536 109.366 343.742 109.366
344.234 59.675 360.123 59.675 360.123 107.252 344.234 107.252
344.188 62.161 360.116 62.161 360.116 109.730 344.188 109.730
344.629 60.271 360.637 60.271 360.637 107.643 344.629 107.643
345.314 61.876 361.368 61.876 361.368 109.173 345.314 109.173
345.409 59.953 361.543 59.953 361.543 107.281 345.409 107.281
345.586 61.967 361.781 61.967 361.781 109.117 345.586 109.117
346.147 62.429 362.499 62.429 362.499 109.395 346.147 109.395
346.539 60.957 362.792 60.957 362.792 108.323 346.539 108.323
347.023 62.031 363.240 62.031 363.240 109.600 347.023 109.600
346.850 60.619 363.105 60.619 363.105 108.522 346.850 108.522
346.529 63.002 362.946 63.002 362.946 111.000 346.529 111.000
346.247 61.891 362.753 61.891 362.753 109.979 346.247 109.979
346.204 62.756 362.684 62.756 362.684 111.055 346.204 111.055
347.069 60.319 363.520 60.319 363.520 108.900 347.069 108.900
346.620 62.045 363.048 62.045 363.048 110.639 346.620 110.639
346.902 59.427 363.322 59.427 363.322 108.037 346.902 108.037
347.097 63.174 363.557 63.174 363.557 111.621 347.097 111.621
347.526 61.294 364.067 61.294 364.067 109.695 347.526 109.695
347.288 63.319 363.948 63.319 363.948 111.775 347.288 111.775
347.596 62.040 364.376 62.040 364.376 110.522 347.596 110.522
348.460 62.238 365.367 62.238 365.367 110.714 348.460 110.714
348.836 61.934 365.745 61.934 365.745 110.495 348.836 110.495
349.283 62.720 366.149 62.720 366.149 111.340 349.283 111.340
350.002 61.397 366.902 61.397 366.902 110.094 350.002 110.094
350.519 61.985 367.425 61.985 367.425 110.761 350.519 110.761
350.870 62.259 367.742 62.259 367.742 111.147 350.870 111.147
351.275 61.791 368.210 61.791 368.210 110.795 351.275 110.795
350.990 63.163 368.004 63.163 368.004 112.414 350.990 112.414
351.033 63.020 368.126 63.020 368.126 112.549 351.033 112.549
350.942 61.783 368.101 61.783 368.101 111.338 350.942 111.338
351.467 61.957 368.523 61.957 368.523 111.740 351.467 111.740
351.781 60.803 368.846 60.803 368.846 110.572 351.781 110.572
352.277 61.131 369.246 61.131 369.246 111.103 352.277 111.103
352.252 62.993 369.172 62.993 369.172 113.081 352.252 113.081
352.845 64.982 369.901 64.982 369.901 115.166 352.845 115.166
353.172 64.019 370.220 64.019 370.220 114.617 353.172 114.617
353.176 65.809 370.389 65.809 370.389 116.604 353.176 116.604
353.950 65.229 371.283 65.229 371.283 116.323 353.950 116.323
354.278 65.922 371.741 65.922 371.741 117.250 354.278 117.250
354.440 67.826 371.922 67.826 371.922 119.310 354.440 119.310
354.952 69.484 372.360 69.484 372.360 121.211 354.952 121.211
354.886 68.670 372.218 68.670 372.218 120.569 354.886 120.569
355.483 69.598 372.766 69.598 372.766 121.446 355.483 121.446
355.909 69.827 373.119 69.827 373.119 121.857 355.909 121.857
356.552 72.122 373.630 72.122 373.630 124.367 356.552 124.367
356.615 73.893 373.664 73.893 373.664 126.028 356.615 126.028
356.796 75.254 373.760 75.254 373.760 127.437 356.796 127.437
356.634 75.607 373.527 75.607 373.527 127.786 356.634 127.786
356.706 76.474 373.592 76.474 373.592 128.461 356.706 128.461
356.794 77.028 373.829 77.028 373.829 128.898 356.794 128.898
357.519 76.939 374.481 76.939 374.481 128.741 357.519 128.741
357.395 77.300 374.238 77.300 374.238 129.170 357.395 129.170
357.590 78.824 374.300 78.824 374.300 130.853 357.590 130.853
357.952 79.490 374.568 79.490 374.568 131.686 357.952 131.686
357.770 82.627 374.633 82.627 374.633 134.579 357.770 134.579
358.042 83.261 374.723 83.261 374.723 135.818 358.042 135.818
358.171 84.063 374.632 84.063 374.632 137.328 358.171 137.328
358.543 84.014 374.995 84.014 374.995 137.336 358.543 137.336
358.636 83.718 375.100 83.718 375.100 137.175 358.636 137.175
361.682 83.931 378.018 83.931 378.018 137.388 361.682 137.388
365.024 84.300 381.336 84.300 381.336 137.846 365.024 137.846
363.859 93.869 380.120 93.869 380.120 147.210 363.859 147.210
363.270 94.038 379.344 94.038 379.344 147.599 363.270 147.599
362.386 93.854 378.456 93.854 378.456 147.233 362.386 147.233
362.003 92.693 378.056 92.693 378.056 145.829 362.003 145.829
364.616 94.126 380.571 94.126 380.571 147.111 364.616 147.111
363.832 93.186 379.685 93.186 379.685 145.949 363.832 145.949
363.498 94.472 379.135 94.472 379.135 147.493 363.498 147.493
363.185 97.470 378.792 97.470 378.792 150.458 363.185 150.458
362.619 98.865 378.137 98.865 378.137 152.270 362.619 152.270
362.341 100.723 378.012 100.723 378.012 154.087 362.341 154.087
361.332 99.421 377.261 99.421 377.261 152.585 361.332 152.585
360.205 99.778 376.282 99.778 376.282 152.631 360.205 152.631
359.798 100.297 375.998 100.297 375.998 153.211 359.798 153.211
358.901 100.342 375.142 100.342 375.142 153.640 358.901 153.640
357.968 101.801 374.300 101.801 374.300 155.352 357.968 155.352
357.773 103.787 374.034 103.787 374.034 157.500 357.773 157.500
357.346 105.674 373.642 105.674 373.642 159.843 357.346 159.843
352.762 107.489 369.183 107.489 369.183 162.265 352.762 162.265
352.129 107.341 368.832 107.341 368.832 162.089 352.129 162.089
347.412 108.225 364.219 108.225 364.219 162.768 347.412 162.768
345.891 110.544 363.050 110.544 363.050 164.725 345.891 164.725
343.491 111.923 360.845 111.923 360.845 166.080 343.491 166.080
341.019 109.770 358.485 109.770 358.485 164.201 341.019 164.201
339.328 110.485 356.662 110.485 356.662 164.977 339.328 164.977
337.499 111.340 355.173 111.340 355.173 165.193 337.499 165.193
341.281 111.647 359.336 111.647 359.336 165.407 341.281 165.407
340.954 110.867 359.159 110.867 359.159 164.938 340.954 164.938
320.529 113.148 339.000 113.148 339.000 166.572 320.529 166.572
310.743 111.686 329.303 111.686 329.303 164.725 310.743 164.725
305.349 112.252 323.656 112.252 323.656 165.083 305.349 165.083
304.093 112.691 322.049 112.691 322.049 165.936 304.093 165.936
298.296 113.396 316.056 113.396 316.056 166.481 298.296 166.481
293.840 112.785 311.314 112.785 311.314 166.254 293.840 166.254
288.383 111.524 305.613 111.524 305.613 165.109 288.383 165.109
287.116 112.454 304.077 112.454 304.077 166.055 287.116 166.055
277.741 111.353 294.497 111.353 294.497 165.658 277.741 165.658
272.321 112.566 289.210 112.566 289.210 166.861 272.321 166.861
270.427 110.210 287.726 110.210 287.726 163.585 270.427 163.585
260.840 116.365 278.341 116.365 278.341 169.016 260.840 169.016
255.114 115.022 272.571 115.022 272.571 167.428 255.114 167.428
259.735 120.564 276.905 120.564 276.905 173.758 259.735 173.758
267.568 119.268 284.768 119.268 284.768 172.346 267.568 172.346
266.944 121.738 284.005 121.738 284.005 175.338 266.944 175.338
