564.000 160.000 597.000 160.000 597.000 250.000 564.000 250.000
564.284 162.383 597.879 162.383 597.879 251.475 564.284 251.475
561.321 162.255 595.230 162.255 595.230 250.668 561.321 250.668
557.560 162.047 591.553 162.047 591.553 249.926 557.560 249.926
548.808 162.401 582.657 162.401 582.657 249.889 548.808 249.889
547.016 159.363 580.796 159.363 580.796 246.751 547.016 246.751
543.348 158.879 577.609 158.879 577.609 245.222 543.348 245.222
533.768 159.745 568.207 159.745 568.207 245.767 533.768 245.767
531.852 160.051 566.568 160.051 566.568 245.361 531.852 245.361
527.932 161.569 562.955 161.569 562.955 246.084 527.932 246.084
520.357 160.528 555.463 160.528 555.463 244.961 520.357 244.961
517.811 157.149 552.953 157.149 552.953 241.555 517.811 241.555
515.181 156.385 550.268 156.385 550.268 240.723 515.181 240.723
506.929 155.919 542.094 155.919 542.094 239.949 506.929 239.949
505.176 156.057 540.316 156.057 540.316 239.663 505.176 239.663
501.575 156.192 536.677 156.192 536.677 239.248 501.575 239.248
494.002 154.645 529.129 154.645 529.129 237.398 494.002 237.398
492.524 153.937 527.725 153.937 527.725 235.986 492.524 235.986
489.114 151.568 524.248 151.568 524.248 233.050 489.114 233.050
486.260 151.635 521.422 151.635 521.422 232.609 486.260 232.609
483.054 149.824 518.183 149.824 518.183 230.284 483.054 230.284
479.169 150.941 514.506 150.941 514.506 230.582 479.169 230.582
476.392 152.288 511.497 152.288 511.497 232.050 476.392 232.050
472.716 153.477 507.925 153.477 507.925 232.886 472.716 232.886
470.497 155.208 505.547 155.208 505.547 234.563 470.497 234.563
469.046 153.380 503.844 153.380 503.844 233.318 469.046 233.318
462.200 149.685 496.791 149.685 496.791 229.728 462.200 229.728
460.392 149.658 495.063 149.658 495.063 229.413 460.392 229.413
458.781 148.118 493.266 148.118 493.266 227.828 458.781 227.828
456.587 143.085 490.955 143.085 490.955 222.338 456.587 222.338
450.185 145.015 483.672 145.015 483.672 225.086 450.185 225.086
448.436 145.200 481.654 145.200 481.654 225.011 448.436 225.011
446.050 142.424 478.769 142.424 478.769 222.591 446.050 222.591
443.367 142.068 475.940 142.068 475.940 222.248 443.367 222.248
440.617 142.027 473.265 142.027 473.265 221.745 440.617 221.745
435.228 143.039 467.745 143.039 467.745 222.532 435.228 222.532
433.527 143.217 466.071 143.217 466.071 222.838 433.527 222.838
430.460 141.505 463.309 141.505 463.309 220.613 430.460 220.613
427.854 139.336 460.826 139.336 460.826 217.858 427.854 217.858
421.796 137.310 454.633 137.310 454.633 215.531 421.796 215.531
420.999 136.817 453.933 136.817 453.933 214.554 420.999 214.554
419.328 138.296 452.379 138.296 452.379 215.618 419.328 215.618
417.139 137.193 450.348 137.193 450.348 213.519 417.139 213.519
415.493 137.485 448.436 137.485 448.436 213.523 415.493 213.523
412.944 136.546 445.705 136.546 445.705 212.075 412.944 212.075
406.843 135.474 439.020 135.474 439.020 211.648 406.843 211.648
404.568 134.798 436.704 134.798 436.704 210.629 404.568 210.629
402.832 133.886 434.774 133.886 434.774 209.485 402.832 209.485
396.632 135.617 428.329 135.617 428.329 211.259 396.632 211.259
394.350 136.399 426.064 136.399 426.064 212.403 394.350 212.403
392.062 134.618 423.901 134.618 423.901 210.538 392.062 210.538
390.810 132.925 422.642 132.925 422.642 208.759 390.810 208.759
388.066 133.179 420.007 133.179 420.007 208.621 388.066 208.621
385.470 134.839 417.433 134.839 417.433 209.715 385.470 209.715
383.678 133.627 415.291 133.627 415.291 208.454 383.678 208.454
382.402 134.102 413.554 134.102 413.554 208.834 382.402 208.834
376.909 134.119 407.814 134.119 407.814 208.284 376.909 208.284
376.469 131.624 407.196 131.624 407.196 205.217 376.469 205.217
370.962 133.177 401.490 133.177 401.490 206.330 370.962 206.330
369.087 133.139 399.592 133.139 399.592 206.197 369.087 206.197
363.560 130.968 393.771 130.968 393.771 204.370 363.560 204.370
362.075 130.349 392.377 130.349 392.377 203.870 362.075 203.870
359.204 123.882 389.634 123.882 389.634 197.029 359.204 197.029
357.054 124.765 387.764 124.765 387.764 197.628 357.054 197.628
354.708 127.345 385.245 127.345 385.245 200.456 354.708 200.456
352.597 129.153 383.057 129.153 383.057 202.293 352.597 202.293
351.583 128.816 381.668 128.816 381.668 201.952 351.583 201.952
349.503 127.515 379.439 127.515 379.439 200.598 349.503 200.598
347.976 127.830 377.780 127.830 377.780 200.624 347.976 200.624
345.862 127.492 375.732 127.492 375.732 199.710 345.862 199.710
340.665 126.241 370.451 126.241 370.451 198.126 340.665 198.126
338.943 125.344 369.020 125.344 369.020 196.798 338.943 196.798
336.688 126.585 367.021 126.585 367.021 197.840 336.688 197.840
335.058 126.812 365.544 126.812 365.544 197.638 335.058 197.638
333.613 126.917 364.174 126.917 364.174 197.394 333.613 197.394
327.735 122.794 358.163 122.794 358.163 193.120 327.735 193.120
327.448 121.406 358.046 121.406 358.046 191.088 327.448 191.088
321.642 121.348 352.375 121.348 352.375 190.403 321.642 190.403
321.629 121.403 352.190 121.403 352.190 189.713 321.629 189.713
320.642 121.169 351.090 121.169 351.090 188.951 320.642 188.951
313.909 121.574 344.299 121.574 344.299 189.081 313.909 189.081
312.404 120.641 342.374 120.641 342.374 188.889 312.404 188.889
310.534 120.656 340.329 120.656 340.329 189.077 310.534 189.077
309.242 120.649 338.832 120.649 338.832 189.401 309.242 189.401
307.097 120.854 336.957 120.854 336.957 189.170 307.097 189.170
305.811 122.536 335.653 122.536 335.653 190.951 305.811 190.951
303.868 121.236 333.783 121.236 333.783 189.596 303.868 189.596
301.619 120.561 331.521 120.561 331.521 188.570 301.619 188.570
300.805 118.444 330.460 118.444 330.460 186.638 300.805 186.638
295.833 117.011 325.310 117.011 325.310 185.517 295.833 185.517
295.781 117.988 324.932 117.988 324.932 187.094 295.781 187.094
295.069 119.294 323.944 119.294 323.944 188.303 295.069 188.303
290.504 117.412 319.065 117.412 319.065 186.862 290.504 186.862
291.048 116.548 319.197 116.548 319.197 186.370 291.048 186.370
290.799 116.275 318.898 116.275 318.898 185.927 290.799 185.927
285.872 110.891 313.388 110.891 313.388 181.255 285.872 181.255
285.622 117.280 313.370 117.280 313.370 186.990 285.622 186.990
279.773 114.497 307.134 114.497 307.134 184.592 279.773 184.592
273.692 111.746 300.346 111.746 300.346 182.583 273.692 182.583
272.845 111.249 299.599 111.249 299.599 181.704 272.845 181.704
272.321 110.332 299.108 110.332 299.108 180.753 272.321 180.753
271.530 110.577 298.025 110.577 298.025 181.286 271.530 181.286
270.503 111.308 296.645 111.308 296.645 182.113 270.503 182.113
269.753 112.802 295.576 112.802 295.576 183.471 269.753 183.471
268.255 111.300 293.918 111.300 293.918 181.900 268.255 181.900
267.337 109.432 292.918 109.432 292.918 179.840 267.337 179.840
265.948 107.531 291.540 107.531 291.540 177.652 265.948 177.652
264.935 107.268 290.655 107.268 290.655 177.188 264.935 177.188
259.643 106.605 285.297 106.605 285.297 176.550 259.643 176.550
258.773 107.669 284.594 107.669 284.594 177.104 258.773 177.104
257.470 109.484 283.329 109.484 283.329 178.529 257.470 178.529
255.912 109.097 281.897 109.097 281.897 177.787 255.912 177.787
255.210 108.504 281.168 108.504 281.168 177.040 255.210 177.040
250.045 107.459 275.982 107.459 275.982 175.912 250.045 175.912
249.307 107.703 275.248 107.703 275.248 176.402 249.307 176.402
247.576 108.201 273.695 108.201 273.695 176.825 247.576 176.825
246.563 109.213 272.755 109.213 272.755 177.943 246.563 177.943
244.606 108.923 271.185 108.923 271.185 176.922 244.606 176.922
242.517 108.236 269.198 108.236 269.198 175.799 242.517 175.799
241.024 107.318 267.708 107.318 267.708 174.582 241.024 174.582
239.394 108.283 266.190 108.283 266.190 175.202 239.394 175.202
237.040 108.831 264.148 108.831 264.148 175.019 237.040 175.019
232.461 109.439 259.508 109.439 259.508 175.278 232.461 175.278
232.101 110.304 259.083 110.304 259.083 176.110 232.101 176.110
231.019 109.198 258.062 109.198 258.062 174.799 231.019 174.799
227.131 106.855 254.091 106.855 254.091 172.268 227.131 172.268
226.842 105.927 253.797 105.927 253.797 170.850 226.842 170.850
226.076 106.674 253.123 106.674 253.123 171.355 226.076 171.355
225.479 107.780 252.566 107.780 252.566 172.130 225.479 172.130
221.144 108.369 248.285 108.369 248.285 171.715 221.144 171.715
221.461 107.824 248.509 107.824 248.509 170.863 221.461 170.863
220.172 103.937 247.145 103.937 247.145 166.786 220.172 166.786
216.281 104.082 243.045 104.082 243.045 166.760 216.281 166.760
215.921 104.204 242.611 104.204 242.611 166.590 215.921 166.590
215.201 104.071 241.981 104.071 241.981 165.972 215.201 165.972
213.780 105.769 240.554 105.769 240.554 167.273 213.780 167.273
209.017 105.002 235.725 105.002 235.725 166.299 209.017 166.299
209.465 103.995 236.111 103.995 236.111 165.086 209.465 165.086
205.326 103.167 231.831 103.167 231.831 163.881 205.326 163.881
205.123 102.977 231.702 102.977 231.702 163.572 205.123 163.572
204.263 103.494 230.765 103.494 230.765 163.946 204.263 163.946
202.972 103.525 229.660 103.525 229.660 163.387 202.972 163.387
201.858 104.526 228.502 104.526 228.502 163.906 201.858 163.906
200.564 103.797 226.929 103.797 226.929 163.207 200.564 163.207
199.276 102.434 225.423 102.434 225.423 161.531 199.276 161.531
194.813 101.078 220.572 101.078 220.572 160.255 194.813 160.255
194.544 100.364 220.160 100.364 220.160 159.399 194.544 159.399
192.985 102.286 218.531 102.286 218.531 160.885 192.985 160.885
191.914 102.400 217.265 102.400 217.265 160.663 191.914 160.663
190.260 103.187 215.509 103.187 215.509 161.372 190.260 161.372
185.833 101.925 210.828 101.925 210.828 160.123 185.833 160.123
185.399 101.948 210.249 101.948 210.249 160.095 185.399 160.095
184.755 102.056 209.362 102.056 209.362 160.505 184.755 160.505
184.540 101.147 208.731 101.147 208.731 159.923 184.540 159.923
183.344 102.297 207.416 102.297 207.416 160.843 183.344 160.843
182.123 102.550 206.099 102.550 206.099 161.007 182.123 161.007
181.006 101.513 204.801 101.513 204.801 159.757 181.006 159.757
179.891 100.063 203.672 100.063 203.672 157.935 179.891 157.935
176.137 100.127 199.869 100.127 199.869 157.930 176.137 157.930
175.917 100.188 199.470 100.188 199.470 158.174 175.917 158.174
174.911 99.790 198.503 99.790 198.503 157.681 174.911 157.681
173.812 99.779 197.434 99.779 197.434 157.523 173.812 157.523
169.684 99.033 193.222 99.033 193.222 156.914 169.684 156.914
169.114 97.807 192.772 97.807 192.772 155.467 169.114 155.467
168.077 96.871 191.801 96.871 191.801 154.291 168.077 154.291
166.871 97.901 190.548 97.901 190.548 155.389 166.871 155.389
166.300 98.015 189.928 98.015 189.928 155.362 166.300 155.362
165.004 98.492 188.691 98.492 188.691 155.807 165.004 155.807
163.845 96.579 187.488 96.579 187.488 153.568 163.845 153.568
162.671 95.842 186.113 95.842 186.113 152.901 162.671 152.901
161.728 94.716 184.967 94.716 184.967 151.704 161.728 151.704
157.455 94.655 180.590 94.655 180.590 151.583 157.455 151.583
156.837 94.659 180.006 94.659 180.006 151.369 156.837 151.369
155.485 95.087 178.650 95.087 178.650 151.690 155.485 151.690
154.736 94.714 177.897 94.714 177.897 151.490 154.736 151.490
153.596 94.859 176.738 94.859 176.738 151.501 153.596 151.501
152.588 93.339 175.670 93.339 175.670 149.942 152.588 149.942
151.355 92.717 174.350 92.717 174.350 149.508 151.355 149.508
150.399 93.216 173.260 93.216 173.260 150.494 150.399 150.494
148.976 94.341 171.968 94.341 171.968 151.596 148.976 151.596
147.485 95.982 170.562 95.982 170.562 152.873 147.485 152.873
146.093 95.583 169.096 95.583 169.096 152.467 146.093 152.467
144.674 93.165 167.399 93.165 167.399 150.143 144.674 150.143
143.529 92.287 166.107 92.287 166.107 149.400 143.529 149.400
141.771 92.420 164.259 92.420 164.259 149.692 141.771 149.692
139.945 94.006 162.445 94.006 162.445 151.243 139.945 151.243
139.068 93.095 161.449 93.095 161.449 150.733 139.068 150.733
137.349 91.645 159.737 91.645 159.737 149.443 137.349 149.443
136.137 91.879 158.708 91.879 158.708 149.630 136.137 149.630
134.778 90.486 157.451 90.486 157.451 148.335 134.778 148.335
133.663 90.638 156.484 90.638 156.484 148.308 133.663 148.308
132.646 90.768 155.638 90.768 155.638 148.293 132.646 148.293
131.762 91.472 154.829 91.472 154.829 148.675 131.762 148.675
130.841 91.274 154.034 91.274 154.034 148.395 130.841 148.395
129.799 90.794 153.021 90.794 153.021 147.899 129.799 147.899
128.963 90.380 152.277 90.380 152.277 147.217 128.963 147.217
127.840 90.702 151.118 90.702 151.118 147.457 127.840 147.457
126.831 90.089 150.050 90.089 150.050 146.549 126.831 146.549
124.967 92.713 148.353 92.713 148.353 148.798 124.967 148.798
123.712 91.899 147.083 91.899 147.083 147.968 123.712 147.968
123.031 91.488 146.208 91.488 146.208 147.921 123.031 147.921
121.618 90.697 144.749 90.697 144.749 147.205 121.618 147.205
120.762 90.367 143.808 90.367 143.808 146.899 120.762 146.899
119.527 90.440 142.647 90.440 142.647 147.008 119.527 147.008
118.490 90.040 141.684 90.040 141.684 146.582 118.490 146.582
117.403 91.120 140.711 91.120 140.711 147.223 117.403 147.223
116.674 91.360 139.929 91.360 139.929 147.127 116.674 147.127
112.981 90.784 136.133 90.784 136.133 146.419 112.981 146.419
113.256 89.500 136.234 89.500 136.234 145.166 113.256 145.166
112.517 89.551 135.405 89.551 135.405 145.124 112.517 145.124
111.002 89.292 133.952 89.292 133.952 144.707 111.002 144.707
109.423 90.470 132.487 90.470 132.487 145.657 109.423 145.657
108.276 90.202 131.429 90.202 131.429 145.234 108.276 145.234
107.220 89.724 130.332 89.724 130.332 144.629 107.220 144.629
105.737 88.934 129.029 88.934 129.029 143.382 105.737 143.382
104.047 88.678 127.233 88.678 127.233 142.992 104.047 142.992
97.579 87.957 120.706 87.957 120.706 141.840 97.579 141.840
93.512 87.461 116.451 87.461 116.451 141.474 93.512 141.474
93.400 87.701 116.355 87.701 116.355 141.743 93.400 141.743
92.455 87.400 115.337 87.400 115.337 141.486 92.455 141.486
91.561 87.080 114.490 87.080 114.490 140.961 91.561 140.961
90.913 85.244 113.653 85.244 113.653 139.241 90.913 139.241
89.886 84.261 112.564 84.261 112.564 138.324 89.886 138.324
88.921 84.666 111.575 84.666 111.575 138.853 88.921 138.853
87.914 85.586 110.498 85.586 110.498 139.714 87.914 139.714
86.760 86.805 109.478 86.805 109.478 140.554 86.760 140.554
85.749 86.405 108.559 86.405 108.559 139.872 85.749 139.872
84.782 85.352 107.487 85.352 107.487 138.816 84.782 138.816
81.375 84.568 104.100 84.568 104.100 137.955 81.375 137.955
81.423 83.827 103.920 83.827 103.920 137.495 81.423 137.495
80.875 84.454 103.298 84.454 103.298 138.278 80.875 138.278
79.938 85.414 102.331 85.414 102.331 139.054 79.938 139.054
79.052 84.443 101.325 84.443 101.325 138.347 79.052 138.347
77.834 83.788 100.109 83.788 100.109 137.522 77.834 137.522
76.984 83.015 99.362 83.015 99.362 136.653 76.984 136.653
76.031 82.209 98.418 82.209 98.418 135.891 76.031 135.891
75.111 82.633 97.410 82.633 97.410 136.177 75.111 136.177
74.844 83.141 97.099 83.141 97.099 136.694 74.844 136.694
74.205 83.673 96.385 83.673 96.385 137.145 74.205 137.145
73.436 83.437 95.595 83.437 95.595 136.686 73.436 136.686
72.792 82.799 94.841 82.799 94.841 135.963 72.792 135.963
71.870 82.348 93.732 82.348 93.732 135.294 71.870 135.294
71.109 83.076 92.857 83.076 92.857 135.504 71.109 135.504
67.031 82.592 88.916 82.592 88.916 134.619 67.031 134.619
66.580 83.025 88.706 83.025 88.706 134.455 66.580 134.455
65.711 81.773 87.916 81.773 87.916 132.795 65.711 132.795
64.950 80.568 87.173 80.568 87.173 131.265 64.950 131.265
61.364 80.845 83.377 80.845 83.377 131.467 61.364 131.467
61.814 81.213 83.620 81.213 83.620 131.909 61.814 131.909
61.134 82.646 82.745 82.646 82.745 133.258 61.134 133.258
60.934 83.653 82.330 83.653 82.330 134.243 60.934 134.243
60.431 82.474 81.574 82.474 81.574 133.214 60.431 133.214
59.483 81.716 80.488 81.716 80.488 132.455 59.483 132.455
58.604 80.815 79.489 80.815 79.489 131.819 58.604 131.819
58.023 81.069 78.785 81.069 78.785 132.148 58.023 132.148
56.838 80.941 77.818 80.941 77.818 131.732 56.838 131.732
55.742 81.184 76.883 81.184 76.883 131.947 55.742 131.947
54.549 80.816 75.823 80.816 75.823 131.462 54.549 131.462
53.832 80.960 74.999 80.960 74.999 131.796 53.832 131.796
52.746 79.847 73.940 79.847 73.940 130.876 52.746 130.876
51.642 79.780 72.890 79.780 72.890 130.703 51.642 130.703
50.289 79.740 71.672 79.740 71.672 130.443 50.289 130.443
49.380 80.138 70.713 80.138 70.713 130.747 49.380 130.747
48.453 80.162 69.727 80.162 69.727 130.935 48.453 130.935
47.094 79.115 68.385 79.115 68.385 129.762 47.094 129.762
45.774 78.543 67.173 78.543 67.173 128.813 45.774 128.813
44.226 79.146 65.794 79.146 65.794 129.192 44.226 129.192
43.190 79.763 64.909 79.763 64.909 129.622 43.190 129.622
42.027 79.647 63.847 79.647 63.847 129.280 42.027 129.280
40.876 76.925 62.727 76.925 62.727 126.446 40.876 126.446
39.287 77.147 61.270 77.147 61.270 126.396 39.287 126.396
38.102 73.480 60.104 73.480 60.104 122.562 38.102 122.562
37.106 74.194 59.097 74.194 59.097 122.951 37.106 122.951
36.714 75.708 58.753 75.708 58.753 124.234 36.714 124.234
35.500 76.189 57.517 76.189 57.517 124.598 35.500 124.598
31.557 72.106 53.538 72.106 53.538 120.222 31.557 120.222
31.676 72.765 53.577 72.765 53.577 120.615 31.676 120.615
30.933 72.983 52.759 72.983 52.759 120.496 30.933 120.496
29.983 74.273 51.737 74.273 51.737 121.380 29.983 121.380
25.458 75.386 47.242 75.386 47.242 122.142 25.458 122.142
25.040 75.370 46.911 75.370 46.911 122.155 25.040 122.155
24.380 75.932 46.376 75.932 46.376 122.479 24.380 122.479
23.786 75.278 45.931 75.278 45.931 121.709 23.786 121.709
22.985 74.211 45.128 74.211 45.128 120.310 22.985 120.310
22.454 72.947 44.485 72.947 44.485 118.922 22.454 118.922
21.239 76.749 43.328 76.749 43.328 122.571 21.239 122.571
20.445 76.414 42.596 76.414 42.596 122.184 20.445 122.184
19.724 76.368 42.022 76.368 42.022 122.080 19.724 122.080
19.236 79.505 41.572 79.505 41.572 125.213 19.236 125.213
18.848 78.547 41.088 78.547 41.088 124.426 18.848 124.426
14.465 77.082 36.525 77.082 36.525 123.294 14.465 123.294
14.286 76.073 36.263 76.073 36.263 122.531 14.286 122.531
14.160 77.812 35.969 77.812 35.969 124.637 14.160 124.637
14.019 76.255 35.775 76.255 35.775 123.309 14.019 123.309
14.018 75.042 35.723 75.042 35.723 122.370 14.018 122.370
13.986 74.480 35.612 74.480 35.612 122.001 13.986 122.001
14.144 73.558 35.737 73.558 35.737 121.225 14.144 121.225
14.240 72.439 35.827 72.439 35.827 120.283 14.240 120.283
