313.000 107.000 333.000 107.000 333.000 158.000 313.000 158.000
315.914 106.629 335.774 106.629 335.774 157.414 315.914 157.414
317.395 105.585 337.175 105.585 337.175 156.563 317.395 156.563
318.579 105.697 338.552 105.697 338.552 156.638 318.579 156.638
320.763 106.128 340.679 106.128 340.679 157.217 320.763 157.217
322.912 107.777 342.777 107.777 342.777 159.178 322.912 159.178
325.391 106.682 345.229 106.682 345.229 158.617 325.391 158.617
327.177 107.472 346.870 107.472 346.870 160.051 327.177 160.051
328.990 106.999 348.768 106.999 348.768 159.569 328.990 159.569
331.512 108.907 351.231 108.907 351.231 161.589 331.512 161.589
334.430 109.728 353.997 109.728 353.997 162.522 334.430 162.522
336.830 109.303 356.257 109.303 356.257 162.994 336.830 162.994
337.507 108.715 356.792 108.715 356.792 163.230 337.507 163.230
336.469 114.859 355.940 114.859 355.940 168.648 336.469 168.648
337.202 122.919 356.577 122.919 356.577 176.249 337.202 176.249
338.902 122.524 358.216 122.524 358.216 176.704 338.902 176.704
339.122 122.688 358.364 122.688 358.364 177.539 339.122 177.539
339.502 123.010 358.834 123.010 358.834 178.620 339.502 178.620
339.968 123.154 359.149 123.154 359.149 179.673 339.968 179.673
341.252 122.596 360.545 122.596 360.545 179.861 341.252 179.861
341.369 122.586 360.794 122.586 360.794 180.291 341.369 180.291
342.153 122.408 361.632 122.408 361.632 180.624 342.153 180.624
342.323 124.771 361.970 124.771 361.970 183.265 342.323 183.265
342.664 134.710 362.449 134.710 362.449 193.358 342.664 193.358
343.820 139.849 363.646 139.849 363.646 198.623 343.820 198.623
344.926 140.756 364.695 140.756 364.695 200.052 344.926 200.052
345.872 141.755 365.731 141.755 365.731 201.218 345.872 201.218
346.146 141.710 366.081 141.710 366.081 201.077 346.146 201.077
347.350 142.311 367.372 142.311 367.372 202.261 347.350 202.261
347.912 141.361 367.942 141.361 367.942 201.683 347.912 201.683
348.539 140.852 368.567 140.852 368.567 201.767 348.539 201.767
348.820 141.099 368.759 141.099 368.759 202.180 348.820 202.180
349.817 142.594 369.763 142.594 369.763 203.827 349.817 203.827
349.891 142.664 369.948 142.664 369.948 203.954 349.891 203.954
350.840 142.816 371.034 142.816 371.034 204.206 350.840 204.206
351.426 143.547 371.728 143.547 371.728 205.245 351.426 205.245
352.291 143.381 372.719 143.381 372.719 204.872 352.291 204.872
353.038 144.339 373.562 144.339 373.562 205.679 353.038 205.679
353.911 143.976 374.556 143.976 374.556 205.506 353.911 205.506
355.024 144.070 375.643 144.070 375.643 205.783 355.024 205.783
355.686 142.941 376.298 142.941 376.298 204.346 355.686 204.346
355.626 142.105 376.238 142.105 376.238 203.594 355.626 203.594
355.369 143.142 376.240 143.142 376.240 204.659 355.369 204.659
355.670 144.382 376.707 144.382 376.707 205.973 355.670 205.973
356.417 143.776 377.678 143.776 377.678 205.529 356.417 205.529
357.461 143.785 378.909 143.785 378.909 205.702 357.461 205.702
358.195 145.206 379.725 145.206 379.725 207.435 358.195 207.435
358.382 145.476 379.812 145.476 379.812 208.292 358.382 208.292
359.379 145.828 380.687 145.828 380.687 209.094 359.379 209.094
360.361 145.410 381.859 145.410 381.859 208.949 360.361 208.949
361.377 145.932 382.855 145.932 382.855 209.774 361.377 209.774
362.098 146.701 383.528 146.701 383.528 210.783 362.098 210.783
362.912 148.151 384.438 148.151 384.438 212.387 362.912 212.387
363.725 147.531 385.455 147.531 385.455 211.986 363.725 211.986
363.783 147.051 385.663 147.051 385.663 211.851 363.783 211.851
365.186 147.535 387.225 147.535 387.225 212.521 365.186 212.521
366.268 148.785 388.325 148.785 388.325 214.481 366.268 214.481
367.473 148.117 389.468 148.117 389.468 214.444 367.473 214.444
369.752 147.325 391.889 147.325 391.889 213.971 369.752 213.971
371.295 148.925 393.483 148.925 393.483 216.053 371.295 216.053
372.067 147.890 394.093 147.890 394.093 216.203 372.067 216.203
373.822 150.643 395.675 150.643 395.675 219.256 373.822 219.256
374.781 151.444 396.550 151.444 396.550 219.844 374.781 219.844
375.281 150.215 396.951 150.215 396.951 218.556 375.281 218.556
376.470 151.040 398.038 151.040 398.038 219.605 376.470 219.605
377.314 150.451 398.895 150.451 398.895 219.081 377.314 219.081
377.354 150.587 398.973 150.587 398.973 218.837 377.354 218.837
377.165 150.844 398.991 150.844 398.991 218.741 377.165 218.741
377.352 151.576 399.261 151.576 399.261 219.249 377.352 219.249
378.645 152.318 400.699 152.318 400.699 219.791 378.645 219.791
379.124 152.704 401.139 152.704 401.139 220.246 379.124 220.246
379.348 152.921 401.172 152.921 401.172 220.873 379.348 220.873
379.900 153.686 401.633 153.686 401.633 221.882 379.900 221.882
382.146 153.983 403.706 153.983 403.706 222.487 382.146 222.487
382.634 154.526 404.163 154.526 404.163 222.748 382.634 222.748
384.010 153.705 405.618 153.705 405.618 221.752 384.010 221.752
384.450 154.888 406.153 154.888 406.153 223.138 384.450 223.138
383.993 152.385 405.794 152.385 405.794 220.707 383.993 220.707
385.098 154.382 407.081 154.382 407.081 222.237 385.098 222.237
385.829 154.346 407.765 154.346 407.765 221.628 385.829 221.628
385.629 155.496 407.629 155.496 407.629 222.038 385.629 222.038
386.523 157.194 408.414 157.194 408.414 223.506 386.523 223.506
387.551 156.637 409.597 156.637 409.597 222.805 387.551 222.805
388.599 155.986 410.634 155.986 410.634 222.536 388.599 222.536
389.252 156.422 411.280 156.422 411.280 223.188 389.252 223.188
389.963 158.856 411.959 158.856 411.959 225.384 389.963 225.384
391.324 157.740 413.354 157.740 413.354 224.046 391.324 224.046
391.274 156.664 413.240 156.664 413.240 223.193 391.274 223.193
391.416 157.023 413.493 157.023 413.493 223.798 391.416 223.798
391.919 156.458 413.903 156.458 413.903 223.829 391.919 223.829
391.792 157.666 413.740 157.666 413.740 225.493 391.792 225.493
392.347 158.622 414.358 158.622 414.358 226.559 392.347 226.559
391.614 158.912 413.656 158.912 413.656 226.830 391.614 226.830
392.611 159.388 414.901 159.388 414.901 227.331 392.611 227.331
392.633 158.977 415.097 158.977 415.097 226.772 392.633 226.772
393.003 158.396 415.564 158.396 415.564 226.462 393.003 226.462
393.500 158.912 416.275 158.912 416.275 226.717 393.500 226.717
394.074 160.738 416.886 160.738 416.886 228.285 394.074 228.285
394.142 159.971 416.847 159.971 416.847 227.365 394.142 227.365
394.213 159.929 416.896 159.929 416.896 227.130 394.213 227.130
395.286 159.906 417.994 159.906 417.994 227.033 395.286 227.033
395.488 158.602 418.167 158.602 418.167 226.067 395.488 226.067
395.200 159.989 417.961 159.989 417.961 227.440 395.200 227.440
395.337 160.322 418.122 160.322 418.122 228.038 395.337 228.038
396.520 161.578 419.387 161.578 419.387 229.160 396.520 229.160
396.177 161.608 419.289 161.608 419.289 228.883 396.177 228.883
397.837 161.363 421.178 161.363 421.178 228.744 397.837 228.744
397.693 161.272 421.122 161.272 421.122 228.839 397.693 228.839
398.841 163.282 422.318 163.282 422.318 230.970 398.841 230.970
399.619 162.710 423.138 162.710 423.138 230.227 399.619 230.227
400.663 162.060 424.290 162.060 424.290 229.848 400.663 229.848
402.188 162.368 426.038 162.368 426.038 229.735 402.188 229.735
402.750 163.075 426.852 163.075 426.852 230.114 402.750 230.114
403.326 164.290 427.639 164.290 427.639 230.469 403.326 230.469
404.307 166.249 428.709 166.249 428.709 232.282 404.307 232.282
406.660 165.433 431.185 165.433 431.185 231.393 406.660 231.393
408.926 166.868 433.314 166.868 433.314 232.250 408.926 232.250
412.714 165.743 437.219 165.743 437.219 231.249 412.714 231.249
415.398 164.452 440.101 164.452 440.101 229.573 415.398 229.573
417.139 164.170 441.797 164.170 441.797 229.057 417.139 229.057
419.498 165.034 444.107 165.034 444.107 229.841 419.498 229.841
421.452 166.810 446.152 166.810 446.152 231.549 421.452 231.549
425.018 167.932 449.730 167.932 449.730 232.205 425.018 232.205
429.073 170.150 453.655 170.150 453.655 234.425 429.073 234.425
432.441 171.748 456.967 171.748 456.967 236.069 432.441 236.069
435.849 170.362 460.731 170.362 460.731 233.752 435.849 233.752
437.953 171.943 463.267 171.943 463.267 234.380 437.953 234.380
440.000 172.381 465.597 172.381 465.597 234.444 440.000 234.444
442.652 173.255 468.479 173.255 468.479 235.516 442.652 235.516
449.164 173.010 474.900 173.010 474.900 234.729 449.164 234.729
452.742 173.355 478.400 173.355 478.400 234.459 452.742 234.459
462.414 173.374 487.798 173.374 487.798 234.162 462.414 234.162
466.435 172.409 491.863 172.409 491.863 232.804 466.435 232.804
469.244 172.126 494.501 172.126 494.501 231.430 469.244 231.430
475.095 174.651 500.475 174.651 500.475 233.680 475.095 233.680
477.731 174.866 503.139 174.866 503.139 233.107 477.731 233.107
481.608 174.284 506.864 174.284 506.864 232.494 481.608 232.494
485.430 173.732 510.399 173.732 510.399 232.053 485.430 232.053
489.442 174.594 514.075 174.594 514.075 232.424 489.442 232.424
492.897 176.667 517.274 176.667 517.274 234.459 492.897 234.459
492.325 176.913 516.376 176.913 516.376 235.354 492.325 235.354
480.943 178.920 504.765 178.920 504.765 237.826 480.943 237.826
467.717 179.162 491.577 179.162 491.577 238.241 467.717 238.241
460.111 182.377 484.112 182.377 484.112 242.466 460.111 242.466
462.784 181.327 487.005 181.327 487.005 241.743 462.784 241.743
466.165 178.975 490.609 178.975 490.609 239.586 466.165 239.586
474.449 180.699 498.426 180.699 498.426 242.188 474.449 242.188
478.273 181.123 501.834 181.123 501.834 243.791 478.273 243.791
478.702 183.066 502.047 183.066 502.047 246.715 478.702 246.715
472.593 181.913 496.122 181.913 496.122 246.707 472.593 246.707
462.001 180.421 485.575 180.421 485.575 246.610 462.001 246.610
455.716 181.294 479.453 181.294 479.453 248.262 455.716 248.262
458.704 181.220 482.181 181.220 482.181 248.488 458.704 248.488
467.010 178.851 490.649 178.851 490.649 245.423 467.010 245.423
471.428 177.583 494.753 177.583 494.753 244.009 471.428 244.009
480.378 176.980 503.750 176.980 503.750 242.496 480.378 242.496
489.657 175.379 512.989 175.379 512.989 240.268 489.657 240.268
496.152 178.409 519.432 178.409 519.432 242.141 496.152 242.141
503.097 177.609 526.132 177.609 526.132 240.523 503.097 240.523
509.613 176.832 532.304 176.832 532.304 238.999 509.613 238.999
511.948 178.022 534.275 178.022 534.275 239.006 511.948 239.006
518.655 180.069 540.791 180.069 540.791 240.329 518.655 240.329
524.574 180.709 546.761 180.709 546.761 240.926 524.574 240.926
531.056 179.595 552.931 179.595 552.931 239.071 531.056 239.071
538.397 181.923 560.133 181.923 560.133 241.274 538.397 241.274
545.471 182.097 567.067 182.097 567.067 240.727 545.471 240.727
552.295 182.663 573.693 182.663 573.693 241.055 552.295 241.055
558.964 183.111 580.174 183.111 580.174 241.743 558.964 241.743
564.918 182.503 586.048 182.503 586.048 241.021 564.918 241.021
566.435 183.184 587.532 183.184 587.532 241.465 566.435 241.465
573.152 182.760 593.936 182.760 593.936 240.952 573.152 240.952
578.816 183.813 599.489 183.813 599.489 241.744 578.816 241.744
584.975 184.433 605.567 184.433 605.567 242.321 584.975 242.321
590.388 183.007 610.970 183.007 610.970 240.842 590.388 240.842
594.492 180.715 615.081 180.715 615.081 238.082 594.492 238.082
599.622 180.671 620.013 180.671 620.013 237.011 599.622 237.011
606.590 179.374 626.855 179.374 626.855 235.051 606.590 235.051
