547.000 55.000 569.000 55.000 569.000 106.000 547.000 106.000
547.498 49.339 569.169 49.339 569.169 100.928 547.498 100.928
547.539 49.643 569.021 49.643 569.021 101.248 547.539 101.248
547.541 49.994 568.833 49.994 568.833 101.724 547.541 101.724
547.278 49.526 568.417 49.526 568.417 101.122 547.278 101.122
546.816 50.616 567.912 50.616 567.912 101.938 546.816 101.938
546.311 48.154 567.293 48.154 567.293 99.512 546.311 99.512
547.063 49.434 567.892 49.434 567.892 100.950 547.063 100.950
546.331 47.708 567.151 47.708 567.151 99.216 546.331 99.216
546.725 48.764 567.516 48.764 567.516 100.349 546.725 100.349
546.111 47.981 566.841 47.981 566.841 99.549 546.111 99.549
546.491 49.780 567.088 49.780 567.088 101.465 546.491 101.465
546.636 49.860 567.174 49.860 567.174 101.513 546.636 101.513
546.574 49.601 567.086 49.601 567.086 101.311 546.574 101.311
546.737 50.491 567.223 50.491 567.223 101.820 546.737 101.820
546.580 50.724 567.058 50.724 567.058 101.981 546.580 101.981
546.475 49.689 566.902 49.689 566.902 100.900 546.475 100.900
546.912 49.720 567.175 49.720 567.175 101.196 546.912 101.196
546.964 48.979 567.120 48.979 567.120 100.493 546.964 100.493
547.175 50.598 567.255 50.598 567.255 102.008 547.175 102.008
546.827 49.742 566.919 49.742 566.919 101.037 546.827 101.037
547.419 49.858 567.460 49.858 567.460 101.295 547.419 101.295
547.660 50.058 567.688 50.058 567.688 101.502 547.660 101.502
547.723 49.777 567.712 49.777 567.712 101.260 547.723 101.260
548.008 50.423 568.024 50.423 568.024 101.515 548.008 101.515
548.112 50.128 568.103 50.128 568.103 101.030 548.112 101.030
548.226 49.690 568.041 49.690 568.041 100.333 548.226 100.333
548.480 51.569 568.275 51.569 568.275 102.070 548.480 102.070
548.431 50.471 568.167 50.471 568.167 101.079 548.431 101.079
548.385 51.037 568.018 51.037 568.018 101.336 548.385 101.336
548.424 51.485 568.040 51.485 568.040 101.590 548.424 101.590
548.087 50.627 567.678 50.627 567.678 100.529 548.087 100.529
547.985 50.634 567.516 50.634 567.516 100.263 547.985 100.263
548.193 51.574 567.649 51.574 567.649 101.056 548.193 101.056
547.816 50.230 567.258 50.230 567.258 99.601 547.816 99.601
547.518 50.241 567.060 50.241 567.060 99.446 547.518 99.446
547.736 52.189 567.209 52.189 567.209 101.528 547.736 101.528
547.912 53.040 567.373 53.040 567.373 102.300 547.912 102.300
548.609 53.122 568.011 53.122 568.011 102.448 548.609 102.448
548.362 54.093 567.769 54.093 567.769 103.148 548.362 103.148
548.930 54.152 568.400 54.152 568.400 102.915 548.930 102.915
549.006 53.815 568.418 53.815 568.418 102.547 549.006 102.547
548.859 54.045 568.170 54.045 568.170 102.844 548.859 102.844
549.183 54.970 568.394 54.970 568.394 104.027 549.183 104.027
549.765 55.699 568.951 55.699 568.951 104.821 549.765 104.821
550.435 54.662 569.567 54.662 569.567 104.188 550.435 104.188
549.933 53.535 569.067 53.535 569.067 103.088 549.933 103.088
550.812 53.394 569.969 53.394 569.969 103.096 550.812 103.096
550.586 52.816 569.724 52.816 569.724 102.682 550.586 102.682
551.057 52.997 570.186 52.997 570.186 102.909 551.057 102.909
551.485 51.995 570.539 51.995 570.539 102.022 551.485 102.022
551.084 52.621 570.090 52.621 570.090 102.588 551.084 102.588
551.283 54.147 570.192 54.147 570.192 104.037 551.283 104.037
551.237 53.564 570.232 53.564 570.232 103.467 551.237 103.467
551.504 51.825 570.440 51.825 570.440 101.662 551.504 101.662
551.531 52.975 570.450 52.975 570.450 102.725 551.531 102.725
551.834 54.615 570.696 54.615 570.696 104.424 551.834 104.424
551.390 53.941 570.192 53.941 570.192 103.762 551.390 103.762
551.840 53.094 570.547 53.094 570.547 103.060 551.840 103.060
551.661 53.815 570.408 53.815 570.408 103.729 551.661 103.729
551.420 54.257 570.225 54.257 570.225 104.191 551.420 104.191
551.688 52.842 570.362 52.842 570.362 103.182 551.688 103.182
551.925 54.285 570.657 54.285 570.657 104.798 551.925 104.798
552.797 54.660 571.532 54.660 571.532 104.960 552.797 104.960
552.409 53.368 571.228 53.368 571.228 103.586 552.409 103.586
552.729 55.054 571.394 55.054 571.394 105.270 552.729 105.270
552.982 54.161 571.714 54.161 571.714 104.491 552.982 104.491
553.062 54.467 571.820 54.467 571.820 104.638 553.062 104.638
552.997 55.172 571.681 55.172 571.681 105.432 552.997 105.432
553.067 54.285 571.790 54.285 571.790 104.528 553.067 104.528
553.536 54.826 572.408 54.826 572.408 104.784 553.536 104.784
554.202 55.865 573.157 55.865 573.157 105.797 554.202 105.797
554.941 55.321 573.875 55.321 573.875 105.345 554.941 105.345
555.238 54.733 574.145 54.733 574.145 104.874 555.238 104.874
555.616 54.490 574.607 54.490 574.607 104.684 555.616 104.684
556.177 55.219 575.080 55.219 575.080 105.386 556.177 105.386
555.974 54.839 574.840 54.839 574.840 104.781 555.974 104.781
555.651 54.545 574.487 54.545 574.487 104.203 555.651 104.203
555.966 55.034 574.869 55.034 574.869 104.296 555.966 104.296
555.642 54.554 574.696 54.554 574.696 103.321 555.642 103.321
555.353 53.582 574.330 53.582 574.330 102.273 555.353 102.273
555.885 55.865 574.914 55.865 574.914 104.287 555.885 104.287
555.465 55.582 574.363 55.582 574.363 103.849 555.465 103.849
555.514 56.319 574.425 56.319 574.425 104.187 555.514 104.187
556.078 57.166 575.045 57.166 575.045 104.902 556.078 104.902
555.543 56.141 574.471 56.141 574.471 103.942 555.543 103.942
555.637 55.107 574.454 55.107 574.454 103.071 555.637 103.071
555.605 56.549 574.352 56.549 574.352 104.489 555.605 104.489
555.729 57.405 574.500 57.405 574.500 105.384 555.729 105.384
555.193 56.189 573.967 56.189 573.967 104.293 555.193 104.293
555.718 56.764 574.563 56.764 574.563 105.025 555.718 105.025
556.034 57.319 574.934 57.319 574.934 105.687 556.034 105.687
555.545 57.984 574.439 57.984 574.439 106.442 555.545 106.442
555.743 58.414 574.587 58.414 574.587 106.710 555.743 106.710
556.290 59.456 575.097 59.456 575.097 107.783 556.290 107.783
556.109 58.326 574.887 58.326 574.887 106.550 556.109 106.550
556.661 58.496 575.445 58.496 575.445 106.606 556.661 106.606
556.960 58.386 575.676 58.386 575.676 106.333 556.960 106.333
557.070 58.859 575.622 58.859 575.622 107.247 557.070 107.247
557.133 58.043 575.692 58.043 575.692 106.603 557.133 106.603
557.633 58.394 576.186 58.394 576.186 106.809 557.633 106.809
557.746 58.713 576.403 58.713 576.403 107.038 557.746 107.038
557.990 57.760 576.736 57.760 576.736 106.201 557.990 106.201
558.305 57.855 577.077 57.855 577.077 106.434 558.305 106.434
557.737 58.033 576.470 58.033 576.470 106.512 557.737 106.512
558.026 57.467 576.709 57.467 576.709 105.823 558.026 105.823
557.671 58.691 576.447 58.691 576.447 106.602 557.671 106.602
558.031 58.495 576.783 58.495 576.783 106.453 558.031 106.453
557.927 58.132 576.685 58.132 576.685 106.100 557.927 106.100
558.035 59.187 576.806 59.187 576.806 107.023 558.035 107.023
557.849 59.808 576.562 59.808 576.562 107.591 557.849 107.591
557.878 59.674 576.586 59.674 576.586 107.413 557.878 107.413
557.997 59.916 576.811 59.916 576.811 107.632 557.997 107.632
557.705 60.559 576.569 60.559 576.569 108.223 557.705 108.223
557.601 59.231 576.586 59.231 576.586 106.649 557.601 106.649
557.826 59.574 576.735 59.574 576.735 106.956 557.826 106.956
557.974 60.362 576.865 60.362 576.865 107.678 557.974 107.678
558.185 60.412 577.059 60.412 577.059 107.659 558.185 107.659
558.189 60.241 577.018 60.241 577.018 107.404 558.189 107.404
557.983 60.070 576.807 60.070 576.807 107.148 557.983 107.148
557.758 60.988 576.552 60.988 576.552 107.898 557.758 107.898
557.884 61.349 576.677 61.349 576.677 108.200 557.884 108.200
557.935 62.887 576.687 62.887 576.687 109.725 557.935 109.725
557.907 61.694 576.706 61.694 576.706 108.620 557.907 108.620
557.902 61.083 576.743 61.083 576.743 108.122 557.902 108.122
557.980 61.451 576.707 61.451 576.707 108.935 557.980 108.935
558.830 60.733 577.561 60.733 577.561 108.508 558.830 108.508
558.948 61.753 577.763 61.753 577.763 109.624 558.948 109.624
558.395 61.308 577.207 61.308 577.207 109.351 558.395 109.351
558.763 60.717 577.623 60.717 577.623 108.772 558.763 108.772
557.970 60.214 576.788 60.214 576.788 108.252 557.970 108.252
558.126 61.474 576.870 61.474 576.870 109.605 558.126 109.605
557.440 62.904 576.199 62.904 576.199 111.175 557.440 111.175
557.675 63.375 576.576 63.375 576.576 111.800 557.675 111.800
557.474 63.600 576.419 63.600 576.419 112.080 557.474 112.080
557.207 63.444 576.261 63.444 576.261 112.023 557.207 112.023
557.216 62.848 576.270 62.848 576.270 111.595 557.216 111.595
557.116 61.772 576.125 61.772 576.125 110.912 557.116 110.912
556.700 62.569 575.702 62.569 575.702 111.805 556.700 111.805
556.960 61.884 576.024 61.884 576.024 111.203 556.960 111.203
556.795 62.158 575.886 62.158 575.886 111.461 556.795 111.461
557.018 61.793 576.066 61.793 576.066 111.180 557.018 111.180
557.285 62.904 576.355 62.904 576.355 112.347 557.285 112.347
556.997 63.575 576.120 63.575 576.120 112.735 556.997 112.735
557.241 64.206 576.340 64.206 576.340 113.279 557.241 113.279
556.781 64.099 575.900 64.099 575.900 113.025 556.781 113.025
557.059 64.627 576.100 64.627 576.100 113.351 557.059 113.351
557.711 64.246 576.759 64.246 576.759 113.063 557.711 113.063
557.418 64.236 576.473 64.236 576.473 112.914 557.418 112.914
557.756 63.580 576.810 63.580 576.810 112.167 557.756 112.167
557.008 64.462 576.139 64.462 576.139 112.970 557.008 112.970
557.111 65.760 576.225 65.760 576.225 114.521 557.111 114.521
556.751 64.307 575.727 64.307 575.727 113.595 556.751 113.595
556.956 63.867 575.916 63.867 575.916 113.436 556.956 113.436
556.941 65.360 575.905 65.360 575.905 115.075 556.941 115.075
556.748 66.754 575.805 66.754 575.805 116.419 556.748 116.419
556.762 66.422 575.788 66.422 575.788 116.249 556.762 116.249
556.318 66.698 575.405 66.698 575.405 116.693 556.318 116.693
555.553 66.546 574.641 66.546 574.641 116.892 555.553 116.892
555.062 65.538 574.114 65.538 574.114 116.067 555.062 116.067
554.444 62.736 573.597 62.736 573.597 113.436 554.444 113.436
554.037 61.403 573.389 61.403 573.389 112.224 554.037 112.224
553.344 63.653 572.924 63.653 572.924 114.372 553.344 114.372
553.423 64.299 573.154 64.299 573.154 115.021 553.423 115.021
552.839 64.002 572.770 64.002 572.770 114.660 552.839 114.660
552.682 63.995 572.681 63.995 572.681 114.781 552.682 114.781
552.454 64.590 572.543 64.590 572.543 115.338 552.454 115.338
552.342 64.887 572.518 64.887 572.518 115.908 552.342 115.908
552.330 62.526 572.755 62.526 572.755 113.429 552.330 113.429
552.356 63.766 572.878 63.766 572.878 114.637 552.356 114.637
552.067 64.181 572.754 64.181 572.754 114.880 552.067 114.880
551.654 65.217 572.475 65.217 572.475 115.817 551.654 115.817
547.432 63.862 568.287 63.862 568.287 114.860 547.432 114.860
547.952 65.249 568.836 65.249 568.836 116.690 547.952 116.690
548.575 62.070 569.474 62.070 569.474 113.715 548.575 113.715
549.294 63.833 570.292 63.833 570.292 115.753 549.294 115.753
549.635 64.924 570.714 64.924 570.714 116.963 549.635 116.963
550.141 64.704 571.232 64.704 571.232 117.294 550.141 117.294
550.073 64.305 571.285 64.305 571.285 117.468 550.073 117.468
549.758 64.428 570.988 64.428 570.988 118.052 549.758 118.052
549.903 63.348 571.100 63.348 571.100 117.598 549.903 117.598
549.652 64.041 570.875 64.041 570.875 118.757 549.652 118.757
548.975 65.018 570.229 65.018 570.229 119.884 548.975 119.884
548.871 66.145 570.141 66.145 570.141 121.175 548.871 121.175
548.880 66.655 570.238 66.655 570.238 121.873 548.880 121.873
548.695 67.023 570.159 67.023 570.159 122.274 548.695 122.274
548.920 68.358 570.432 68.358 570.432 123.799 548.920 123.799
549.204 68.244 570.796 68.244 570.796 123.848 549.204 123.848
549.397 67.071 570.990 67.071 570.990 123.082 549.397 123.082
549.800 66.455 571.547 66.455 571.547 122.984 549.800 122.984
549.912 65.161 571.801 65.161 571.801 121.984 549.912 121.984
549.770 64.784 571.714 64.784 571.714 121.779 549.770 121.779
549.814 65.398 571.880 65.398 571.880 122.517 549.814 122.517
549.815 65.433 571.897 65.433 571.897 122.673 549.815 122.673
550.088 64.922 572.187 64.922 572.187 122.530 550.088 122.530
550.277 64.648 572.386 64.648 572.386 122.524 550.277 122.524
549.849 64.559 571.990 64.559 571.990 122.425 549.849 122.425
549.859 65.391 572.061 65.391 572.061 123.399 549.859 123.399
550.020 65.738 572.285 65.738 572.285 123.577 550.020 123.577
550.176 64.452 572.423 64.452 572.423 122.458 550.176 122.458
550.280 65.293 572.554 65.293 572.554 123.150 550.280 123.150
550.641 65.586 572.945 65.586 572.945 123.699 550.641 123.699
550.879 65.231 573.264 65.231 573.264 123.698 550.879 123.698
550.782 64.051 573.126 64.051 573.126 123.267 550.782 123.267
550.996 64.411 573.285 64.411 573.285 124.303 550.996 124.303
550.670 65.119 573.046 65.119 573.046 125.403 550.670 125.403
550.365 65.095 572.801 65.095 572.801 125.461 550.365 125.461
550.092 64.949 572.570 64.949 572.570 125.386 550.092 125.386
550.582 64.952 573.149 64.952 573.149 125.186 550.582 125.186
550.563 65.175 573.081 65.175 573.081 125.399 550.563 125.399
550.572 65.153 573.196 65.153 573.196 125.207 550.572 125.207
550.307 64.176 573.008 64.176 573.008 124.287 550.307 124.287
550.448 64.199 573.237 64.199 573.237 124.385 550.448 124.385
550.630 63.000 573.483 63.000 573.483 123.395 550.630 123.395
550.184 62.261 573.075 62.261 573.075 122.778 550.184 122.778
550.907 64.157 573.698 64.157 573.698 124.406 550.907 124.406
550.956 62.963 573.806 62.963 573.806 123.362 550.956 123.362
551.495 63.939 574.327 63.939 574.327 124.306 551.495 124.306
551.569 64.878 574.509 64.878 574.509 125.190 551.569 125.190
551.158 64.383 574.305 64.383 574.305 124.673 551.158 124.673
550.873 65.156 574.098 65.156 574.098 125.380 550.873 125.380
551.028 65.620 574.267 65.620 574.267 125.736 551.028 125.736
551.393 66.341 574.721 66.341 574.721 126.275 551.393 126.275
551.549 61.293 574.974 61.293 574.974 121.108 551.549 121.108
551.444 61.315 574.931 61.315 574.931 120.987 551.444 120.987
551.668 61.043 575.148 61.043 575.148 120.786 551.668 120.786
551.691 61.957 575.313 61.957 575.313 121.579 551.691 121.579
551.597 62.019 575.153 62.019 575.153 121.653 551.597 121.653
552.057 61.868 575.512 61.868 575.512 121.811 552.057 121.811
551.626 61.575 575.057 61.575 575.057 121.832 551.626 121.832
551.603 61.500 575.184 61.500 575.184 121.709 551.603 121.709
551.791 61.676 575.445 61.676 575.445 122.320 551.791 122.320
551.704 62.222 575.461 62.222 575.461 123.082 551.704 123.082
551.699 63.435 575.422 63.435 575.422 124.561 551.699 124.561
551.759 64.826 575.514 64.826 575.514 126.132 551.759 126.132
551.952 66.419 575.773 66.419 575.773 127.971 551.952 127.971
552.135 61.438 576.003 61.438 576.003 123.460 552.135 123.460
552.347 62.964 576.469 62.964 576.469 125.035 552.347 125.035
552.240 64.940 576.482 64.940 576.482 127.230 552.240 127.230
551.914 66.412 576.339 66.412 576.339 128.802 551.914 128.802
551.489 67.644 575.878 67.644 575.878 130.671 551.489 130.671
551.129 68.473 575.709 68.473 575.709 131.589 551.129 131.589
550.857 68.888 575.464 68.888 575.464 132.438 550.857 132.438
550.642 68.471 575.185 68.471 575.185 132.355 550.642 132.355
550.156 67.463 574.763 67.463 574.763 131.780 550.156 131.780
549.614 66.659 574.372 66.659 574.372 131.382 549.614 131.382
549.488 66.744 574.362 66.744 574.362 131.713 549.488 131.713
549.605 65.582 574.587 65.582 574.587 130.759 549.605 130.759
549.539 59.444 574.700 59.444 574.700 124.844 549.539 124.844
545.279 64.169 570.475 64.169 570.475 129.625 545.279 129.625
546.451 72.933 571.474 72.933 571.474 138.646 546.451 138.646
547.443 70.420 572.520 70.420 572.520 136.316 547.443 136.316
547.975 68.264 573.168 68.264 573.168 134.481 547.975 134.481
547.837 71.953 573.078 71.953 573.078 138.471 547.837 138.471
548.058 70.483 573.296 70.483 573.296 137.683 548.058 137.683
547.994 69.421 573.118 69.421 573.118 137.416 547.994 137.416
548.074 68.447 573.014 68.447 573.014 137.165 548.074 137.165
547.623 71.483 572.404 71.483 572.404 140.905 547.623 140.905
547.542 69.880 572.056 69.880 572.056 139.966 547.542 139.966
547.672 69.099 572.196 69.099 572.196 139.583 547.672 139.583
547.457 66.906 572.164 66.906 572.164 137.801 547.457 137.801
547.434 66.521 572.198 66.521 572.198 137.865 547.434 137.865
547.409 66.889 572.396 66.889 572.396 138.617 547.409 138.617
547.116 66.308 572.266 66.308 572.266 138.445 547.116 138.445
546.764 66.028 572.039 66.028 572.039 138.469 546.764 138.469
546.494 66.679 571.960 66.679 571.960 139.229 546.494 139.229
545.742 67.607 571.436 67.607 571.436 140.491 545.742 140.491
545.798 65.919 571.676 65.919 571.676 139.236 545.798 139.236
545.690 66.055 571.858 66.055 571.858 139.569 545.690 139.569
546.242 65.628 572.611 65.628 572.611 139.073 546.242 139.073
545.198 65.441 571.627 65.441 571.627 139.324 545.198 139.324
545.609 65.458 572.093 65.458 572.093 139.609 545.609 139.609
546.137 64.023 572.542 64.023 572.542 138.777 546.137 138.777
545.764 69.119 572.355 69.119 572.355 143.670 545.764 143.670
545.166 67.282 571.740 67.282 571.740 141.902 545.166 141.902
544.353 71.120 570.942 71.120 570.942 145.823 544.353 145.823
544.913 69.107 571.604 69.107 571.604 143.743 544.913 143.743
545.014 67.380 571.663 67.380 571.663 142.194 545.014 142.194
545.564 66.139 572.316 66.139 572.316 140.969 545.564 140.969
545.984 65.875 572.821 65.875 572.821 141.190 545.984 141.190
545.654 66.383 572.601 66.383 572.601 142.027 545.654 142.027
546.197 68.057 573.090 68.057 573.090 144.173 546.197 144.173
546.034 69.051 573.118 69.051 573.118 145.283 546.034 145.283
545.512 70.345 572.695 70.345 572.695 146.880 545.512 146.880
545.088 69.982 572.241 69.982 572.241 146.640 545.088 146.640
545.642 69.510 572.749 69.510 572.749 146.371 545.642 146.371
545.393 70.351 572.461 70.351 572.461 147.382 545.393 147.382
545.155 71.013 572.277 71.013 572.277 147.899 545.155 147.899
545.012 70.562 572.073 70.562 572.073 147.451 545.012 147.451
544.734 70.381 571.811 70.381 571.811 147.594 544.734 147.594
544.518 70.160 571.621 70.160 571.621 147.340 544.518 147.340
544.484 70.887 571.667 70.887 571.667 148.040 544.484 148.040
543.567 70.550 570.961 70.550 570.961 147.633 543.567 147.633
543.449 69.549 570.971 69.549 570.971 146.406 543.449 146.406
543.564 69.244 571.213 69.244 571.213 145.747 543.564 145.747
544.023 68.022 571.719 68.022 571.719 144.517 544.023 144.517
543.679 67.088 571.297 67.088 571.297 143.472 543.679 143.472
543.159 70.757 570.916 70.757 570.916 146.817 543.159 146.817
543.494 69.116 571.199 69.116 571.199 144.956 543.494 144.956
542.934 68.159 570.437 68.159 570.437 144.166 542.934 144.166
542.352 71.896 569.807 71.896 569.807 147.528 542.352 147.528
542.278 69.995 569.672 69.995 569.672 145.643 542.278 145.643
541.839 74.399 569.023 74.399 569.023 149.984 541.839 149.984
541.647 72.401 568.722 72.401 568.722 147.695 541.647 147.695
542.165 72.095 569.124 72.095 569.124 147.092 542.165 147.092
542.026 72.753 569.037 72.753 569.037 147.731 542.026 147.731
541.833 73.596 568.799 73.596 568.799 148.536 541.833 148.536
541.001 75.564 567.882 75.564 567.882 150.563 541.001 150.563
540.553 77.843 567.451 77.843 567.451 152.549 540.553 152.549
539.892 76.717 566.635 76.717 566.635 150.989 539.892 150.989
539.507 77.446 566.040 77.446 566.040 151.685 539.507 151.685
539.982 78.722 566.366 78.722 566.366 152.588 539.982 152.588
539.552 79.382 565.798 79.382 565.798 152.891 539.552 152.891
539.024 78.383 565.056 78.383 565.056 151.789 539.024 151.789
538.998 78.651 565.079 78.651 565.079 151.779 538.998 151.779
538.375 79.692 564.485 79.692 564.485 152.559 538.375 152.559
537.924 78.046 563.957 78.046 563.957 150.732 537.924 150.732
537.528 78.216 563.531 78.216 563.531 151.148 537.528 151.148
536.964 78.679 563.024 78.679 563.024 151.449 536.964 151.449
536.683 77.963 562.764 77.963 562.764 150.600 536.683 150.600
536.299 79.149 562.323 79.149 562.323 151.662 536.299 151.662
536.190 79.048 562.051 79.048 562.051 151.560 536.190 151.560
536.136 79.914 561.808 79.914 561.808 152.364 536.136 152.364
535.780 79.563 561.388 79.563 561.388 151.710 535.780 151.710
535.833 79.437 561.401 79.437 561.401 151.184 535.833 151.184
535.577 79.907 560.988 79.907 560.988 151.360 535.577 151.360
534.811 80.492 560.257 80.492 560.257 151.303 534.811 151.303
534.541 78.986 560.030 78.986 560.030 149.580 534.541 149.580
534.725 80.066 559.967 80.066 559.967 150.577 534.725 150.577
535.176 80.779 560.337 80.779 560.337 151.208 535.176 151.208
534.608 81.846 559.788 81.846 559.788 151.969 534.608 151.969
534.380 82.973 559.514 82.973 559.514 153.431 534.380 153.431
534.080 84.160 559.293 84.160 559.293 154.843 534.080 154.843
533.210 83.465 558.368 83.465 558.368 154.188 533.210 154.188
533.343 81.939 558.437 81.939 558.437 152.910 533.343 152.910
532.733 82.247 557.935 82.247 557.935 153.066 532.733 153.066
532.754 82.368 557.936 82.368 557.936 153.596 532.754 153.596
532.893 83.303 558.228 83.303 558.228 154.463 532.893 154.463
531.047 84.297 556.402 84.297 556.402 155.665 531.047 155.665
530.718 84.304 556.024 84.304 556.024 155.928 530.718 155.928
530.019 84.428 555.222 84.428 555.222 156.143 530.019 156.143
529.581 81.874 554.864 81.874 554.864 153.679 529.581 153.679
528.900 82.473 554.288 82.473 554.288 154.100 528.900 154.100
529.153 82.146 554.745 82.146 554.745 153.784 529.153 153.784
528.781 83.362 554.490 83.362 554.490 154.855 528.781 154.855
528.965 83.832 554.737 83.832 554.737 155.567 528.965 155.567
528.408 83.265 554.211 83.265 554.211 154.708 528.408 154.708
528.857 82.825 554.608 82.825 554.608 154.301 528.857 154.301
527.720 82.899 553.502 82.899 553.502 154.288 527.720 154.288
527.662 83.608 553.534 83.608 553.534 154.958 527.662 154.958
526.926 82.938 552.795 82.938 552.795 154.321 526.926 154.321
526.673 83.227 552.541 83.227 552.541 154.789 526.673 154.789
526.673 84.922 552.546 84.922 552.546 156.703 526.673 156.703
526.637 87.132 552.546 87.132 552.546 158.979 526.637 158.979
526.412 88.447 552.480 88.447 552.480 160.049 526.412 160.049
526.273 87.356 552.444 87.356 552.444 158.689 526.273 158.689
525.440 86.899 551.614 86.899 551.614 157.948 525.440 157.948
525.740 85.315 552.068 85.315 552.068 156.316 525.740 156.316
524.878 85.487 551.057 85.487 551.057 156.686 524.878 156.686
524.175 84.885 550.419 84.885 550.419 156.276 524.175 156.276
523.754 85.702 550.012 85.702 550.012 157.114 523.754 157.114
523.772 85.486 549.967 85.486 549.967 157.172 523.772 157.172
523.474 87.232 549.551 87.232 549.551 159.148 523.474 159.148
522.804 88.076 548.932 88.076 548.932 159.938 522.804 159.938
521.867 86.545 547.940 86.545 547.940 158.546 521.867 158.546
521.493 86.885 547.529 86.885 547.529 159.078 521.493 159.078
521.360 87.314 547.415 87.314 547.415 159.563 521.360 159.563
521.201 88.362 547.384 88.362 547.384 160.733 521.201 160.733
520.160 89.202 546.504 89.202 546.504 161.732 520.160 161.732
519.808 90.295 546.332 90.295 546.332 163.049 519.808 163.049
520.453 90.625 547.087 90.625 547.087 163.644 520.453 163.644
520.366 88.064 547.063 88.064 547.063 161.426 520.366 161.426
519.570 88.388 546.362 88.388 546.362 161.742 519.570 161.742
519.453 88.783 546.354 88.783 546.354 162.155 519.453 162.155
519.386 90.229 546.255 90.229 546.255 163.961 519.386 163.961
519.764 90.791 546.522 90.791 546.522 164.716 519.764 164.716
519.041 91.745 545.744 91.745 545.744 165.598 519.041 165.598
519.223 92.699 546.141 92.699 546.141 166.122 519.223 166.122
518.459 93.484 545.515 93.484 545.515 166.750 518.459 166.750
518.704 93.300 545.748 93.300 545.748 166.506 518.704 166.506
518.418 91.469 545.385 91.469 545.385 164.669 518.418 164.669
518.382 91.230 545.365 91.230 545.365 164.611 518.382 164.611
518.019 89.851 544.811 89.851 544.811 163.831 518.019 163.831
517.520 89.574 544.178 89.574 544.178 164.150 517.520 164.150
517.435 91.306 543.992 91.306 543.992 166.440 517.435 166.440
517.135 90.531 543.598 90.531 543.598 166.336 517.135 166.336
517.533 89.848 543.881 89.848 543.881 166.150 517.533 166.150
517.610 91.013 543.967 91.013 543.967 167.654 517.610 167.654
516.847 91.146 543.155 91.146 543.155 168.027 516.847 168.027
515.783 91.701 542.073 91.701 542.073 168.717 515.783 168.717
515.457 91.927 541.977 91.927 541.977 169.129 515.457 169.129
515.390 91.238 541.861 91.238 541.861 168.636 515.390 168.636
514.645 91.909 541.313 91.909 541.313 169.146 514.645 169.146
514.661 91.051 541.303 91.051 541.303 168.378 514.661 168.378
513.918 90.979 540.596 90.979 540.596 168.434 513.918 168.434
513.801 90.587 540.431 90.587 540.431 168.164 513.801 168.164
513.980 90.737 540.498 90.737 540.498 168.488 513.980 168.488
514.065 91.400 540.777 91.400 540.777 169.248 514.065 169.248
513.607 92.289 540.311 92.289 540.311 170.240 513.607 170.240
513.367 93.088 540.182 93.088 540.182 171.057 513.367 171.057
513.758 93.570 540.682 93.570 540.682 171.185 513.758 171.185
514.157 93.287 541.274 93.287 541.274 170.455 514.157 170.455
513.488 95.000 540.773 95.000 540.773 171.680 513.488 171.680
512.947 94.306 540.245 94.306 540.245 170.833 512.947 170.833
513.012 94.426 540.353 94.426 540.353 170.652 513.012 170.652
513.163 93.286 540.518 93.286 540.518 169.220 513.163 169.220
513.226 94.697 540.517 94.697 540.517 170.903 513.226 170.903
512.661 94.010 540.017 94.010 540.017 170.230 512.661 170.230
512.463 93.714 539.822 93.714 539.822 170.211 512.463 170.211
511.747 92.466 539.198 92.466 539.198 169.307 511.747 169.307
512.380 92.734 539.783 92.734 539.783 169.698 512.380 169.698
511.634 93.519 538.902 93.519 538.902 170.565 511.634 170.565
512.098 92.811 539.368 92.811 539.368 169.986 512.098 169.986
510.138 92.777 537.417 92.777 537.417 169.909 510.138 169.909
509.804 93.566 537.292 93.566 537.292 170.966 509.804 170.966
510.137 95.723 537.510 95.723 537.510 173.216 510.137 173.216
509.534 96.299 536.836 96.299 536.836 173.964 509.534 173.964
508.795 96.000 536.169 96.000 536.169 173.494 508.795 173.494
507.921 95.548 535.224 95.548 535.224 173.057 507.921 173.057
507.784 95.846 535.122 95.846 535.122 173.257 507.784 173.257
506.794 94.277 534.190 94.277 534.190 171.695 506.794 171.695
506.114 94.570 533.444 94.570 533.444 172.135 506.114 172.135
506.424 94.728 533.893 94.728 533.893 172.187 506.424 172.187
505.820 94.434 533.316 94.434 533.316 171.870 505.820 171.870
505.582 96.733 533.147 96.733 533.147 174.185 505.582 174.185
504.621 97.283 532.330 97.283 532.330 174.351 504.621 174.351
504.022 98.051 531.768 98.051 531.768 174.968 504.022 174.968
504.130 96.823 531.962 96.823 531.962 173.444 504.130 173.444
503.326 97.584 531.373 97.584 531.373 173.519 503.326 173.519
502.682 97.486 530.741 97.486 530.741 173.204 502.682 173.204
502.216 98.176 530.326 98.176 530.326 173.612 502.216 173.612
501.474 98.975 529.448 98.975 529.448 174.373 501.474 174.373
501.373 100.444 529.270 100.444 529.270 175.780 501.373 175.780
500.614 100.222 528.335 100.222 528.335 175.407 500.614 175.407
500.406 98.840 528.168 98.840 528.168 173.730 500.406 173.730
499.465 99.314 527.167 99.314 527.167 174.507 499.465 174.507
498.674 99.093 526.447 99.093 526.447 174.490 498.674 174.490
498.140 101.254 525.858 101.254 525.858 176.446 498.140 176.446
497.874 99.914 525.466 99.914 525.466 175.669 497.874 175.669
496.883 102.088 524.408 102.088 524.408 177.629 496.883 177.629
495.876 100.817 523.450 100.817 523.450 176.070 495.876 176.070
494.980 104.256 522.442 104.256 522.442 179.402 494.980 179.402
494.634 105.273 521.969 105.273 521.969 179.944 494.634 179.944
494.958 103.785 522.215 103.785 522.215 178.417 494.958 178.417
493.022 102.731 520.166 102.731 520.166 177.217 493.022 177.217
492.993 102.904 520.162 102.904 520.162 176.952 492.993 176.952
491.523 103.589 518.695 103.589 518.695 177.321 491.523 177.321
491.195 102.670 518.348 102.670 518.348 176.154 491.195 176.154
490.520 103.029 517.718 103.029 517.718 176.046 490.520 176.046
489.490 103.592 516.733 103.592 516.733 176.376 489.490 176.376
489.534 105.754 516.663 105.754 516.663 178.440 489.534 178.440
489.537 106.492 516.808 106.492 516.808 178.899 489.537 178.899
488.308 105.432 515.663 105.432 515.663 177.375 488.308 177.375
487.725 105.636 515.155 105.636 515.155 177.222 487.725 177.222
488.130 107.191 515.634 107.191 515.634 178.346 488.130 178.346
487.097 108.068 514.473 108.068 514.473 179.103 487.097 179.103
487.803 109.348 515.208 109.348 515.208 180.232 487.803 180.232
486.752 108.540 514.078 108.540 514.078 179.195 486.752 179.195
486.982 108.354 514.259 108.354 514.259 178.981 486.982 178.981
486.135 107.634 513.353 107.634 513.353 178.417 486.135 178.417
486.327 104.936 513.575 104.936 513.575 175.863 486.327 175.863
485.645 106.419 512.726 106.419 512.726 178.074 485.645 178.074
484.385 106.966 511.329 106.966 511.329 179.075 484.385 179.075
484.267 108.472 511.100 108.472 511.100 181.136 484.267 181.136
483.845 108.505 510.584 108.505 510.584 181.770 483.845 181.770
483.194 109.205 509.942 109.205 509.942 182.960 483.194 182.960
482.634 111.560 509.560 111.560 509.560 185.219 482.634 185.219
481.682 109.753 508.554 109.753 508.554 183.966 481.682 183.966
480.793 111.126 507.704 111.126 507.704 185.431 480.793 185.431
479.809 108.358 506.788 108.358 506.788 182.885 479.809 182.885
478.335 109.138 505.596 109.138 505.596 183.396 478.335 183.396
477.301 111.376 504.654 111.376 504.654 185.619 477.301 185.619
477.356 109.021 504.711 109.021 504.711 183.503 477.356 183.503
476.557 111.679 504.049 111.679 504.049 186.041 476.557 186.041
476.346 108.823 503.974 108.823 503.974 183.480 476.346 183.480
475.836 109.145 503.737 109.145 503.737 183.805 475.836 183.805
475.269 109.527 503.383 109.527 503.383 183.828 475.269 183.828
474.768 110.210 503.234 110.210 503.234 184.227 474.768 184.227
474.361 109.268 502.880 109.268 502.880 182.995 474.361 182.995
474.274 110.338 502.905 110.338 502.905 183.847 474.274 183.847
473.787 112.763 502.508 112.763 502.508 186.011 473.787 186.011
473.522 113.147 502.158 113.147 502.158 186.351 473.522 186.351
472.992 113.407 501.682 113.407 501.682 186.217 472.992 186.217
472.304 113.873 500.896 113.873 500.896 186.591 472.304 186.591
471.562 113.476 500.161 113.476 500.161 186.228 471.562 186.228
470.913 112.893 499.347 112.893 499.347 186.017 470.913 186.017
470.104 112.346 498.378 112.346 498.378 185.730 470.104 185.730
470.416 113.890 498.616 113.890 498.616 187.286 470.416 187.286
469.071 112.768 497.305 112.768 497.305 186.268 469.071 186.268
467.647 114.360 495.740 114.360 495.740 187.874 467.647 187.874
467.484 115.751 495.583 115.751 495.583 189.264 467.484 189.264
467.204 114.901 495.224 114.901 495.224 188.684 467.204 188.684
466.355 112.938 494.472 112.938 494.472 186.957 466.355 186.957
465.145 114.129 493.302 114.129 493.302 188.127 465.145 188.127
464.462 114.385 492.582 114.385 492.582 188.515 464.462 188.515
463.382 115.189 491.601 115.189 491.601 189.270 463.382 189.270
463.047 116.610 491.458 116.610 491.458 190.499 463.047 190.499
461.280 115.916 489.671 115.916 489.671 189.795 461.280 189.795
460.550 117.585 488.921 117.585 488.921 191.575 460.550 191.575
460.338 117.512 488.693 117.512 488.693 191.307 460.338 191.307
459.179 116.208 487.662 116.208 487.662 189.991 459.179 189.991
457.915 115.924 486.502 115.924 486.502 189.574 457.915 189.574
457.278 114.399 485.770 114.399 485.770 188.006 457.278 188.006
456.584 114.074 484.988 114.074 484.988 187.752 456.584 187.752
455.413 115.195 483.830 115.195 483.830 188.894 455.413 188.894
454.862 118.103 483.373 118.103 483.373 191.657 454.862 191.657
453.967 118.632 482.645 118.632 482.645 191.857 453.967 191.857
453.481 117.900 482.172 117.900 482.172 191.177 453.481 191.177
453.021 119.723 481.763 119.723 481.763 193.159 453.021 193.159
451.791 116.951 480.696 116.951 480.696 190.600 451.791 190.600
451.217 117.532 480.132 117.532 480.132 191.285 451.217 191.285
450.511 116.102 479.260 116.102 479.260 190.210 450.511 190.210
449.949 118.868 478.737 118.868 478.737 192.923 449.949 192.923
451.522 118.288 480.140 118.288 480.140 193.268 451.522 193.268
450.389 117.253 478.845 117.253 478.845 192.931 450.389 192.931
449.851 117.277 478.124 117.277 478.124 193.365 449.851 193.365
448.482 116.462 476.587 116.462 476.587 193.439 448.482 193.439
447.845 117.317 476.101 117.317 476.101 194.479 447.845 194.479
446.409 116.766 475.013 116.766 475.013 194.026 446.409 194.026
445.934 117.796 474.593 117.796 474.593 195.372 445.934 195.372
445.317 121.959 474.372 121.959 474.372 198.978 445.317 198.978
444.018 117.460 473.296 117.460 473.296 194.349 444.018 194.349
443.067 121.918 472.307 121.918 472.307 198.556 443.067 198.556
442.120 122.153 471.535 122.153 471.535 198.644 442.120 198.644
440.983 118.098 470.520 118.098 470.520 194.661 440.983 194.661
440.020 117.708 469.550 117.708 469.550 194.242 440.020 194.242
440.017 118.269 469.505 118.269 469.505 194.751 440.017 194.751
438.793 117.820 468.283 117.820 468.283 194.595 438.793 194.595
437.661 117.652 467.247 117.652 467.247 194.523 437.661 194.523
436.689 119.050 466.505 119.050 466.505 195.824 436.689 195.824
436.108 118.697 466.275 118.697 466.275 194.921 436.108 194.921
435.141 119.295 465.390 119.295 465.390 195.271 435.141 195.271
434.342 120.320 464.820 120.320 464.820 195.784 434.342 195.784
433.642 119.631 464.414 119.631 464.414 194.806 433.642 194.806
432.348 120.574 463.429 120.574 463.429 195.262 432.348 195.262
432.605 122.243 463.652 122.243 463.652 196.922 432.605 196.922
431.945 122.612 463.128 122.612 463.128 196.874 431.945 196.874
432.198 122.290 462.988 122.290 462.988 197.093 432.198 197.093
431.786 123.157 462.555 123.157 462.555 197.831 431.786 197.831
429.775 124.363 460.410 124.363 460.410 199.426 429.775 199.426
428.953 122.067 459.342 122.067 459.342 197.524 428.953 197.524
427.832 122.042 457.902 122.042 457.902 198.281 427.832 198.281
426.613 123.592 456.575 123.592 456.575 200.457 426.613 200.457
426.459 123.548 456.129 123.548 456.129 201.318 426.459 201.318
426.163 122.507 455.953 122.507 455.953 200.468 426.163 200.468
426.158 126.141 456.286 126.141 456.286 204.175 426.158 204.175
424.497 126.569 455.039 126.569 455.039 204.040 424.497 204.040
423.949 126.206 454.535 126.206 454.535 203.677 423.949 203.677
423.041 127.154 453.842 127.154 453.842 204.542 423.041 204.542
421.376 125.966 452.329 125.966 452.329 203.627 421.376 203.627
419.219 125.172 450.079 125.172 450.079 203.303 419.219 203.303
418.184 124.775 449.133 124.775 449.133 202.945 418.184 202.945
417.721 125.974 448.628 125.974 448.628 204.316 417.721 204.316
416.616 126.282 447.535 126.282 447.535 204.689 416.616 204.689
416.344 126.952 447.293 126.952 447.293 205.108 416.344 205.108
414.614 126.289 445.681 126.289 445.681 203.790 414.614 203.790
414.062 126.513 445.216 126.513 445.216 203.161 414.062 203.161
413.028 128.299 444.250 128.299 444.250 204.384 413.028 204.384
411.214 128.666 442.489 128.666 442.489 204.204 411.214 204.204
411.557 129.424 442.710 129.424 442.710 205.035 411.557 205.035
409.705 130.226 440.963 130.226 440.963 205.527 409.705 205.527
408.663 131.512 439.962 131.512 439.962 206.438 408.663 206.438
408.193 130.520 439.641 130.520 439.641 205.551 408.193 205.551
407.614 130.774 438.864 130.774 438.864 205.696 407.614 205.696
406.707 130.741 438.049 130.741 438.049 205.699 406.707 205.699
405.361 130.205 436.609 130.205 436.609 205.404 405.361 205.404
404.092 130.138 434.846 130.138 434.846 206.073 404.092 206.073
402.073 128.890 432.300 128.890 432.300 206.272 402.073 206.272
402.695 129.960 432.796 129.960 432.796 207.922 402.695 207.922
402.364 132.599 432.178 132.599 432.178 211.364 402.364 211.364
401.082 132.144 431.068 132.144 431.068 210.749 401.082 210.749
399.362 132.754 429.409 132.754 429.409 211.403 399.362 211.403
398.272 134.093 428.293 134.093 428.293 212.481 398.272 212.481
396.718 134.061 426.843 134.061 426.843 211.962 396.718 211.962
395.207 134.926 425.474 134.926 425.474 212.613 395.207 212.613
393.766 136.597 424.071 136.597 424.071 214.322 393.766 214.322
393.101 135.748 423.470 135.748 423.470 213.823 393.101 213.823
391.308 136.948 421.821 136.948 421.821 215.193 391.308 215.193
389.858 135.348 420.278 135.348 420.278 213.683 389.858 213.683
389.130 135.273 419.355 135.273 419.355 214.230 389.130 214.230
387.373 133.857 417.450 133.857 417.450 212.940 387.373 212.940
385.584 132.685 415.684 132.685 415.684 211.796 385.584 211.796
384.633 131.506 414.829 131.506 414.829 210.489 384.633 210.489
384.502 131.781 414.805 131.781 414.805 210.599 384.502 210.599
383.318 133.957 413.723 133.957 413.723 213.033 383.318 213.033
382.068 138.295 412.546 138.295 412.546 217.167 382.068 217.167
380.516 137.602 411.020 137.602 411.020 216.334 380.516 216.334
380.045 139.026 410.655 139.026 410.655 218.050 380.045 218.050
378.405 137.536 409.267 137.536 409.267 216.496 378.405 216.496
376.493 136.739 407.383 136.739 407.383 215.773 376.493 215.773
375.575 135.443 406.530 135.443 406.530 214.658 375.575 214.658
374.602 135.018 405.498 135.018 405.498 214.747 374.602 214.747
373.419 135.921 404.144 135.921 404.144 216.313 373.419 216.313
372.856 134.929 403.223 134.929 403.223 216.310 372.856 216.310
371.336 137.227 401.325 137.227 401.325 219.678 371.336 219.678
370.631 136.634 400.694 136.634 400.694 219.036 370.631 219.036
370.134 136.735 400.032 136.735 400.032 220.007 370.134 220.007
369.669 136.282 399.589 136.282 399.589 219.920 369.669 219.920
368.763 136.799 398.931 136.799 398.931 220.206 368.763 220.206
366.719 138.365 397.200 138.365 397.200 221.313 366.719 221.313
366.118 139.595 397.063 139.595 397.063 222.225 366.118 222.225
364.099 142.000 395.325 142.000 395.325 224.557 364.099 224.557
363.173 142.581 394.699 142.581 394.699 224.783 363.173 224.783
361.617 142.354 393.508 142.354 393.508 224.219 361.617 224.219
359.425 141.132 391.609 141.132 391.609 222.837 359.425 222.837
357.995 139.136 390.117 139.136 390.117 221.438 357.995 221.438
356.649 137.851 388.614 137.851 388.614 220.730 356.649 220.730
355.313 139.096 387.305 139.096 387.305 222.106 355.313 222.106
354.157 137.669 385.929 137.669 385.929 221.469 354.157 221.469
353.976 137.842 385.874 137.842 385.874 222.145 353.976 222.145
353.457 138.434 385.376 138.434 385.376 223.001 353.457 223.001
353.204 138.062 385.059 138.062 385.059 222.671 353.204 222.671
352.074 140.623 384.251 140.623 384.251 224.487 352.074 224.487
352.172 141.339 384.339 141.339 384.339 225.143 352.172 225.143
350.296 140.924 382.637 140.924 382.637 224.135 350.296 224.135
348.271 140.859 380.613 140.859 380.613 223.906 348.271 223.906
347.465 142.474 379.749 142.474 379.749 225.458 347.465 225.458
346.181 142.164 378.481 142.164 378.481 225.101 346.181 225.101
346.195 141.088 378.341 141.088 378.341 224.511 346.195 224.511
345.037 142.544 377.047 142.544 377.047 226.331 345.037 226.331
344.817 142.712 376.682 142.712 376.682 227.119 344.817 227.119
342.709 140.982 374.290 140.982 374.290 226.360 342.709 226.360
342.321 141.297 373.762 141.297 373.762 227.417 342.321 227.417
341.383 142.797 372.889 142.797 372.889 229.033 341.383 229.033
341.497 143.645 372.818 143.645 372.818 230.343 341.497 230.343
339.641 145.470 371.229 145.470 371.229 231.778 339.641 231.778
339.103 146.411 370.830 146.411 370.830 232.516 339.103 232.516
337.674 147.973 369.407 147.973 369.407 234.016 337.674 234.016
336.292 148.120 368.677 148.120 368.677 232.899 336.292 232.899
334.717 149.678 367.108 149.678 367.108 234.119 334.717 234.119
332.853 147.152 365.406 147.152 365.406 231.138 332.853 231.138
331.171 148.416 363.617 148.416 363.617 232.554 331.171 232.554
329.790 149.103 361.863 149.103 361.863 233.737 329.790 233.737
329.061 146.859 361.026 146.859 361.026 231.826 329.061 231.826
326.894 148.530 358.836 148.530 358.836 233.381 326.894 233.381
326.679 145.063 358.684 145.063 358.684 229.712 326.679 229.712
325.582 147.502 357.774 147.502 357.774 231.606 325.582 231.606
324.712 148.120 356.929 148.120 356.929 232.234 324.712 232.234
323.849 150.104 356.130 150.104 356.130 233.868 323.849 233.868
323.152 149.895 355.577 149.895 355.577 233.394 323.152 233.394
321.843 152.413 354.357 152.413 354.357 235.497 321.843 235.497
321.652 150.966 354.106 150.966 354.106 234.207 321.652 234.207
319.718 153.421 352.330 153.421 352.330 236.282 319.718 236.282
318.374 151.352 350.750 151.352 350.750 234.188 318.374 234.188
317.155 151.825 349.135 151.825 349.135 234.693 317.155 234.693
315.598 149.907 347.251 149.907 347.251 233.227 315.598 233.227
314.197 151.364 345.802 151.364 345.802 234.684 314.197 234.684
313.650 153.172 344.989 153.172 344.989 237.199 313.650 237.199
312.504 153.049 343.750 153.049 343.750 237.369 312.504 237.369
312.244 152.517 343.447 152.517 343.447 237.464 312.244 237.464
311.475 154.500 342.855 154.500 342.855 239.829 311.475 239.829
310.618 154.337 342.114 154.337 342.114 240.007 310.618 240.007
308.722 154.416 340.469 154.416 340.469 239.693 308.722 239.693
307.588 154.373 339.631 154.373 339.631 239.398 307.588 239.398
306.800 157.802 339.120 157.802 339.120 242.612 306.800 242.612
305.346 156.889 337.949 156.889 337.949 241.355 305.346 241.355
304.271 158.980 337.139 158.980 337.139 243.377 304.271 243.377
302.518 159.495 335.365 159.495 335.365 244.222 302.518 244.222
301.089 155.235 333.903 155.235 333.903 239.911 301.089 239.911
299.928 156.174 332.486 156.174 332.486 241.382 299.928 241.382
298.124 155.481 330.785 155.481 330.785 240.473 298.124 240.473
296.111 152.998 328.745 152.998 328.745 237.847 296.111 237.847
296.076 154.301 328.973 154.301 328.973 239.156 296.076 239.156
295.337 156.527 328.432 156.527 328.432 241.165 295.337 241.165
294.242 159.873 327.565 159.873 327.565 244.397 294.242 244.397
293.445 160.783 326.922 160.783 326.922 245.650 293.445 245.650
292.108 160.063 325.599 160.063 325.599 245.339 292.108 245.339
289.894 157.135 323.276 157.135 323.276 242.483 289.894 242.483
288.765 157.307 322.384 157.307 322.384 242.754 288.765 242.754
287.080 155.198 320.821 155.198 320.821 240.862 287.080 240.862
286.234 155.027 319.937 155.027 319.937 241.143 286.234 241.143
285.706 155.619 319.518 155.619 319.518 242.155 285.706 242.155
284.788 157.476 318.457 157.476 318.457 244.541 284.788 244.541
283.304 158.454 316.696 158.454 316.696 246.910 283.304 246.910
282.175 158.716 315.587 158.716 315.587 247.209 282.175 247.209
281.109 158.204 314.574 158.204 314.574 247.269 281.109 247.269
280.273 156.458 314.087 156.458 314.087 245.574 280.273 245.574
279.392 156.935 313.423 156.935 313.423 246.415 279.392 246.415
277.607 158.905 311.915 158.905 311.915 249.106 277.607 249.106
276.961 160.463 311.433 160.463 311.433 250.499 276.961 250.499
275.322 161.641 309.963 161.641 309.963 251.544 275.322 251.544
273.648 161.989 308.544 161.989 308.544 251.537 273.648 251.537
271.695 161.853 306.753 161.853 306.753 251.051 271.695 251.051
268.904 160.889 303.987 160.889 303.987 250.252 268.904 250.252
267.419 157.059 302.616 157.059 302.616 246.913 267.419 246.913
264.704 157.603 299.764 157.603 299.764 248.022 264.704 248.022
262.956 157.916 297.772 157.916 297.772 249.229 262.956 249.229
262.279 158.508 297.087 158.508 297.087 250.572 262.279 250.572
261.797 159.874 296.575 159.874 296.575 251.994 261.797 251.994
261.172 161.719 296.188 161.719 296.188 253.263 261.172 253.263
261.163 160.620 296.149 160.620 296.149 252.106 261.163 252.106
259.503 162.700 294.960 162.700 294.960 253.224 259.503 253.224
257.704 160.289 293.483 160.289 293.483 250.737 257.704 250.737
255.357 159.894 291.539 159.894 291.539 250.012 255.357 250.012
254.265 162.200 290.412 162.200 290.412 252.476 254.265 252.476
253.784 163.629 289.784 163.629 289.784 254.218 253.784 254.218
251.965 167.080 287.780 167.080 287.780 257.996 251.965 257.996
252.170 167.139 287.864 167.139 287.864 258.191 252.170 258.191
251.036 166.256 286.509 166.256 286.509 257.858 251.036 257.858
247.263 164.245 282.350 164.245 282.350 256.190 247.263 256.190
246.114 163.822 281.011 163.822 281.011 255.944 246.114 255.944
245.296 163.011 280.084 163.011 280.084 255.278 245.296 255.278
243.715 164.050 278.850 164.050 278.850 255.738 243.715 255.738
243.148 169.096 278.402 169.096 278.402 260.533 243.148 260.533
242.819 171.731 278.238 171.731 278.238 263.213 242.819 263.213
242.177 174.326 277.892 174.326 277.892 265.267 242.177 265.267
240.109 174.300 276.252 174.300 276.252 264.447 240.109 264.447
237.065 174.637 273.506 174.637 273.506 263.800 237.065 263.800
235.606 172.394 272.015 172.394 272.015 261.307 235.606 261.307
233.123 169.443 269.497 169.443 269.497 258.378 233.123 258.378
230.269 167.280 266.637 167.280 266.637 256.267 230.269 256.267
227.891 171.832 264.301 171.832 264.301 260.667 227.891 260.667
227.393 173.180 263.426 173.180 263.426 262.453 227.393 262.453
225.421 175.266 261.307 175.266 261.307 264.441 225.421 264.441
223.955 171.111 259.948 171.111 259.948 260.002 223.955 260.002
221.455 172.664 257.472 172.664 257.472 261.190 221.455 261.190
220.317 171.118 256.086 171.118 256.086 260.280 220.317 260.280
218.347 170.983 254.189 170.983 254.189 260.546 218.347 260.546
217.211 175.376 253.114 175.376 253.114 264.654 217.211 264.654
216.907 174.756 253.034 174.756 253.034 263.582 216.907 263.582
215.929 174.744 252.040 174.744 252.040 264.070 215.929 264.070
214.051 179.727 250.370 179.727 250.370 268.680 214.051 268.680
212.446 176.490 248.582 176.490 248.582 266.172 212.446 266.172
211.757 174.786 247.510 174.786 247.510 265.253 211.757 265.253
210.263 174.001 246.071 174.001 246.071 264.468 210.263 264.468
207.438 170.016 243.248 170.016 243.248 260.702 207.438 260.702
204.725 173.369 240.396 173.369 240.396 264.681 204.725 264.681
203.662 175.940 239.465 175.940 239.465 267.105 203.662 267.105
202.514 177.589 238.461 177.589 238.461 269.286 202.514 269.286
201.536 181.614 237.789 181.614 237.789 273.366 201.536 273.366
200.100 179.013 236.714 179.013 236.714 270.204 200.100 270.204
198.402 181.654 235.518 181.654 235.518 272.378 198.402 272.378
195.702 181.305 233.266 181.305 233.266 271.286 195.702 271.286
193.664 180.750 231.396 180.750 231.396 269.818 193.664 269.818
190.482 180.090 228.556 180.090 228.556 268.713 190.482 268.713
187.582 180.718 225.614 180.718 225.614 269.377 187.582 269.377
186.294 181.794 223.876 181.794 223.876 271.370 186.294 271.370
184.769 180.440 222.148 180.440 222.148 270.480 184.769 270.480
182.684 180.602 219.830 180.602 219.830 270.882 182.684 270.882
181.692 178.713 218.475 178.713 218.475 269.313 181.692 269.313
180.072 175.367 216.631 175.367 216.631 266.047 180.072 266.047
177.487 176.525 213.738 176.525 213.738 266.945 177.487 266.945
175.348 175.880 211.480 175.880 211.480 266.198 175.348 266.198
174.339 178.460 210.308 178.460 210.308 269.184 174.339 269.184
172.942 180.412 208.740 180.412 208.740 271.812 172.942 271.812
171.292 185.925 207.444 185.925 207.444 276.960 171.292 276.960
