353.000 123.000 376.000 123.000 376.000 195.000 353.000 195.000
354.728 123.862 377.866 123.862 377.866 195.610 354.728 195.610
357.382 121.131 380.779 121.131 380.779 192.751 357.382 192.751
360.635 126.992 384.482 126.992 384.482 198.280 360.635 198.280
364.015 120.872 388.086 120.872 388.086 192.285 364.015 192.285
368.857 125.990 392.848 125.990 392.848 197.100 368.857 197.100
371.117 120.985 394.976 120.985 394.976 192.485 371.117 192.485
374.537 124.040 398.857 124.040 398.857 195.029 374.537 195.029
378.903 121.930 403.452 121.930 403.452 192.915 378.903 192.915
382.048 122.201 406.712 122.201 406.712 193.361 382.048 193.361
385.785 121.971 410.820 121.971 410.820 193.131 385.785 193.131
390.094 122.572 415.315 122.572 415.315 193.639 390.094 193.639
393.880 124.886 419.280 124.886 419.280 195.809 393.880 195.809
397.932 122.056 423.285 122.056 423.285 193.034 397.932 193.034
401.860 123.185 427.291 123.185 427.291 193.880 401.860 193.880
405.344 121.848 430.969 121.848 430.969 192.303 405.344 192.303
409.834 122.314 435.698 122.314 435.698 192.492 409.834 192.492
414.239 121.823 440.102 121.823 440.102 192.032 414.239 192.032
417.856 121.320 443.614 121.320 443.614 192.232 417.856 192.232
422.527 121.405 448.274 121.405 448.274 192.094 422.527 192.094
426.116 121.959 451.895 121.959 451.895 192.473 426.116 192.473
429.927 121.720 455.803 121.720 455.803 192.453 429.927 192.453
434.048 121.221 460.078 121.221 460.078 191.904 434.048 191.904
439.098 120.167 465.186 120.167 465.186 190.870 439.098 190.870
442.964 119.964 469.253 119.964 469.253 190.665 442.964 190.665
448.163 119.796 474.229 119.796 474.229 190.984 448.163 190.984
451.960 121.040 478.012 121.040 478.012 192.433 451.960 192.433
455.456 120.225 481.470 120.225 481.470 191.481 455.456 191.481
458.195 120.662 484.256 120.662 484.256 192.020 458.195 192.020
461.687 119.335 487.669 119.335 487.669 191.052 461.687 191.052
465.333 120.066 491.667 120.066 491.667 191.004 465.333 191.004
469.267 118.843 495.768 118.843 495.768 189.779 469.267 189.779
473.063 120.297 499.701 120.297 499.701 191.326 473.063 191.326
476.969 119.262 503.442 119.262 503.442 190.580 476.969 190.580
481.032 118.329 506.967 118.329 506.967 190.539 481.032 190.539
483.919 117.824 509.849 117.824 509.849 189.962 483.919 189.962
483.492 117.927 509.374 117.927 509.374 190.682 483.492 190.682
473.060 117.769 498.908 117.769 498.908 190.464 473.060 190.464
468.571 118.066 494.325 118.066 494.325 190.692 468.571 190.692
457.066 118.929 483.293 118.929 483.293 190.686 457.066 190.686
446.518 120.512 472.613 120.512 472.613 192.339 446.518 192.339
435.935 117.123 462.105 117.123 462.105 189.034 435.935 189.034
432.156 119.245 458.060 119.245 458.060 191.337 432.156 191.337
422.506 118.444 448.055 118.444 448.055 191.072 422.506 191.072
410.855 119.420 436.485 119.420 436.485 191.958 410.855 191.958
400.188 119.564 425.667 119.564 425.667 192.374 400.188 192.374
390.857 119.715 416.153 119.715 416.153 192.811 390.857 192.811
379.270 117.030 404.596 117.030 404.596 189.970 379.270 189.970
375.970 118.048 401.316 118.048 401.316 190.994 375.970 190.994
372.705 118.284 398.296 118.284 398.296 190.544 372.705 190.544
355.382 119.993 381.468 119.993 381.468 191.429 355.382 191.429
345.644 121.252 371.630 121.252 371.630 192.456 345.644 192.456
333.690 119.221 359.918 119.221 359.918 189.852 333.690 189.852
328.851 121.523 355.091 121.523 355.091 191.814 328.851 191.814
316.959 122.897 343.636 122.897 343.636 192.290 316.959 192.290
312.515 121.194 339.027 121.194 339.027 190.382 312.515 190.382
302.247 123.156 328.288 123.156 328.288 192.726 302.247 192.726
290.074 123.556 316.061 123.556 316.061 192.654 290.074 192.654
286.359 122.512 312.288 122.512 312.288 191.403 286.359 191.403
274.227 121.586 300.131 121.586 300.131 190.397 274.227 190.397
270.593 121.822 296.277 121.822 296.277 190.725 270.593 190.725
259.703 122.478 285.425 122.478 285.425 190.992 259.703 190.992
250.343 124.090 275.924 124.090 275.924 192.526 250.343 192.526
238.446 122.647 264.055 122.647 264.055 190.617 238.446 190.617
226.617 125.316 252.390 125.316 252.390 192.821 226.617 192.821
220.828 124.476 246.740 124.476 246.740 191.612 220.828 191.612
223.339 125.624 249.057 125.624 249.057 193.136 223.339 193.136
228.537 124.753 253.921 124.753 253.921 192.637 228.537 192.637
231.747 125.651 257.090 125.651 257.090 193.535 231.747 193.535
235.233 123.935 260.629 123.935 260.629 191.653 235.233 191.653
239.183 124.245 264.621 124.245 264.621 192.083 239.183 192.083
243.551 123.556 268.837 123.556 268.837 191.695 243.551 191.695
248.335 123.723 273.399 123.723 273.399 191.855 248.335 191.855
252.880 124.851 277.663 124.851 277.663 193.705 252.880 193.705
260.442 124.574 284.914 124.574 284.914 194.253 260.442 194.253
262.794 123.866 286.887 123.866 286.887 194.452 262.794 194.452
265.502 123.094 289.432 123.094 289.432 194.461 265.502 194.461
272.899 123.154 296.710 123.154 296.710 196.130 272.899 196.130
274.434 123.110 298.624 123.110 298.624 196.871 274.434 196.871
276.300 123.767 300.812 123.767 300.812 198.338 276.300 198.338
278.128 122.939 302.870 122.939 302.870 198.440 278.128 198.440
279.012 120.237 303.995 120.237 303.995 196.837 279.012 196.837
280.493 120.604 305.858 120.604 305.858 197.779 280.493 197.779
281.451 117.172 307.437 117.172 307.437 194.354 281.451 194.354
275.224 117.518 301.674 117.518 301.674 194.121 275.224 194.121
269.047 118.657 295.935 118.657 295.935 194.472 269.047 194.472
254.950 116.989 282.274 116.989 282.274 192.229 254.950 192.229
249.749 118.963 277.001 118.963 277.001 194.197 249.749 194.197
237.713 116.242 265.037 116.242 265.037 191.366 237.713 191.366
226.007 118.660 253.572 118.660 253.572 193.354 226.007 193.354
222.207 121.278 250.084 121.278 250.084 196.127 222.207 196.127
220.259 124.090 248.411 124.090 248.411 198.912 220.259 198.912
217.589 120.601 245.899 120.601 245.899 195.798 217.589 195.798
217.198 119.994 245.337 119.994 245.337 195.567 217.198 195.567
219.300 119.743 247.214 119.743 247.214 195.923 219.300 195.923
223.081 120.244 250.911 120.244 250.911 196.221 223.081 196.221
225.216 121.197 253.046 121.197 253.046 197.469 225.216 197.469
232.646 119.185 260.542 119.185 260.542 195.526 232.646 195.526
234.110 120.260 262.814 120.260 262.814 195.626 234.110 195.626
243.436 119.588 272.241 119.588 272.241 194.653 243.436 194.653
246.603 120.413 275.525 120.413 275.525 195.248 246.603 195.248
257.527 119.842 286.319 119.842 286.319 194.327 257.527 194.327
261.772 119.799 290.395 119.799 290.395 193.856 261.772 193.856
265.805 120.563 294.479 120.563 294.479 194.306 265.805 194.306
270.378 117.783 298.660 117.783 298.660 191.801 270.378 191.801
278.893 118.706 306.769 118.706 306.769 193.292 278.893 193.292
287.770 116.631 314.864 116.631 314.864 191.827 287.770 191.827
295.160 118.790 322.040 118.790 322.040 194.245 295.160 194.245
299.484 116.165 326.408 116.165 326.408 191.997 299.484 191.997
307.936 121.391 334.562 121.391 334.562 197.894 307.936 197.894
314.871 121.998 341.315 121.998 341.315 198.812 314.871 198.812
322.987 120.176 349.650 120.176 349.650 197.403 322.987 197.403
330.326 115.661 357.306 115.661 357.306 192.977 330.326 192.977
334.555 116.711 361.751 116.711 361.751 194.214 334.555 194.214
342.417 115.037 369.722 115.037 369.722 192.426 342.417 192.426
347.111 113.536 374.747 113.536 374.747 189.960 347.111 189.960
351.510 114.359 379.354 114.359 379.354 190.262 351.510 190.262
361.248 115.991 389.026 115.991 389.026 191.765 361.248 191.765
370.306 117.775 397.719 117.775 397.719 193.793 370.306 193.793
372.412 115.024 399.427 115.024 399.427 191.328 372.412 191.328
386.695 117.455 413.876 117.455 413.876 193.670 386.695 193.670
394.327 122.089 421.026 122.089 421.026 199.123 394.327 199.123
396.621 117.671 422.857 117.671 422.857 196.349 396.621 196.349
402.275 116.431 428.150 116.431 428.150 196.793 402.275 196.793
402.532 138.163 428.418 138.163 428.418 219.344 402.532 219.344
402.340 135.734 428.328 135.734 428.328 217.911 402.340 217.911
422.800 122.266 449.798 122.266 449.798 202.473 422.800 202.473
431.723 114.074 458.818 114.074 458.818 193.877 431.723 193.877
437.835 113.779 465.285 113.779 465.285 192.889 437.835 192.889
436.885 111.001 464.718 111.001 464.718 189.546 436.885 189.546
427.830 108.527 455.850 108.527 455.850 186.449 427.830 186.449
420.850 111.931 449.219 111.931 449.219 189.118 420.850 189.118
413.447 110.336 441.785 110.336 441.785 187.381 413.447 187.381
406.494 115.665 435.009 115.665 435.009 193.027 406.494 193.027
393.836 115.512 422.426 115.512 422.426 192.740 393.836 192.740
386.542 112.414 415.405 112.414 415.405 188.880 386.542 188.880
380.345 126.258 409.410 126.258 409.410 202.199 380.345 202.199
373.663 127.203 403.074 127.203 403.074 202.543 373.663 202.543
366.890 141.295 396.398 141.295 396.398 216.344 366.890 216.344
359.884 142.616 389.412 142.616 389.412 217.483 359.884 217.483
339.830 141.129 369.219 141.129 369.219 216.088 339.830 216.088
326.831 137.024 356.402 137.024 356.402 211.485 326.831 211.485
359.166 126.590 388.300 126.590 388.300 201.500 359.166 201.500
351.173 133.955 379.902 133.955 379.902 209.380 351.173 209.380
348.738 136.759 377.274 136.759 377.274 212.314 348.738 212.314
347.828 133.396 376.025 133.396 376.025 209.233 347.828 209.233
347.147 137.246 375.063 137.246 375.063 213.314 347.147 213.314
346.381 135.742 374.121 135.742 374.121 212.167 346.381 212.167
345.757 137.799 373.381 137.799 373.381 214.447 345.757 214.447
349.939 140.628 377.610 140.628 377.610 216.917 349.939 216.917
348.542 138.419 376.120 138.419 376.120 214.785 348.542 214.785
347.783 136.217 375.252 136.217 375.252 212.709 347.783 212.709
346.840 132.956 374.057 132.956 374.057 209.922 346.840 209.922
346.355 135.705 373.474 135.705 373.474 212.840 346.355 212.840
350.582 132.129 377.578 132.129 377.578 209.339 350.582 209.339
349.128 134.309 376.423 134.309 376.423 210.686 349.128 210.686
334.507 134.641 361.803 134.641 361.803 210.852 334.507 210.852
320.325 128.685 347.703 128.685 347.703 204.810 320.325 204.810
306.201 130.568 333.683 130.568 333.683 206.552 306.201 206.552
291.924 131.114 319.292 131.114 319.292 207.024 291.924 207.024
272.590 133.164 299.915 133.164 299.915 208.924 272.590 208.924
272.550 135.461 299.639 135.461 299.639 211.748 272.550 211.748
276.305 130.958 303.178 130.958 303.178 207.503 276.305 207.503
274.051 133.886 300.925 133.886 300.925 210.148 274.051 210.148
273.294 136.785 300.107 136.785 300.107 213.042 273.294 213.042
259.095 135.680 286.252 135.680 286.252 211.053 259.095 211.053
245.472 129.784 272.470 129.784 272.470 205.287 245.472 205.287
283.063 162.332 310.480 162.332 310.480 238.035 283.063 238.035
288.995 167.547 317.020 167.547 317.020 242.326 288.995 242.326
344.954 107.519 372.598 107.519 372.598 183.200 344.954 183.200
345.381 105.016 373.166 105.016 373.166 180.884 345.381 180.884
351.530 106.277 379.012 106.277 379.012 182.464 351.530 182.464
357.184 104.052 384.742 104.052 384.742 179.956 357.184 179.956
356.309 105.836 383.630 105.836 383.630 181.796 356.309 181.796
348.409 106.662 375.670 106.662 375.670 182.404 348.409 182.404
340.617 106.048 367.858 106.048 367.858 181.282 340.617 181.282
341.312 106.875 368.515 106.875 368.515 181.170 341.312 181.170
348.004 103.140 375.050 103.140 375.050 176.841 348.004 176.841
354.189 103.917 381.139 103.917 381.139 177.593 354.189 177.593
360.553 102.840 387.080 102.840 387.080 176.919 360.553 176.919
358.453 101.874 385.002 101.874 385.002 175.707 358.453 175.707
356.714 102.121 382.904 102.121 382.904 176.338 356.714 176.338
346.878 102.279 373.256 102.279 373.256 176.324 346.878 176.324
337.104 103.386 363.480 103.386 363.480 176.991 337.104 176.991
328.242 101.936 354.267 101.936 354.267 175.217 328.242 175.217
327.295 100.587 352.713 100.587 352.713 174.911 327.295 174.911
330.071 100.697 355.564 100.697 355.564 174.659 330.071 174.659
332.258 101.378 357.690 101.378 357.690 175.486 332.258 175.486
337.787 103.461 362.992 103.461 362.992 177.925 337.787 177.925
330.934 103.675 356.235 103.675 356.235 177.655 330.934 177.655
324.181 104.968 349.779 104.968 349.779 178.223 324.181 178.223
311.185 105.850 337.167 105.850 337.167 178.716 311.185 178.716
303.488 103.318 329.586 103.318 329.586 176.117 303.488 176.117
308.354 99.365 334.452 99.365 334.452 172.112 308.354 172.112
308.761 108.093 335.006 108.093 335.006 180.501 308.761 180.501
301.699 115.067 328.108 115.067 328.108 186.895 301.699 186.895
294.109 124.093 320.541 124.093 320.541 195.282 294.109 195.282
281.068 122.869 307.604 122.869 307.604 193.523 281.068 193.523
275.246 125.288 301.498 125.288 301.498 196.075 275.246 196.075
268.363 123.564 294.420 123.564 294.420 193.702 268.363 193.702
292.064 128.691 318.084 128.691 318.084 198.630 292.064 198.630
286.496 165.702 312.009 165.702 312.009 237.261 286.496 237.261
287.045 164.887 312.645 164.887 312.645 237.592 287.045 237.592
284.887 164.398 310.523 164.398 310.523 237.575 284.887 237.575
265.334 170.610 291.164 170.610 291.164 243.780 265.334 243.780
263.196 168.733 289.029 168.733 289.029 242.442 263.196 242.442
262.276 168.514 288.074 168.514 288.074 243.043 262.276 243.043
261.776 167.172 287.472 167.172 287.472 242.938 261.776 242.938
261.633 171.095 287.138 171.095 287.138 247.787 261.633 247.787
261.483 168.372 286.979 168.372 286.979 245.885 261.483 245.885
261.224 171.858 286.574 171.858 286.574 250.473 261.224 250.473
260.582 169.607 286.005 169.607 286.005 248.534 260.582 248.534
260.158 168.523 285.775 168.523 285.775 248.166 260.158 248.166
259.768 172.062 285.454 172.062 285.454 251.984 259.768 251.984
259.325 170.170 285.259 170.170 285.259 250.459 259.325 250.459
259.101 172.865 285.099 172.865 285.099 253.595 259.101 253.595
259.025 171.224 285.266 171.224 285.266 251.865 259.025 251.865
259.299 170.218 285.512 170.218 285.512 251.557 259.299 251.557
259.227 169.862 285.636 169.862 285.636 251.006 259.227 251.006
258.852 169.016 285.389 169.016 285.389 250.502 258.852 250.502
258.824 171.984 285.117 171.984 285.117 254.511 258.824 254.511
258.735 170.518 284.992 170.518 284.992 253.211 258.735 253.211
259.242 169.267 285.637 169.267 285.637 251.958 259.242 251.958
258.941 167.958 285.486 167.958 285.486 250.682 258.941 250.682
258.673 167.184 285.392 167.184 285.392 250.136 258.673 250.136
