411.000 191.000 455.000 191.000 455.000 268.000 411.000 268.000
409.847 188.326 453.009 188.326 453.009 266.215 409.847 266.215
409.870 188.017 452.709 188.017 452.709 266.194 409.870 266.194
408.089 185.206 450.288 185.206 450.288 264.086 408.089 264.086
407.580 178.831 449.076 178.831 449.076 258.806 407.580 258.806
406.946 173.587 447.965 173.587 447.965 254.575 406.946 254.575
403.746 167.118 444.152 167.118 444.152 248.922 403.746 248.922
400.640 160.848 440.886 160.848 440.886 242.649 400.640 242.649
398.323 155.585 438.090 155.585 438.090 237.521 398.323 237.521
395.104 144.937 434.675 144.937 434.675 226.617 395.104 226.617
394.247 144.170 433.370 144.170 433.370 225.757 394.247 225.757
392.890 135.915 431.668 135.915 431.668 217.534 392.890 217.534
390.770 135.729 429.615 135.729 429.615 216.841 390.770 216.841
389.684 138.602 428.319 138.602 428.319 219.471 389.684 219.471
388.776 137.141 427.080 137.141 427.080 217.836 388.776 217.836
388.862 134.827 427.332 134.827 427.332 215.253 388.862 215.253
390.035 133.445 428.392 133.445 428.392 213.931 390.035 213.931
392.820 133.782 430.834 133.782 430.834 214.755 392.820 214.755
395.188 127.755 433.298 127.755 433.298 208.583 395.188 208.583
403.569 126.346 442.052 126.346 442.052 206.578 403.569 206.578
412.395 125.049 450.776 125.049 450.776 205.175 412.395 205.175
414.261 127.143 452.510 127.143 452.510 207.132 414.261 207.132
415.167 129.306 453.122 129.306 453.122 209.477 415.167 209.477
415.348 131.885 452.994 131.885 452.994 212.252 415.348 212.252
414.503 134.964 452.028 134.964 452.028 215.035 414.503 215.035
411.278 132.988 448.981 132.988 448.981 212.224 411.278 212.224
406.729 133.315 444.808 133.315 444.808 211.823 406.729 211.823
402.542 135.552 440.712 135.552 440.712 213.809 402.542 213.809
394.062 138.955 431.848 138.955 431.848 217.540 394.062 217.540
387.075 139.740 424.789 139.740 424.789 218.323 387.075 218.323
378.576 140.142 416.056 140.142 416.056 219.396 378.576 219.396
375.791 138.590 413.458 138.590 413.458 217.883 375.791 217.883
368.430 141.185 406.353 141.185 406.353 220.298 368.430 220.298
359.923 141.833 397.784 141.833 397.784 221.579 359.923 221.579
358.781 142.467 396.598 142.467 396.598 222.605 358.781 222.605
349.718 140.611 387.587 140.611 387.587 221.396 349.718 221.396
342.106 139.891 379.917 139.891 379.917 221.757 342.106 221.757
334.301 139.287 372.882 139.287 372.882 220.865 334.301 220.865
329.230 138.240 367.945 138.240 367.945 219.993 329.230 219.993
324.419 137.167 363.108 137.167 363.108 219.243 324.419 219.243
324.168 127.996 363.088 127.996 363.088 210.143 324.168 210.143
323.849 127.263 363.184 127.263 363.184 209.239 323.849 209.239
324.838 126.333 364.021 126.333 364.021 208.761 324.838 208.761
327.436 132.643 366.535 132.643 366.535 215.365 327.436 215.365
330.881 134.198 370.480 134.198 370.480 216.533 330.881 216.533
333.328 136.285 373.550 136.285 373.550 218.291 333.328 218.291
335.733 137.736 376.247 137.736 376.247 219.869 335.733 219.869
338.901 138.502 379.666 138.502 379.666 221.096 338.901 221.096
342.649 139.321 383.939 139.321 383.939 222.269 342.649 222.269
353.567 140.004 395.289 140.004 395.289 223.205 353.567 223.205
365.467 139.278 406.607 139.278 406.607 223.593 365.467 223.593
370.541 140.984 411.274 140.984 411.274 226.171 370.541 226.171
380.926 141.079 421.338 141.079 421.338 227.221 380.926 227.221
391.663 143.957 431.725 143.957 431.725 230.265 391.663 230.265
395.671 143.490 435.493 143.490 435.493 229.835 395.671 229.835
399.625 143.208 439.660 143.208 439.660 229.095 399.625 229.095
404.218 135.528 444.163 135.528 444.163 221.731 404.218 221.731
412.788 132.646 452.995 132.646 452.995 218.445 412.788 218.445
414.959 130.187 455.343 130.187 455.343 215.539 414.959 215.539
416.688 130.913 457.441 130.913 457.441 215.614 416.688 215.614
426.587 122.313 467.433 122.313 467.433 206.767 426.587 206.767
429.633 120.983 470.305 120.983 470.305 205.407 429.633 205.407
431.193 117.731 472.120 117.731 472.120 201.306 431.193 201.306
429.591 110.551 470.311 110.551 470.311 194.001 429.591 194.001
426.771 104.489 467.160 104.489 467.160 188.661 426.771 188.661
416.357 100.930 456.814 100.930 456.814 185.621 416.357 185.621
400.720 106.257 440.928 106.257 440.928 190.995 400.720 190.995
364.666 102.020 405.260 102.020 405.260 186.539 364.666 186.539
354.369 98.598 394.527 98.598 394.527 183.637 354.369 183.637
343.382 95.460 383.615 95.460 383.615 180.609 343.382 180.609
341.254 93.031 381.859 93.031 381.859 178.048 341.254 178.048
329.530 91.475 370.604 91.475 370.604 176.439 329.530 176.439
326.439 92.335 367.369 92.335 367.369 177.583 326.439 177.583
323.569 91.735 364.340 91.735 364.340 177.076 323.569 177.076
312.714 89.482 353.510 89.482 353.510 174.977 312.714 174.977
310.632 85.814 351.799 85.814 351.799 171.007 310.632 171.007
310.717 84.916 351.782 84.916 351.782 170.248 310.717 170.248
312.759 84.523 353.510 84.523 353.510 169.829 312.759 169.829
323.794 89.801 364.834 89.801 364.834 174.622 323.794 174.622
332.929 94.217 374.293 94.217 374.293 178.277 332.929 178.277
342.900 94.602 384.626 94.602 384.626 178.061 342.900 178.061
346.125 98.178 387.944 98.178 387.944 181.810 346.125 181.810
358.261 102.321 399.313 102.321 399.313 186.711 358.261 186.711
372.173 103.046 412.428 103.046 412.428 188.387 372.173 188.387
384.598 105.817 424.671 105.817 424.671 191.702 384.598 191.702
399.176 118.184 438.982 118.184 438.982 204.473 399.176 204.473
404.701 122.605 444.820 122.605 444.820 208.920 404.701 208.920
417.935 127.469 458.606 127.469 458.606 213.354 417.935 213.354
429.755 130.172 470.371 130.172 470.371 215.847 429.755 215.847
440.938 133.549 481.933 133.549 481.933 218.690 440.938 218.690
444.038 134.651 484.488 134.651 484.488 220.271 444.038 220.271
446.975 135.356 486.806 135.356 486.806 221.572 446.975 221.572
457.682 134.169 497.193 134.169 497.193 220.884 457.682 220.884
467.402 133.579 507.489 133.579 507.489 219.592 467.402 219.592
469.588 133.384 509.187 133.384 509.187 219.904 469.588 219.904
470.766 131.402 509.804 131.402 509.804 218.504 470.766 218.504
470.431 130.018 509.166 130.018 509.166 217.538 470.431 217.538
469.450 129.361 508.185 129.361 508.185 216.663 469.450 216.663
460.941 131.529 500.254 131.529 500.254 218.099 460.941 218.099
459.024 128.942 498.131 128.942 498.131 215.806 459.024 215.806
450.548 128.573 489.529 128.573 489.529 215.421 450.548 215.421
441.695 129.482 480.847 129.482 480.847 216.079 441.695 216.079
431.958 130.194 471.064 130.194 471.064 216.571 431.958 216.571
422.970 132.824 461.734 132.824 461.734 219.177 422.970 219.177
419.813 134.766 458.420 134.766 458.420 221.062 419.813 221.062
410.211 136.670 448.659 136.670 448.659 223.237 410.211 223.237
399.852 138.173 438.271 138.173 438.271 224.560 399.852 224.560
391.307 138.014 429.346 138.014 429.346 224.363 391.307 224.363
375.259 135.986 413.146 135.986 413.146 222.918 375.259 222.918
367.880 134.327 406.580 134.327 406.580 220.468 367.880 220.468
360.051 143.837 399.648 143.837 399.648 228.885 360.051 228.885
353.764 146.987 393.763 146.987 393.763 231.721 353.764 231.721
352.003 146.880 392.512 146.880 392.512 231.062 352.003 231.062
342.502 145.868 383.407 145.868 383.407 229.792 342.502 229.792
333.623 143.488 374.617 143.488 374.617 227.594 333.623 227.594
325.442 142.339 366.757 142.339 366.757 226.341 325.442 226.341
319.878 132.234 361.303 132.234 361.303 215.835 319.878 215.835
320.767 138.876 362.224 138.876 362.224 222.547 320.767 222.547
321.535 138.588 363.346 138.588 363.346 221.917 321.535 221.917
321.588 137.465 363.600 137.465 363.600 220.771 321.588 220.771
321.565 137.107 363.814 137.107 363.814 220.302 321.565 220.302
322.341 135.886 364.762 135.886 364.762 219.004 322.341 219.004
323.640 134.569 366.200 134.569 366.200 217.722 323.640 217.722
326.265 134.215 369.075 134.215 369.075 217.258 326.265 217.258
336.344 142.740 378.555 142.740 378.555 227.019 336.344 227.019
345.201 143.951 387.455 143.951 387.455 228.634 345.201 228.634
347.739 145.364 390.090 145.364 390.090 230.345 347.739 230.345
357.622 144.748 399.072 144.748 399.072 230.779 357.622 230.779
359.300 144.049 400.657 144.049 400.657 230.358 359.300 230.358
366.766 149.410 408.217 149.410 408.217 235.676 366.766 235.676
368.266 145.958 409.545 145.958 409.545 232.283 368.266 232.283
370.357 141.539 411.045 141.539 411.045 228.681 370.357 228.681
372.078 139.472 412.293 139.472 412.293 227.227 372.078 227.227
373.067 137.314 413.121 137.314 413.121 225.136 373.067 225.136
373.262 135.874 412.894 135.874 412.894 224.248 373.262 224.248
364.174 132.629 403.681 132.629 403.681 220.915 364.174 220.915
359.959 130.050 399.498 130.050 399.498 218.087 359.959 218.087
348.535 132.625 387.621 132.625 387.621 221.388 348.535 221.388
345.181 133.203 384.081 133.203 384.081 222.099 345.181 222.099
342.560 133.203 381.168 133.203 381.168 222.081 342.560 222.081
341.429 134.347 379.675 134.347 379.675 223.611 341.429 223.611
341.270 137.541 379.060 137.541 379.060 227.249 341.270 227.249
342.174 138.197 379.999 138.197 379.999 227.992 342.174 227.992
343.783 140.491 381.298 140.491 381.298 230.907 343.783 230.907
344.859 143.015 382.417 143.015 382.417 233.699 344.859 233.699
347.438 147.494 384.988 147.494 384.988 238.714 347.438 238.714
350.572 150.915 387.858 150.915 387.858 242.873 350.572 242.873
353.216 152.944 390.775 152.944 390.775 245.089 353.216 245.089
362.854 152.222 400.609 152.222 400.609 244.520 362.854 244.520
373.508 152.586 411.612 152.586 411.612 244.912 373.508 244.912
383.346 150.986 421.962 150.986 421.962 243.189 383.346 243.189
392.732 139.872 430.681 139.872 430.681 233.424 392.732 233.424
393.600 138.581 431.516 138.581 431.516 232.514 393.600 232.514
395.596 137.341 433.665 137.341 433.665 231.001 395.596 231.001
397.550 137.443 435.641 137.443 435.641 231.219 397.550 231.219
398.155 127.792 436.206 127.792 436.206 221.905 398.155 221.905
397.896 119.436 435.948 119.436 435.948 214.042 397.896 214.042
396.580 120.382 434.752 120.382 434.752 215.436 396.580 215.436
396.017 114.042 434.353 114.042 434.353 209.255 396.017 209.255
396.573 108.791 434.997 108.791 434.997 203.938 396.573 203.938
396.662 108.260 435.415 108.260 435.415 203.379 396.662 203.379
396.238 107.221 435.127 107.221 435.127 202.400 396.238 202.400
395.309 100.369 434.632 100.369 434.632 195.088 395.309 195.088
393.949 93.497 433.632 93.497 433.632 187.565 393.949 187.565
392.606 94.141 432.167 94.141 432.167 188.190 392.606 188.190
391.918 91.989 431.051 91.989 431.051 186.546 391.918 186.546
391.155 92.243 429.977 92.243 429.977 186.820 391.155 186.820
390.158 90.548 429.168 90.548 429.168 184.746 390.158 184.746
389.302 91.012 428.259 91.012 428.259 184.976 389.302 184.976
387.381 90.758 426.683 90.758 426.683 184.308 387.381 184.308
385.182 82.635 424.652 82.635 424.652 175.759 385.182 175.759
376.693 82.031 416.186 82.031 416.186 175.024 376.693 175.024
376.181 78.305 415.570 78.305 415.570 171.483 376.181 171.483
375.463 74.474 414.827 74.474 414.827 167.685 375.463 167.685
375.566 68.177 414.998 68.177 414.998 161.299 375.566 161.299
375.538 68.068 415.220 68.068 415.220 161.253 375.538 161.253
375.229 69.021 414.928 69.021 414.928 162.485 375.229 162.485
372.823 68.178 412.960 68.178 412.960 161.000 372.823 161.000
370.623 67.809 411.020 67.809 411.020 160.767 370.623 160.767
369.228 67.206 409.547 67.206 409.547 160.683 369.228 160.683
369.185 67.357 409.106 67.357 409.106 161.669 369.185 161.669
369.297 66.758 409.262 66.758 409.262 161.332 369.297 161.332
370.399 60.340 410.464 60.340 410.464 155.201 370.399 155.201
378.828 51.976 418.932 51.976 418.932 146.742 378.828 146.742
380.108 52.160 420.204 52.160 420.204 146.701 380.108 146.701
380.885 51.594 420.935 51.594 420.935 145.960 380.885 145.960
382.805 51.853 422.464 51.853 422.464 146.652 382.805 146.652
384.407 54.320 423.964 54.320 423.964 148.982 384.407 148.982
386.790 61.051 426.051 61.051 426.051 155.924 386.790 155.924
388.548 73.619 427.438 73.619 427.438 168.905 388.548 168.905
389.509 76.398 428.793 76.398 428.793 171.101 389.509 171.101
389.797 80.772 429.069 80.772 429.069 175.411 389.797 175.411
390.755 85.077 430.298 85.077 430.298 179.239 390.755 179.239
391.647 89.622 431.303 89.622 431.303 183.828 391.647 183.828
399.625 93.534 439.666 93.534 439.666 187.425 399.625 187.425
398.676 95.129 438.648 95.129 438.648 188.869 398.676 188.869
397.207 98.478 437.159 98.478 437.159 192.258 397.207 192.258
395.882 100.890 435.702 100.890 435.702 194.980 395.882 194.980
395.700 102.119 435.439 102.119 435.439 196.628 395.700 196.628
395.473 105.853 435.107 105.853 435.107 200.612 395.473 200.612
395.474 108.568 435.156 108.568 435.156 203.776 395.474 203.776
395.000 110.223 434.891 110.223 434.891 205.398 395.000 205.398
394.591 111.156 434.433 111.156 434.433 206.466 394.591 206.466
395.273 114.440 435.150 114.440 435.150 209.881 395.273 209.881
395.171 115.710 435.081 115.710 435.081 211.252 395.171 211.252
396.127 118.741 435.875 118.741 435.875 214.511 396.127 214.511
396.219 122.708 435.949 122.708 435.949 218.553 396.219 218.553
396.729 123.833 436.192 123.833 436.192 220.057 396.729 220.057
397.787 123.138 437.075 123.138 437.075 219.867 397.787 219.867
398.779 123.561 437.826 123.561 437.826 220.518 398.779 220.518
399.257 124.360 438.013 124.360 438.013 221.559 399.257 221.559
400.794 124.931 439.806 124.931 439.806 221.534 400.794 221.534
400.566 124.228 440.004 124.228 440.004 220.283 400.566 220.283
399.645 122.710 439.201 122.710 439.201 218.490 399.645 218.490
391.419 125.771 431.159 125.771 431.159 221.201 391.419 221.201
381.347 126.989 421.451 126.989 421.451 222.295 381.347 222.295
370.478 127.473 411.081 127.473 411.081 221.827 370.478 221.827
360.658 128.277 401.024 128.277 401.024 222.873 360.658 222.873
337.147 138.825 377.370 138.825 377.370 233.802 337.147 233.802
317.633 142.182 358.829 142.182 358.829 236.277 317.633 236.277
282.964 148.110 324.099 148.110 324.099 241.471 282.964 241.471
262.640 144.487 305.080 144.487 305.080 236.293 262.640 236.293
242.557 142.075 284.961 142.075 284.961 233.987 242.557 233.987
232.046 139.224 274.180 139.224 274.180 231.921 232.046 231.921
210.953 139.446 253.945 139.446 253.945 231.209 210.953 231.209
199.123 137.329 242.511 137.329 242.511 228.706 199.123 228.706
188.746 136.835 231.969 136.835 231.969 228.421 188.746 228.421
176.339 134.033 220.402 134.033 220.402 225.252 176.339 225.252
171.408 130.500 215.730 130.500 215.730 221.615 171.408 221.615
167.299 129.893 211.984 129.893 211.984 220.737 167.299 220.737
164.865 128.399 209.881 128.399 209.881 218.909 164.865 218.909
164.310 128.070 209.225 128.070 209.225 218.600 164.310 218.600
164.405 125.862 209.430 125.862 209.430 216.201 164.405 216.201
166.529 126.554 211.445 126.554 211.445 217.064 166.529 217.064
168.348 126.356 212.938 126.356 212.938 217.493 168.348 217.493
171.534 127.867 215.804 127.867 215.804 219.667 171.534 219.667
174.511 129.074 218.349 129.074 218.349 221.374 174.511 221.374
178.460 132.031 222.444 132.031 222.444 224.215 178.460 224.215
189.986 131.911 234.367 131.911 234.367 223.947 189.986 223.947
193.028 134.137 237.826 134.137 237.826 225.308 193.028 225.308
221.029 140.831 265.610 140.831 265.610 231.287 221.029 231.287
234.353 152.567 278.664 152.567 278.664 242.539 234.353 242.539
247.431 155.033 290.990 155.033 290.990 245.179 247.431 245.179
252.652 158.107 295.280 158.107 295.280 248.587 252.652 248.587
257.735 160.865 299.834 160.865 299.834 251.250 257.735 251.250
261.419 160.656 303.725 160.656 303.725 250.584 261.419 250.584
265.505 162.369 307.397 162.369 307.397 252.701 265.505 252.701
267.769 163.073 309.662 163.073 309.662 253.414 267.769 253.414
269.663 164.526 311.294 164.526 311.294 255.214 269.663 255.214
270.392 167.269 312.113 167.269 312.113 257.957 270.392 257.957
271.929 172.909 313.556 172.909 313.556 263.395 271.929 263.395
272.492 176.929 313.953 176.929 313.953 267.080 272.492 267.080
272.267 178.860 313.663 178.860 313.663 268.520 272.267 268.520
270.644 178.401 311.416 178.401 311.416 268.375 270.644 268.375
267.539 178.747 308.781 178.747 308.781 267.813 267.539 267.813
263.876 175.930 304.781 175.930 304.781 265.110 263.876 265.110
259.935 173.861 300.511 173.861 300.511 263.156 259.935 263.156
254.842 170.399 295.846 170.399 295.846 259.206 254.842 259.206
253.695 167.081 294.463 167.081 294.463 255.898 253.695 255.898
253.559 164.176 293.843 164.176 293.843 253.242 253.559 253.242
249.531 160.043 289.879 160.043 289.879 248.395 249.531 248.395
245.805 155.975 285.934 155.975 285.934 244.527 245.805 244.527
241.155 152.164 281.198 152.164 281.198 240.608 241.155 240.608
236.649 149.614 276.957 149.614 276.957 237.327 236.649 237.327
234.580 149.595 275.136 149.595 275.136 236.926 234.580 236.926
234.147 151.187 274.486 151.187 274.486 238.556 234.147 238.556
232.948 150.926 273.118 150.926 273.118 238.621 232.948 238.621
229.183 150.318 269.608 150.318 269.608 237.910 229.183 237.910
225.994 149.545 266.249 149.545 266.249 237.536 225.994 237.536
223.263 147.811 263.128 147.811 263.128 235.989 223.263 235.989
221.360 152.025 261.374 152.025 261.374 239.314 221.360 239.314
211.508 155.280 251.037 155.280 251.037 242.925 211.508 242.925
204.291 165.156 243.717 165.156 243.717 252.733 204.291 252.733
205.853 170.348 244.808 170.348 244.808 258.225 205.853 258.225
206.392 173.037 244.818 173.037 244.818 261.537 206.392 261.537
206.589 183.562 245.386 183.562 245.386 271.198 206.589 271.198
208.758 186.766 247.882 186.766 247.882 273.991 208.758 273.991
211.434 190.724 250.500 190.724 250.500 277.890 211.434 277.890
212.722 194.136 251.437 194.136 251.437 281.800 212.722 281.800
213.787 197.461 252.511 197.461 252.511 285.430 213.787 285.430
213.551 190.158 252.477 190.158 252.477 278.210 213.551 278.210
214.291 183.211 253.476 183.211 253.476 271.176 214.291 271.176
215.052 181.874 254.989 181.874 254.989 268.721 215.052 268.721
216.208 179.126 256.709 179.126 256.709 265.276 216.208 265.276
218.000 176.091 258.906 176.091 258.906 261.324 218.000 261.324
219.189 171.294 259.997 171.294 259.997 256.489 219.189 256.489
222.992 169.093 264.180 169.093 264.180 253.446 222.992 253.446
227.213 169.332 268.664 169.332 268.664 253.349 227.213 253.349
231.193 170.019 272.417 170.019 272.417 254.121 231.193 254.121
235.364 170.886 276.125 170.886 276.125 255.368 235.364 255.368
238.059 171.002 278.734 171.002 278.734 255.237 238.059 255.237
240.423 170.241 281.590 170.241 281.590 254.117 240.423 254.117
242.629 169.767 283.890 169.767 283.890 253.909 242.629 253.909
243.128 167.562 284.149 167.562 284.149 251.898 243.128 251.898
242.592 163.955 283.703 163.955 283.703 248.057 242.592 248.057
242.182 160.144 282.485 160.144 282.485 244.847 242.182 244.847
244.345 158.598 283.978 158.598 283.978 244.013 244.345 244.013
243.674 155.706 282.519 155.706 282.519 242.148 243.674 242.148
243.351 153.176 281.966 153.176 281.966 240.166 243.351 240.166
243.394 152.154 282.153 152.154 282.153 239.236 243.394 239.236
241.399 150.158 280.247 150.158 280.247 237.257 241.399 237.257
239.601 148.646 278.705 148.646 278.705 235.687 239.601 235.687
235.055 147.616 274.561 147.616 274.561 234.107 235.055 234.107
231.147 146.885 270.730 146.885 270.730 233.100 231.147 233.100
228.568 146.077 268.262 146.077 268.262 232.096 228.568 232.096
226.184 146.338 265.640 146.338 265.640 232.960 226.184 232.960
222.754 144.526 262.521 144.526 262.521 230.788 222.754 230.788
219.668 143.335 259.626 143.335 259.626 229.181 219.668 229.181
217.837 142.031 257.639 142.031 257.639 227.855 217.837 227.855
219.137 142.834 258.514 142.834 258.514 228.411 219.137 228.411
220.956 144.232 259.913 144.232 259.913 229.703 220.956 229.703
222.583 143.545 261.164 143.545 261.164 228.843 222.583 228.843
230.849 141.874 269.409 141.874 269.409 226.737 230.849 226.737
231.500 139.984 270.212 139.984 270.212 224.227 231.500 224.227
232.439 139.376 270.938 139.376 270.938 223.334 232.439 223.334
233.860 138.743 272.263 138.743 272.263 222.164 233.860 222.164
236.089 139.188 274.452 139.188 274.452 222.129 236.089 222.129
237.868 139.398 276.449 139.398 276.449 221.741 237.868 221.741
244.722 138.181 283.649 138.181 283.649 220.287 244.722 220.287
243.885 136.829 283.231 136.829 283.231 218.614 243.885 218.614
242.281 134.620 281.586 134.620 281.586 216.792 242.281 216.792
239.870 133.978 279.641 133.978 279.641 215.701 239.870 215.701
237.098 131.208 277.343 131.208 277.343 212.526 237.098 212.526
236.272 128.284 276.357 128.284 276.357 209.612 236.272 209.612
236.023 126.994 275.839 126.994 275.839 208.542 236.023 208.542
235.710 127.977 275.173 127.977 275.173 209.840 235.710 209.840
235.072 127.907 274.665 127.907 274.665 209.612 235.072 209.612
233.510 126.233 273.346 126.233 273.346 207.907 233.510 207.907
232.251 126.029 272.302 126.029 272.302 207.689 232.251 207.689
231.228 125.001 271.377 125.001 271.377 206.839 231.228 206.839
238.267 124.026 278.647 124.026 278.647 205.573 238.267 205.573
247.378 128.870 287.450 128.870 287.450 210.861 247.378 210.861
255.078 128.653 295.391 128.653 295.391 210.322 255.078 210.322
264.305 128.477 304.295 128.477 304.295 210.764 264.305 210.764
266.644 128.041 306.323 128.041 306.323 210.795 266.644 210.795
269.134 128.465 308.421 128.465 308.421 211.512 269.134 211.512
277.637 129.528 316.479 129.528 316.479 212.817 277.637 212.817
279.553 138.975 317.988 138.975 317.988 222.966 279.553 222.966
286.630 137.987 324.645 137.987 324.645 222.338 286.630 222.338
286.445 136.843 324.141 136.843 324.141 221.178 286.445 221.178
287.500 145.851 323.540 145.851 323.540 232.310 287.500 232.310
288.707 156.708 322.956 156.708 322.956 245.595 288.707 245.595
289.490 166.492 323.925 166.492 323.925 254.957 289.490 254.957
290.527 169.096 324.359 169.096 324.359 258.328 290.527 258.328
291.663 172.158 325.063 172.158 325.063 261.950 291.663 261.950
285.988 174.893 319.107 174.893 319.107 264.622 285.988 264.622
283.924 175.245 317.462 175.245 317.462 263.797 283.924 263.797
260.838 164.706 294.469 164.706 294.469 252.587 260.838 252.587
236.184 164.860 270.676 164.860 270.676 251.324 236.184 251.324
233.092 165.897 268.548 165.897 268.548 251.002 233.092 251.002
230.353 166.451 266.300 166.451 266.300 250.935 230.353 250.935
228.196 166.220 264.632 166.220 264.632 250.268 228.196 250.268
226.338 168.124 263.369 168.124 263.369 251.545 226.338 251.545
224.181 169.313 261.621 169.313 261.621 252.437 224.181 252.437
221.732 169.621 259.334 169.621 259.334 252.745 221.732 252.745
220.463 169.052 258.284 169.052 258.284 252.212 220.463 252.212
220.303 168.593 258.316 168.593 258.316 251.620 220.303 251.620
221.043 167.972 259.200 167.972 259.200 251.299 221.043 251.299
223.585 166.322 261.688 166.322 261.688 249.788 223.585 249.788
233.180 161.175 270.925 161.175 270.925 244.729 233.180 244.729
246.039 162.359 283.345 162.359 283.345 245.968 246.039 245.968
263.435 163.860 300.661 163.860 300.661 247.936 263.435 247.936
272.880 165.813 310.650 165.813 310.650 249.251 272.880 249.251
279.854 157.197 318.629 157.197 318.629 239.450 279.854 239.450
296.572 164.173 335.661 164.173 335.661 245.875 296.572 245.875
307.664 165.943 346.659 165.943 346.659 248.032 307.664 248.032
317.194 165.560 356.289 165.560 356.289 247.215 317.194 247.215
324.401 155.622 363.599 155.622 363.599 237.123 324.401 237.123
326.187 147.072 365.069 147.072 365.069 229.352 326.187 229.352
334.147 139.986 372.673 139.986 372.673 223.106 334.147 223.106
341.515 133.715 379.145 133.715 379.145 218.354 341.515 218.354
334.619 126.789 372.014 126.789 372.014 211.943 334.619 211.943
334.715 124.857 372.317 124.857 372.317 210.169 334.715 210.169
327.700 122.125 365.221 122.125 365.221 207.829 327.700 207.829
320.859 118.188 358.509 118.188 358.509 203.873 320.859 203.873
314.145 122.544 350.984 122.544 350.984 209.288 314.145 209.288
306.506 124.509 342.977 124.509 342.977 211.657 306.506 211.657
291.976 125.465 327.853 125.465 327.853 213.438 291.976 213.438
284.286 126.229 320.147 126.229 320.147 214.595 284.286 214.595
274.521 129.527 310.676 129.527 310.676 218.102 274.521 218.102
267.232 135.717 303.555 135.717 303.555 224.671 267.232 224.671
264.917 136.759 301.693 136.759 301.693 225.826 264.917 225.826
261.729 135.281 298.809 135.281 298.809 224.884 261.729 224.884
258.332 138.943 295.540 138.943 295.540 228.568 258.332 228.568
255.712 142.469 292.591 142.469 292.591 231.975 255.712 231.975
252.458 144.099 289.521 144.099 289.521 233.354 252.458 233.354
252.079 145.726 289.488 145.726 289.488 234.964 252.079 234.964
252.212 146.528 289.215 146.528 289.215 236.496 252.212 236.496
242.153 163.899 279.156 163.899 279.156 253.973 242.153 253.973
232.509 166.356 269.888 166.356 269.888 256.087 232.509 256.087
228.552 166.799 267.105 166.799 267.105 254.936 228.552 254.936
226.157 163.716 265.201 163.716 265.201 251.041 226.157 251.041
225.255 163.566 264.239 163.566 264.239 250.764 225.255 250.764
216.124 163.972 255.349 163.972 255.349 250.414 216.124 250.414
207.956 162.606 246.705 162.606 246.705 249.297 207.956 249.297
198.629 162.182 237.401 162.182 237.401 248.772 198.629 248.772
197.138 158.983 236.123 158.983 236.123 245.507 197.138 245.507
197.661 155.156 236.728 155.156 236.728 241.420 197.661 241.420
199.242 152.271 238.358 152.271 238.358 238.238 199.242 238.238
200.235 144.117 239.058 144.117 239.058 230.337 200.235 230.337
202.222 141.867 240.715 141.867 240.715 228.463 202.222 228.463
203.772 141.743 242.293 141.743 242.293 228.236 203.772 228.236
204.818 150.001 244.244 150.001 244.244 234.925 204.818 234.925
204.802 157.844 245.145 157.844 245.145 241.021 204.802 241.021
211.511 148.733 252.780 148.733 252.780 230.370 211.511 230.370
219.438 143.222 261.096 143.222 261.096 224.100 219.438 224.100
219.333 141.298 261.513 141.298 261.513 221.358 219.333 221.358
220.237 140.886 261.692 140.886 261.692 221.923 220.237 221.923
222.555 147.882 263.223 147.882 263.223 229.953 222.555 229.953
224.673 149.864 264.808 149.864 264.808 232.301 224.673 232.301
227.522 154.869 267.644 154.869 267.644 237.246 227.522 237.246
229.563 160.801 270.299 160.801 270.299 242.418 229.563 242.418
232.377 164.139 272.819 164.139 272.819 245.897 232.377 245.897
239.786 165.852 280.204 165.852 280.204 247.245 239.786 247.245
240.263 169.346 280.724 169.346 280.724 250.399 240.263 250.399
248.683 172.010 289.191 172.010 289.191 252.760 248.683 252.760
251.875 175.086 291.966 175.086 291.966 256.335 251.875 256.335
255.355 179.819 294.723 179.819 294.723 261.877 255.355 261.877
265.264 181.222 304.312 181.222 304.312 263.453 265.264 263.453
273.799 181.667 312.604 181.667 312.604 263.784 273.799 263.784
276.808 183.177 315.136 183.177 315.136 265.651 276.808 265.651
279.784 177.786 318.047 177.786 318.047 260.219 279.784 260.219
287.459 176.117 325.255 176.117 325.255 259.450 287.459 259.450
295.648 156.950 333.118 156.950 333.118 241.121 295.648 241.121
297.045 155.299 334.023 155.299 334.023 240.258 297.045 240.258
298.882 153.361 335.309 153.361 335.309 239.294 298.882 239.294
299.785 153.992 335.774 153.992 335.774 240.387 299.785 240.387
299.978 153.140 335.981 153.140 335.981 239.755 299.978 239.755
299.225 150.843 335.314 150.843 335.314 237.722 299.225 237.722
298.557 149.415 334.701 149.415 334.701 236.535 298.557 236.535
297.978 148.734 334.348 148.734 334.348 235.684 297.978 235.684
297.176 148.833 333.714 148.833 333.714 235.394 297.176 235.394
303.876 161.026 341.215 161.026 341.215 246.173 303.876 246.173
310.458 162.370 348.560 162.370 348.560 246.721 310.458 246.721
317.156 164.282 356.668 164.282 356.668 247.136 317.156 247.136
316.440 157.983 356.875 157.983 356.875 240.031 316.440 240.031
307.384 151.780 348.265 151.780 348.265 233.642 307.384 233.642
298.252 124.862 339.160 124.862 339.160 206.619 298.252 206.619
297.237 116.224 337.903 116.224 337.903 198.400 297.237 198.400
297.477 109.777 336.596 109.777 336.596 193.987 297.477 193.987
298.020 111.154 336.016 111.154 336.016 196.561 298.020 196.561
298.437 111.283 336.518 111.283 336.518 196.404 298.437 196.404
298.958 111.858 336.882 111.858 336.882 197.447 298.958 197.447
299.469 111.141 337.304 111.141 337.304 197.265 299.469 197.265
300.857 111.473 338.477 111.473 338.477 198.114 300.857 198.114
301.206 110.730 339.067 110.730 339.067 197.167 301.206 197.167
301.881 110.860 339.843 110.860 339.843 197.197 301.881 197.197
301.650 109.642 339.864 109.642 339.864 195.563 301.650 195.563
301.095 107.219 338.992 107.219 338.992 193.381 301.095 193.381
300.759 106.173 338.780 106.173 338.780 192.166 300.759 192.166
300.759 104.778 338.820 104.778 338.820 190.777 300.759 190.777
301.217 104.334 338.884 104.334 338.884 190.806 301.217 190.806
301.816 103.978 339.308 103.978 339.308 190.725 301.816 190.725
302.128 104.650 339.727 104.650 339.727 191.506 302.128 191.506
303.142 98.631 340.961 98.631 340.961 185.240 303.142 185.240
303.896 99.584 341.810 99.584 341.810 185.852 303.896 185.852
304.292 98.987 342.299 98.987 342.299 185.078 304.292 185.078
305.610 99.206 343.832 99.206 343.832 185.136 305.610 185.136
306.541 98.898 344.844 98.898 344.844 184.656 306.541 184.656
307.104 98.964 345.450 98.964 345.450 184.888 307.104 184.888
308.127 92.476 346.310 92.476 346.310 178.527 308.127 178.527
307.682 91.724 346.022 91.724 346.022 177.810 307.682 177.810
307.151 90.750 345.651 90.750 345.651 176.854 307.151 176.854
307.116 86.309 345.794 86.309 345.794 172.283 307.116 172.283
307.612 84.065 346.743 84.065 346.743 169.338 307.612 169.338
309.003 86.482 347.891 86.482 347.891 171.997 309.003 171.997
316.887 83.195 355.620 83.195 355.620 168.696 316.887 168.696
317.465 82.915 356.345 82.915 356.345 168.324 317.465 168.324
317.843 82.889 356.994 82.889 356.994 168.055 317.843 168.055
325.709 77.217 364.552 77.217 364.552 162.648 325.709 162.648
332.971 73.081 371.636 73.081 371.636 158.582 332.971 158.582
333.127 75.472 371.540 75.472 371.540 161.137 333.127 161.137
340.289 71.852 378.703 71.852 378.703 157.414 340.289 157.414
340.335 69.383 378.793 69.383 378.793 154.682 340.335 154.682
346.726 71.814 385.530 71.814 385.530 156.799 346.726 156.799
346.497 69.867 385.074 69.867 385.074 154.788 346.497 154.788
353.920 68.632 392.420 68.632 392.420 153.426 353.920 153.426
354.198 68.804 392.560 68.804 392.560 153.273 354.198 153.273
361.829 73.292 399.773 73.292 399.773 157.909 361.829 157.909
369.270 74.684 407.161 74.684 407.161 158.828 369.270 158.828
369.866 71.091 408.296 71.091 408.296 154.547 369.866 154.547
371.245 76.142 409.384 76.142 409.384 159.529 371.245 159.529
377.665 79.532 415.666 79.532 415.666 163.142 377.665 163.142
368.993 90.485 407.541 90.485 407.541 173.507 368.993 173.507
368.136 100.141 407.062 100.141 407.062 182.779 368.136 182.779
375.760 100.644 414.007 100.644 414.007 183.822 375.760 183.822
368.171 105.141 406.420 105.141 406.420 188.322 368.171 188.322
367.140 110.513 405.522 110.513 405.522 193.548 367.140 193.548
359.597 119.703 397.837 119.703 397.837 202.900 359.597 202.900
357.349 121.607 395.796 121.607 395.796 204.610 357.349 204.610
350.961 124.808 389.397 124.808 389.397 207.497 350.961 207.497
350.554 128.551 389.078 128.551 389.078 210.924 350.554 210.924
349.269 141.163 388.217 141.163 388.217 223.249 349.269 223.249
348.705 152.300 388.175 152.300 388.175 233.756 348.705 233.756
348.248 156.472 387.864 156.472 387.864 237.641 348.248 237.641
348.416 160.276 388.118 160.276 388.118 241.263 348.416 241.263
354.810 158.050 394.234 158.050 394.234 239.266 354.810 239.266
353.869 167.794 392.941 167.794 392.941 249.398 353.869 249.398
353.133 161.005 391.744 161.005 391.744 243.145 353.133 243.145
351.666 151.556 389.995 151.556 389.995 234.158 351.666 234.158
343.755 143.113 382.291 143.113 382.291 225.648 343.755 225.648
344.472 128.962 382.779 128.962 382.779 211.911 344.472 211.911
344.974 120.524 382.464 120.524 382.464 204.381 344.974 204.381
337.696 115.792 374.993 115.792 374.993 199.957 337.696 199.957
322.295 106.789 360.262 106.789 360.262 189.846 322.295 189.846
314.175 102.369 351.969 102.369 351.969 185.391 314.175 185.391
313.130 99.361 352.100 99.361 352.100 180.927 313.130 180.927
312.915 104.757 352.214 104.757 352.214 185.627 312.915 185.627
312.547 102.852 351.946 102.852 351.946 183.284 312.547 183.284
312.945 107.138 352.420 107.138 352.420 187.320 312.945 187.320
319.387 103.519 359.134 103.519 359.134 183.171 319.387 183.171
334.935 92.740 375.024 92.740 375.024 171.482 334.935 171.482
342.845 99.081 383.112 99.081 383.112 177.313 342.845 177.313
350.634 113.079 390.549 113.079 390.549 191.744 350.634 191.744
358.100 122.522 396.796 122.522 396.796 202.528 358.100 202.528
350.203 124.903 388.744 124.903 388.744 205.102 350.203 205.102
357.035 141.967 395.945 141.967 395.945 222.387 357.035 222.387
341.488 148.550 380.176 148.550 380.176 229.679 341.488 229.679
334.194 150.991 373.114 150.991 373.114 232.088 334.194 232.088
332.525 150.465 371.865 150.465 371.865 231.278 332.525 231.278
329.752 148.785 369.550 148.785 369.550 229.178 329.752 229.178
320.676 149.214 360.227 149.214 360.227 229.749 320.676 229.749
298.707 157.047 338.239 157.047 338.239 237.405 298.707 237.405
290.595 164.211 330.276 164.211 330.276 244.240 290.595 244.240
273.474 162.137 313.246 162.137 313.246 242.236 273.474 242.236
262.636 159.872 302.692 159.872 302.692 239.658 262.636 239.658
245.494 158.627 285.228 158.627 285.228 238.681 245.494 238.681
242.457 154.908 281.684 154.908 281.684 235.222 242.457 235.222
232.228 159.244 271.354 159.244 271.354 239.366 232.228 239.366
205.994 158.206 245.791 158.206 245.791 237.951 205.994 237.951
194.971 159.830 235.517 159.830 235.517 239.326 194.971 239.326
183.560 161.553 224.586 161.553 224.586 241.023 183.560 241.023
172.075 160.534 213.564 160.534 213.564 239.884 172.075 239.884
162.748 158.811 205.015 158.811 205.015 237.937 162.748 237.937
154.059 155.221 196.809 155.221 196.809 234.349 154.059 234.349
151.747 152.255 194.863 152.255 194.863 231.520 151.747 231.520
149.121 148.493 192.326 148.493 192.326 227.974 149.121 227.974
146.848 146.272 190.035 146.272 190.035 226.317 146.848 226.317
144.782 144.378 187.848 144.378 187.848 225.158 144.782 225.158
143.112 143.851 185.975 143.851 185.975 225.216 143.112 225.216
142.666 142.876 185.202 142.876 185.202 224.887 142.666 224.887
142.828 143.951 185.137 143.951 185.137 226.422 142.828 226.422
143.208 143.779 185.435 143.779 185.435 226.646 143.208 226.646
144.870 144.480 186.817 144.480 186.817 227.784 144.870 227.784
146.816 145.435 188.552 145.435 188.552 229.297 146.816 229.297
149.649 147.598 191.476 147.598 191.476 231.707 149.649 231.707
151.516 147.033 193.842 147.033 193.842 231.071 151.516 231.071
155.426 148.891 197.486 148.891 197.486 233.875 155.426 233.875
157.352 147.766 199.779 147.766 199.779 232.917 157.352 232.917
161.759 148.891 204.615 148.891 204.615 233.993 161.759 233.993
165.381 149.121 208.260 149.121 208.260 234.275 165.381 234.275
170.138 149.368 213.050 149.368 213.050 234.966 170.138 234.966
176.228 150.910 218.264 150.910 218.264 237.048 176.228 237.048
176.063 148.541 218.107 148.541 218.107 234.342 176.063 234.342
169.531 149.287 212.362 149.287 212.362 233.387 169.531 233.387
162.553 151.066 205.654 151.066 205.654 233.902 162.553 233.902
163.999 153.265 207.302 153.265 207.302 234.900 163.999 234.900
166.341 151.162 209.918 151.162 209.918 231.705 166.341 231.705
191.857 159.411 234.975 159.411 234.975 239.786 191.857 239.786
194.151 160.135 236.318 160.135 236.318 241.569 194.151 241.569
193.136 164.194 235.021 164.194 235.021 246.000 193.136 246.000
192.968 163.032 234.922 163.032 234.922 245.414 192.968 245.414
184.406 163.396 226.853 163.396 226.853 245.331 184.406 245.331
178.753 165.674 221.005 165.674 221.005 247.381 178.753 247.381
180.358 158.213 222.260 158.213 222.260 240.038 180.358 240.038
181.497 152.860 223.180 152.860 223.180 234.669 181.497 234.669
182.295 147.853 223.259 147.853 223.259 230.462 182.295 230.462
176.871 165.203 217.770 165.203 217.770 247.404 176.871 247.404
170.337 171.641 211.227 171.641 211.227 253.246 170.337 253.246
171.752 169.722 212.543 169.722 212.543 250.879 171.752 250.879
173.082 168.203 213.817 168.203 213.817 249.052 173.082 249.052
173.938 165.943 214.649 165.943 214.649 246.377 173.938 246.377
168.051 166.680 208.660 166.680 208.660 246.682 168.051 246.682
170.139 158.715 210.390 158.715 210.390 238.592 170.139 238.592
170.785 157.047 210.926 157.047 210.926 236.740 170.785 236.740
166.025 156.022 205.841 156.022 205.841 235.426 166.025 235.426
167.148 153.786 206.905 153.786 206.905 232.806 167.148 232.806
162.743 151.771 202.290 151.771 202.290 230.445 162.743 230.445
162.247 150.661 202.181 150.661 202.181 229.417 162.247 229.417
163.410 151.806 203.340 151.806 203.340 230.885 163.410 230.885
166.844 155.045 206.746 155.045 206.746 234.239 166.844 234.239
175.066 156.506 215.098 156.506 215.098 235.634 175.066 235.634
185.735 161.129 225.903 161.129 225.903 239.729 185.735 239.729
189.034 171.967 229.215 171.967 229.215 250.208 189.034 250.208
198.061 173.550 238.513 173.550 238.513 251.645 198.061 251.645
206.619 175.560 246.621 175.560 246.621 254.138 206.619 254.138
222.463 167.052 262.500 167.052 262.500 245.686 222.463 245.686
245.649 167.380 285.686 167.380 285.686 246.065 245.649 246.065
260.310 169.671 299.595 169.671 299.595 248.558 260.310 248.558
268.560 165.228 307.499 165.228 307.499 244.270 268.560 244.270
289.963 158.124 328.380 158.124 328.380 237.335 289.963 237.335
305.563 140.460 343.428 140.460 343.428 220.168 305.563 220.168
314.529 130.170 352.001 130.170 352.001 209.967 314.529 209.967
330.765 111.040 367.907 111.040 367.907 191.156 330.765 191.156
347.318 100.247 384.640 100.247 384.640 180.139 347.318 180.139
349.660 98.121 387.121 98.121 387.121 177.975 349.660 177.975
