185.000 157.000 212.000 157.000 212.000 202.000 185.000 202.000
178.339 157.188 204.937 157.188 204.937 202.800 178.339 202.800
179.139 158.821 205.200 158.821 205.200 204.795 179.139 204.795
180.475 159.321 206.337 159.321 206.337 205.345 180.475 205.345
182.188 160.302 208.073 160.302 208.073 206.133 182.188 206.133
184.135 161.225 209.880 161.225 209.880 207.170 184.135 207.170
188.866 161.856 214.680 161.856 214.680 207.650 188.866 207.650
189.869 164.288 215.729 164.288 215.729 209.839 189.869 209.839
192.222 166.008 218.077 166.008 218.077 211.460 192.222 211.460
197.472 164.710 223.218 164.710 223.218 210.470 197.472 210.470
198.092 164.529 223.617 164.529 223.617 210.580 198.092 210.580
202.961 164.510 228.563 164.510 228.563 210.668 202.961 210.668
203.428 166.690 228.960 166.690 228.960 212.998 203.428 212.998
204.386 164.002 229.639 164.002 229.639 211.079 204.386 211.079
205.783 160.017 230.767 160.017 230.767 207.851 205.783 207.851
210.719 149.901 235.448 149.901 235.448 198.709 210.719 198.709
212.842 142.223 237.738 142.223 237.738 191.416 212.842 191.416
214.623 138.265 239.329 138.265 239.329 188.144 214.623 188.144
216.046 133.014 240.668 133.014 240.668 183.408 216.046 183.408
217.942 128.344 242.621 128.344 242.621 179.237 217.942 179.237
219.437 125.038 244.216 125.038 244.216 176.257 219.437 176.257
224.107 115.038 248.823 115.038 248.823 166.734 224.107 166.734
224.822 110.357 249.601 110.357 249.601 162.425 224.822 162.425
225.946 105.923 250.822 105.923 250.822 158.384 225.946 158.384
226.967 102.145 251.873 102.145 251.873 154.953 226.967 154.953
231.238 95.674 256.303 95.674 256.303 148.740 231.238 148.740
231.223 91.024 256.467 91.024 256.467 144.217 231.223 144.217
232.169 87.549 257.702 87.549 257.702 140.669 232.169 140.669
233.892 80.509 259.748 80.509 259.748 133.661 233.892 133.661
235.228 76.730 261.165 76.730 261.165 130.002 235.228 130.002
236.559 73.047 262.608 73.047 262.608 126.394 236.559 126.394
241.264 62.704 267.554 62.704 267.554 116.128 241.264 116.128
242.038 58.317 268.478 58.317 268.478 111.720 242.038 111.720
248.086 48.407 274.643 48.407 274.643 102.008 248.086 102.008
249.344 43.938 276.031 43.938 276.031 97.587 249.344 97.587
252.037 42.943 279.161 42.943 279.161 96.386 252.037 96.386
255.161 42.961 282.554 42.961 282.554 96.054 255.161 96.054
258.871 44.592 286.512 44.592 286.512 97.592 258.871 97.592
261.761 42.932 289.686 42.932 289.686 95.794 261.761 95.794
264.324 44.503 292.416 44.503 292.416 97.269 264.324 97.269
216.148 54.175 244.418 54.175 244.418 107.202 216.148 107.202
169.370 60.879 197.749 60.879 197.749 113.929 169.370 113.929
167.533 61.478 195.748 61.478 195.748 115.007 167.533 115.007
160.184 62.937 188.406 62.937 188.406 116.614 160.184 116.614
142.648 63.424 170.955 63.424 170.955 117.227 142.648 117.227
135.120 62.800 163.578 62.800 163.578 116.690 135.120 116.690
117.598 62.172 146.099 62.172 146.099 116.345 117.598 116.345
101.320 61.969 129.924 61.969 129.924 116.082 101.320 116.082
88.994 62.856 117.601 62.856 117.601 116.764 88.994 116.764
77.149 63.428 105.781 63.428 105.781 117.285 77.149 117.285
70.361 65.259 99.017 65.259 99.017 118.952 70.361 118.952
59.344 66.772 87.967 66.772 87.967 120.465 59.344 120.465
47.753 77.959 76.491 77.959 76.491 131.387 47.753 131.387
47.226 80.348 75.902 80.348 75.902 134.011 47.226 134.011
48.166 81.432 76.871 81.432 76.871 135.431 48.166 135.431
49.271 83.131 78.035 83.131 78.035 137.593 49.271 137.593
50.667 82.849 79.557 82.849 79.557 137.304 50.667 137.304
52.156 83.030 81.018 83.030 81.018 137.732 52.156 137.732
53.597 84.625 82.435 84.625 82.435 139.376 53.597 139.376
55.948 86.174 84.874 86.174 84.874 141.081 55.948 141.081
58.295 88.758 87.443 88.758 87.443 143.695 58.295 143.695
67.237 91.113 96.563 91.113 96.563 146.165 67.237 146.165
74.815 91.855 103.919 91.855 103.919 147.864 74.815 147.864
81.368 92.709 110.500 92.709 110.500 149.190 81.368 149.190
87.875 95.308 117.034 95.308 117.034 152.199 87.875 152.199
104.671 102.761 133.664 102.761 133.664 160.537 104.671 160.537
111.516 100.789 140.986 100.789 140.986 159.177 111.516 159.177
117.222 103.641 146.806 103.641 146.806 162.267 117.222 162.267
123.933 104.199 153.411 104.199 153.411 163.655 123.933 163.655
129.902 104.332 159.865 104.332 159.865 164.279 129.902 164.279
142.283 106.094 172.248 106.094 172.248 166.448 142.283 166.448
154.416 111.797 184.801 111.797 184.801 171.984 154.416 171.984
178.952 118.373 208.982 118.373 208.982 179.797 178.952 179.797
191.203 121.260 221.350 121.260 221.350 182.994 191.203 182.994
198.070 116.791 228.105 116.791 228.105 179.475 198.070 179.475
205.481 116.963 235.979 116.963 235.979 180.134 205.481 180.134
212.596 117.670 243.187 117.670 243.187 181.698 212.596 181.698
219.745 120.729 250.806 120.729 250.806 184.715 219.745 184.715
219.424 118.034 250.484 118.034 250.484 182.021 219.424 182.021
272.752 131.022 303.955 131.022 303.955 195.616 272.752 195.616
279.289 134.297 310.760 134.297 310.760 199.124 279.289 199.124
278.372 138.206 310.158 138.206 310.158 202.543 278.372 202.543
277.098 150.113 309.225 150.113 309.225 213.780 277.098 213.780
276.871 152.531 309.083 152.531 309.083 216.598 276.871 216.598
276.693 152.790 308.959 152.790 308.959 217.595 276.693 217.595
275.862 154.453 308.092 154.453 308.092 220.078 275.862 220.078
275.728 157.346 308.319 157.346 308.319 223.246 275.728 223.246
275.061 158.733 308.160 158.733 308.160 224.835 275.061 224.835
275.062 162.247 308.340 162.247 308.340 228.678 275.062 228.678
275.312 161.718 308.573 161.718 308.573 228.842 275.312 228.842
275.389 163.537 308.853 163.537 308.853 231.043 275.389 231.043
276.228 168.479 309.982 168.479 309.982 236.170 276.228 236.170
277.198 169.315 311.029 169.315 311.029 237.833 277.198 237.833
277.918 172.464 312.073 172.464 312.073 241.453 277.918 241.453
278.608 176.231 313.068 176.231 313.068 245.714 278.608 245.714
278.513 176.900 313.465 176.900 313.465 247.014 278.513 247.014
278.295 178.101 313.864 178.101 313.864 248.576 278.295 248.576
286.271 187.080 322.162 187.080 322.162 258.232 286.271 258.232
292.651 190.867 328.909 190.867 328.909 262.272 292.651 262.272
294.344 193.465 330.537 193.465 330.537 265.950 294.344 265.950
300.901 196.803 337.134 196.803 337.134 270.433 300.901 270.433
302.875 200.104 339.460 200.104 339.460 274.262 302.875 274.262
307.707 203.141 344.473 203.141 344.473 277.812 307.707 277.812
316.762 207.311 354.335 207.311 354.335 282.136 316.762 282.136
319.167 207.551 357.132 207.551 357.132 283.298 319.167 283.298
321.677 210.541 359.933 210.541 359.933 286.820 321.677 286.820
330.159 214.684 368.878 214.684 368.878 291.515 330.159 291.515
332.456 216.700 371.721 216.700 371.721 293.703 332.456 293.703
340.284 221.088 379.841 221.088 379.841 298.633 340.284 298.633
363.605 233.630 402.705 233.630 402.705 312.481 363.605 312.481
372.255 241.652 411.896 241.652 411.896 320.950 372.255 320.950
380.472 245.181 420.308 245.181 420.308 325.847 380.472 325.847
395.893 251.738 435.920 251.738 435.920 333.638 395.893 333.638
405.105 254.908 445.272 254.908 445.272 338.474 405.105 338.474
413.360 262.687 454.148 262.687 454.148 347.185 413.360 347.185
422.636 266.287 463.986 266.287 463.986 351.681 422.636 351.681
431.206 271.595 472.733 271.595 472.733 357.504 431.206 357.504
423.116 272.383 464.836 272.383 464.836 358.969 423.116 358.969
430.878 257.467 472.498 257.467 472.498 344.185 430.878 344.185
462.759 284.158 503.920 284.158 503.920 372.238 462.759 372.238
477.889 293.359 518.964 293.359 518.964 382.659 477.889 382.659
486.873 301.660 528.345 301.660 528.345 391.753 486.873 391.753
495.018 308.716 537.384 308.716 537.384 399.039 495.018 399.039
503.837 315.761 546.858 315.761 546.858 406.845 503.837 406.845
513.096 321.599 556.894 321.599 556.894 413.380 513.096 413.380
538.369 336.104 582.961 336.104 582.961 428.496 538.369 428.496
