546.000 58.000 583.000 58.000 583.000 156.000 546.000 156.000
542.380 65.266 580.256 65.266 580.256 160.678 542.380 160.678
541.092 63.987 579.266 63.987 579.266 158.360 541.092 158.360
536.387 69.732 574.761 69.732 574.761 162.489 536.387 162.489
534.420 69.890 573.182 69.890 573.182 161.707 534.420 161.707
529.569 76.769 568.202 76.769 568.202 167.750 529.569 167.750
527.193 74.741 565.752 74.741 565.752 165.287 527.193 165.287
524.019 77.794 562.504 77.794 562.504 168.153 524.019 168.153
518.979 81.604 557.369 81.604 557.369 171.947 518.979 171.947
514.744 81.867 553.112 81.867 553.112 172.312 514.744 172.312
509.567 83.247 547.882 83.247 547.882 173.872 509.567 173.872
505.108 84.236 543.171 84.236 543.171 175.084 505.108 175.084
499.058 86.959 537.178 86.959 537.178 177.527 499.058 177.527
493.583 88.065 531.827 88.065 531.827 178.737 493.583 178.737
487.516 90.112 526.097 90.112 526.097 180.643 487.516 180.643
481.679 90.578 520.162 90.578 520.162 181.304 481.679 181.304
452.548 97.774 490.936 97.774 490.936 188.732 452.548 188.732
446.720 102.540 484.569 102.540 484.569 193.956 446.720 193.956
442.348 105.271 480.036 105.271 480.036 196.860 442.348 196.860
441.021 106.876 478.775 106.876 478.775 199.102 441.021 199.102
438.397 109.209 476.329 109.209 476.329 201.841 438.397 201.841
427.848 111.870 466.021 111.870 466.021 205.021 427.848 205.021
418.887 111.339 457.133 111.339 457.133 204.691 418.887 204.691
406.931 112.713 445.814 112.713 445.814 205.856 406.931 205.856
397.371 115.157 436.286 115.157 436.286 209.084 397.371 209.084
388.891 116.646 428.252 116.646 428.252 210.512 388.891 210.512
379.266 118.706 418.620 118.706 418.620 212.890 379.266 212.890
372.764 115.263 411.921 115.263 411.921 210.599 372.764 210.599
366.756 114.455 405.467 114.455 405.467 210.724 366.756 210.724
357.072 115.725 395.403 115.725 395.403 212.764 357.072 212.764
352.918 115.690 390.913 115.690 390.913 213.916 352.918 213.916
352.763 120.883 390.777 120.883 390.777 219.662 352.763 219.662
345.263 116.479 383.105 116.479 383.105 215.883 345.263 215.883
294.184 134.391 332.161 134.391 332.161 234.004 294.184 234.004
311.189 125.936 349.494 125.936 349.494 224.999 311.189 224.999
309.615 124.012 348.567 124.012 348.567 222.868 309.615 222.868
306.288 120.402 345.515 120.402 345.515 220.078 306.288 220.078
297.344 121.050 336.734 121.050 336.734 221.095 297.344 221.095
286.501 120.068 326.341 120.068 326.341 219.606 286.501 219.606
283.292 120.160 323.157 120.160 323.157 218.747 283.292 218.747
280.449 118.149 320.488 118.149 320.488 216.044 280.449 216.044
266.998 117.749 307.428 117.749 307.428 214.417 266.998 214.417
257.255 118.723 297.630 118.723 297.630 214.369 257.255 214.369
244.773 117.021 285.040 117.021 285.040 212.203 244.773 212.203
240.114 114.947 280.261 114.947 280.261 209.766 240.114 209.766
235.404 116.058 275.389 116.058 275.389 209.939 235.404 209.939
223.025 116.195 262.627 116.195 262.627 209.569 223.025 209.569
218.144 116.566 257.643 116.566 257.643 209.213 218.144 209.213
206.158 114.751 245.540 114.751 245.540 206.657 206.158 206.657
197.413 115.987 236.721 115.987 236.721 207.507 197.413 207.507
187.794 113.173 227.003 113.173 227.003 204.818 187.794 204.818
176.785 112.169 216.024 112.169 216.024 203.423 176.785 203.423
173.368 111.780 212.222 111.780 212.222 202.612 173.368 202.612
164.599 111.179 203.012 111.179 203.012 202.229 164.599 202.229
160.088 109.529 198.211 109.529 198.211 200.516 160.088 200.516
150.995 106.448 189.022 106.448 189.022 197.854 150.995 197.854
144.694 105.714 182.970 105.714 182.970 197.262 144.694 197.262
143.889 105.208 181.909 105.208 181.909 196.944 143.889 196.944
135.998 101.920 173.828 101.920 173.828 194.503 135.998 194.503
133.624 101.052 171.565 101.052 171.565 193.548 133.624 193.548
127.127 99.933 165.273 99.933 165.273 192.742 127.127 192.742
126.429 100.330 164.517 100.330 164.517 193.327 126.429 193.327
124.669 98.556 162.440 98.556 162.440 192.482 124.669 192.482
118.146 97.483 156.158 97.483 156.158 191.692 118.146 191.692
117.622 95.468 155.786 95.468 155.786 189.899 117.622 189.899
114.820 94.533 153.039 94.533 153.039 189.129 114.820 189.129
113.017 92.509 151.285 92.509 151.285 187.504 113.017 187.504
111.034 91.978 149.592 91.978 149.592 186.820 111.034 186.820
110.217 89.543 149.109 89.543 149.109 184.457 110.217 184.457
109.274 87.400 148.232 87.400 148.232 182.615 109.274 182.615
108.435 86.530 147.599 86.530 147.599 181.880 108.435 181.880
109.083 84.743 148.368 84.743 148.368 180.432 109.083 180.432
108.521 83.176 147.708 83.176 147.708 179.374 108.521 179.374
109.598 82.316 148.813 82.316 148.813 179.048 109.598 179.048
111.071 82.548 150.552 82.548 150.552 179.188 111.071 179.188
111.204 81.503 150.613 81.503 150.613 178.570 111.204 178.570
113.479 81.161 152.941 81.161 152.941 178.374 113.479 178.374
114.494 79.238 154.029 79.238 154.029 176.961 114.494 176.961
117.275 79.862 156.930 79.862 156.930 177.421 117.275 177.421
118.510 79.549 158.275 79.549 158.275 177.117 118.510 177.117
120.881 77.180 160.872 77.180 160.872 174.620 120.881 174.620
123.484 76.758 163.597 76.758 163.597 173.903 123.484 173.903
125.486 74.548 165.790 74.548 165.790 171.734 125.486 171.734
128.729 72.591 169.224 72.591 169.224 169.408 128.729 169.408
136.403 71.926 176.780 71.926 176.780 168.727 136.403 168.727
137.150 70.701 177.674 70.701 177.674 167.362 137.150 167.362
145.019 69.904 185.237 69.904 185.237 166.758 145.019 166.758
145.887 67.906 186.164 67.906 186.164 164.480 145.887 164.480
148.532 64.938 188.788 64.938 188.788 161.686 148.532 161.686
150.411 64.250 191.091 64.250 191.091 160.157 150.411 160.157
159.171 62.856 199.919 62.856 199.919 158.522 159.171 158.522
160.317 60.789 200.873 60.789 200.873 156.176 160.317 156.176
162.352 58.208 202.886 58.208 202.886 153.575 162.352 153.575
170.263 56.896 210.663 56.896 210.663 151.999 170.263 151.999
172.638 57.888 213.116 57.888 213.116 152.469 172.638 152.469
174.550 56.361 214.924 56.361 214.924 150.912 174.550 150.912
177.814 53.636 217.945 53.636 217.945 148.218 177.814 148.218
181.460 53.546 221.144 53.546 221.144 148.655 181.460 148.655
182.272 53.545 221.795 53.545 221.795 148.718 182.272 148.718
180.077 54.360 219.244 54.360 219.244 149.663 180.077 149.663
178.683 54.767 217.600 54.767 217.600 150.396 178.683 150.396
175.730 57.462 214.227 57.462 214.227 153.485 175.730 153.485
173.919 56.387 212.083 56.387 212.083 153.357 173.919 153.357
171.766 59.769 209.900 59.769 209.900 156.946 171.766 156.946
168.832 63.992 207.109 63.992 207.109 161.046 168.832 161.046
167.328 66.644 205.471 66.644 205.471 163.907 167.328 163.907
164.997 71.154 202.929 71.154 202.929 168.484 164.997 168.484
163.465 75.558 201.301 75.558 201.301 172.810 163.465 172.810
160.592 78.120 198.237 78.120 198.237 175.429 160.592 175.429
159.796 82.730 197.468 82.730 197.468 179.686 159.796 179.686
158.201 87.173 195.747 87.173 195.747 183.495 158.201 183.495
155.886 90.516 193.373 90.516 193.373 186.356 155.886 186.356
154.597 94.782 191.701 94.782 191.701 190.621 154.597 190.621
152.529 99.640 189.436 99.640 189.436 195.203 152.529 195.203
150.764 102.647 187.353 102.647 187.353 197.913 150.764 197.913
150.256 104.903 186.827 104.903 186.827 199.592 150.256 199.592
148.001 109.564 184.422 109.564 184.422 203.270 148.001 203.270
145.678 113.878 181.874 113.878 181.874 207.026 145.678 207.026
143.527 118.071 179.599 118.071 179.599 210.297 143.527 210.297
141.647 121.994 177.658 121.994 177.658 213.560 141.647 213.560
140.683 125.583 176.624 125.583 176.624 216.644 140.683 216.644
138.925 130.413 174.685 130.413 174.685 221.025 138.925 221.025
137.983 132.528 173.832 132.528 173.832 222.642 137.983 222.642
135.159 132.983 171.002 132.983 171.002 223.178 135.159 223.178
131.390 136.222 167.269 136.222 167.269 226.509 131.390 226.509
129.775 138.750 165.663 138.750 165.663 228.786 129.775 228.786
127.398 142.276 163.314 142.276 163.314 232.057 127.398 232.057
126.118 146.260 162.212 146.260 162.212 235.917 126.118 235.917
124.524 150.012 160.693 150.012 160.693 239.410 124.524 239.410
121.962 153.789 158.243 153.789 158.243 242.571 121.962 242.571
120.342 156.709 156.841 156.709 156.841 244.798 120.342 244.798
118.787 160.162 155.121 160.162 155.121 248.090 118.787 248.090
116.032 164.294 152.510 164.294 152.510 251.607 116.032 251.607
114.460 166.843 150.939 166.843 150.939 253.444 114.460 253.444
111.393 169.083 147.951 169.083 147.951 254.812 111.393 254.812
110.030 169.058 146.002 169.058 146.002 254.980 110.030 254.980
108.074 169.896 144.250 169.896 144.250 254.766 108.074 254.766
105.086 171.943 141.323 171.943 141.323 256.377 105.086 256.377
103.746 171.821 139.917 171.821 139.917 256.317 103.746 256.317
102.009 171.751 138.185 171.751 138.185 255.927 102.009 255.927
102.938 169.563 139.310 169.563 139.310 253.757 102.938 253.757
105.055 168.609 141.073 168.609 141.073 253.130 105.055 253.130
106.619 166.960 142.311 166.960 142.311 251.717 106.619 251.717
114.006 165.596 149.489 165.596 149.489 250.377 114.006 250.377
115.427 165.479 150.971 165.479 150.971 249.814 115.427 249.814
122.047 165.398 157.740 165.398 157.740 249.451 122.047 249.451
123.107 164.272 159.012 164.272 159.012 247.898 123.107 247.898
124.698 164.451 160.633 164.451 160.633 247.997 124.698 247.997
131.990 161.932 168.387 161.932 168.387 245.267 131.990 245.267
137.212 160.221 173.769 160.221 173.769 243.549 137.212 243.549
142.123 161.918 178.774 161.918 178.774 245.436 142.123 245.436
142.787 161.556 179.310 161.556 179.310 245.118 142.787 245.118
149.417 158.650 186.034 158.650 186.034 242.465 149.417 242.465
149.613 158.210 186.421 158.210 186.421 242.195 149.613 242.195
156.210 160.790 193.069 160.790 193.069 245.480 156.210 245.480
160.914 157.334 197.683 157.334 197.683 242.709 160.914 242.709
166.403 154.887 203.449 154.887 203.449 240.345 166.403 240.345
170.871 157.955 208.279 157.955 208.279 243.597 170.871 243.597
176.111 162.845 213.624 162.845 213.624 248.642 176.111 248.642
176.095 160.170 213.997 160.170 213.997 245.754 176.095 245.754
183.033 156.698 221.044 156.698 221.044 242.409 183.033 242.409
183.932 154.128 221.896 154.128 221.896 240.128 183.932 240.128
188.585 156.649 226.825 156.649 226.825 242.825 188.585 242.825
189.960 154.427 227.798 154.427 227.798 241.512 189.960 241.512
194.725 150.173 232.332 150.173 232.332 237.589 194.725 237.589
196.103 140.011 233.054 140.011 233.054 228.039 196.103 228.039
203.633 138.886 239.903 138.886 239.903 227.404 203.633 227.404
203.768 137.497 239.058 137.497 239.058 226.613 203.768 226.613
211.062 136.316 245.894 136.316 245.894 225.650 211.062 225.650
211.525 134.159 245.712 134.159 245.712 224.081 211.525 224.081
211.885 133.042 245.718 133.042 245.718 223.216 211.885 223.216
221.212 131.823 254.520 131.823 254.520 222.593 221.212 222.593
221.894 132.130 255.104 132.130 255.104 222.735 221.894 222.735
222.106 144.670 255.365 144.670 255.365 235.072 222.106 235.072
223.233 147.635 256.489 147.635 256.489 238.080 223.233 238.080
228.936 147.030 262.346 147.030 262.346 237.246 228.936 237.246
228.873 146.277 262.291 146.277 262.291 236.405 228.873 236.405
229.355 144.367 262.805 144.367 262.805 234.416 229.355 234.416
229.920 147.089 264.101 147.089 264.101 236.291 229.920 236.291
231.537 144.820 265.726 144.820 265.726 233.851 231.537 233.851
236.951 141.676 271.137 141.676 271.137 230.598 236.951 230.598
235.526 144.609 269.727 144.609 269.727 233.349 235.526 233.349
236.312 144.097 270.554 144.097 270.554 232.616 236.312 232.616
241.237 142.694 275.568 142.694 275.568 230.765 241.237 230.765
239.720 142.886 274.689 142.886 274.689 229.817 239.720 229.817
240.762 142.509 276.204 142.509 276.204 228.701 240.762 228.701
241.952 139.915 277.263 139.915 277.263 226.107 241.952 226.107
242.297 142.922 277.733 142.922 277.733 228.947 242.297 228.947
247.157 138.877 282.657 138.877 282.657 224.758 247.157 224.758
246.222 140.998 281.814 140.998 281.814 226.611 246.222 226.611
246.478 125.334 281.609 125.334 281.609 210.609 246.478 210.609
247.579 125.447 282.379 125.447 282.379 210.418 247.579 210.418
254.128 123.595 288.359 123.595 288.359 208.620 254.128 208.620
253.907 121.974 287.791 121.974 287.791 207.225 253.907 207.225
253.807 120.036 287.636 120.036 287.636 205.243 253.807 205.243
246.594 127.951 280.381 127.951 280.381 213.161 246.594 213.161
252.310 127.483 286.068 127.483 286.068 212.633 252.310 212.633
251.453 126.356 285.184 126.356 285.184 211.512 251.453 211.512
244.975 135.318 279.248 135.318 279.248 220.231 244.975 220.231
245.325 131.789 279.722 131.789 279.722 216.535 245.325 216.535
245.993 136.036 279.952 136.036 279.952 220.878 245.993 220.878
245.698 133.022 279.542 133.022 279.542 217.867 245.698 217.867
245.605 124.467 279.083 124.467 279.083 208.974 245.605 208.974
246.935 123.982 279.983 123.982 279.983 208.567 246.935 208.567
247.582 122.937 280.279 122.937 280.279 207.200 247.582 207.200
247.888 122.802 280.596 122.802 280.596 206.600 247.888 206.600
247.649 124.462 280.193 124.462 280.193 207.834 247.649 207.834
241.541 126.279 274.552 126.279 274.552 208.896 241.541 208.896
242.183 128.006 275.585 128.006 275.585 209.693 242.183 209.693
241.421 133.423 275.521 133.423 275.521 214.195 241.421 214.195
240.473 131.825 274.701 131.825 274.701 212.345 240.473 212.345
239.548 132.004 273.969 132.004 273.969 211.869 239.548 211.869
238.901 133.029 273.445 133.029 273.445 212.504 238.901 212.504
237.664 132.513 272.535 132.513 272.535 211.208 237.664 211.208
237.119 131.827 272.063 131.827 272.063 210.354 237.119 210.354
235.766 129.568 270.771 129.568 270.771 208.024 235.766 208.024
233.815 128.224 268.833 128.224 268.833 206.658 233.815 206.658
230.700 126.619 265.719 126.619 265.719 205.051 230.700 205.051
229.327 124.497 264.338 124.497 264.338 202.915 229.327 202.915
228.261 122.559 263.254 122.559 263.254 200.937 228.261 200.937
229.078 121.616 264.066 121.616 264.066 199.961 229.078 199.961
230.482 122.528 265.473 122.528 265.473 200.861 230.482 200.861
231.798 124.576 266.792 124.576 266.792 202.902 231.798 202.902
233.261 127.606 268.254 127.606 268.254 205.932 233.261 205.932
233.810 130.506 268.801 130.506 268.801 208.833 233.810 208.833
233.200 133.061 268.190 133.061 268.190 211.387 233.200 211.387
232.350 133.356 267.333 133.356 267.333 211.689 232.350 211.689
231.749 132.460 266.732 132.460 266.732 210.794 231.749 210.794
232.284 130.265 267.267 130.265 267.267 208.599 232.284 208.599
208.558 122.786 243.190 122.786 243.190 200.859 208.558 200.859
208.780 122.088 242.906 122.088 242.906 199.933 208.780 199.933
209.279 120.863 243.071 120.863 243.071 198.184 209.279 198.184
202.676 124.718 236.401 124.718 236.401 202.022 202.676 202.022
196.123 120.937 229.549 120.937 229.549 199.024 196.123 199.024
197.097 120.162 230.249 120.162 230.249 198.626 197.097 198.626
191.911 119.112 224.865 119.112 224.865 198.015 191.911 198.015
192.062 117.242 224.689 117.242 224.689 196.672 192.062 196.672
186.358 115.359 219.158 115.359 219.158 194.639 186.358 194.639
187.446 111.884 220.361 111.884 220.361 190.850 187.446 190.850
188.210 108.571 221.096 108.571 221.096 187.538 188.210 187.538
188.107 107.351 220.979 107.351 220.979 186.303 188.107 186.303
186.088 109.840 218.966 109.840 218.966 188.759 186.088 188.759
185.161 105.804 218.024 105.804 218.024 184.731 185.161 184.731
179.341 111.188 212.126 111.188 212.126 190.134 179.341 190.134
179.266 108.868 212.018 108.868 212.018 187.779 179.266 187.779
173.296 106.201 206.051 106.201 206.051 184.893 173.296 184.893
173.166 98.471 205.754 98.471 205.754 176.893 173.166 176.893
172.750 96.290 205.515 96.290 205.515 174.042 172.750 174.042
166.221 93.875 198.932 93.875 198.932 171.640 166.221 171.640
158.060 93.284 190.548 93.284 190.548 171.024 158.060 171.024
150.007 102.883 182.765 102.883 182.765 179.975 150.007 179.975
142.887 94.844 175.631 94.844 175.631 171.615 142.887 171.615
135.390 99.125 168.075 99.125 168.075 175.612 135.390 175.612
128.277 99.948 160.406 99.948 160.406 176.834 128.277 176.834
122.557 96.941 154.355 96.941 154.355 173.708 122.557 173.708
122.622 92.059 153.760 92.059 153.760 168.616 122.622 168.616
122.110 85.138 152.724 85.138 152.724 161.770 122.110 161.770
121.790 85.842 152.168 85.842 152.168 162.226 121.790 162.226
120.994 84.172 151.352 84.172 151.352 160.367 120.994 160.367
120.343 86.960 150.527 86.960 150.527 163.017 120.343 163.017
119.071 81.662 148.957 81.662 148.957 157.226 119.071 157.226
119.534 82.512 149.623 82.512 149.623 157.399 119.534 157.399
120.080 83.100 149.850 83.100 149.850 157.842 120.080 157.842
119.281 83.923 148.646 83.923 148.646 158.791 119.281 158.791
119.208 83.645 148.350 83.645 148.350 158.532 119.208 158.532
123.218 79.400 152.151 79.400 152.151 154.174 123.218 154.174
123.503 80.031 152.243 80.031 152.243 154.744 123.503 154.744
124.328 77.768 153.714 77.768 153.714 151.353 124.328 151.353
124.061 76.886 153.650 76.886 153.650 150.000 124.061 150.000
129.185 75.632 159.441 75.632 159.441 147.242 129.185 147.242
127.719 76.542 158.466 76.542 158.466 147.360 127.719 147.360
133.544 75.810 164.464 75.810 164.464 145.648 133.544 145.648
133.596 75.263 164.573 75.263 164.573 144.603 133.596 144.603
134.751 73.616 165.665 73.616 165.665 142.635 134.751 142.635
136.529 72.675 167.504 72.675 167.504 141.285 136.529 141.285
141.340 70.653 172.295 70.653 172.295 138.858 141.340 138.858
141.711 72.883 172.544 72.883 172.544 140.982 141.711 140.982
142.711 70.546 173.664 70.546 173.664 138.375 142.711 138.375
148.347 70.757 179.511 70.757 179.511 137.910 148.347 137.910
152.214 69.874 183.180 69.874 183.180 136.887 152.214 136.887
156.546 69.356 187.312 69.356 187.312 136.006 156.546 136.006
156.797 67.943 187.330 67.943 187.330 134.341 156.797 134.341
163.661 67.146 194.035 67.146 194.035 133.310 163.661 133.310
168.174 66.974 198.291 66.974 198.291 132.835 168.174 132.835
170.392 65.544 200.301 65.544 200.301 131.154 170.392 131.154
176.529 64.157 206.320 64.157 206.320 129.791 176.529 129.791
183.159 63.569 212.710 63.569 212.710 129.365 183.159 129.365
183.697 60.020 213.397 60.020 213.397 124.959 183.697 124.959
191.244 61.762 220.971 61.762 220.971 126.141 191.244 126.141
196.501 61.633 225.925 61.633 225.925 126.064 196.501 126.064
201.894 62.060 231.222 62.060 231.222 126.242 201.894 126.242
207.544 61.436 236.961 61.436 236.961 125.172 207.544 125.172
208.712 56.648 238.167 56.648 238.167 119.917 208.712 119.917
214.762 58.103 244.071 58.103 244.071 120.999 214.762 120.999
220.165 53.697 249.266 53.697 249.266 116.291 220.165 116.291
220.911 54.434 249.913 54.434 249.913 116.781 220.911 116.781
227.677 54.121 256.598 54.121 256.598 116.086 227.677 116.086
233.241 54.474 262.042 54.474 262.042 115.912 233.241 115.912
239.026 55.115 267.832 55.115 267.832 115.736 239.026 115.736
243.955 55.115 272.722 55.115 272.722 115.225 243.955 115.225
249.708 50.981 278.447 50.981 278.447 110.864 249.708 110.864
254.953 51.753 283.482 51.753 283.482 111.370 254.953 111.370
260.328 52.667 288.875 52.667 288.875 111.735 260.328 111.735
265.802 53.051 294.171 53.051 294.171 112.062 265.802 112.062
270.877 54.424 298.875 54.424 298.875 113.283 270.877 113.283
277.322 55.525 305.318 55.525 305.318 114.013 277.322 114.013
282.779 57.438 310.808 57.438 310.808 115.096 282.779 115.096
288.443 53.353 316.384 53.353 316.384 110.767 288.443 110.767
299.063 55.517 326.846 55.517 326.846 112.712 299.063 112.712
304.624 56.703 332.179 56.703 332.179 113.547 304.624 113.547
309.300 57.458 336.847 57.458 336.847 113.791 309.300 113.791
314.176 52.153 341.631 52.153 341.631 108.661 314.176 108.661
319.695 53.472 346.976 53.472 346.976 110.054 319.695 110.054
330.092 54.357 357.181 54.357 357.181 110.605 330.092 110.605
334.988 54.590 361.904 54.590 361.904 110.567 334.988 110.567
335.523 55.243 362.478 55.243 362.478 110.905 335.523 110.905
344.977 56.449 372.041 56.449 372.041 111.554 344.977 111.554
349.464 56.037 376.399 56.037 376.399 110.847 349.464 110.847
353.995 51.320 380.811 51.320 380.811 106.071 353.995 106.071
358.503 51.600 385.132 51.600 385.132 106.467 358.503 106.467
368.287 52.753 394.765 52.753 394.765 107.682 368.287 107.682
367.789 52.373 393.965 52.373 393.965 107.400 367.789 107.400
367.652 52.250 393.380 52.250 393.380 107.437 367.652 107.437
367.137 53.307 392.661 53.307 392.661 108.248 367.137 108.248
366.922 54.074 392.058 54.074 392.058 109.236 366.922 109.236
366.433 54.163 391.221 54.163 391.221 109.686 366.433 109.686
365.809 53.147 390.314 53.147 390.314 108.989 365.809 108.989
365.112 53.525 389.551 53.525 389.551 109.272 365.112 109.272
364.802 53.719 389.090 53.719 389.090 109.705 364.802 109.705
363.737 51.727 387.866 51.727 387.866 108.076 363.737 108.076
362.421 51.587 386.497 51.587 386.497 107.837 362.421 107.837
362.206 51.990 386.254 51.990 386.254 108.177 362.206 108.177
361.161 52.231 385.199 52.231 385.199 108.314 361.161 108.314
359.946 51.658 383.937 51.658 383.937 107.656 359.946 107.656
358.549 51.890 382.690 51.890 382.690 107.633 358.549 107.633
354.783 51.896 378.947 51.896 378.947 107.539 354.783 107.539
354.963 51.602 379.164 51.602 379.164 107.125 354.963 107.125
353.999 51.942 378.096 51.942 378.096 107.783 353.999 107.783
353.296 53.944 377.290 53.944 377.290 109.899 353.296 109.899
351.958 54.794 376.013 54.794 376.013 110.994 351.958 110.994
350.846 59.818 374.922 59.818 374.922 116.291 350.846 116.291
350.091 60.836 374.087 60.836 374.087 117.455 350.091 117.455
348.340 65.884 372.532 65.884 372.532 122.436 348.340 122.436
347.160 71.216 371.345 71.216 371.345 128.135 347.160 128.135
346.350 76.091 370.353 76.091 370.353 133.479 346.350 133.479
346.141 75.614 369.895 75.614 369.895 133.539 346.141 133.539
345.306 80.633 369.050 80.633 369.050 138.739 345.306 138.739
344.782 85.993 368.545 85.993 368.545 144.041 344.782 144.041
344.738 87.068 368.127 87.068 368.127 145.750 344.738 145.750
343.930 92.624 367.385 92.624 367.385 151.186 343.930 151.186
343.570 97.927 366.955 97.927 366.955 156.699 343.570 156.699
342.864 98.689 366.103 98.689 366.103 157.919 342.864 157.919
342.036 103.459 365.288 103.459 365.288 163.244 342.036 163.244
340.845 107.661 364.151 107.661 364.151 167.909 340.845 167.909
340.049 112.386 363.509 112.386 363.509 172.689 340.049 172.689
339.147 113.386 362.582 113.386 362.582 173.832 339.147 173.832
338.296 119.295 361.754 119.295 361.754 179.830 338.296 179.830
337.123 121.257 360.571 121.257 360.571 181.701 337.123 181.701
335.525 127.324 359.062 127.324 359.062 187.892 335.525 187.892
334.238 129.550 357.738 129.550 357.738 190.207 334.238 190.207
333.325 131.308 356.646 131.308 356.646 192.497 333.325 192.497
332.030 137.981 355.586 137.981 355.586 198.995 332.030 198.995
330.711 144.345 354.295 144.345 354.295 205.372 330.711 205.372
329.230 145.087 352.794 145.087 352.794 206.196 329.230 206.196
327.980 146.175 351.580 146.175 351.580 207.442 327.980 207.442
327.031 153.556 350.727 153.556 350.727 214.486 327.031 214.486
325.913 155.084 349.635 155.084 349.635 215.777 325.913 215.777
325.065 160.662 348.484 160.662 348.484 221.753 325.065 221.753
324.376 162.799 347.898 162.799 347.898 223.926 324.376 223.926
323.617 164.114 346.756 164.114 346.756 225.805 323.617 225.805
323.048 171.107 345.959 171.107 345.959 232.931 323.048 232.931
322.542 173.624 345.115 173.624 345.115 236.000 322.542 236.000
321.097 179.903 343.554 179.903 343.554 242.427 321.097 242.427
316.038 181.578 338.557 181.578 338.557 244.111 316.038 244.111
316.249 185.099 338.659 185.099 338.659 247.517 316.249 247.517
315.624 187.460 337.734 187.460 337.734 250.375 315.624 250.375
314.735 194.508 337.377 194.508 337.377 256.658 314.735 256.658
309.511 196.226 332.249 196.226 332.249 258.198 309.511 258.198
309.189 204.629 332.383 204.629 332.383 266.395 309.189 266.395
308.317 207.371 331.602 207.371 331.602 269.331 308.317 269.331
307.492 207.919 331.048 207.919 331.048 269.556 307.492 269.556
302.594 211.062 326.479 211.062 326.479 271.654 302.594 271.654
301.334 217.791 325.685 217.791 325.685 277.113 301.334 277.113
300.115 219.636 324.594 219.636 324.594 278.268 300.115 278.268
299.416 219.863 323.680 219.863 323.680 278.251 299.416 278.251
298.446 220.166 322.575 220.166 322.575 278.069 298.446 278.069
294.072 221.174 318.335 221.174 318.335 278.540 294.072 278.540
293.061 220.973 317.769 220.973 317.769 276.793 293.061 276.793
292.146 222.142 317.034 222.142 317.034 277.003 292.146 277.003
290.927 221.041 315.723 221.041 315.723 275.427 290.927 275.427
287.082 220.294 311.798 220.294 311.798 274.350 287.082 274.350
286.197 219.647 310.837 219.647 310.837 273.462 286.197 273.462
284.372 220.362 309.179 220.362 309.179 273.500 284.372 273.500
282.928 220.921 307.905 220.921 307.905 273.456 282.928 273.456
281.056 219.648 305.954 219.648 305.954 271.777 281.056 271.777
279.581 219.796 304.347 219.796 304.347 271.624 279.581 271.624
278.133 219.945 302.653 219.945 302.653 271.597 278.133 271.597
273.983 218.618 298.173 218.618 298.173 270.355 273.983 270.355
273.403 219.392 297.309 219.392 297.309 271.005 273.403 271.005
273.010 217.139 296.844 217.139 296.844 268.728 273.010 268.728
276.827 217.928 300.645 217.928 300.645 269.136 276.827 269.136
282.368 218.309 306.349 218.309 306.349 268.957 282.368 268.957
286.151 218.700 310.115 218.700 310.115 268.881 286.151 268.881
290.463 217.685 314.655 217.685 314.655 267.384 290.463 267.384
295.670 216.926 319.930 216.926 319.930 266.176 295.670 266.176
299.630 215.977 323.895 215.977 323.895 264.948 299.630 264.948
300.174 215.008 324.255 215.008 324.255 263.867 300.174 263.867
300.614 214.878 324.352 214.878 324.352 263.801 300.614 263.801
300.190 213.517 323.561 213.517 323.561 262.785 300.190 262.785
300.557 212.117 323.844 212.117 323.844 261.386 300.557 261.386
304.620 213.782 327.711 213.782 327.711 263.110 304.620 263.110
309.375 213.714 332.621 213.714 332.621 262.571 309.375 262.571
314.082 211.578 337.524 211.578 337.524 260.132 314.082 260.132
318.524 211.183 341.950 211.183 341.950 259.546 318.524 259.546
318.518 211.591 341.850 211.591 341.850 260.035 318.518 260.035
317.394 211.634 340.367 211.634 340.367 260.445 317.394 260.445
316.263 210.104 339.028 210.104 339.028 259.039 316.263 259.039
314.545 209.506 337.326 209.506 337.326 258.466 314.545 258.466
312.961 210.236 335.553 210.236 335.553 259.249 312.961 259.249
316.886 208.633 339.721 208.633 339.721 257.463 316.886 257.463
320.865 210.031 343.711 210.031 343.711 258.636 320.865 258.636
319.853 209.495 342.644 209.495 342.644 258.171 319.853 258.171
318.679 208.437 341.281 208.437 341.281 257.303 318.679 257.303
316.940 208.120 339.251 208.120 339.251 257.432 316.940 257.432
315.592 207.193 337.671 207.193 337.671 256.842 315.592 256.842
311.794 207.583 333.758 207.583 333.758 257.018 311.794 257.018
311.696 207.334 333.574 207.334 333.574 256.869 311.696 256.869
310.820 206.762 332.635 206.762 332.635 256.274 310.820 256.274
309.988 206.902 331.635 206.902 331.635 256.508 309.988 256.508
308.647 206.823 330.316 206.823 330.316 256.384 308.647 256.384
307.639 206.839 329.130 206.839 329.130 256.674 307.639 256.674
307.015 206.749 328.486 206.749 328.486 256.633 307.015 256.633
306.004 206.814 327.464 206.814 327.464 256.654 306.004 256.654
305.201 206.068 326.616 206.068 326.616 256.071 305.201 256.071
303.989 206.035 325.368 206.035 325.368 256.111 303.989 256.111
302.827 205.769 324.210 205.769 324.210 255.809 302.827 255.809
301.745 205.478 323.071 205.478 323.071 255.448 301.745 255.448
300.454 204.969 321.813 204.969 321.813 254.802 300.454 254.802
299.326 207.885 320.726 207.885 320.726 257.702 299.326 257.702
297.741 206.888 319.224 206.888 319.224 256.713 297.741 256.713
296.355 206.672 317.899 206.672 317.899 256.297 296.355 256.297
294.967 206.231 316.581 206.231 316.581 255.563 294.967 255.563
293.929 205.835 315.489 205.835 315.489 255.109 293.929 255.109
292.597 205.660 314.108 205.660 314.108 255.097 292.597 255.097
291.377 205.381 312.948 205.381 312.948 254.669 291.377 254.669
289.883 205.112 311.514 205.112 311.514 254.119 289.883 254.119
288.660 205.196 310.234 205.196 310.234 254.223 288.660 254.223
287.487 204.603 309.041 204.603 309.041 253.576 287.487 253.576
286.537 204.719 307.914 204.719 307.914 253.528 286.537 253.528
285.338 204.429 306.787 204.429 306.787 252.833 285.338 252.833
284.169 204.599 305.541 204.599 305.541 252.948 284.169 252.948
282.446 204.402 303.702 204.402 303.702 252.757 282.446 252.757
280.600 204.560 301.704 204.560 301.704 252.942 280.600 252.942
279.231 204.868 300.318 204.868 300.318 252.974 279.231 252.974
278.426 204.401 299.408 204.401 299.408 252.344 278.426 252.344
276.606 204.216 297.557 204.216 297.557 251.986 276.606 251.986
276.081 204.004 296.852 204.004 296.852 251.843 276.081 251.843
274.156 203.436 294.962 203.436 294.962 250.994 274.156 250.994
270.275 202.699 291.083 202.699 291.083 250.019 270.275 250.019
270.088 202.773 290.681 202.773 290.681 250.289 270.088 250.289
269.003 202.122 289.510 202.122 289.510 249.921 269.003 249.921
267.875 201.762 288.322 201.762 288.322 249.402 267.875 249.402
267.141 204.095 287.520 204.095 287.520 251.797 267.141 251.797
