199.000 114.000 226.000 114.000 226.000 187.000 199.000 187.000
199.239 114.232 226.397 114.232 226.397 186.421 199.239 186.421
199.370 114.838 226.556 114.838 226.556 186.434 199.370 186.434
200.464 115.773 227.641 115.773 227.641 186.603 200.464 186.603
201.027 115.223 227.939 115.223 227.939 185.859 201.027 185.859
201.566 116.706 228.289 116.706 228.289 186.805 201.566 186.805
201.917 116.850 228.502 116.850 228.502 186.687 201.917 186.687
202.618 116.758 229.033 116.758 229.033 186.376 202.618 186.376
202.483 117.024 228.666 117.024 228.666 186.498 202.483 186.498
202.983 118.098 228.783 118.098 228.783 187.806 202.983 187.806
203.216 118.541 228.771 118.541 228.771 188.173 203.216 188.173
203.834 117.825 229.142 117.825 229.142 187.555 203.834 187.555
204.072 117.637 229.306 117.637 229.306 187.248 204.072 187.248
204.378 117.923 229.629 117.923 229.629 187.483 204.378 187.483
204.553 118.981 229.954 118.981 229.954 188.162 204.553 188.162
205.428 119.120 230.916 119.120 230.916 188.070 205.428 188.070
205.919 119.325 231.579 119.325 231.579 188.097 205.919 188.097
206.207 118.875 231.916 118.875 231.916 187.789 206.207 187.789
206.860 119.519 232.665 119.519 232.665 188.502 206.860 188.502
207.373 118.927 233.374 118.927 233.374 187.521 207.373 187.521
208.020 118.742 233.792 118.742 233.792 187.896 208.020 187.896
208.473 119.174 234.465 119.174 234.465 188.345 208.473 188.345
208.772 119.220 234.990 119.220 234.990 188.384 208.772 188.384
209.583 118.965 236.067 118.965 236.067 187.655 209.583 187.655
210.547 119.676 237.197 119.676 237.197 187.653 210.547 187.653
216.161 119.644 242.743 119.644 242.743 187.319 216.161 187.319
215.831 119.978 242.504 119.978 242.504 187.159 215.831 187.159
215.528 121.265 242.190 121.265 242.190 187.962 215.528 187.962
215.379 122.238 242.061 122.238 242.061 188.697 215.379 188.697
216.183 122.173 242.825 122.173 242.825 188.549 216.183 188.549
217.204 122.795 243.575 122.795 243.575 189.275 217.204 189.275
218.066 122.704 244.347 122.704 244.347 189.125 218.066 189.125
218.847 123.117 244.927 123.117 244.927 189.689 218.847 189.689
219.726 121.975 245.639 121.975 245.639 188.748 219.726 188.748
221.153 121.375 247.086 121.375 247.086 188.197 221.153 188.197
221.901 120.975 247.807 120.975 247.807 187.924 221.901 187.924
222.837 120.163 248.664 120.163 248.664 187.330 222.837 187.330
223.706 120.264 249.548 120.264 249.548 187.078 223.706 187.078
224.359 116.265 250.068 116.265 250.068 183.065 224.359 183.065
225.212 117.589 250.948 117.589 250.948 184.258 225.212 184.258
226.741 119.075 252.491 119.075 252.491 185.480 226.741 185.480
228.317 120.873 254.021 120.873 254.021 186.843 228.317 186.843
230.519 120.709 256.041 120.709 256.041 186.578 230.519 186.578
232.607 120.725 257.773 120.725 257.773 186.804 232.607 186.804
234.530 120.259 259.473 120.259 259.473 186.601 234.530 186.601
236.016 116.026 260.855 116.026 260.855 182.154 236.016 182.154
237.321 116.338 262.041 116.338 262.041 182.439 237.321 182.439
238.616 117.421 263.398 117.421 263.398 183.180 238.616 183.180
239.654 117.586 264.516 117.586 264.516 182.942 239.654 182.942
240.528 117.492 265.534 117.492 265.534 182.599 240.528 182.599
241.525 118.167 266.686 118.167 266.686 183.082 241.525 183.082
242.602 118.068 267.860 118.068 267.860 182.577 242.602 182.577
243.623 118.378 268.276 118.378 268.276 183.495 243.623 183.495
244.834 118.242 268.872 118.242 268.872 183.955 244.834 183.955
245.451 117.739 268.928 117.739 268.928 184.081 245.451 184.081
246.353 117.403 269.486 117.403 269.486 184.195 246.353 184.195
247.357 118.557 270.266 118.557 270.266 185.689 247.357 185.689
248.306 118.410 271.015 118.410 271.015 185.965 248.306 185.965
249.301 118.784 271.918 118.784 271.918 186.435 249.301 186.435
249.831 115.715 272.645 115.715 272.645 183.262 249.831 183.262
250.778 117.608 273.794 117.608 273.794 185.254 250.778 185.254
251.329 117.987 274.399 117.987 274.399 185.597 251.329 185.597
262.871 120.460 285.960 120.460 285.960 188.070 262.871 188.070
263.403 121.917 286.514 121.917 286.514 189.290 263.403 189.290
263.634 123.147 286.576 123.147 286.576 190.488 263.634 190.488
264.799 123.319 287.770 123.319 287.770 190.302 264.799 190.302
266.245 123.523 289.326 123.523 289.326 190.109 266.245 190.109
267.716 123.017 290.470 123.017 290.470 190.018 267.716 190.018
269.348 122.843 292.006 122.843 292.006 189.697 269.348 189.697
270.471 123.387 293.070 123.387 293.070 190.251 270.471 190.251
271.571 123.255 294.326 123.255 294.326 189.643 271.571 189.643
276.156 123.777 298.916 123.777 298.916 190.329 276.156 190.329
276.004 124.505 298.633 124.505 298.633 191.073 276.004 191.073
276.568 124.314 299.140 124.314 299.140 190.770 276.568 190.770
277.175 123.978 299.859 123.978 299.859 190.357 277.175 190.357
277.891 123.070 300.356 123.070 300.356 189.569 277.891 189.569
278.518 121.103 300.817 121.103 300.817 187.691 278.518 187.691
279.318 120.752 301.493 120.752 301.493 187.224 279.318 187.224
280.178 120.520 302.383 120.520 302.383 186.971 280.178 186.971
280.603 119.728 302.865 119.728 302.865 185.995 280.603 185.995
281.645 119.511 304.014 119.511 304.014 185.335 281.645 185.335
282.177 119.865 304.490 119.865 304.490 185.500 282.177 185.500
282.622 119.511 304.893 119.511 304.893 185.158 282.622 185.158
282.714 120.123 304.862 120.123 304.862 185.795 282.714 185.795
282.921 119.856 305.079 119.856 305.079 185.395 282.921 185.395
282.911 119.190 304.983 119.190 304.983 184.724 282.911 184.724
284.002 119.564 306.045 119.564 306.045 185.098 284.002 185.098
283.602 119.010 305.602 119.010 305.602 184.451 283.602 184.451
284.068 118.654 306.060 118.654 306.060 183.771 284.068 183.771
284.381 118.993 306.411 118.993 306.411 183.683 284.381 183.683
284.904 118.612 306.733 118.612 306.733 183.316 284.904 183.316
285.656 118.394 307.423 118.394 307.423 182.893 285.656 182.893
285.986 119.403 307.754 119.403 307.754 183.990 285.986 183.990
285.253 120.030 307.050 120.030 307.050 184.619 285.253 184.619
285.759 120.942 307.491 120.942 307.491 185.636 285.759 185.636
286.025 120.778 307.684 120.778 307.684 185.712 286.025 185.712
286.433 120.237 308.055 120.237 308.055 185.316 286.433 185.316
285.658 120.105 307.423 120.105 307.423 185.055 285.658 185.055
286.053 120.315 307.910 120.315 307.910 185.096 286.053 185.096
285.734 120.767 307.667 120.767 307.667 185.484 285.734 185.484
286.616 119.564 308.430 119.564 308.430 184.420 286.616 184.420
286.816 121.414 308.941 121.414 308.941 185.787 286.816 185.787
286.969 121.918 309.190 121.918 309.190 185.991 286.969 185.991
286.904 121.089 309.109 121.089 309.109 185.096 286.904 185.096
287.144 121.731 309.448 121.731 309.448 185.591 287.144 185.591
287.060 120.687 309.558 120.687 309.558 184.657 287.060 184.657
287.329 119.874 309.955 119.874 309.955 183.858 287.329 183.858
287.790 120.171 310.563 120.171 310.563 184.249 287.790 184.249
288.243 120.760 311.057 120.760 311.057 184.932 288.243 184.932
288.024 120.350 311.006 120.350 311.006 184.602 288.024 184.602
288.226 120.329 311.292 120.329 311.292 184.674 288.226 184.674
288.591 120.164 311.702 120.164 311.702 184.697 288.591 184.697
288.510 119.820 311.680 119.820 311.680 184.449 288.510 184.449
288.530 119.057 311.803 119.057 311.803 183.754 288.530 183.754
288.466 117.958 311.698 117.958 311.698 183.135 288.466 183.135
288.794 117.478 312.083 117.478 312.083 182.826 288.794 182.826
288.856 116.842 312.060 116.842 312.060 182.735 288.856 182.735
289.154 116.483 312.336 116.483 312.336 182.904 289.154 182.904
288.713 115.825 311.906 115.825 311.906 182.524 288.713 182.524
288.475 116.436 311.799 116.436 311.799 183.129 288.475 183.129
288.490 116.958 311.820 116.958 311.820 183.976 288.490 183.976
288.508 116.651 311.770 116.651 311.770 184.002 288.508 184.002
288.162 116.135 311.431 116.135 311.431 183.592 288.162 183.592
288.028 116.969 311.376 116.969 311.376 184.421 288.028 184.421
287.556 117.380 310.994 117.380 310.994 184.733 287.556 184.733
287.619 117.895 311.154 117.895 311.154 185.255 287.619 185.255
287.360 118.009 310.975 118.009 310.975 185.397 287.360 185.397
287.873 118.130 311.687 118.130 311.687 185.449 287.873 185.449
288.064 118.884 311.951 118.884 311.951 186.170 288.064 186.170
287.945 118.477 311.878 118.477 311.878 185.655 287.945 185.655
288.011 119.033 311.981 119.033 311.981 186.165 288.011 186.165
287.860 118.016 311.896 118.016 311.896 185.117 287.860 185.117
288.170 118.508 312.244 118.508 312.244 185.746 288.170 185.746
288.330 118.967 312.572 118.967 312.572 186.159 288.330 186.159
288.846 118.858 313.134 118.858 313.134 185.988 288.846 185.988
288.947 118.704 313.185 118.704 313.185 186.012 288.947 186.012
289.267 117.709 313.527 117.709 313.527 185.275 289.267 185.275
288.984 116.556 313.201 116.556 313.201 184.506 288.984 184.506
289.163 116.263 313.462 116.263 313.462 184.243 289.163 184.243
289.329 115.597 313.773 115.597 313.773 183.331 289.329 183.331
289.398 116.009 313.993 116.009 313.993 183.648 289.398 183.648
288.961 115.269 313.616 115.269 313.616 183.143 288.961 183.143
289.209 116.166 313.679 116.166 313.679 184.158 289.209 184.158
288.891 116.418 313.469 116.418 313.469 184.115 288.891 184.115
288.844 116.053 313.444 116.053 313.444 183.427 288.844 183.427
288.612 115.716 313.283 115.716 313.283 182.923 288.612 182.923
288.420 115.640 313.495 115.640 313.495 182.105 288.420 182.105
288.320 115.968 313.782 115.968 313.782 181.757 288.320 181.757
299.980 115.954 325.466 115.954 325.466 181.361 299.980 181.361
305.359 116.286 330.271 116.286 330.271 182.046 305.359 182.046
305.171 116.312 329.681 116.312 329.681 182.204 305.171 182.204
306.101 115.747 330.245 115.747 330.245 181.575 306.101 181.575
307.095 114.978 330.897 114.978 330.897 180.884 307.095 180.884
307.805 114.212 331.246 114.212 331.246 180.278 307.805 180.278
308.647 114.228 331.994 114.228 331.994 180.185 308.647 180.185
309.366 113.908 332.484 113.908 332.484 179.827 309.366 179.827
310.227 113.752 333.204 113.752 333.204 179.312 310.227 179.312
311.467 114.133 334.341 114.133 334.341 179.404 311.467 179.404
312.473 115.316 335.271 115.316 335.271 180.175 312.473 180.175
313.475 113.906 336.232 113.906 336.232 178.462 313.475 178.462
314.513 114.521 337.071 114.521 337.071 178.933 314.513 178.933
315.534 114.392 337.824 114.392 337.824 178.795 315.534 178.795
316.523 114.875 338.627 114.875 338.627 179.030 316.523 179.030
317.026 114.807 338.807 114.807 338.807 179.014 317.026 179.014
317.773 114.674 339.419 114.674 339.419 178.833 317.773 178.833
318.560 114.487 339.952 114.487 339.952 178.654 318.560 178.654
318.841 114.670 340.004 114.670 340.004 178.706 318.841 178.706
319.736 115.281 340.720 115.281 340.720 179.099 319.736 179.099
319.839 115.337 340.786 115.337 340.786 178.765 319.839 178.765
320.208 115.181 340.983 115.181 340.983 178.349 320.208 178.349
320.118 115.823 340.890 115.823 340.890 178.452 320.118 178.452
320.395 115.225 340.982 115.225 340.982 177.695 320.395 177.695
320.914 115.250 341.461 115.250 341.461 177.340 320.914 177.340
320.728 115.007 341.304 115.007 341.304 176.578 320.728 176.578
321.047 114.127 341.573 114.127 341.573 175.414 321.047 175.414
321.289 115.089 341.842 115.089 341.842 175.904 321.289 175.904
321.760 116.461 342.389 116.461 342.389 176.710 321.760 176.710
322.221 116.709 342.807 116.709 342.807 176.564 322.221 176.564
323.224 117.833 343.933 117.833 343.933 177.181 323.224 177.181
323.933 117.542 344.508 117.542 344.508 176.450 323.933 176.450
324.408 116.744 344.918 116.744 344.918 175.212 324.408 175.212
325.325 117.323 345.778 117.323 345.778 175.386 325.325 175.386
325.945 117.176 346.989 117.176 346.989 174.254 325.945 174.254
330.958 119.766 351.711 119.766 351.711 177.085 330.958 177.085
331.174 119.009 351.785 119.009 351.785 176.231 331.174 176.231
331.560 118.607 352.007 118.607 352.007 175.772 331.560 175.772
331.772 118.130 352.036 118.130 352.036 175.368 331.772 175.368
331.876 118.228 352.027 118.228 352.027 175.532 331.876 175.532
331.790 117.699 351.866 117.699 351.866 174.887 331.790 174.887
331.887 118.294 352.048 118.294 352.048 175.141 331.887 175.141
332.433 113.034 352.539 113.034 352.539 169.829 332.433 169.829
332.638 113.052 352.732 113.052 352.732 169.693 332.638 169.693
332.967 118.242 353.035 118.242 353.035 174.806 332.967 174.806
333.260 121.747 353.335 121.747 353.335 178.177 333.260 178.177
337.731 121.030 357.689 121.030 357.689 177.367 337.731 177.367
337.914 120.277 357.815 120.277 357.815 176.700 337.914 176.700
337.964 119.379 357.823 119.379 357.823 175.959 337.964 175.959
338.126 118.478 358.080 118.478 358.080 174.863 338.126 174.863
338.271 118.800 358.450 118.800 358.450 174.889 338.271 174.889
338.074 115.421 358.941 115.421 358.941 170.513 338.074 170.513
342.288 120.181 362.974 120.181 362.974 175.562 342.288 175.562
342.023 119.736 362.620 119.736 362.620 175.192 342.023 175.192
342.152 115.111 362.570 115.111 362.570 170.635 342.152 170.635
342.301 115.192 362.620 115.192 362.620 170.622 342.301 170.622
342.553 111.288 363.240 111.288 363.240 166.018 342.553 166.018
342.885 112.943 363.923 112.943 363.923 166.859 342.885 166.859
343.659 113.825 364.975 113.825 364.975 167.061 343.659 167.061
343.596 114.497 365.032 114.497 365.032 167.150 343.596 167.150
344.070 110.107 365.600 110.107 365.600 162.228 344.070 162.228
347.917 110.785 369.578 110.785 369.578 162.353 347.917 162.353
348.420 111.109 369.991 111.109 369.991 162.492 348.420 162.492
349.643 111.331 370.624 111.331 370.624 162.950 349.643 162.950
353.738 107.317 374.790 107.317 374.790 158.648 353.738 158.648
353.697 108.809 374.975 108.809 374.975 159.698 353.697 159.698
357.348 109.609 378.689 109.609 378.689 160.324 357.348 160.324
357.051 110.797 378.374 110.797 378.374 161.404 357.051 161.404
357.642 111.321 378.865 111.321 378.865 161.863 357.642 161.863
361.938 107.040 383.069 107.040 383.069 157.672 361.938 157.672
362.199 107.062 383.155 107.062 383.155 157.780 362.199 157.780
362.444 107.055 383.222 107.055 383.222 157.694 362.444 157.694
363.259 107.243 383.884 107.243 383.884 157.832 363.259 157.832
363.484 107.515 384.086 107.515 384.086 157.912 363.484 157.912
364.040 120.432 384.591 120.432 384.591 170.754 364.040 170.754
368.195 124.064 388.855 124.064 388.855 174.210 368.195 174.210
368.561 126.944 389.357 126.944 389.357 176.930 368.561 176.930
369.144 125.558 390.004 125.558 390.004 175.573 369.144 175.573
369.801 124.023 390.658 124.023 390.658 174.254 369.801 174.254
370.226 123.656 391.133 123.656 391.133 173.880 370.226 173.880
370.547 123.147 391.509 123.147 391.509 173.371 370.547 173.371
370.648 126.601 391.745 126.601 391.745 176.884 370.648 176.884
370.788 126.001 391.938 126.001 391.938 176.484 370.788 176.484
370.918 125.201 392.238 125.201 392.238 175.943 370.918 175.943
375.097 124.341 396.741 124.341 396.741 175.208 375.097 175.208
378.987 123.938 400.742 123.938 400.742 175.030 378.987 175.030
378.856 123.428 400.865 123.428 400.865 174.959 378.856 174.959
374.181 126.920 396.476 126.920 396.476 178.584 374.181 178.584
370.051 129.432 392.322 129.432 392.322 181.114 370.051 181.114
370.093 131.316 392.429 131.316 392.429 182.919 370.093 182.919
384.353 130.749 406.665 130.749 406.665 182.523 384.353 182.523
385.172 126.006 407.525 126.006 407.525 178.027 385.172 178.027
390.333 130.343 411.869 130.343 411.869 183.630 390.333 183.630
391.757 125.931 413.068 125.931 413.068 179.602 391.757 179.602
392.886 126.389 413.980 126.389 413.980 180.402 392.886 180.402
394.051 126.530 414.588 126.530 414.588 181.397 394.051 181.397
394.901 122.153 414.973 122.153 414.973 177.787 394.901 177.787
395.899 117.796 415.616 117.796 415.616 174.061 395.899 174.061
396.528 113.710 416.204 113.710 416.204 170.157 396.528 170.157
397.125 113.264 416.720 113.264 416.720 170.070 397.125 170.070
397.802 112.334 417.211 112.334 417.211 169.736 397.802 169.736
398.436 111.992 417.719 111.992 417.719 169.600 398.436 169.600
398.874 112.000 418.072 112.000 418.072 169.786 398.874 169.786
399.367 111.639 418.474 111.639 418.474 169.675 399.367 169.675
399.902 111.032 418.833 111.032 418.833 169.335 399.902 169.335
400.631 119.945 419.577 119.945 419.577 178.507 400.631 178.507
401.323 124.143 420.304 124.143 420.304 182.758 401.323 182.758
402.156 123.373 421.105 123.373 421.105 182.097 402.156 182.097
402.836 122.857 421.721 122.857 421.721 181.866 402.836 181.866
403.451 122.336 422.279 122.336 422.279 181.640 403.451 181.640
403.741 111.177 422.527 111.177 422.527 170.810 403.741 170.810
403.797 110.664 422.526 110.664 422.526 170.583 403.797 170.583
403.842 109.920 422.573 109.920 422.573 169.947 403.842 169.947
403.935 109.596 422.677 109.596 422.677 169.707 403.935 169.707
404.270 109.428 422.971 109.428 422.971 169.812 404.270 169.812
404.515 108.474 423.217 108.474 423.217 168.980 404.515 168.980
404.680 107.686 423.338 107.686 423.338 168.393 404.680 168.393
404.948 106.511 423.641 106.511 423.641 167.275 404.948 167.275
