590.000 192.000 617.000 192.000 617.000 267.000 590.000 267.000
590.931 192.606 618.064 192.606 618.064 267.305 590.931 267.305
590.945 192.492 618.208 192.492 618.208 266.910 590.945 266.910
590.610 193.737 617.822 193.737 617.822 268.206 590.610 268.206
589.937 192.239 617.133 192.239 617.133 266.633 589.937 266.633
590.477 192.018 617.669 192.018 617.669 266.398 590.477 266.398
590.414 191.334 617.647 191.334 617.647 265.757 590.414 265.757
589.403 191.734 616.926 191.734 616.926 265.676 589.403 265.676
589.141 190.268 616.771 190.268 616.771 264.195 589.141 264.195
590.188 189.784 617.897 189.784 617.897 263.645 590.188 263.645
588.644 190.758 616.586 190.758 616.586 264.152 588.644 264.152
588.993 189.416 617.136 189.416 617.136 262.484 588.993 262.484
588.387 190.485 616.599 190.485 616.599 263.251 588.387 263.251
587.406 190.879 615.739 190.879 615.739 263.459 587.406 263.459
586.843 189.196 615.323 189.196 615.323 261.378 586.843 261.378
586.953 190.395 615.459 190.395 615.459 262.824 586.953 262.824
586.514 188.336 614.910 188.336 614.910 261.057 586.514 261.057
586.213 187.445 614.883 187.445 614.883 260.275 586.213 260.275
585.275 186.914 614.001 186.914 614.001 259.901 585.275 259.901
584.269 187.578 613.227 187.578 613.227 260.491 584.269 260.491
584.342 187.185 613.446 187.185 613.446 259.751 584.342 259.751
583.862 187.103 613.156 187.103 613.156 259.227 583.862 259.227
583.192 187.722 612.584 187.722 612.584 259.652 583.192 259.652
583.265 186.292 612.668 186.292 612.668 257.902 583.265 257.902
583.273 185.789 612.848 185.789 612.848 257.407 583.273 257.407
582.338 183.980 612.039 183.980 612.039 255.595 582.338 255.595
581.418 183.818 611.239 183.818 611.239 255.286 581.418 255.286
580.058 184.842 609.926 184.842 609.926 256.617 580.058 256.617
579.540 183.572 609.486 183.572 609.486 255.010 579.540 255.010
578.868 184.624 608.809 184.624 608.809 256.045 578.868 256.045
577.077 184.724 606.873 184.724 606.873 256.287 577.077 256.287
576.692 183.857 606.344 183.857 606.344 255.027 576.692 255.027
576.383 184.445 605.953 184.445 605.953 255.300 576.383 255.300
576.410 182.892 605.804 182.892 605.804 253.721 576.410 253.721
575.143 182.996 604.257 182.996 604.257 253.814 575.143 253.814
574.388 182.581 603.612 182.581 603.612 253.176 574.388 253.176
574.169 181.931 603.376 181.931 603.376 252.221 574.169 252.221
573.638 182.196 602.612 182.196 602.612 252.609 573.638 252.609
573.150 182.045 601.905 182.045 601.905 252.348 573.150 252.348
572.750 182.207 601.370 182.207 601.370 252.387 572.750 252.387
572.543 181.885 601.147 181.885 601.147 252.025 572.543 252.025
571.736 180.743 600.206 180.743 600.206 251.215 571.736 251.215
571.133 182.034 599.390 182.034 599.390 252.437 571.133 252.437
570.622 181.225 598.929 181.225 598.929 251.197 570.622 251.197
569.732 181.025 597.782 181.025 597.782 250.908 569.732 250.908
569.318 180.999 597.274 180.999 597.274 250.562 569.318 250.562
569.140 182.360 597.056 182.360 597.056 251.492 569.140 251.492
568.575 181.178 596.397 181.178 596.397 249.858 568.575 249.858
567.778 181.465 595.475 181.465 595.475 249.643 567.778 249.643
566.661 181.552 594.416 181.552 594.416 249.421 566.661 249.421
565.347 181.494 592.851 181.494 592.851 248.883 565.347 248.883
564.926 180.892 591.989 180.892 591.989 248.030 564.926 248.030
564.141 180.606 590.742 180.606 590.742 247.937 564.141 247.937
564.037 180.664 590.235 180.664 590.235 248.272 564.037 248.272
564.042 179.441 589.853 179.441 589.853 247.008 564.042 247.008
563.867 179.681 589.549 179.681 589.549 246.994 563.867 246.994
563.237 178.824 588.615 178.824 588.615 246.000 563.237 246.000
562.831 179.977 588.001 179.977 588.001 247.102 562.831 247.102
562.520 179.623 587.692 179.623 587.692 246.210 562.520 246.210
562.261 180.149 587.480 180.149 587.480 246.367 562.261 246.367
561.539 179.363 586.772 179.363 586.772 245.252 561.539 245.252
561.552 177.368 586.462 177.368 586.462 243.503 561.552 243.503
561.029 178.279 585.858 178.279 585.858 244.198 561.029 244.198
560.585 177.841 585.217 177.841 585.217 243.773 560.585 243.773
559.766 177.222 584.236 177.222 584.236 243.307 559.766 243.307
559.250 177.767 583.545 177.767 583.545 243.783 559.250 243.783
558.694 178.617 582.890 178.617 582.890 244.460 558.694 244.460
558.466 177.407 582.438 177.407 582.438 243.534 558.466 243.534
557.436 178.657 581.466 178.657 581.466 244.780 557.436 244.780
557.089 178.965 581.109 178.965 581.109 244.844 557.089 244.844
556.111 177.711 579.938 177.711 579.938 243.549 556.111 243.549
555.384 177.480 579.246 177.480 579.246 243.199 555.384 243.199
554.399 177.864 578.216 177.864 578.216 243.482 554.399 243.482
553.591 177.760 577.396 177.760 577.396 243.005 553.591 243.005
553.193 177.924 577.071 177.924 577.071 242.315 553.193 242.315
553.495 178.333 577.420 178.333 577.420 242.396 553.495 242.396
553.277 176.929 577.268 176.929 577.268 240.514 553.277 240.514
552.983 177.176 576.962 177.176 576.962 240.491 552.983 240.491
552.651 176.458 576.610 176.458 576.610 239.811 552.651 239.811
552.196 176.788 576.040 176.788 576.040 240.210 552.196 240.210
551.688 174.342 575.378 174.342 575.378 237.882 551.688 237.882
551.072 173.994 574.499 173.994 574.499 237.853 551.072 237.853
551.090 175.110 574.277 175.110 574.277 239.477 551.090 239.477
550.990 175.058 574.070 175.058 574.070 239.623 550.990 239.623
550.396 174.266 573.473 174.266 573.473 238.861 550.396 238.861
550.533 173.624 573.531 173.624 573.531 238.366 550.533 238.366
550.049 174.241 573.046 174.241 573.046 239.216 550.049 239.216
549.714 173.505 572.770 173.505 572.770 238.504 549.714 238.504
549.173 173.585 572.247 173.585 572.247 238.713 549.173 238.713
548.764 172.028 571.873 172.028 571.873 237.250 548.764 237.250
548.140 172.382 571.111 172.382 571.111 238.158 548.140 238.158
547.634 172.201 570.742 172.201 570.742 238.043 547.634 238.043
546.823 171.471 569.861 171.471 569.861 237.573 546.823 237.573
546.166 169.721 569.212 169.721 569.212 236.234 546.166 236.234
546.988 170.069 570.120 170.069 570.120 236.742 546.988 236.742
546.090 170.397 569.233 170.397 569.233 237.360 546.090 237.360
546.099 170.339 569.166 170.339 569.166 237.409 546.099 237.409
546.217 169.369 569.289 169.369 569.289 236.501 546.217 236.501
546.510 168.752 569.560 168.752 569.560 235.934 546.510 235.934
546.422 169.198 569.361 169.198 569.361 236.820 546.422 236.820
546.407 166.907 569.162 166.907 569.162 235.188 546.407 235.188
545.685 167.801 568.560 167.801 568.560 236.235 545.685 236.235
545.046 166.929 567.987 166.929 567.987 235.381 545.046 235.381
544.511 166.529 567.421 166.529 567.421 235.165 544.511 235.165
544.097 168.138 567.005 168.138 567.005 237.089 544.097 237.089
543.173 167.817 566.207 167.817 566.207 236.732 543.173 236.732
542.792 167.600 565.850 167.600 565.850 236.551 542.792 236.551
542.549 167.109 565.768 167.109 565.768 235.881 542.549 235.881
542.161 167.605 565.396 167.605 565.396 236.757 542.161 236.757
541.536 166.515 564.642 166.515 564.642 235.804 541.536 235.804
540.412 166.606 563.576 166.606 563.576 236.072 540.412 236.072
539.678 167.102 562.959 167.102 562.959 236.034 539.678 236.034
539.249 167.458 562.626 167.458 562.626 236.149 539.249 236.149
539.141 167.241 562.555 167.241 562.555 235.679 539.141 235.679
539.030 169.067 562.362 169.067 562.362 237.441 539.030 237.441
539.066 167.418 562.402 167.418 562.402 235.694 539.066 235.694
539.474 168.064 562.752 168.064 562.752 236.176 539.474 236.176
538.994 166.279 562.363 166.279 562.363 234.033 538.994 234.033
538.765 166.599 562.142 166.599 562.142 234.064 538.765 234.064
538.459 167.759 561.895 167.759 561.895 235.258 538.459 235.258
537.722 166.086 561.207 166.086 561.207 233.519 537.722 233.519
537.350 166.620 560.783 166.620 560.783 234.138 537.350 234.138
536.631 167.150 560.173 167.150 560.173 234.494 536.631 234.494
536.127 166.910 559.585 166.910 559.585 234.085 536.127 234.085
535.514 166.715 558.889 166.715 558.889 233.829 535.514 233.829
535.251 166.272 558.527 166.272 558.527 233.572 535.251 233.572
534.456 166.936 557.762 166.936 557.762 234.077 534.456 234.077
534.407 166.454 557.642 166.454 557.642 233.475 534.407 233.475
534.244 166.976 557.475 166.976 557.475 233.843 534.244 233.843
533.255 166.779 556.528 166.779 556.528 233.754 533.255 233.754
532.850 166.816 556.175 166.816 556.175 233.431 532.850 233.431
532.832 166.260 556.136 166.260 556.136 232.521 532.832 232.521
532.739 166.722 556.011 166.722 556.011 232.668 532.739 232.668
533.409 168.575 556.709 168.575 556.709 234.328 533.409 234.328
533.131 166.883 556.376 166.883 556.376 232.704 533.131 232.704
533.470 167.565 556.691 167.565 556.691 233.088 533.470 233.088
532.801 166.725 556.092 166.725 556.092 231.979 532.801 231.979
532.507 166.059 555.598 166.059 555.598 231.273 532.507 231.273
531.639 165.052 554.764 165.052 554.764 230.224 531.639 230.224
531.519 165.623 554.657 165.623 554.657 230.552 531.519 230.552
531.105 165.948 554.151 165.948 554.151 230.409 531.105 230.409
530.797 165.976 553.820 165.976 553.820 230.154 530.797 230.154
530.106 165.425 553.060 165.425 553.060 229.549 530.106 229.549
529.372 166.698 552.336 166.698 552.336 230.625 529.372 230.625
529.013 165.017 551.789 165.017 551.789 228.955 529.013 228.955
528.187 165.256 550.893 165.256 550.893 229.106 528.187 229.106
527.979 165.905 550.602 165.905 550.602 229.741 527.979 229.741
527.228 165.803 549.825 165.803 549.825 229.462 527.228 229.462
526.501 164.539 549.065 164.539 549.065 228.056 526.501 228.056
525.966 164.206 548.667 164.206 548.667 227.142 525.966 227.142
525.782 165.661 548.437 165.661 548.437 228.534 525.782 228.534
526.153 164.241 548.788 164.241 548.788 227.133 526.153 227.133
525.997 165.432 548.624 165.432 548.624 228.114 525.997 228.114
525.677 165.350 548.230 165.350 548.230 227.934 525.677 227.934
525.682 165.082 548.180 165.082 548.180 227.487 525.682 227.487
525.731 165.067 548.121 165.067 548.121 227.545 525.731 227.545
524.982 164.450 547.294 164.450 547.294 226.697 524.982 226.697
524.661 162.402 546.976 162.402 546.976 224.548 524.661 224.548
524.957 163.769 547.222 163.769 547.222 225.681 524.957 225.681
524.546 163.162 546.894 163.162 546.894 224.786 524.546 224.786
523.774 161.819 546.086 161.819 546.086 223.374 523.774 223.374
523.608 163.507 546.014 163.507 546.014 224.865 523.608 224.865
522.725 164.019 545.029 164.019 545.029 225.279 522.725 225.279
522.721 164.187 544.919 164.187 544.919 225.259 522.721 225.259
522.880 162.954 545.004 162.954 545.004 223.907 522.880 223.907
522.158 162.881 544.287 162.881 544.287 223.837 522.158 223.837
521.985 162.843 544.072 162.843 544.072 223.698 521.985 223.698
521.525 162.560 543.597 162.560 543.597 223.288 521.525 223.288
521.671 162.115 543.723 162.115 543.723 222.821 521.671 222.821
521.504 163.773 543.555 163.773 543.555 224.460 521.504 224.460
521.265 162.261 543.334 162.261 543.334 222.959 521.265 222.959
521.922 163.291 543.879 163.291 543.879 224.089 521.922 224.089
522.095 161.866 544.094 161.866 544.094 222.808 522.095 222.808
521.646 163.315 543.916 163.315 543.916 224.007 521.646 224.007
520.920 161.679 543.061 161.679 543.061 222.263 520.920 222.263
521.292 160.962 543.242 160.962 543.242 221.483 521.292 221.483
521.027 160.297 542.977 160.297 542.977 220.567 521.027 220.567
521.347 162.048 543.324 162.048 543.324 222.096 521.347 222.096
521.250 161.655 543.152 161.655 543.152 221.516 521.250 221.516
520.926 161.296 542.791 161.296 542.791 220.890 520.926 220.890
521.356 160.488 543.150 160.488 543.150 219.662 521.356 219.662
520.355 161.454 542.259 161.454 542.259 220.246 520.355 220.246
519.726 161.100 541.760 161.100 541.760 219.620 519.726 219.620
519.216 160.613 541.230 160.613 541.230 218.991 519.216 218.991
517.998 160.815 540.018 160.815 540.018 219.067 517.998 219.067
518.120 160.730 539.927 160.730 539.927 219.089 518.120 219.089
517.925 160.588 539.631 160.588 539.631 218.792 517.925 218.792
517.662 159.869 539.364 159.869 539.364 217.972 517.662 217.972
517.223 159.920 538.995 159.920 538.995 217.887 517.223 217.887
517.145 160.277 539.108 160.277 539.108 217.807 517.145 217.807
516.990 161.152 539.012 161.152 539.012 218.472 516.990 218.472
517.095 160.885 538.932 160.885 538.932 218.329 517.095 218.329
517.299 160.553 539.160 160.553 539.160 217.930 517.299 217.930
516.910 158.693 538.768 158.693 538.768 216.080 516.910 216.080
517.136 159.334 538.798 159.334 538.798 216.832 517.136 216.832
516.183 159.281 537.660 159.281 537.660 216.847 516.183 216.847
516.163 158.779 537.557 158.779 537.557 216.076 516.163 216.076
516.368 157.290 537.630 157.290 537.630 214.684 516.368 214.684
515.671 159.578 537.092 159.578 537.092 216.674 515.671 216.674
515.521 158.068 536.878 158.068 536.878 215.077 515.521 215.077
514.606 159.852 536.020 159.852 536.020 216.511 514.606 216.511
515.191 159.492 536.484 159.492 536.484 216.212 515.191 216.212
514.198 158.367 535.542 158.367 535.542 214.873 514.198 214.873
514.417 157.507 535.738 157.507 535.738 213.938 514.417 213.938
514.029 158.564 535.291 158.564 535.291 215.126 514.029 215.126
513.354 158.433 534.739 158.433 534.739 214.605 513.354 214.605
513.869 159.018 535.075 159.018 535.075 215.118 513.869 215.118
514.151 158.734 535.241 158.734 535.241 214.837 514.151 214.837
514.533 159.627 535.570 159.627 535.570 215.591 514.533 215.591
514.377 158.210 535.412 158.210 535.412 213.960 514.377 213.960
514.234 157.708 535.198 157.708 535.198 213.385 514.234 213.385
514.923 159.823 535.823 159.823 535.823 215.345 514.923 215.345
514.256 158.072 535.113 158.072 535.113 213.414 514.256 213.414
515.119 157.143 535.716 157.143 535.716 212.618 515.119 212.618
515.309 157.082 535.843 157.082 535.843 212.418 515.309 212.418
515.188 156.263 535.761 156.263 535.761 211.556 515.188 211.556
514.623 157.153 535.138 157.153 535.138 212.422 514.623 212.422
514.576 157.344 535.039 157.344 535.039 212.645 514.576 212.645
514.026 157.799 534.544 157.799 534.544 212.974 514.026 212.974
512.989 157.203 533.528 157.203 533.528 212.164 512.989 212.164
512.581 157.958 533.147 157.958 533.147 212.830 512.581 212.830
512.416 157.155 532.977 157.155 532.977 211.798 512.416 211.798
512.541 156.813 533.158 156.813 533.158 211.409 512.541 211.409
512.052 156.527 532.607 156.527 532.607 211.084 512.052 211.084
511.610 157.330 532.102 157.330 532.102 211.719 511.610 211.719
510.912 157.361 531.327 157.361 531.327 211.432 510.912 211.432
510.643 156.341 531.057 156.341 531.057 210.051 510.643 210.051
511.335 158.270 531.669 158.270 531.669 211.799 511.335 211.799
511.788 156.233 532.066 156.233 532.066 209.716 511.788 209.716
511.559 157.795 531.898 157.795 531.898 211.117 511.559 211.117
511.974 157.425 532.177 157.425 532.177 210.685 511.974 210.685
511.702 156.680 531.860 156.680 531.860 209.808 511.702 209.808
511.442 156.906 531.536 156.906 531.536 209.845 511.442 209.845
511.891 155.948 531.932 155.948 531.932 208.787 511.891 208.787
511.653 155.354 531.572 155.354 531.572 208.273 511.653 208.273
511.726 155.159 531.564 155.159 531.564 208.201 511.726 208.201
511.101 156.782 530.934 156.782 530.934 209.858 511.101 209.858
511.052 154.993 530.845 154.993 530.845 208.025 511.052 208.025
510.010 156.393 529.896 156.393 529.896 209.272 510.010 209.272
510.086 155.681 529.952 155.681 529.952 208.331 510.086 208.331
509.981 155.770 529.827 155.770 529.827 208.205 509.981 208.205
509.848 155.566 529.532 155.566 529.532 208.086 509.848 208.086
508.734 155.222 528.344 155.222 528.344 207.678 508.734 207.678
508.062 155.538 527.668 155.538 527.668 208.028 508.062 208.028
507.777 155.445 527.434 155.445 527.434 207.554 507.777 207.554
508.031 156.118 527.653 156.118 527.653 208.094 508.031 208.094
508.141 155.244 527.636 155.244 527.636 207.093 508.141 207.093
507.879 156.682 527.341 156.682 527.341 208.294 507.879 208.294
507.709 156.526 527.127 156.526 527.127 207.779 507.709 207.779
507.461 154.983 526.880 154.983 526.880 205.957 507.461 205.957
507.907 155.627 527.150 155.627 527.150 206.605 507.907 206.605
506.988 153.433 526.092 153.433 526.092 204.310 506.988 204.310
507.750 154.259 526.780 154.259 526.780 205.096 507.750 205.096
507.490 154.701 526.517 154.701 526.517 205.409 507.490 205.409
506.771 153.696 525.763 153.696 525.763 204.308 506.771 204.308
506.767 154.218 525.725 154.218 525.725 204.541 506.767 204.541
506.765 154.562 525.643 154.562 525.643 205.043 506.765 205.043
506.349 154.067 525.212 154.067 525.212 204.296 506.349 204.296
505.367 153.487 524.123 153.487 524.123 203.843 505.367 203.843
504.862 153.357 523.525 153.357 523.525 203.621 504.862 203.621
504.258 153.603 522.896 153.603 522.896 203.912 504.258 203.912
504.242 153.039 522.758 153.039 522.758 203.336 504.242 203.336
503.898 152.532 522.491 152.532 522.491 202.778 503.898 202.778
503.564 152.867 522.209 152.867 522.209 203.259 503.564 203.259
503.400 153.689 522.060 153.689 522.060 203.968 503.400 203.968
503.432 153.705 522.048 153.705 522.048 203.738 503.432 203.738
503.784 153.491 522.305 153.491 522.305 203.539 503.784 203.539
503.488 152.943 521.968 152.943 521.968 203.007 503.488 203.007
503.443 151.806 521.805 151.806 521.805 201.868 503.443 201.868
502.880 150.192 521.145 150.192 521.145 200.360 502.880 200.360
503.130 151.943 521.442 151.943 521.442 202.070 503.130 202.070
503.181 151.507 521.425 151.507 521.425 201.666 503.181 201.666
502.832 151.325 521.003 151.325 521.003 201.518 502.832 201.518
502.564 150.807 520.714 150.807 520.714 200.797 502.564 200.797
502.105 151.412 520.234 151.412 520.234 201.246 502.105 201.246
500.950 151.050 519.069 151.050 519.069 200.870 500.950 200.870
500.896 150.956 518.968 150.956 518.968 200.911 500.896 200.911
500.680 151.572 518.809 151.572 518.809 201.434 500.680 201.434
499.922 150.004 517.990 150.004 517.990 199.964 499.922 199.964
498.925 149.764 517.029 149.764 517.029 199.740 498.925 199.740
498.248 149.569 516.448 149.569 516.448 199.563 498.248 199.563
497.709 149.257 515.936 149.257 515.936 199.311 497.709 199.311
497.773 149.998 516.042 149.998 516.042 200.169 497.773 200.169
498.041 150.029 516.334 150.029 516.334 200.099 498.041 200.099
498.525 149.523 516.808 149.523 516.808 199.549 498.525 199.549
498.542 149.578 516.639 149.578 516.639 199.829 498.542 199.829
498.896 149.520 516.923 149.520 516.923 199.816 498.896 199.816
499.326 149.179 517.280 149.179 517.280 199.386 499.326 199.386
499.628 148.427 517.538 148.427 517.538 198.465 499.628 198.465
499.911 148.707 517.760 148.707 517.760 198.808 499.911 198.808
499.875 148.756 517.766 148.756 517.766 198.771 499.875 198.771
499.722 148.124 517.612 148.124 517.612 198.148 499.722 198.148
499.825 147.609 517.768 147.609 517.768 197.500 499.825 197.500
500.151 149.057 518.039 149.057 518.039 198.974 500.151 198.974
499.989 148.904 517.816 148.904 517.816 198.798 499.989 198.798
499.548 148.135 517.344 148.135 517.344 197.901 499.548 197.901
499.787 147.760 517.455 147.760 517.455 197.639 499.787 197.639
499.524 147.881 517.116 147.881 517.116 197.639 499.524 197.639
499.478 147.230 516.978 147.230 516.978 197.085 499.478 197.085
499.811 147.347 517.428 147.347 517.428 197.124 499.811 197.124
499.999 148.010 517.616 148.010 517.616 197.804 499.999 197.804
500.047 148.568 517.613 148.568 517.613 198.315 500.047 198.315
500.084 148.627 517.772 148.627 517.772 198.031 500.084 198.031
501.122 148.526 518.825 148.526 518.825 197.676 501.122 197.676
501.046 148.638 518.625 148.638 518.625 197.642 501.046 197.642
501.403 147.234 518.970 147.234 518.970 196.058 501.403 196.058
501.824 147.325 519.354 147.325 519.354 195.843 501.824 195.843
501.582 147.039 519.104 147.039 519.104 195.485 501.582 195.485
501.575 146.467 519.037 146.467 519.037 194.855 501.575 194.855
501.631 146.904 519.060 146.904 519.060 195.391 501.631 195.391
501.677 146.792 519.099 146.792 519.099 195.337 501.677 195.337
501.790 146.027 519.212 146.027 519.212 194.374 501.790 194.374
502.025 146.282 519.394 146.282 519.394 194.807 502.025 194.807
501.684 146.234 519.061 146.234 519.061 194.739 501.684 194.739
501.211 146.194 518.635 146.194 518.635 194.601 501.211 194.601
501.112 145.626 518.460 145.626 518.460 194.095 501.112 194.095
500.890 144.871 518.208 144.871 518.208 193.170 500.890 193.170
500.414 145.569 517.749 145.569 517.749 193.765 500.414 193.765
500.580 144.423 517.971 144.423 517.971 192.691 500.580 192.691
501.210 144.480 518.697 144.480 518.697 192.862 501.210 192.862
500.964 146.240 518.418 146.240 518.418 194.677 500.964 194.677
501.280 145.390 518.660 145.390 518.660 193.931 501.280 193.931
501.675 145.442 519.083 145.442 519.083 193.985 501.675 193.985
501.866 145.680 519.325 145.680 519.325 194.073 501.866 194.073
501.733 144.338 519.105 144.338 519.105 192.583 501.733 192.583
502.224 144.927 519.514 144.927 519.514 193.329 502.224 193.329
502.161 144.804 519.494 144.804 519.494 192.871 502.161 192.871
501.705 143.833 519.029 143.833 519.029 191.942 501.705 191.942
501.548 144.567 518.899 144.567 518.899 192.601 501.548 192.601
501.905 144.645 519.214 144.645 519.214 192.436 501.905 192.436
501.453 144.587 518.779 144.587 518.779 192.325 501.453 192.325
500.977 144.934 518.315 144.934 518.315 192.800 500.977 192.800
501.040 144.460 518.433 144.460 518.433 192.244 501.040 192.244
500.826 144.497 518.063 144.497 518.063 192.360 500.826 192.360
500.776 144.555 518.084 144.555 518.084 192.175 500.776 192.175
500.554 144.166 517.847 144.166 517.847 191.583 500.554 191.583
500.602 143.370 517.901 143.370 517.901 190.566 500.602 190.566
500.182 142.984 517.457 142.984 517.457 190.148 500.182 190.148
500.334 143.478 517.506 143.478 517.506 190.435 500.334 190.435
500.875 143.332 518.005 143.332 518.005 190.458 500.875 190.458
500.978 143.348 518.046 143.348 518.046 190.610 500.978 190.610
501.166 144.349 518.164 144.349 518.164 191.659 501.166 191.659
501.165 143.793 518.093 143.793 518.093 191.229 501.165 191.229
500.862 142.501 517.704 142.501 517.704 189.963 500.862 189.963
500.665 142.061 517.452 142.061 517.452 189.588 500.665 189.588
500.742 142.553 517.568 142.553 517.568 189.938 500.742 189.938
500.348 141.809 517.232 141.809 517.232 189.031 500.348 189.031
500.773 141.967 517.714 141.967 517.714 188.964 500.773 188.964
500.478 143.466 517.299 143.466 517.299 190.448 500.478 190.448
500.247 142.575 517.104 142.575 517.104 189.332 500.247 189.332
500.010 143.122 516.731 143.122 516.731 189.873 500.010 189.873
499.719 142.720 516.364 142.720 516.364 189.360 499.719 189.360
499.969 141.858 516.587 141.858 516.587 188.648 499.969 188.648
499.489 140.970 515.947 140.970 515.947 187.665 499.489 187.665
499.310 141.115 515.713 141.115 515.713 187.948 499.310 187.948
499.245 141.460 515.660 141.460 515.660 188.216 499.245 188.216
499.341 141.916 515.752 141.916 515.752 188.765 499.341 188.765
499.175 141.284 515.650 141.284 515.650 188.198 499.175 188.198
499.341 142.262 515.909 142.262 515.909 188.979 499.341 188.979
499.797 140.693 516.421 140.693 516.421 187.343 499.797 187.343
499.785 140.958 516.503 140.958 516.503 187.779 499.785 187.779
499.982 141.171 516.702 141.171 516.702 187.875 499.982 187.875
499.831 140.986 516.449 140.986 516.449 187.575 499.831 187.575
499.488 140.611 515.948 140.611 515.948 187.232 499.488 187.232
499.947 140.623 516.445 140.623 516.445 187.050 499.947 187.050
499.943 140.416 516.457 140.416 516.457 186.712 499.943 186.712
500.159 140.454 516.681 140.454 516.681 186.884 500.159 186.884
499.938 140.479 516.451 140.479 516.451 186.940 499.938 186.940
500.055 141.230 516.639 141.230 516.639 187.581 500.055 187.581
499.692 140.483 516.119 140.483 516.119 186.906 499.692 186.906
499.578 139.911 516.023 139.911 516.023 186.172 499.578 186.172
499.455 139.088 515.922 139.088 515.922 185.302 499.455 185.302
499.146 139.424 515.631 139.424 515.631 185.480 499.146 185.480
498.981 138.741 515.523 138.741 515.523 184.540 498.981 184.540
498.882 139.359 515.524 139.359 515.524 185.027 498.882 185.027
498.615 139.420 515.319 139.420 515.319 185.012 498.615 185.012
498.940 139.616 515.601 139.616 515.601 185.268 498.940 185.268
499.175 140.136 515.708 140.136 515.708 185.767 499.175 185.767
499.621 140.327 516.181 140.327 516.181 185.926 499.621 185.926
499.769 139.228 516.278 139.228 516.278 184.936 499.769 184.936
499.992 138.963 516.516 138.963 516.516 184.488 499.992 184.488
499.598 139.853 516.158 139.853 516.158 185.214 499.598 185.214
499.793 138.953 516.332 138.953 516.332 184.277 499.793 184.277
500.125 138.425 516.632 138.425 516.632 183.610 500.125 183.610
500.164 138.307 516.587 138.307 516.587 183.560 500.164 183.560
500.558 138.781 516.958 138.781 516.958 184.122 500.558 184.122
500.460 139.454 516.776 139.454 516.776 184.647 500.460 184.647
500.211 138.699 516.618 138.699 516.618 183.710 500.211 183.710
500.050 139.011 516.352 139.011 516.352 184.101 500.050 184.101
499.784 138.396 516.001 138.396 516.001 183.261 499.784 183.261
499.746 138.946 515.944 138.946 515.944 183.832 499.746 183.832
499.892 138.625 516.058 138.625 516.058 183.435 499.892 183.435
499.550 137.434 515.709 137.434 515.709 181.965 499.550 181.965
498.902 137.725 515.018 137.725 515.018 182.161 498.902 182.161
498.934 138.190 515.041 138.190 515.041 182.868 498.934 182.868
498.769 138.168 514.883 138.168 514.883 182.975 498.769 182.975
498.852 138.324 515.119 138.324 515.119 182.963 498.852 182.963
498.948 138.163 515.192 138.163 515.192 182.883 498.948 182.883
499.089 139.029 515.349 139.029 515.349 183.800 499.089 183.800
498.909 137.622 515.161 137.622 515.161 182.124 498.909 182.124
499.076 137.331 515.210 137.331 515.210 181.714 499.076 181.714
499.089 136.951 515.244 136.951 515.244 181.157 499.089 181.157
498.571 136.222 514.782 136.222 514.782 180.287 498.571 180.287
498.613 136.615 514.795 136.615 514.795 180.763 498.613 180.763
498.687 137.214 514.804 137.214 514.804 181.384 498.687 181.384
498.485 137.080 514.534 137.080 514.534 181.273 498.485 181.273
498.037 137.577 514.042 137.577 514.042 181.802 498.037 181.802
497.162 137.356 513.205 137.356 513.205 181.570 497.162 181.570
496.498 137.208 512.633 137.208 512.633 181.156 496.498 181.156
496.113 136.148 512.213 136.148 512.213 180.327 496.113 180.327
495.623 135.470 511.619 135.470 511.619 179.718 495.623 179.718
495.493 136.286 511.635 136.286 511.635 180.458 495.493 180.458
494.930 135.711 511.178 135.711 511.178 179.832 494.930 179.832
494.425 136.722 510.787 136.722 510.787 180.722 494.425 180.722
494.331 136.811 510.738 136.811 510.738 180.800 494.331 180.800
494.312 137.395 510.770 137.395 510.770 181.549 494.312 181.549
494.110 137.156 510.619 137.156 510.619 181.134 494.110 181.134
493.919 136.927 510.445 136.927 510.445 180.996 493.919 180.996
494.287 135.473 510.911 135.473 510.911 179.416 494.287 179.416
494.591 136.433 511.135 136.433 511.135 180.386 494.591 180.386
494.485 135.166 510.991 135.166 510.991 178.916 494.485 178.916
494.827 134.895 511.332 134.895 511.332 178.857 494.827 178.857
494.760 134.711 511.176 134.711 511.176 178.802 494.760 178.802
494.621 134.962 511.038 134.962 511.038 179.058 494.621 179.058
494.695 135.307 511.064 135.307 511.064 179.460 494.695 179.460
494.719 134.987 511.105 134.987 511.105 178.982 494.719 178.982
494.357 135.333 510.687 135.333 510.687 179.502 494.357 179.502
494.063 134.487 510.468 134.487 510.468 178.600 494.063 178.600
494.207 134.584 510.525 134.584 510.525 178.789 494.207 178.789
493.688 132.766 510.053 132.766 510.053 177.006 493.688 177.006
493.563 134.038 510.010 134.038 510.010 178.225 493.563 178.225
493.568 134.520 510.055 134.520 510.055 178.821 493.568 178.821
493.731 133.926 510.241 133.926 510.241 178.037 493.731 178.037
494.026 135.023 510.488 135.023 510.488 178.991 494.026 178.991
494.569 134.389 510.964 134.389 510.964 178.439 494.569 178.439
494.168 134.572 510.469 134.572 510.469 178.587 494.168 178.587
494.619 134.502 510.880 134.502 510.880 178.345 494.619 178.345
494.868 134.818 511.071 134.818 511.071 178.634 494.868 178.634
494.804 133.685 511.076 133.685 511.076 177.370 494.804 177.370
495.182 132.974 511.476 132.974 511.476 176.601 495.182 176.601
495.122 133.345 511.292 133.345 511.292 176.870 495.122 176.870
495.273 133.885 511.397 133.885 511.397 177.523 495.273 177.523
495.587 132.690 511.635 132.690 511.635 176.392 495.587 176.392
495.066 132.252 511.225 132.252 511.225 175.822 495.066 175.822
495.470 134.054 511.732 134.054 511.732 177.506 495.470 177.506
494.904 133.501 511.059 133.501 511.059 177.014 494.904 177.014
494.688 133.395 510.748 133.395 510.748 177.025 494.688 177.025
494.230 132.885 510.372 132.885 510.372 176.386 494.230 176.386
494.458 131.790 510.590 131.790 510.590 175.396 494.458 175.396
493.877 131.530 510.052 131.530 510.052 175.040 493.877 175.040
493.770 132.906 509.978 132.906 509.978 176.232 493.770 176.232
493.695 133.326 509.905 133.326 509.905 176.336 493.695 176.336
494.418 133.520 510.656 133.520 510.656 176.619 494.418 176.619
494.398 133.648 510.678 133.648 510.678 176.699 494.398 176.699
494.522 133.306 510.778 133.306 510.778 176.197 494.522 176.197
494.601 133.825 510.859 133.825 510.859 176.754 494.601 176.754
495.018 132.154 511.236 132.154 511.236 174.957 495.018 174.957
495.243 132.218 511.452 132.218 511.452 174.973 495.243 174.973
495.191 131.613 511.292 131.613 511.292 174.437 495.191 174.437
495.297 131.301 511.244 131.301 511.244 174.334 495.297 174.334
495.147 131.064 511.094 131.064 511.094 173.858 495.147 173.858
495.417 131.946 511.242 131.946 511.242 175.083 495.417 175.083
495.472 132.596 511.204 132.596 511.204 175.786 495.472 175.786
495.549 132.290 511.159 132.290 511.159 175.428 495.549 175.428
495.539 131.465 511.028 131.465 511.028 174.774 495.539 174.774
495.435 131.465 510.813 131.465 510.813 175.009 495.435 175.009
495.313 129.964 510.588 129.964 510.588 173.672 495.313 173.672
495.117 129.403 510.351 129.403 510.351 173.077 495.117 173.077
494.651 129.727 509.860 129.727 509.860 173.607 494.651 173.607
494.643 130.623 509.875 130.623 509.875 174.637 494.643 174.637
494.649 130.477 509.970 130.477 509.970 174.549 494.649 174.549
494.693 130.298 510.042 130.298 510.042 174.314 494.693 174.314
494.958 130.833 510.257 130.833 510.257 174.997 494.958 174.997
495.195 131.046 510.463 131.046 510.463 175.379 495.195 175.379
495.637 129.546 510.958 129.546 510.958 173.752 495.637 173.752
495.819 129.585 511.066 129.585 511.066 173.902 495.819 173.902
496.091 129.636 511.236 129.636 511.236 174.009 496.091 174.009
496.162 129.320 511.289 129.320 511.289 173.564 496.162 173.564
496.373 128.423 511.506 128.423 511.506 172.593 496.373 172.593
496.464 128.647 511.580 128.647 511.580 172.921 496.464 172.921
496.467 128.947 511.658 128.947 511.658 173.197 496.467 173.197
496.232 128.182 511.439 128.182 511.439 172.394 496.232 172.394
496.580 129.380 511.717 129.380 511.717 173.606 496.580 173.606
496.293 128.644 511.400 128.644 511.400 172.853 496.293 172.853
496.625 128.617 511.665 128.617 511.665 173.051 496.625 173.051
496.146 128.628 511.369 128.628 511.369 172.787 496.146 172.787
496.395 128.872 511.752 128.872 511.752 172.819 496.395 172.819
496.105 128.805 511.450 128.805 511.450 172.728 496.105 172.728
496.424 128.704 511.763 128.704 511.763 172.680 496.424 172.680
496.131 129.092 511.521 129.092 511.521 172.928 496.131 172.928
496.542 128.588 511.950 128.588 511.950 172.180 496.542 172.180
496.839 129.251 512.207 129.251 512.207 173.077 496.839 173.077
496.945 129.574 512.240 129.574 512.240 173.353 496.945 173.353
497.127 128.246 512.364 128.246 512.364 171.982 497.127 171.982
497.125 128.924 512.266 128.924 512.266 172.700 497.125 172.700
497.107 127.520 512.297 127.520 512.297 171.150 497.107 171.150
497.092 127.953 512.228 127.953 512.228 171.453 497.092 171.453
497.595 127.908 512.634 127.908 512.634 171.353 497.595 171.353
497.484 127.853 512.443 127.853 512.443 171.404 497.484 171.404
497.871 128.070 512.720 128.070 512.720 171.775 497.871 171.775
497.744 128.191 512.613 128.191 512.613 171.811 497.744 171.811
497.749 128.521 512.505 128.521 512.505 171.999 497.749 171.999
497.910 128.461 512.676 128.461 512.676 171.775 497.910 171.775
498.210 128.044 513.046 128.044 513.046 171.100 498.210 171.100
498.241 128.191 513.069 128.191 513.069 170.950 498.241 170.950
498.392 128.014 513.168 128.014 513.168 170.670 498.392 170.670
498.339 127.453 513.067 127.453 513.067 170.124 498.339 170.124
498.379 128.284 513.177 128.284 513.177 170.903 498.379 170.903
498.941 128.614 513.693 128.614 513.693 171.357 498.941 171.357
499.112 127.839 513.827 127.839 513.827 170.568 499.112 170.568
499.351 128.632 514.143 128.632 514.143 171.045 499.351 171.045
499.471 127.603 514.149 127.603 514.149 169.966 499.471 169.966
500.087 128.409 514.685 128.409 514.685 170.569 500.087 170.569
500.378 127.646 514.836 127.646 514.836 169.612 500.378 169.612
500.735 127.505 515.069 127.505 515.069 169.408 500.735 169.408
500.843 127.079 515.105 127.079 515.105 168.913 500.843 168.913
500.871 127.715 515.138 127.715 515.138 169.331 500.871 169.331
501.019 127.317 515.334 127.317 515.334 168.642 501.019 168.642
500.974 128.183 515.365 128.183 515.365 169.391 500.974 169.391
501.045 128.469 515.378 128.469 515.378 169.686 501.045 169.686
501.005 127.503 515.248 127.503 515.248 168.762 501.005 168.762
500.568 127.661 514.764 127.661 514.764 168.765 500.568 168.765
500.746 126.919 514.907 126.919 514.907 168.013 500.746 168.013
500.641 127.715 514.779 127.715 514.779 168.705 500.641 168.705
500.408 127.363 514.523 127.363 514.523 168.284 500.408 168.284
500.278 127.214 514.404 127.214 514.404 168.205 500.278 168.205
500.326 126.564 514.538 126.564 514.538 167.506 500.326 167.506
500.483 128.481 514.567 128.481 514.567 169.313 500.483 169.313
500.487 127.749 514.444 127.749 514.444 168.578 500.487 168.578
500.690 128.103 514.556 128.103 514.556 168.940 500.690 168.940
500.669 127.260 514.510 127.260 514.510 168.246 500.669 168.246
500.700 127.720 514.519 127.720 514.519 168.497 500.700 168.497
500.601 126.402 514.325 126.402 514.325 167.077 500.601 167.077
500.434 126.227 514.070 126.227 514.070 166.859 500.434 166.859
500.206 126.281 513.912 126.281 513.912 166.707 500.206 166.707
500.021 126.618 513.633 126.618 513.633 166.968 500.021 166.968
499.831 127.329 513.492 127.329 513.492 167.525 499.831 167.525
499.729 128.398 513.388 128.398 513.388 168.508 499.729 168.508
499.210 128.456 512.862 128.456 512.862 168.492 499.210 168.492
498.467 128.143 512.097 128.143 512.097 168.249 498.467 168.249
497.907 128.213 511.675 128.213 511.675 168.152 497.907 168.152
497.884 128.101 511.723 128.101 511.723 167.949 497.884 167.949
497.852 128.124 511.863 128.124 511.863 167.947 497.852 167.947
497.125 128.067 511.171 128.067 511.171 167.889 497.125 167.889
496.757 126.655 510.827 126.655 510.827 166.559 496.757 166.559
496.531 127.455 510.599 127.455 510.599 167.440 496.531 167.440
496.606 129.040 510.697 129.040 510.697 168.932 496.606 168.932
496.716 128.366 510.829 128.366 510.829 168.157 496.716 168.157
497.180 128.295 511.261 128.295 511.261 168.154 497.180 168.154
497.582 129.029 511.624 129.029 511.624 168.903 497.582 168.903
497.666 128.176 511.729 128.176 511.729 167.942 497.666 167.942
497.663 127.895 511.667 127.895 511.667 167.782 497.663 167.782
497.638 127.517 511.583 127.517 511.583 167.475 497.638 167.475
497.880 127.452 511.855 127.452 511.855 167.207 497.880 167.207
497.893 126.894 511.882 126.894 511.882 166.541 497.893 166.541
498.013 127.897 512.045 127.897 512.045 167.414 498.013 167.414
497.830 127.251 511.816 127.251 511.816 166.755 497.830 166.755
498.162 128.219 512.109 128.219 512.109 167.457 498.162 167.457
498.380 127.912 512.212 127.912 512.212 167.228 498.380 167.228
498.543 126.615 512.320 126.615 512.320 165.976 498.543 165.976
498.451 127.864 512.323 127.864 512.323 166.923 498.451 166.923
498.337 127.319 512.095 127.319 512.095 166.210 498.337 166.210
497.866 127.563 511.673 127.563 511.673 166.325 497.866 166.325
498.021 127.880 511.782 127.880 511.782 166.844 498.021 166.844
498.139 126.879 511.874 126.879 511.874 165.968 498.139 165.968
498.405 127.642 512.184 127.642 512.184 166.604 498.405 166.604
498.866 127.758 512.556 127.758 512.556 166.756 498.866 166.756
499.104 127.561 512.755 127.561 512.755 166.540 499.104 166.540
499.606 127.487 513.323 127.487 513.323 166.264 499.606 166.264
500.112 127.006 513.905 127.006 513.905 165.646 500.112 165.646
500.740 126.507 514.406 126.507 514.406 165.266 500.740 165.266
501.027 125.825 514.573 125.825 514.573 164.536 501.027 164.536
500.961 126.738 514.406 126.738 514.406 165.276 500.961 165.276
500.905 126.205 514.411 126.205 514.411 164.552 500.905 164.552
501.436 126.380 514.955 126.380 514.955 164.505 501.436 164.505
501.599 127.228 515.100 127.228 515.100 165.302 501.599 165.302
501.825 126.425 515.288 126.425 515.288 164.387 501.825 164.387
502.011 126.378 515.530 126.378 515.530 164.192 502.011 164.192
501.876 126.823 515.299 126.823 515.299 164.476 501.876 164.476
501.677 125.458 515.015 125.458 515.015 163.004 501.677 163.004
502.050 125.974 515.319 125.974 515.319 163.603 502.050 163.603
502.273 124.952 515.582 124.952 515.582 162.564 502.273 162.564
502.105 126.190 515.461 126.190 515.461 163.591 502.105 163.591
502.672 126.487 516.059 126.487 516.059 163.820 502.672 163.820
502.783 126.263 516.194 126.263 516.194 163.466 502.783 163.466
502.961 127.141 516.318 127.141 516.318 164.328 502.961 164.328
503.522 126.757 516.875 126.757 516.875 163.710 503.522 163.710
503.865 126.613 517.044 126.613 517.044 163.582 503.865 163.582
504.127 126.168 517.222 126.168 517.222 163.118 504.127 163.118
504.237 125.220 517.233 125.220 517.233 162.295 504.237 162.295
503.922 125.216 516.940 125.216 516.940 162.333 503.922 162.333
504.179 125.195 517.167 125.195 517.167 162.314 504.179 162.314
504.305 125.312 517.282 125.312 517.282 162.438 504.305 162.438
504.137 125.573 517.040 125.573 517.040 162.692 504.137 162.692
504.225 125.960 517.061 125.960 517.061 163.194 504.225 163.194
504.443 125.811 517.199 125.811 517.199 163.101 504.443 163.101
504.082 125.497 516.859 125.497 516.859 162.668 504.082 162.668
504.267 125.028 516.979 125.028 516.979 162.382 504.267 162.382
504.240 125.644 516.843 125.644 516.843 163.058 504.240 163.058
504.123 124.301 516.645 124.301 516.645 161.767 504.123 161.767
503.710 124.212 516.330 124.212 516.330 161.605 503.710 161.605
503.706 124.768 516.369 124.768 516.369 162.288 503.706 162.288
503.924 125.251 516.546 125.251 516.546 162.744 503.924 162.744
504.049 124.812 516.659 124.812 516.659 162.223 504.049 162.223
504.205 124.737 516.767 124.737 516.767 162.133 504.205 162.133
504.238 124.826 516.769 124.826 516.769 162.192 504.238 162.192
504.156 124.004 516.661 124.004 516.661 161.595 504.156 161.595
504.148 123.620 516.650 123.620 516.650 161.222 504.148 161.222
504.377 123.339 516.968 123.339 516.968 160.886 504.377 160.886
504.203 123.518 516.766 123.518 516.766 161.212 504.203 161.212
503.863 123.716 516.453 123.716 516.453 161.326 503.863 161.326
504.126 123.508 516.613 123.508 516.613 161.053 504.126 161.053
503.613 124.036 516.130 124.036 516.130 161.462 503.613 161.462
503.772 124.369 516.337 124.369 516.337 161.462 503.772 161.462
503.625 123.642 516.152 123.642 516.152 160.499 503.625 160.499
503.320 123.989 515.810 123.989 515.810 160.924 503.320 160.924
503.486 123.697 515.943 123.697 515.943 160.714 503.486 160.714
503.276 123.425 515.667 123.425 515.667 160.391 503.276 160.391
503.466 123.083 515.816 123.083 515.816 160.055 503.466 160.055
502.773 122.554 515.170 122.554 515.170 159.468 502.773 159.468
502.884 123.464 515.395 123.464 515.395 160.051 502.884 160.051
503.249 124.063 515.878 124.063 515.878 160.308 503.249 160.308
503.216 123.626 515.785 123.626 515.785 159.946 503.216 159.946
503.481 123.747 516.129 123.747 516.129 159.970 503.481 159.970
503.762 123.742 516.432 123.742 516.432 159.870 503.762 159.870
503.864 123.074 516.503 123.074 516.503 159.052 503.864 159.052
503.920 123.183 516.586 123.183 516.586 158.974 503.920 158.974
504.318 122.611 516.860 122.611 516.860 158.589 504.318 158.589
504.288 122.254 516.737 122.254 516.737 158.252 504.288 158.252
504.211 123.139 516.568 123.139 516.568 159.094 504.211 159.094
504.163 123.307 516.594 123.307 516.594 159.149 504.163 159.149
503.999 123.307 516.300 123.307 516.300 159.193 503.999 159.193
503.735 123.766 516.071 123.766 516.071 159.587 503.735 159.587
503.276 122.570 515.716 122.570 515.716 158.232 503.276 158.232
503.627 122.295 515.962 122.295 515.962 158.004 503.627 158.004
503.379 122.406 515.631 122.406 515.631 158.158 503.379 158.158
503.205 121.873 515.434 121.873 515.434 157.503 503.205 157.503
502.815 122.090 515.006 122.090 515.006 157.725 502.815 157.725
503.086 123.263 515.255 123.263 515.255 158.852 503.086 158.852
502.913 122.857 515.098 122.857 515.098 158.277 502.913 158.277
503.119 123.460 515.356 123.460 515.356 158.824 503.119 158.824
503.025 123.066 515.364 123.066 515.364 158.493 503.025 158.493
503.159 122.887 515.460 122.887 515.460 158.340 503.159 158.340
503.547 122.521 515.841 122.521 515.841 157.832 503.547 157.832
504.030 122.074 516.301 122.074 516.301 157.300 504.030 157.300
504.346 121.452 516.671 121.452 516.671 156.486 504.346 156.486
504.273 121.553 516.671 121.553 516.671 156.561 504.273 156.561
504.324 121.553 516.715 121.553 516.715 156.429 504.324 156.429
504.073 121.588 516.551 121.588 516.551 156.408 504.073 156.408
504.300 122.066 516.708 122.066 516.708 156.808 504.300 156.808
504.162 121.848 516.503 121.848 516.503 156.512 504.162 156.512
503.656 122.447 516.087 122.447 516.087 156.995 503.656 156.995
503.820 122.130 516.319 122.130 516.319 156.468 503.820 156.468
503.924 121.656 516.423 121.656 516.423 155.909 503.924 155.909
503.520 121.633 516.045 121.633 516.045 155.880 503.520 155.880
503.796 121.365 516.310 121.365 516.310 155.736 503.796 155.736
503.821 121.642 516.353 121.642 516.353 155.816 503.821 155.816
503.437 121.628 515.874 121.628 515.874 155.776 503.437 155.776
503.925 122.412 516.311 122.412 516.311 156.619 503.925 156.619
504.259 122.444 516.555 122.444 516.555 156.654 504.259 156.654
504.557 121.754 516.830 121.754 516.830 155.960 504.557 155.960
504.308 120.675 516.629 120.675 516.629 154.736 504.308 154.736
504.408 121.175 516.707 121.175 516.707 155.137 504.408 155.137
504.330 120.967 516.632 120.967 516.632 154.975 504.330 154.975
504.988 120.826 517.144 120.826 517.144 155.150 504.988 155.150
505.227 120.214 517.287 120.214 517.287 154.676 505.227 154.676
505.199 120.372 517.247 120.372 517.247 154.963 505.199 154.963
505.008 121.216 517.143 121.216 517.143 155.747 505.008 155.747
505.144 121.209 517.244 121.209 517.244 155.901 505.144 155.901
505.086 120.343 517.124 120.343 517.124 155.189 505.086 155.189
504.955 120.967 517.081 120.967 517.081 155.538 504.955 155.538
505.184 119.427 517.214 119.427 517.214 154.178 505.184 154.178
504.853 119.296 517.035 119.296 517.035 153.864 504.853 153.864
505.283 119.694 517.551 119.694 517.551 154.304 505.283 154.304
504.969 119.578 517.376 119.578 517.376 154.264 504.969 154.264
505.061 119.558 517.471 119.558 517.471 154.327 505.061 154.327
505.591 120.197 518.038 120.197 518.038 154.766 505.591 154.766
505.598 119.911 517.997 119.911 517.997 154.436 505.598 154.436
505.937 119.876 518.266 119.876 518.266 154.419 505.937 154.419
505.962 119.466 518.272 119.466 518.272 153.824 505.962 153.824
506.085 119.976 518.290 119.976 518.290 154.431 506.085 154.431
506.202 119.679 518.419 119.679 518.419 154.004 506.202 154.004
506.527 118.786 518.621 118.786 518.621 153.250 506.527 153.250
506.944 117.933 519.007 117.933 519.007 152.360 506.944 152.360
507.119 118.380 519.255 118.380 519.255 152.813 507.119 152.813
507.186 119.221 519.447 119.221 519.447 153.798 507.186 153.798
507.033 119.366 519.224 119.366 519.224 154.126 507.033 154.126
506.850 119.627 518.939 119.627 518.939 154.470 506.850 154.470
506.984 118.735 519.203 118.735 519.203 153.614 506.984 153.614
507.019 118.133 519.195 118.133 519.195 153.022 507.019 153.022
507.116 118.029 519.159 118.029 519.159 152.958 507.116 152.958
507.002 118.034 518.925 118.034 518.925 153.160 507.002 153.160
507.011 117.858 518.869 117.858 518.869 153.014 507.011 153.014
506.778 117.649 518.551 117.649 518.551 152.918 506.778 152.918
507.184 118.012 518.881 118.012 518.881 153.391 507.184 153.391
507.282 118.499 519.011 118.499 519.011 153.687 507.282 153.687
507.004 117.669 518.825 117.669 518.825 152.725 507.004 152.725
507.341 118.082 519.243 118.082 519.243 153.101 507.341 153.101
507.565 117.984 519.450 117.984 519.450 152.931 507.565 152.931
507.635 117.570 519.504 117.570 519.504 152.458 507.635 152.458
507.641 117.379 519.604 117.379 519.604 152.078 507.641 152.078
507.703 117.963 519.649 117.963 519.649 152.717 507.703 152.717
507.808 117.525 519.782 117.525 519.782 152.238 507.808 152.238
508.099 118.043 519.942 118.043 519.942 152.817 508.099 152.817
507.972 117.599 519.886 117.599 519.886 152.417 507.972 152.417
507.812 117.935 519.775 117.935 519.775 152.529 507.812 152.529
507.566 117.757 519.489 117.757 519.489 152.256 507.566 152.256
507.471 117.296 519.440 117.296 519.440 151.504 507.471 151.504
507.194 116.801 519.075 116.801 519.075 150.968 507.194 150.968
507.472 116.594 519.255 116.594 519.255 151.046 507.472 151.046
507.321 116.480 519.072 116.480 519.072 151.033 507.321 151.033
507.131 116.601 518.891 116.601 518.891 151.226 507.131 151.226
506.879 116.591 518.719 116.591 518.719 151.044 506.879 151.044
506.894 116.204 518.785 116.204 518.785 150.452 506.894 150.452
506.685 116.566 518.616 116.566 518.616 150.548 506.685 150.548
507.246 116.709 519.096 116.709 519.096 150.759 507.246 150.759
507.212 116.685 519.037 116.685 519.037 150.650 507.212 150.650
507.064 116.719 518.878 116.719 518.878 150.550 507.064 150.550
507.089 116.966 519.012 116.966 519.012 150.674 507.089 150.674
507.157 116.449 519.123 116.449 519.123 149.986 507.157 149.986
507.202 115.938 519.270 115.938 519.270 149.251 507.202 149.251
507.448 115.988 519.387 115.988 519.387 149.299 507.448 149.299
507.366 116.305 519.313 116.305 519.313 149.612 507.366 149.612
507.435 116.366 519.313 116.366 519.313 149.975 507.435 149.975
507.325 116.582 519.298 116.582 519.298 149.938 507.325 149.938
507.274 116.503 519.182 116.503 519.182 150.065 507.274 150.065
507.205 116.139 519.070 116.139 519.070 149.717 507.205 149.717
507.042 115.241 518.875 115.241 518.875 148.778 507.042 148.778
506.937 114.632 518.706 114.632 518.706 148.294 506.937 148.294
506.745 114.944 518.524 114.944 518.524 148.908 506.745 148.908
507.082 115.146 518.851 115.146 518.851 148.986 507.082 148.986
507.183 115.823 518.953 115.823 518.953 149.516 507.183 149.516
507.283 115.642 519.065 115.642 519.065 149.261 507.283 149.261
507.546 116.121 519.310 116.121 519.310 149.880 507.546 149.880
507.278 116.630 519.081 116.630 519.081 150.137 507.278 150.137
507.547 116.394 519.268 116.394 519.268 149.852 507.547 149.852
507.759 115.468 519.480 115.468 519.480 149.044 507.759 149.044
507.643 115.358 519.299 115.358 519.299 148.964 507.643 148.964
507.695 114.678 519.403 114.678 519.403 148.157 507.695 148.157
507.872 115.313 519.484 115.313 519.484 148.880 507.872 148.880
508.023 115.028 519.659 115.028 519.659 148.659 508.023 148.659
508.079 114.703 519.766 114.703 519.766 148.258 508.079 148.258
507.858 115.240 519.587 115.240 519.587 148.743 507.858 148.743
507.519 114.743 519.283 114.743 519.283 148.165 507.519 148.165
507.384 114.162 519.053 114.162 519.053 147.722 507.384 147.722
507.505 113.742 519.094 113.742 519.094 147.531 507.505 147.531
507.648 113.221 519.180 113.221 519.180 147.142 507.648 147.142
507.904 113.578 519.413 113.578 519.413 147.604 507.904 147.604
507.364 112.931 518.854 112.931 518.854 146.893 507.364 146.893
507.704 113.465 519.263 113.465 519.263 147.312 507.704 147.312
507.778 113.724 519.419 113.724 519.419 147.492 507.778 147.492
507.252 113.649 519.007 113.649 519.007 147.123 507.252 147.123
507.499 114.177 519.230 114.177 519.230 147.538 507.499 147.538
507.308 113.756 519.183 113.756 519.183 147.025 507.308 147.025
507.548 113.914 519.438 113.914 519.438 146.982 507.548 146.982
507.576 113.361 519.388 113.361 519.388 146.433 507.576 146.433
507.359 114.013 519.140 114.013 519.140 146.987 507.359 146.987
507.089 113.531 518.954 113.531 518.954 146.375 507.089 146.375
507.200 113.398 518.927 113.398 518.927 146.288 507.200 146.288
507.201 113.288 518.832 113.288 518.832 146.228 507.201 146.228
507.156 113.250 518.790 113.250 518.790 146.121 507.156 146.121
507.081 113.259 518.666 113.259 518.666 146.304 507.081 146.304
506.776 112.973 518.329 112.973 518.329 146.102 506.776 146.102
506.450 113.066 518.046 113.066 518.046 146.239 506.450 146.239
506.230 112.613 517.745 112.613 517.745 145.883 506.230 145.883
506.229 112.484 517.747 112.484 517.747 145.785 506.229 145.785
506.224 112.603 517.863 112.603 517.863 145.781 506.224 145.781
506.134 112.339 517.879 112.339 517.879 145.442 506.134 145.442
506.217 112.512 517.934 112.512 517.934 145.754 506.217 145.754
506.202 111.603 517.862 111.603 517.862 144.898 506.202 144.898
506.324 111.890 518.087 111.890 518.087 144.950 506.324 144.950
506.054 111.636 517.808 111.636 517.808 144.910 506.054 144.910
505.917 111.635 517.658 111.635 517.658 144.932 505.917 144.932
506.325 111.697 517.938 111.697 517.938 145.125 506.325 145.125
506.154 111.438 517.668 111.438 517.668 145.110 506.154 145.110
506.101 110.892 517.576 110.892 517.576 144.499 506.101 144.499
506.098 111.485 517.600 111.485 517.600 144.900 506.098 144.900
506.185 111.843 517.693 111.843 517.693 145.154 506.185 145.154
505.841 111.233 517.389 111.233 517.389 144.576 505.841 144.576
505.571 112.201 517.227 112.201 517.227 145.422 505.571 145.422
505.480 112.000 517.107 112.000 517.107 145.189 505.480 145.189
505.392 111.514 516.947 111.514 516.947 144.774 505.392 144.774
504.990 110.635 516.492 110.635 516.492 143.861 504.990 143.861
505.042 110.301 516.580 110.301 516.580 143.324 505.042 143.324
504.886 109.886 516.380 109.886 516.380 142.839 504.886 142.839
504.523 110.145 516.097 110.145 516.097 143.243 504.523 143.243
504.488 110.765 516.193 110.765 516.193 143.525 504.488 143.525
504.783 111.218 516.488 111.218 516.488 143.809 504.783 143.809
504.417 111.023 516.100 111.023 516.100 143.448 504.417 143.448
504.505 111.048 516.173 111.048 516.173 143.339 504.505 143.339
504.345 110.890 515.951 110.890 515.951 143.081 504.345 143.081
504.004 110.538 515.504 110.538 515.504 142.799 504.004 142.799
504.407 111.278 515.840 111.278 515.840 143.473 504.407 143.473
504.593 111.147 515.998 111.147 515.998 143.389 504.593 143.389
504.485 111.398 515.780 111.398 515.780 143.690 504.485 143.690
504.315 110.584 515.574 110.584 515.574 142.929 504.315 142.929
504.248 110.731 515.551 110.731 515.551 142.737 504.248 142.737
504.153 110.853 515.411 110.853 515.411 142.789 504.153 142.789
503.772 110.818 515.026 110.818 515.026 142.793 503.772 142.793
503.467 110.618 514.709 110.618 514.709 142.412 503.467 142.412
503.153 110.031 514.394 110.031 514.394 141.680 503.153 141.680
503.325 110.351 514.609 110.351 514.609 141.972 503.325 141.972
503.242 110.444 514.436 110.444 514.436 142.112 503.242 142.112
503.110 110.782 514.276 110.782 514.276 142.319 503.110 142.319
503.070 110.611 514.258 110.611 514.258 142.043 503.070 142.043
502.945 110.841 514.180 110.841 514.180 142.131 502.945 142.131
503.266 110.995 514.489 110.995 514.489 142.367 503.266 142.367
503.229 110.006 514.409 110.006 514.409 141.440 503.229 141.440
503.018 109.849 514.330 109.849 514.330 141.124 503.018 141.124
502.811 109.613 514.154 109.613 514.154 141.052 502.811 141.052
502.896 109.601 514.316 109.601 514.316 140.962 502.896 140.962
503.284 109.442 514.725 109.442 514.725 140.771 503.284 140.771
503.401 109.710 514.738 109.710 514.738 141.088 503.401 141.088
503.249 109.939 514.656 109.939 514.656 141.184 503.249 141.184
503.226 109.828 514.694 109.828 514.694 141.003 503.226 141.003
503.011 109.756 514.358 109.756 514.358 141.011 503.011 141.011
503.219 109.900 514.625 109.900 514.625 141.095 503.219 141.095
502.802 109.523 514.184 109.523 514.184 140.803 502.802 140.803
502.572 109.292 513.861 109.292 513.861 140.511 502.572 140.511
502.568 108.895 513.785 108.895 513.785 140.081 502.568 140.081
502.841 109.675 514.042 109.675 514.042 140.603 502.841 140.603
502.487 110.067 513.680 110.067 513.680 140.919 502.487 140.919
502.441 109.494 513.514 109.494 513.514 140.273 502.441 140.273
502.478 110.734 513.575 110.734 513.575 141.427 502.478 141.427
502.550 110.394 513.586 110.394 513.586 140.917 502.550 140.917
502.504 109.785 513.442 109.785 513.442 140.336 502.504 140.336
502.835 110.254 513.671 110.254 513.671 140.750 502.835 140.750
503.094 110.498 513.931 110.498 513.931 140.678 503.094 140.678
502.989 110.210 513.762 110.210 513.762 140.386 502.989 140.386
503.086 110.374 513.832 110.374 513.832 140.328 503.086 140.328
503.331 109.802 514.014 109.802 514.014 139.732 503.331 139.732
503.262 109.908 513.856 109.908 513.856 139.834 503.262 139.834
503.212 109.831 513.778 109.831 513.778 139.661 503.212 139.661
503.467 110.096 514.014 110.096 514.014 139.855 503.467 139.855
503.271 109.957 513.811 109.957 513.811 139.756 503.271 139.756
503.112 109.566 513.670 109.566 513.670 139.320 503.112 139.320
503.177 109.748 513.629 109.748 513.629 139.576 503.177 139.576
503.085 109.992 513.511 109.992 513.511 139.827 503.085 139.827
502.777 109.059 513.314 109.059 513.314 138.781 502.777 138.781
503.118 109.526 513.649 109.526 513.649 139.361 503.118 139.361
502.841 109.853 513.306 109.853 513.306 139.661 502.841 139.661
503.089 110.138 513.496 110.138 513.496 139.833 503.089 139.833
502.904 108.807 513.377 108.807 513.377 138.339 502.904 138.339
502.993 109.453 513.453 109.453 513.453 139.009 502.993 139.009
503.176 109.565 513.589 109.565 513.589 139.093 503.176 139.093
503.340 109.878 513.817 109.878 513.817 139.199 503.340 139.199
503.256 109.447 513.728 109.447 513.728 138.780 503.256 138.780
503.449 110.033 513.890 110.033 513.890 139.179 503.449 139.179
503.652 109.632 514.029 109.632 514.029 138.795 503.652 138.795
503.789 109.285 514.114 109.285 514.114 138.453 503.789 138.453
503.887 109.579 514.267 109.579 514.267 138.626 503.887 138.626
504.065 110.221 514.404 110.221 514.404 139.199 504.065 139.199
504.424 109.941 514.814 109.941 514.814 138.761 504.424 138.761
504.349 109.597 514.681 109.597 514.681 138.368 504.349 138.368
504.228 109.680 514.536 109.680 514.536 138.633 504.228 138.633
504.063 109.201 514.442 109.201 514.442 137.979 504.063 137.979
503.877 108.424 514.149 108.424 514.149 137.298 503.877 137.298
503.781 108.610 514.007 108.610 514.007 137.753 503.781 137.753
503.743 108.136 514.089 108.136 514.089 137.494 503.743 137.494
503.731 107.702 514.075 107.702 514.075 137.051 503.731 137.051
503.688 108.184 514.121 108.184 514.121 137.638 503.688 137.638
503.661 108.227 514.067 108.227 514.067 137.654 503.661 137.654
503.827 108.262 514.279 108.262 514.279 137.668 503.827 137.668
503.948 108.837 514.398 108.837 514.398 138.196 503.948 138.196
503.814 108.927 514.244 108.927 514.244 138.143 503.814 138.143
503.742 108.697 514.142 108.697 514.142 138.161 503.742 138.161
503.761 108.445 514.080 108.445 514.080 138.046 503.761 138.046
503.922 107.408 514.303 107.408 514.303 136.993 503.922 136.993
503.786 107.323 514.083 107.323 514.083 137.181 503.786 137.181
503.948 107.961 514.149 107.961 514.149 137.931 503.948 137.931
503.771 107.757 513.925 107.757 513.925 137.951 503.771 137.951
503.872 107.657 514.051 107.657 514.051 137.921 503.872 137.921
503.886 106.351 514.061 106.351 514.061 136.920 503.886 136.920
503.562 106.092 513.785 106.092 513.785 136.593 503.562 136.593
503.204 106.111 513.541 106.111 513.541 136.681 503.204 136.681
503.026 106.514 513.340 106.514 513.340 137.261 503.026 137.261
502.981 107.427 513.294 107.427 513.294 138.320 502.981 138.320
502.526 106.850 512.873 106.850 512.873 137.727 502.526 137.727
502.765 105.979 513.145 105.979 513.145 136.678 502.765 136.678
503.154 107.334 513.587 107.334 513.587 137.858 503.154 137.858
502.929 107.321 513.462 107.321 513.462 137.772 502.929 137.772
502.808 105.661 513.348 105.661 513.348 136.384 502.808 136.384
503.146 105.652 513.791 105.652 513.791 136.461 503.146 136.461
502.946 105.686 513.562 105.686 513.562 136.828 502.946 136.828
502.905 106.735 513.551 106.735 513.551 137.711 502.905 137.711
503.039 105.978 513.625 105.978 513.625 137.073 503.039 137.073
503.047 105.683 513.634 105.683 513.634 136.866 503.047 136.866
502.938 105.552 513.480 105.552 513.480 136.808 502.938 136.808
502.950 105.934 513.495 105.934 513.495 137.190 502.950 137.190
503.046 105.984 513.632 105.984 513.632 137.231 503.046 137.231
501.118 106.337 511.697 106.337 511.697 137.579 501.118 137.579
501.570 105.930 512.102 105.930 512.102 137.144 501.570 137.144
501.811 105.816 512.467 105.816 512.467 137.032 501.811 137.032
502.222 105.275 512.879 105.275 512.879 136.562 502.222 136.562
502.383 105.554 512.928 105.554 512.928 136.922 502.383 136.922
502.346 105.003 512.968 105.003 512.968 136.269 502.346 136.269
502.676 105.939 513.358 105.939 513.358 137.107 502.676 137.107
502.362 105.583 513.199 105.583 513.199 136.647 502.362 136.647
502.480 106.216 513.325 106.216 513.325 137.172 502.480 137.172
502.279 105.859 513.162 105.859 513.162 136.825 502.279 136.825
502.344 105.496 513.301 105.496 513.301 136.577 502.344 136.577
502.761 105.331 513.769 105.331 513.769 136.599 502.761 136.599
502.703 105.575 513.782 105.575 513.782 136.764 502.703 136.764
502.877 104.982 513.902 104.982 513.902 136.297 502.877 136.297
502.738 104.578 513.653 104.578 513.653 135.995 502.738 135.995
502.925 104.732 513.860 104.732 513.860 136.360 502.925 136.360
503.125 104.191 514.055 104.191 514.055 135.960 503.125 135.960
503.009 104.005 513.891 104.005 513.891 135.852 503.009 135.852
502.827 104.414 513.738 104.414 513.738 136.171 502.827 136.171
502.713 105.027 513.715 105.027 513.715 136.580 502.713 136.580
502.876 104.651 514.005 104.651 514.005 135.728 502.876 135.728
502.574 104.307 513.636 104.307 513.636 135.645 502.574 135.645
502.624 104.101 513.598 104.101 513.598 135.685 502.624 135.685
502.735 103.497 513.706 103.497 513.706 135.210 502.735 135.210
502.768 103.677 513.773 103.677 513.773 135.703 502.768 135.703
502.539 103.989 513.601 103.989 513.601 136.274 502.539 136.274
502.471 103.524 513.730 103.524 513.730 135.811 502.471 135.811
502.746 103.468 514.081 103.468 514.081 135.611 502.746 135.611
503.075 103.595 514.375 103.595 514.375 135.972 503.075 135.972
502.932 103.102 514.295 103.102 514.295 135.621 502.932 135.621
502.968 103.208 514.335 103.208 514.335 135.739 502.968 135.739
502.953 103.309 514.433 103.309 514.433 135.537 502.953 135.537
503.327 103.783 514.748 103.783 514.748 136.240 503.327 136.240
503.551 103.036 514.800 103.036 514.800 135.581 503.551 135.581
503.697 102.845 515.000 102.845 515.000 135.471 503.697 135.471
503.524 102.853 514.795 102.853 514.795 135.470 503.524 135.470
503.373 102.731 514.658 102.731 514.658 135.434 503.373 135.434
503.604 103.188 514.790 103.188 514.790 136.075 503.604 136.075
503.467 103.138 514.658 103.138 514.658 136.062 503.467 136.062
503.262 104.131 514.506 104.131 514.506 137.019 503.262 137.019
503.214 103.633 514.492 103.633 514.492 136.362 503.214 136.362
503.305 103.035 514.617 103.035 514.617 135.691 503.305 135.691
503.361 102.781 514.634 102.781 514.634 135.508 503.361 135.508
503.026 102.934 514.414 102.934 514.414 135.603 503.026 135.603
503.114 102.517 514.539 102.517 514.539 135.088 503.114 135.088
503.028 102.696 514.400 102.696 514.400 135.263 503.028 135.263
502.975 103.087 514.436 103.087 514.436 135.571 502.975 135.571
503.173 102.812 514.630 102.812 514.630 135.410 503.173 135.410
503.121 102.389 514.548 102.389 514.548 135.230 503.121 135.230
503.050 101.544 514.480 101.544 514.480 134.475 503.050 134.475
503.004 101.840 514.443 101.840 514.443 134.839 503.004 134.839
503.019 102.567 514.469 102.567 514.469 135.618 503.019 135.618
502.981 101.548 514.541 101.548 514.541 134.370 502.981 134.370
503.065 101.546 514.544 101.546 514.544 134.573 503.065 134.573
502.972 102.179 514.423 102.179 514.423 135.158 502.972 135.158
502.926 101.847 514.404 101.847 514.404 134.642 502.926 134.642
502.739 102.096 514.156 102.096 514.156 134.932 502.739 134.932
502.620 102.024 514.035 102.024 514.035 134.675 502.620 134.675
502.457 101.614 513.837 101.614 513.837 134.279 502.457 134.279
502.265 100.761 513.606 100.761 513.606 133.598 502.265 133.598
502.392 100.808 513.588 100.808 513.588 133.897 502.392 133.897
502.328 101.113 513.455 101.113 513.455 134.197 502.328 134.197
502.121 101.197 513.311 101.197 513.311 134.225 502.121 134.225
502.159 101.949 513.386 101.949 513.386 134.781 502.159 134.781
502.178 101.048 513.474 101.048 513.474 133.631 502.178 133.631
502.099 100.717 513.422 100.717 513.422 133.343 502.099 133.343
502.089 100.567 513.406 100.567 513.406 133.033 502.089 133.033
502.267 102.029 513.528 102.029 513.528 134.407 502.267 134.407
501.958 101.635 513.248 101.635 513.248 133.825 501.958 133.825
501.732 101.093 513.027 101.093 513.027 133.189 501.732 133.189
502.219 101.228 513.445 101.228 513.445 133.266 502.219 133.266
501.852 101.261 513.114 101.261 513.114 133.363 501.852 133.363
501.930 101.261 513.101 101.261 513.101 133.488 501.930 133.488
502.224 101.230 513.255 101.230 513.255 133.696 502.224 133.696
502.114 101.395 513.185 101.395 513.185 133.794 502.114 133.794
501.955 100.605 512.974 100.605 512.974 133.152 501.955 133.152
502.347 100.923 513.419 100.923 513.419 133.309 502.347 133.309
502.097 100.805 513.219 100.805 513.219 133.127 502.097 133.127
501.557 100.875 512.713 100.875 512.713 133.183 501.557 133.183
501.885 100.644 512.946 100.644 512.946 133.059 501.885 133.059
501.979 100.365 513.029 100.365 513.029 132.701 501.979 132.701
501.854 101.026 512.892 101.026 512.892 133.489 501.854 133.489
502.091 100.953 513.167 100.953 513.167 133.265 502.091 133.265
501.756 100.441 512.929 100.441 512.929 132.711 501.756 132.711
501.873 100.642 513.030 100.642 513.030 132.738 501.873 132.738
501.683 101.238 512.915 101.238 512.915 133.191 501.683 133.191
501.574 100.905 512.804 100.905 512.804 132.956 501.574 132.956
501.741 100.611 512.884 100.611 512.884 132.697 501.741 132.697
501.543 99.973 512.629 99.973 512.629 132.057 501.543 132.057
501.961 100.185 512.989 100.185 512.989 132.415 501.961 132.415
502.017 99.878 513.069 99.878 513.069 132.116 502.017 132.116
502.116 100.580 513.140 100.580 513.140 132.783 502.116 132.783
502.059 100.214 513.000 100.214 513.000 132.554 502.059 132.554
501.813 100.298 512.730 100.298 512.730 132.649 501.813 132.649
501.694 99.741 512.633 99.741 512.633 132.001 501.694 132.001
501.897 99.822 512.711 99.822 512.711 132.129 501.897 132.129
501.441 99.427 512.277 99.427 512.277 131.813 501.441 131.813
501.413 99.701 512.218 99.701 512.218 132.008 501.413 132.008
501.726 99.579 512.437 99.579 512.437 132.062 501.726 132.062
501.632 99.827 512.321 99.827 512.321 132.412 501.632 132.412
501.381 99.785 512.145 99.785 512.145 132.345 501.381 132.345
501.184 99.407 512.069 99.407 512.069 131.812 501.184 131.812
501.371 101.588 512.340 101.588 512.340 133.615 501.371 133.615
501.346 101.187 512.349 101.187 512.349 133.144 501.346 133.144
501.340 100.553 512.393 100.553 512.393 132.412 501.340 132.412
501.612 99.437 512.613 99.437 512.613 131.313 501.612 131.313
501.601 98.574 512.593 98.574 512.593 130.370 501.601 130.370
501.506 100.488 512.540 100.488 512.540 132.066 501.506 132.066
501.392 100.064 512.336 100.064 512.336 131.647 501.392 131.647
501.121 99.516 512.047 99.516 512.047 131.066 501.121 131.066
501.218 99.845 512.031 99.845 512.031 131.580 501.218 131.580
501.244 99.785 512.032 99.785 512.032 131.611 501.244 131.611
501.362 99.421 512.139 99.421 512.139 131.264 501.362 131.264
501.446 99.227 512.100 99.227 512.100 131.131 501.446 131.131
501.264 99.440 511.952 99.440 511.952 131.202 501.264 131.202
501.366 99.472 512.038 99.472 512.038 131.216 501.366 131.216
501.229 98.629 511.865 98.629 511.865 130.422 501.229 130.422
501.104 99.016 511.647 99.016 511.647 130.777 501.104 130.777
501.001 98.938 511.599 98.938 511.599 130.812 501.001 130.812
501.455 99.242 512.024 99.242 512.024 131.122 501.455 131.122
501.335 98.873 512.005 98.873 512.005 130.678 501.335 130.678
501.063 100.257 511.886 100.257 511.886 131.865 501.063 131.865
500.813 99.957 511.693 99.957 511.693 131.626 500.813 131.626
501.187 98.995 511.980 98.995 511.980 130.576 501.187 130.576
501.227 98.562 512.012 98.562 512.012 130.149 501.227 130.149
501.398 98.612 512.090 98.612 512.090 130.281 501.398 130.281
501.204 98.040 511.908 98.040 511.908 129.664 501.204 129.664
501.209 99.334 511.936 99.334 511.936 131.009 501.209 131.009
501.246 99.119 511.883 99.119 511.883 130.891 501.246 130.891
501.036 100.405 511.828 100.405 511.828 132.028 501.036 132.028
501.095 99.420 511.865 99.420 511.865 131.085 501.095 131.085
501.120 99.016 511.813 99.016 511.813 130.653 501.120 130.653
501.088 98.211 511.790 98.211 511.790 129.898 501.088 129.898
500.943 98.757 511.704 98.757 511.704 130.321 500.943 130.321
500.940 97.877 511.611 97.877 511.611 129.465 500.940 129.465
500.849 100.033 511.401 100.033 511.401 131.787 500.849 131.787
500.998 99.561 511.534 99.561 511.534 131.338 500.998 131.338
500.990 99.255 511.580 99.255 511.580 130.968 500.990 130.968
500.893 99.061 511.506 99.061 511.506 130.719 500.893 130.719
500.714 98.764 511.369 98.764 511.369 130.477 500.714 130.477
501.023 98.463 511.606 98.463 511.606 129.987 501.023 129.987
501.084 98.034 511.591 98.034 511.591 129.457 501.084 129.457
501.154 99.584 511.730 99.584 511.730 131.012 501.154 131.012
501.539 98.363 512.144 98.363 512.144 129.673 501.539 129.673
501.357 99.373 511.946 99.373 511.946 130.738 501.357 130.738
501.499 99.136 511.986 99.136 511.986 130.501 501.499 130.501
501.573 98.208 512.018 98.208 512.018 129.515 501.573 129.515
501.654 97.245 512.144 97.245 512.144 128.485 501.654 128.485
501.426 99.423 511.943 99.423 511.943 130.695 501.426 130.695
501.601 98.821 512.029 98.821 512.029 130.101 501.601 130.101
501.386 97.457 511.841 97.457 511.841 128.653 501.386 128.653
501.261 96.876 511.685 96.876 511.685 128.132 501.261 128.132
501.051 98.727 511.472 98.727 511.472 130.151 501.051 130.151
501.238 97.885 511.624 97.885 511.624 129.351 501.238 129.351
501.277 97.435 511.698 97.435 511.698 128.936 501.277 128.936
501.230 99.190 511.698 99.190 511.698 130.404 501.230 130.404
501.026 98.839 511.588 98.839 511.588 129.935 501.026 129.935
501.149 98.404 511.645 98.404 511.645 129.543 501.149 129.543
501.277 98.276 511.766 98.276 511.766 129.200 501.277 129.200
501.218 97.507 511.703 97.507 511.703 128.530 501.218 128.530
501.067 98.006 511.567 98.006 511.567 128.996 501.067 128.996
501.112 97.239 511.546 97.239 511.546 128.167 501.112 128.167
500.936 98.281 511.377 98.281 511.377 129.100 500.936 129.100
500.936 99.818 511.317 99.818 511.317 130.578 500.936 130.578
500.848 98.164 511.228 98.164 511.228 128.991 500.848 128.991
501.115 97.721 511.368 97.721 511.368 128.678 501.115 128.678
500.908 98.970 511.092 98.970 511.092 130.119 500.908 130.119
500.847 96.044 511.009 96.044 511.009 127.227 500.847 127.227
500.470 96.064 510.631 96.064 510.631 127.195 500.470 127.195
500.277 98.100 510.405 98.100 510.405 129.208 500.277 129.208
500.380 98.697 510.473 98.697 510.473 129.696 500.380 129.696
500.530 95.866 510.642 95.866 510.642 126.841 500.530 126.841
500.478 97.581 510.572 97.581 510.572 128.473 500.478 128.473
500.487 98.145 510.552 98.145 510.552 128.966 500.487 128.966
500.359 97.770 510.460 97.770 510.460 128.422 500.359 128.422
500.180 98.931 510.352 98.931 510.352 129.388 500.180 129.388
500.063 98.017 510.237 98.017 510.237 128.376 500.063 128.376
500.030 95.679 510.160 95.679 510.160 126.002 500.030 126.002
500.089 95.814 510.171 95.814 510.171 126.231 500.089 126.231
500.430 96.274 510.500 96.274 510.500 126.678 500.430 126.678
500.258 93.905 510.242 93.905 510.242 124.309 500.258 124.309
498.495 96.662 508.496 96.662 508.496 126.980 498.495 126.980
498.859 98.911 508.818 98.911 508.818 129.134 498.859 129.134
501.159 97.632 511.138 97.632 511.138 127.888 501.159 127.888
499.200 95.447 509.135 95.447 509.135 125.618 499.200 125.618
499.269 95.652 509.170 95.652 509.170 125.885 499.269 125.885
499.247 95.669 509.107 95.669 509.107 125.914 499.247 125.914
499.229 95.203 509.067 95.203 509.067 125.421 499.229 125.421
496.934 96.247 506.816 96.247 506.816 126.329 496.934 126.329
499.549 96.231 509.435 96.231 509.435 126.302 499.549 126.302
499.433 94.252 509.339 94.252 509.339 124.217 499.433 124.217
499.384 94.671 509.311 94.671 509.311 124.518 499.384 124.518
499.342 96.906 509.284 96.906 509.284 126.707 499.342 126.707
499.602 95.023 509.515 95.023 509.515 124.816 499.602 124.816
499.531 92.829 509.440 92.829 509.440 122.531 499.531 122.531
497.132 95.586 507.036 95.586 507.036 125.229 497.132 125.229
499.544 95.304 509.432 95.304 509.432 124.934 499.544 124.934
499.545 95.192 509.381 95.192 509.381 124.842 499.545 124.842
499.612 94.769 509.385 94.769 509.385 124.492 499.612 124.492
497.331 94.985 507.049 94.985 507.049 124.715 497.331 124.715
497.476 96.079 507.368 96.079 507.368 125.557 497.476 125.557
497.745 95.201 507.750 95.201 507.750 124.552 497.745 124.552
497.882 95.414 507.963 95.414 507.963 124.599 497.882 124.599
498.179 95.245 508.203 95.245 508.203 124.476 498.179 124.476
498.355 95.183 508.288 95.183 508.288 124.421 498.355 124.421
498.359 95.841 508.237 95.841 508.237 125.090 498.359 125.090
495.750 96.064 505.834 96.064 505.834 125.010 495.750 125.010
498.067 94.617 508.086 94.617 508.086 123.637 498.067 123.637
497.969 95.129 507.998 95.129 507.998 124.013 497.969 124.013
497.947 95.453 507.959 95.453 507.959 124.413 497.947 124.413
497.884 95.073 507.865 95.073 507.865 123.935 497.884 123.935
497.844 95.397 507.847 95.397 507.847 124.208 497.844 124.208
498.017 95.316 507.964 95.316 507.964 123.919 498.017 123.919
498.124 94.654 508.030 94.654 508.030 123.146 498.124 123.146
498.119 94.651 508.038 94.651 508.038 123.051 498.119 123.051
498.127 95.222 507.968 95.222 507.968 123.776 498.127 123.776
498.337 95.230 508.057 95.230 508.057 123.956 498.337 123.956
498.268 94.798 507.944 94.798 507.944 123.661 498.268 123.661
498.222 94.542 507.860 94.542 507.860 123.460 498.222 123.460
498.355 94.412 507.994 94.412 507.994 123.375 498.355 123.375
498.400 94.285 508.045 94.285 508.045 123.200 498.400 123.200
498.384 95.211 508.047 95.211 508.047 124.085 498.384 124.085
498.213 95.026 507.942 95.026 507.942 123.995 498.213 123.995
495.916 95.363 505.696 95.363 505.696 124.279 495.916 124.279
495.773 94.862 505.619 94.862 505.619 123.605 495.773 123.605
495.745 95.718 505.582 95.718 505.582 124.419 495.745 124.419
495.763 95.214 505.623 95.214 505.623 123.901 495.763 123.901
495.688 94.681 505.565 94.681 505.565 123.423 495.688 123.423
495.662 95.004 505.513 95.004 505.513 123.844 495.662 123.844
495.608 95.234 505.520 95.234 505.520 124.025 495.608 124.025
495.468 95.168 505.385 95.168 505.385 123.970 495.468 123.970
495.326 95.392 505.295 95.392 505.295 124.143 495.326 124.143
495.224 95.534 505.248 95.534 505.248 124.031 495.224 124.031
495.108 95.120 505.183 95.120 505.183 123.494 495.108 123.494
495.090 95.737 505.369 95.737 505.369 123.812 495.090 123.812
494.911 95.249 505.096 95.249 505.096 123.537 494.911 123.537
494.740 95.747 505.023 95.747 505.023 123.892 494.740 123.892
494.515 95.419 504.965 95.419 504.965 123.360 494.515 123.360
494.463 94.363 504.988 94.363 504.988 121.932 494.463 121.932
494.480 94.557 505.017 94.557 505.017 122.051 494.480 122.051
494.510 95.226 505.090 95.226 505.090 122.570 494.510 122.570
494.279 95.595 504.832 95.595 504.832 122.911 494.279 122.911
494.208 94.787 504.790 94.787 504.790 122.225 494.208 122.225
494.100 95.071 504.759 95.071 504.759 122.457 494.100 122.457
493.953 95.193 504.720 95.193 504.720 122.478 493.953 122.478
493.726 95.578 504.489 95.578 504.489 122.854 493.726 122.854
493.630 95.534 504.443 95.534 504.443 122.776 493.630 122.776
493.550 95.826 504.359 95.826 504.359 123.061 493.550 123.061
493.302 95.829 504.091 95.829 504.091 123.037 493.302 123.037
493.107 95.507 503.862 95.507 503.862 122.793 493.107 122.793
492.981 95.589 503.735 95.589 503.735 122.877 492.981 122.877
493.062 95.643 503.792 95.643 503.792 122.880 493.062 122.880
495.082 93.586 505.858 93.586 505.858 120.640 495.082 120.640
495.035 94.361 505.704 94.361 505.704 121.628 495.035 121.628
494.858 95.090 505.380 95.090 505.380 122.522 494.858 122.522
494.348 94.843 504.939 94.843 504.939 122.213 494.348 122.213
494.277 95.599 504.932 95.599 504.932 122.752 494.277 122.752
494.161 95.257 504.909 95.257 504.909 122.318 494.161 122.318
493.874 95.204 504.504 95.204 504.504 122.417 493.874 122.417
493.626 95.102 504.330 95.102 504.330 122.238 493.626 122.238
493.631 95.762 504.380 95.762 504.380 122.856 493.631 122.856
493.378 95.196 504.191 95.196 504.191 122.264 493.378 122.264
493.467 95.272 504.271 95.272 504.271 122.421 493.467 122.421
493.329 95.578 504.111 95.578 504.111 122.718 493.329 122.718
493.172 95.406 503.977 95.406 503.977 122.552 493.172 122.552
495.131 94.797 505.957 94.797 505.957 122.023 495.131 122.023
494.648 94.670 505.465 94.670 505.465 121.889 494.648 121.889
494.303 95.798 504.956 95.798 504.956 123.100 494.303 123.100
493.682 96.027 504.405 96.027 504.405 123.238 493.682 123.238
493.390 95.041 504.207 95.041 504.207 122.093 493.390 122.093
495.192 94.474 506.023 94.474 506.023 121.483 495.192 121.483
494.929 95.183 505.610 95.183 505.610 122.244 494.929 122.244
494.785 94.760 505.433 94.760 505.433 121.983 494.785 121.983
494.434 94.417 505.053 94.417 505.053 121.697 494.434 121.697
494.296 94.649 504.914 94.649 504.914 121.915 494.296 121.915
494.042 94.864 504.676 94.864 504.676 122.162 494.042 122.162
493.753 94.761 504.449 94.761 504.449 122.008 493.753 122.008
493.708 95.064 504.447 95.064 504.447 122.233 493.708 122.233
493.464 95.640 504.239 95.640 504.239 122.805 493.464 122.805
495.652 93.627 506.415 93.627 506.415 120.774 495.652 120.774
493.187 94.245 503.979 94.245 503.979 121.322 493.187 121.322
495.077 94.745 505.870 94.745 505.870 121.853 495.077 121.853
494.728 93.973 505.493 93.973 505.493 121.124 494.728 121.124
494.322 94.039 505.046 94.039 505.046 121.292 494.322 121.292
493.768 95.707 504.532 95.707 504.532 122.851 493.768 122.851
493.295 94.894 504.083 94.894 504.083 122.091 493.295 122.091
495.086 94.115 505.952 94.115 505.952 121.100 495.086 121.100
494.728 94.194 505.573 94.194 505.573 121.120 494.728 121.120
494.275 94.407 505.118 94.407 505.118 121.252 494.275 121.252
494.131 94.112 504.894 94.112 504.894 120.893 494.131 120.893
493.976 94.035 504.699 94.035 504.699 120.847 493.976 120.847
493.663 93.925 504.410 93.925 504.410 120.722 493.663 120.722
495.800 94.345 506.490 94.345 506.490 121.130 495.800 121.130
495.374 93.867 506.124 93.867 506.124 120.494 495.374 120.494
495.112 94.372 505.797 94.372 505.797 120.956 495.112 120.956
494.828 93.922 505.477 93.922 505.477 120.550 494.828 120.550
494.301 95.517 504.968 95.517 504.968 122.120 494.301 122.120
493.869 93.939 504.608 93.939 504.608 120.450 493.869 120.450
493.433 94.463 504.232 94.463 504.232 120.938 493.433 120.938
493.080 94.312 503.889 94.312 503.889 120.840 493.080 120.840
492.389 93.798 503.216 93.798 503.216 120.383 492.389 120.383
494.342 93.609 505.181 93.609 505.181 120.182 494.342 120.182
491.901 94.544 502.549 94.544 502.549 121.389 491.901 121.389
491.616 95.248 502.093 95.248 502.093 122.295 491.616 122.295
491.284 94.727 501.820 94.727 501.820 121.769 491.284 121.769
492.972 94.027 503.534 94.027 503.534 121.034 492.972 121.034
492.648 95.160 503.288 95.160 503.288 122.070 492.648 122.070
492.539 93.584 503.036 93.584 503.036 120.562 492.539 120.562
492.454 93.717 502.818 93.717 502.818 120.856 492.454 120.856
492.160 93.600 502.556 93.600 502.556 120.760 492.160 120.760
494.093 94.032 504.527 94.032 504.527 121.140 494.093 121.140
493.688 93.723 504.132 93.723 504.132 120.782 493.688 120.782
491.387 94.188 501.800 94.188 501.800 121.181 491.387 121.181
491.338 94.159 501.794 94.159 501.794 121.064 491.338 121.064
491.338 94.291 501.766 94.291 501.766 121.176 491.338 121.176
491.330 94.235 501.786 94.235 501.786 121.105 491.330 121.105
491.199 93.790 501.713 93.790 501.713 120.562 491.199 120.562
491.100 94.231 501.634 94.231 501.634 121.004 491.100 121.004
491.222 94.287 501.724 94.287 501.724 121.054 491.222 121.054
490.981 94.095 501.458 94.095 501.458 120.867 490.981 120.867
491.090 94.481 501.487 94.481 501.487 121.332 491.090 121.332
492.907 93.130 503.340 93.130 503.340 120.021 492.907 120.021
492.659 93.199 502.891 93.199 502.891 120.277 492.659 120.277
492.260 93.188 502.527 93.188 502.527 120.232 492.260 120.232
492.342 93.639 502.615 93.639 502.615 120.528 492.342 120.528
492.314 93.671 502.493 93.671 502.493 120.702 492.314 120.702
492.271 93.143 502.289 93.143 502.289 120.409 492.271 120.409
492.194 93.543 502.274 93.543 502.274 120.701 492.194 120.701
492.184 93.766 502.349 93.766 502.349 120.979 492.184 120.979
493.914 93.107 504.185 93.107 504.185 120.113 493.914 120.113
491.647 93.791 501.903 93.791 501.903 120.692 491.647 120.692
493.475 93.599 503.823 93.599 503.823 120.365 493.475 120.365
492.986 93.291 503.401 93.291 503.401 120.077 492.986 120.077
492.729 93.594 503.146 93.594 503.146 120.363 492.729 120.363
492.458 93.389 502.881 93.389 502.881 120.243 492.458 120.243
492.206 93.688 502.673 93.688 502.673 120.560 492.206 120.560
494.051 92.878 504.620 92.878 504.620 119.741 494.051 119.741
493.896 93.272 504.473 93.272 504.473 120.123 493.896 120.123
493.620 93.273 504.214 93.273 504.214 120.109 493.620 120.109
493.363 92.789 503.911 92.789 503.911 119.769 493.363 119.769
493.448 92.954 503.951 92.954 503.951 119.920 493.448 119.920
493.012 94.350 503.489 94.350 503.489 121.174 493.012 121.174
494.797 93.414 505.311 93.414 505.311 120.199 494.797 120.199
494.385 92.878 504.896 92.878 504.896 119.623 494.385 119.623
494.456 92.899 504.943 92.899 504.943 119.597 494.456 119.597
494.315 93.273 504.756 93.273 504.756 119.892 494.315 119.892
493.927 92.968 504.395 92.968 504.395 119.517 493.927 119.517
493.683 92.872 504.185 92.872 504.185 119.233 493.683 119.233
493.721 93.553 504.170 93.553 504.170 119.751 493.721 119.751
495.761 92.866 506.188 92.866 506.188 119.138 495.761 119.138
495.495 92.707 505.893 92.707 505.893 118.943 495.495 118.943
495.317 92.773 505.567 92.773 505.567 119.136 495.317 119.136
495.160 93.223 505.438 93.223 505.438 119.480 495.160 119.480
495.173 93.526 505.521 93.526 505.521 119.623 495.173 119.623
494.710 93.228 505.112 93.228 505.112 119.241 494.710 119.241
494.639 93.408 505.051 93.408 505.051 119.410 494.639 119.410
494.364 93.755 504.817 93.755 504.817 119.681 494.364 119.681
494.217 92.855 504.549 92.855 504.549 119.001 494.217 119.001
496.315 92.934 506.476 92.934 506.476 119.344 496.315 119.344
496.086 93.320 506.284 93.320 506.284 119.634 496.086 119.634
495.941 93.312 506.222 93.312 506.222 119.432 495.941 119.432
495.626 93.112 505.983 93.112 505.983 119.041 495.626 119.041
495.579 93.026 505.951 93.026 505.951 118.960 495.579 118.960
495.972 92.087 506.344 92.087 506.344 118.097 495.972 118.097
495.862 92.441 506.257 92.441 506.257 118.455 495.862 118.455
495.810 92.439 506.126 92.439 506.126 118.476 495.810 118.476
495.856 92.848 506.174 92.848 506.174 118.840 495.856 118.840
495.918 92.558 506.218 92.558 506.218 118.519 495.918 118.519
495.993 93.057 506.280 93.057 506.280 118.861 495.993 118.861
495.908 92.990 506.280 92.990 506.280 118.667 495.908 118.667
495.954 93.613 506.257 93.613 506.257 119.280 495.954 119.280
495.998 92.873 506.300 92.873 506.300 118.329 495.998 118.329
496.352 91.609 506.419 91.609 506.419 117.393 496.352 117.393
496.349 91.907 506.450 91.907 506.450 117.747 496.349 117.747
496.490 92.323 506.461 92.323 506.461 118.313 496.490 118.313
496.494 92.753 506.513 92.753 506.513 118.702 496.494 118.702
496.383 92.888 506.527 92.888 506.527 118.698 496.383 118.698
496.472 93.515 506.676 93.515 506.676 119.158 496.472 119.158
496.302 93.257 506.633 93.257 506.633 118.584 496.302 118.584
496.213 92.728 506.497 92.728 506.497 118.103 496.213 118.103
498.102 92.356 508.354 92.356 508.354 117.801 498.102 117.801
497.909 92.390 508.079 92.390 508.079 117.743 497.909 117.743
497.579 91.616 507.710 91.616 507.710 117.093 497.579 117.093
497.360 91.630 507.449 91.630 507.449 117.329 497.360 117.329
497.538 91.684 507.573 91.684 507.573 117.544 497.538 117.544
497.685 91.721 507.692 91.721 507.692 117.665 497.685 117.665
497.681 91.682 507.687 91.682 507.687 117.682 497.681 117.682
