172.000 55.000 292.000 55.000 292.000 174.000 172.000 174.000
171.584 49.714 291.948 49.714 291.948 168.873 171.584 168.873
170.639 51.837 291.961 51.837 291.961 170.156 170.639 170.156
169.619 51.439 291.735 51.439 291.735 169.634 169.619 169.634
171.305 54.124 294.480 54.124 294.480 171.502 171.305 171.502
168.913 50.149 291.752 50.149 291.752 168.430 168.913 168.430
170.579 53.369 293.690 53.369 293.690 170.984 170.579 170.984
170.473 53.671 293.971 53.671 293.971 171.575 170.473 171.575
169.443 53.076 293.835 53.076 293.835 170.466 169.443 170.466
167.661 55.531 292.523 55.531 292.523 172.933 167.661 172.933
168.659 51.334 293.236 51.334 293.236 169.461 168.659 169.461
169.837 58.912 294.262 58.912 294.262 176.627 169.837 176.627
169.385 53.504 294.264 53.504 294.264 171.890 169.385 171.890
169.304 57.085 294.096 57.085 294.096 175.647 169.304 175.647
169.070 54.619 294.585 54.619 294.585 173.160 169.070 173.160
168.638 57.264 294.591 57.264 294.591 175.563 168.638 175.563
168.030 55.881 293.867 55.881 293.867 174.661 168.030 174.661
168.306 57.356 294.462 57.356 294.462 175.969 168.306 175.969
167.660 58.772 294.233 58.772 294.233 177.367 167.660 177.367
168.810 56.704 296.163 56.704 296.163 175.635 168.810 175.635
167.324 59.955 295.356 59.955 295.356 178.354 167.324 178.354
167.029 58.253 295.034 58.253 295.034 177.727 167.029 177.727
165.277 61.006 293.192 61.006 293.192 180.951 165.277 180.951
166.759 58.773 294.708 58.773 294.708 179.354 166.759 179.354
164.639 61.647 292.678 61.647 292.678 182.433 164.639 182.433
166.380 58.394 294.373 58.394 294.373 179.567 166.380 179.567
164.995 62.574 293.211 62.574 293.211 183.538 164.995 183.538
165.306 59.910 293.217 59.910 293.217 181.311 165.306 181.311
165.145 63.613 293.260 63.613 293.260 184.965 165.145 184.965
164.849 63.812 293.185 63.812 293.185 185.374 164.849 185.374
163.252 64.351 291.442 64.351 291.442 186.124 163.252 186.124
163.425 65.260 291.501 65.260 291.501 187.321 163.425 187.321
162.136 65.533 290.056 65.533 290.056 188.348 162.136 188.348
161.324 65.599 288.833 65.599 288.833 188.868 161.324 188.868
160.781 64.769 287.577 64.769 287.577 189.109 160.781 189.109
161.724 65.404 288.234 65.404 288.234 190.047 161.724 190.047
160.942 65.213 286.701 65.213 286.701 190.856 160.942 190.856
169.742 66.909 295.015 66.909 295.015 193.219 169.742 193.219
176.801 65.948 301.393 65.948 301.393 193.097 176.801 193.097
185.431 66.807 309.621 66.807 309.621 194.465 185.431 194.465
192.829 67.098 316.519 67.098 316.519 195.650 192.829 195.650
196.490 66.462 319.718 66.462 319.718 196.324 196.490 196.324
205.623 68.313 329.244 68.313 329.244 197.907 205.623 197.907
210.685 67.828 333.848 67.828 333.848 198.181 210.685 198.181
221.498 69.398 344.624 69.398 344.624 199.975 221.498 199.975
258.130 76.582 385.903 76.582 385.903 202.445 258.130 202.445
266.531 77.294 393.266 77.294 393.266 205.298 266.531 205.298
268.065 77.574 400.856 77.574 400.856 202.248 268.065 202.248
269.852 75.923 402.435 75.923 402.435 202.489 269.852 202.489
272.941 76.924 409.436 76.924 409.436 201.696 272.941 201.696
273.114 79.271 412.114 79.271 412.114 202.712 273.114 202.712
272.132 79.860 412.190 79.860 412.190 203.197 272.132 203.197
262.437 81.653 406.811 81.653 406.811 203.231 262.437 203.231
255.233 84.749 403.846 84.749 403.846 205.149 255.233 205.149
248.815 84.717 401.053 84.717 401.053 204.676 248.815 204.676
245.163 87.510 401.099 87.510 401.099 207.013 245.163 207.013
247.097 89.573 406.615 89.573 406.615 208.447 247.097 208.447
247.529 90.572 409.419 90.572 409.419 209.689 247.529 209.689
248.177 92.141 410.982 92.141 410.982 212.088 248.177 212.088
252.699 94.978 416.477 94.978 416.477 214.951 252.699 214.951
254.381 95.275 419.584 95.275 419.584 215.398 254.381 215.398
256.434 96.443 422.762 96.443 422.762 216.908 256.434 216.908
255.366 100.428 421.282 100.428 421.282 221.219 255.366 221.219
251.228 104.326 418.080 104.326 418.080 224.819 251.228 224.819
236.502 108.246 404.266 108.246 404.266 228.652 236.502 228.652
239.532 108.178 407.320 108.178 407.320 229.159 239.532 229.159
240.002 108.690 408.277 108.690 408.277 229.989 240.002 229.989
241.183 109.847 412.810 109.847 412.810 228.850 241.183 228.850
241.116 111.471 415.628 111.471 415.628 228.525 241.116 228.525
224.067 120.605 400.730 120.605 400.730 236.270 224.067 236.270
226.929 117.533 405.089 117.533 405.089 232.348 226.929 232.348
231.489 116.524 410.498 116.524 410.498 230.691 231.489 230.691
216.096 125.539 397.189 125.539 397.189 238.074 216.096 238.074
296.396 108.523 481.945 108.523 481.945 219.027 296.396 219.027
303.055 108.771 493.649 108.771 493.649 217.837 303.055 217.837
304.411 110.003 498.606 110.003 498.606 218.283 304.411 218.283
306.166 113.955 503.845 113.955 503.845 221.446 306.166 221.446
307.594 114.135 509.110 114.135 509.110 221.665 307.594 221.665
306.735 114.965 511.827 114.965 511.827 222.990 306.735 222.990
304.811 115.070 513.032 115.070 513.032 224.053 304.811 224.053
297.199 115.617 508.734 115.617 508.734 225.633 297.199 225.633
287.255 118.197 505.033 118.197 505.033 226.865 287.255 226.865
278.084 118.334 500.865 118.334 500.865 226.237 278.084 226.237
270.515 119.559 498.206 119.559 498.206 226.718 270.515 226.718
263.359 121.759 495.188 121.759 495.188 228.864 263.359 228.864
254.129 122.923 490.325 122.923 490.325 229.647 254.129 229.647
247.142 124.430 487.062 124.430 487.062 230.833 247.142 230.833
238.529 119.252 477.857 119.252 477.857 226.539 238.529 226.539
257.766 114.649 488.603 114.649 488.603 224.996 257.766 224.996
258.392 106.207 477.059 106.207 477.059 223.251 258.392 223.251
253.977 105.372 467.804 105.372 467.804 223.438 253.977 223.438
251.211 103.858 462.319 103.858 462.319 221.987 251.211 221.987
244.874 102.284 454.406 102.284 454.406 219.819 244.874 219.819
259.624 100.465 467.265 100.465 467.265 217.737 259.624 217.737
252.265 98.467 458.402 98.467 458.402 215.108 252.265 215.108
239.572 98.503 451.347 98.503 451.347 210.156 239.572 210.156
228.595 99.243 443.988 99.243 443.988 207.888 228.595 207.888
198.565 102.752 419.463 102.752 419.463 208.310 198.565 208.310
193.351 104.651 418.325 104.651 418.325 208.430 193.351 208.430
188.872 107.104 417.361 107.104 417.361 210.069 188.872 210.069
182.888 106.598 414.710 106.598 414.710 209.435 182.888 209.435
157.349 104.661 393.161 104.661 393.161 207.529 157.349 207.529
152.961 103.959 392.781 103.959 392.781 207.218 152.961 207.218
149.869 102.309 393.086 102.309 393.086 206.286 149.869 206.286
148.968 101.329 395.543 101.329 395.543 205.649 148.968 205.649
143.993 100.158 393.258 100.158 393.258 205.096 143.993 205.096
159.689 91.976 409.461 91.976 409.461 197.681 159.689 197.681
161.521 88.724 410.752 88.724 410.752 195.261 161.521 195.261
164.133 85.419 412.616 85.419 412.616 192.919 164.133 192.919
179.391 82.884 428.616 82.884 428.616 190.380 179.391 190.380
177.035 80.971 425.685 80.971 425.685 188.710 177.035 188.710
178.451 79.192 426.403 79.192 426.403 186.973 178.451 186.973
192.829 79.293 442.076 79.293 442.076 186.279 192.829 186.279
190.968 77.635 439.669 77.635 439.669 184.644 190.968 184.644
191.505 76.469 440.243 76.469 440.243 183.224 191.505 183.224
195.238 75.646 443.815 75.646 443.815 182.260 195.238 182.260
199.526 73.859 447.082 73.859 447.082 180.284 199.526 180.284
201.283 73.605 449.227 73.605 449.227 179.422 201.283 179.422
203.058 71.820 451.003 71.820 451.003 177.310 203.058 177.310
209.078 69.345 456.295 69.345 456.295 174.845 209.078 174.845
214.517 67.950 461.844 67.950 461.844 173.594 214.517 173.594
220.070 66.244 467.238 66.244 467.238 172.107 220.070 172.107
224.758 66.201 471.679 66.201 471.679 171.712 224.758 171.712
230.500 64.912 477.069 64.912 477.069 170.290 230.500 170.290
235.802 63.359 481.982 63.359 481.982 168.611 235.802 168.611
243.190 61.989 488.473 61.989 488.473 167.265 243.190 167.265
246.152 60.000 490.792 60.000 490.792 165.392 246.152 165.392
250.468 57.508 494.257 57.508 494.257 162.877 250.468 162.877
251.409 56.696 494.676 56.696 494.676 161.621 251.409 161.621
248.808 55.276 491.797 55.276 491.797 159.482 248.808 159.482
245.693 53.877 487.287 53.877 487.287 157.873 245.693 157.873
238.700 50.620 478.557 50.620 478.557 154.514 238.700 154.514
232.852 48.645 470.696 48.645 470.696 152.359 232.852 152.359
224.174 51.293 460.399 51.293 460.399 154.950 224.174 154.950
218.966 53.895 454.121 53.895 454.121 157.700 218.966 157.700
211.486 57.278 445.824 57.278 445.824 160.510 211.486 160.510
205.926 62.024 439.402 62.024 439.402 164.751 205.926 164.751
199.831 64.315 428.259 64.315 428.259 169.042 199.831 169.042
190.992 70.352 418.995 70.352 418.995 174.154 190.992 174.154
185.724 73.481 414.110 73.481 414.110 175.841 185.724 175.841
180.011 77.648 407.731 77.648 407.731 179.143 180.011 179.143
174.698 81.681 402.016 81.681 402.016 182.406 174.698 182.406
168.838 87.408 395.188 87.408 395.188 187.572 168.838 187.572
162.754 90.739 388.163 90.739 388.163 189.958 162.754 189.958
155.291 97.478 378.922 97.478 378.922 196.030 155.291 196.030
137.690 100.110 359.596 100.110 359.596 198.181 137.690 198.181
138.685 104.320 357.930 104.320 357.930 202.191 138.685 202.191
136.597 109.315 353.555 109.315 353.555 206.497 136.597 206.497
130.589 115.621 345.771 115.621 345.771 212.442 130.589 212.442
124.812 119.665 339.103 119.665 339.103 215.292 124.812 215.292
111.866 123.890 321.436 123.890 321.436 220.608 111.866 220.608
74.231 143.579 281.375 143.579 281.375 240.635 74.231 240.635
59.181 149.493 261.415 149.493 261.415 247.712 59.181 247.712
59.142 166.059 256.605 166.059 256.605 264.726 59.142 264.726
58.610 164.807 251.381 164.807 251.381 263.071 58.610 263.071
55.121 164.701 244.200 164.701 244.200 262.185 55.121 262.185
37.829 154.441 224.095 154.441 224.095 250.684 37.829 250.684
40.821 159.114 222.954 159.114 222.954 253.826 40.821 253.826
43.967 161.131 222.257 161.131 222.257 254.899 43.967 254.899
42.620 160.203 217.399 160.203 217.399 253.259 42.620 253.259
42.959 160.396 214.682 160.396 214.682 252.711 42.959 252.711
42.648 159.673 211.250 159.673 211.250 251.588 42.648 251.588
45.836 148.180 212.049 148.180 212.049 239.053 45.836 239.053
51.243 152.382 215.100 152.382 215.100 241.873 51.243 241.873
53.527 152.596 214.266 152.596 214.266 241.412 53.527 241.412
57.083 153.027 216.432 153.027 216.432 240.521 57.083 240.521
75.970 155.247 233.237 155.247 233.237 241.692 75.970 241.692
78.951 154.678 235.460 154.678 235.460 240.860 78.951 240.860
80.957 153.249 236.553 153.249 236.553 238.980 80.957 238.980
83.310 152.706 238.245 152.706 238.245 237.977 83.310 237.977
69.061 152.354 223.724 152.354 223.724 237.349 69.061 237.349
64.657 140.362 223.179 140.362 223.179 222.119 64.657 222.119
77.643 143.616 239.248 143.616 239.248 222.685 77.643 222.685
90.679 146.886 250.881 146.886 250.881 226.081 90.679 226.081
88.623 146.499 247.518 146.499 247.518 226.080 88.623 226.080
89.530 146.548 247.007 146.548 247.007 226.121 89.530 226.121
102.735 144.879 259.007 144.879 259.007 224.234 102.735 224.234
102.591 141.921 257.268 141.921 257.268 221.424 102.591 221.424
135.396 127.445 289.035 127.445 289.035 206.780 135.396 206.780
143.975 128.071 299.550 128.071 299.550 204.950 143.975 204.950
140.818 116.889 294.926 116.889 294.926 194.061 140.818 194.061
142.119 131.136 294.891 131.136 294.891 209.084 142.119 209.084
154.655 121.189 306.101 121.189 306.101 199.131 154.655 199.131
155.441 123.596 305.768 123.596 305.768 201.187 155.441 201.187
157.542 125.994 306.959 125.994 306.959 203.420 157.542 203.420
167.343 126.001 319.154 126.001 319.154 201.454 167.343 201.454
166.202 126.461 317.859 126.461 317.859 202.003 166.202 202.003
175.284 113.641 328.968 113.641 328.968 187.289 175.284 187.289
178.139 114.633 330.129 114.633 330.129 188.712 178.139 188.712
182.579 116.174 332.752 116.174 332.752 190.793 182.579 190.793
186.668 116.837 335.835 116.837 335.835 191.693 186.668 191.693
201.217 105.002 349.226 105.002 349.226 179.639 201.217 179.639
203.101 106.624 349.823 106.624 349.823 181.060 203.101 181.060
204.827 107.617 350.526 107.617 350.526 182.026 204.827 182.026
207.341 107.950 351.902 107.950 351.902 182.350 207.341 182.350
211.917 108.371 356.008 108.371 356.008 182.510 211.917 182.510
215.148 107.784 358.686 107.784 358.686 181.755 215.148 181.755
226.875 107.442 372.222 107.442 372.222 179.488 226.875 179.488
227.745 95.218 372.525 95.218 372.525 167.501 227.745 167.501
253.043 94.138 396.937 94.138 396.937 166.779 253.043 166.779
254.052 80.832 397.143 80.832 397.143 153.944 254.052 153.944
267.254 83.024 408.846 83.024 408.846 157.229 267.254 157.229
267.036 84.524 407.873 84.524 407.873 159.058 267.036 159.058
278.751 85.752 418.348 85.752 418.348 160.231 278.751 160.231
278.636 86.376 416.737 86.376 416.737 160.759 278.636 160.759
290.781 87.733 425.591 87.733 425.591 162.663 290.781 162.663
301.627 77.663 435.269 77.663 435.269 152.962 301.627 152.962
313.050 81.112 444.670 81.112 444.670 156.335 313.050 156.335
323.541 83.999 453.781 83.999 453.781 158.858 323.541 158.858
331.096 84.135 460.024 84.135 460.024 158.925 331.096 158.925
338.369 74.586 466.565 74.586 466.565 149.338 338.369 149.338
345.198 75.784 472.771 75.784 472.771 150.158 345.198 150.158
346.583 78.104 473.369 78.104 473.369 152.044 346.583 152.044
356.181 77.280 481.929 77.280 481.929 151.268 356.181 151.268
358.148 76.561 483.618 76.561 483.618 150.117 358.148 150.117
362.697 77.519 488.931 77.519 488.931 149.942 362.697 149.942
376.458 77.611 503.141 77.611 503.141 149.195 376.458 149.195
380.786 77.399 507.053 77.399 507.053 148.670 380.786 148.670
384.813 78.028 510.927 78.028 510.927 148.623 384.813 148.623
391.713 75.736 515.976 75.736 515.976 146.676 391.713 146.676
403.812 75.631 527.275 75.631 527.275 146.347 403.812 146.347
409.411 74.365 531.030 74.365 531.030 145.162 409.411 145.162
406.023 72.376 522.258 72.376 522.258 145.795 406.023 145.795
407.974 70.225 518.843 70.225 518.843 146.235 407.974 146.235
409.318 70.873 520.018 70.873 520.018 144.413 409.318 144.413
404.176 71.430 510.336 71.430 510.336 146.647 404.176 146.647
404.651 71.381 507.080 71.381 507.080 148.057 404.651 148.057
403.459 74.057 502.294 74.057 502.294 151.483 403.459 151.483
400.995 65.833 496.751 65.833 496.751 144.164 400.995 144.164
399.758 68.990 493.560 68.990 493.560 147.761 399.758 147.761
397.008 68.423 489.272 68.423 489.272 148.008 397.008 148.008
396.992 67.574 487.157 67.574 487.157 148.381 396.992 148.381
395.985 65.919 485.176 65.919 485.176 147.005 395.985 147.005
391.236 57.676 481.346 57.676 481.346 138.125 391.236 138.125
386.522 50.565 477.967 50.565 477.967 130.123 386.522 130.123
382.791 53.766 476.034 53.766 476.034 132.086 382.791 132.086
371.981 48.448 468.996 48.448 468.996 123.465 371.981 123.465
365.699 51.565 464.277 51.565 464.277 124.546 365.699 124.546
365.818 52.940 465.360 52.940 465.360 124.803 365.818 124.803
358.052 52.662 457.881 52.662 457.881 124.136 358.052 124.136
337.177 53.408 438.498 53.408 438.498 123.143 337.177 123.143
335.808 55.458 438.458 55.458 438.458 123.517 335.808 123.517
336.157 56.060 439.331 56.060 439.331 123.463 336.157 123.463
326.290 56.381 429.894 56.381 429.894 123.041 326.290 123.041
326.668 57.611 429.525 57.611 429.525 124.643 326.668 124.643
329.000 58.694 430.504 58.694 430.504 126.168 329.000 126.168
329.454 59.361 429.689 59.361 429.689 127.470 329.454 127.470
320.732 51.115 419.607 51.115 419.607 119.577 320.732 119.577
322.937 53.442 420.211 53.442 420.211 122.017 322.937 122.017
324.041 54.291 419.608 54.291 419.608 123.156 324.041 123.156
317.141 55.973 410.994 55.973 410.994 125.226 317.141 125.226
318.839 54.740 411.661 54.740 411.661 124.080 318.839 124.080
312.375 54.862 404.303 54.862 404.303 124.457 312.375 124.457
311.731 46.361 403.273 46.361 403.273 116.016 311.731 116.016
