305.000 117.000 342.000 117.000 342.000 207.000 305.000 207.000
304.197 118.057 340.950 118.057 340.950 208.208 304.197 208.208
304.201 116.043 340.535 116.043 340.535 206.556 304.201 206.556
302.935 116.620 339.097 116.620 339.097 207.268 302.935 207.268
301.798 117.160 337.685 117.160 337.685 207.925 301.798 207.925
300.615 116.625 336.248 116.625 336.248 207.166 300.615 207.166
300.363 118.108 335.716 118.108 335.716 208.543 300.363 208.543
299.766 117.206 334.835 117.206 334.835 207.554 299.766 207.554
299.410 117.618 334.388 117.618 334.388 207.466 299.410 207.466
298.864 115.901 333.657 115.901 333.657 205.626 298.864 205.626
298.458 114.546 333.224 114.546 333.224 203.395 298.458 203.395
297.719 115.410 332.442 115.410 332.442 203.894 297.719 203.894
297.633 115.308 332.413 115.308 332.413 203.071 297.633 203.071
297.001 115.360 331.650 115.360 331.650 202.629 297.001 202.629
296.302 117.034 330.710 117.034 330.710 204.255 296.302 204.255
294.552 117.153 328.911 117.153 328.911 204.052 294.552 204.052
293.511 117.644 327.701 117.644 327.701 204.956 293.511 204.956
292.019 116.903 326.237 116.903 326.237 204.394 292.019 204.394
290.976 117.963 325.203 117.963 325.203 205.344 290.976 205.344
289.972 117.750 324.035 117.750 324.035 205.605 289.972 205.605
288.983 115.604 322.924 115.604 322.924 203.512 288.983 203.512
287.346 116.329 321.366 116.329 321.366 203.809 287.346 203.809
285.615 116.981 319.571 116.981 319.571 204.342 285.615 204.342
283.391 116.632 317.415 116.632 317.415 203.906 283.391 203.906
282.356 117.338 316.194 117.338 316.194 204.868 282.356 204.868
280.384 116.553 314.091 116.553 314.091 203.897 280.384 203.897
279.750 115.851 313.207 115.851 313.207 203.163 279.750 203.163
278.607 116.901 311.609 116.901 311.609 204.912 278.607 204.912
277.650 115.283 310.426 115.283 310.426 203.451 277.650 203.451
277.621 116.432 310.036 116.432 310.036 205.382 277.621 205.382
277.111 115.395 309.240 115.395 309.240 204.903 277.111 204.903
276.936 115.125 308.824 115.125 308.824 204.750 276.936 204.750
276.118 114.560 307.876 114.560 307.876 203.920 276.118 203.920
275.867 116.966 307.308 116.966 307.308 206.247 275.867 206.247
275.253 118.173 306.575 118.173 306.575 206.992 275.253 206.992
275.032 118.826 306.199 118.826 306.199 206.881 275.032 206.881
275.205 118.982 306.186 118.982 306.186 206.689 275.205 206.689
275.097 118.472 305.947 118.472 305.947 206.015 275.097 206.015
275.081 119.311 305.651 119.311 305.651 206.311 275.081 206.311
274.967 119.499 305.280 119.499 305.280 206.059 274.967 206.059
274.803 119.512 305.242 119.512 305.242 205.127 274.803 205.127
274.468 120.118 304.704 120.118 304.704 205.482 274.468 205.482
273.465 119.149 303.410 119.149 303.410 204.233 273.465 204.233
273.568 114.618 303.463 114.618 303.463 199.181 273.568 199.181
272.967 121.157 302.506 121.157 302.506 205.829 272.967 205.829
272.508 121.352 301.823 121.352 301.823 206.097 272.508 206.097
271.913 122.358 300.898 122.358 300.898 207.226 271.913 207.226
266.172 122.272 295.201 122.272 295.201 207.084 266.172 207.084
266.833 123.435 295.803 123.435 295.803 208.451 266.833 208.451
273.990 124.463 303.024 124.463 303.024 209.577 273.990 209.577
273.864 125.055 302.982 125.055 302.982 209.981 273.864 209.981
280.393 124.230 309.642 124.230 309.642 209.004 280.393 209.004
279.979 118.476 309.204 118.476 309.204 203.272 279.979 203.272
279.569 119.609 308.814 119.609 308.814 204.193 279.569 204.193
279.436 120.450 308.767 120.450 308.767 204.750 279.436 204.750
278.927 121.640 308.374 121.640 308.374 205.586 278.927 205.586
271.728 123.492 301.115 123.492 301.115 207.420 271.728 207.420
271.302 125.392 300.642 125.392 300.642 209.323 271.302 209.323
270.881 124.967 300.168 124.967 300.168 209.290 270.881 209.290
270.550 125.396 299.774 125.396 299.774 210.125 270.550 210.125
270.249 125.248 299.488 125.248 299.488 210.036 270.249 210.036
270.299 125.800 299.586 125.800 299.586 210.494 270.299 210.494
270.198 124.793 299.448 124.793 299.448 209.689 270.198 209.689
270.047 124.800 299.233 124.800 299.233 209.919 270.047 209.919
276.806 122.242 305.926 122.242 305.926 207.511 276.806 207.511
276.022 119.742 305.103 119.742 305.103 205.118 276.022 205.118
275.424 118.138 304.290 118.138 304.290 203.726 275.424 203.726
274.214 117.334 303.005 117.334 303.005 202.993 274.214 202.993
273.325 115.598 301.672 115.598 301.672 202.009 273.325 202.009
272.784 115.822 301.089 115.822 301.089 201.865 272.784 201.865
272.719 114.355 301.097 114.355 301.097 199.848 272.719 199.848
273.453 114.902 302.013 114.902 302.013 199.761 273.453 199.761
273.707 115.245 302.168 115.245 302.168 200.119 273.707 200.119
274.779 114.855 303.226 114.855 303.226 199.847 274.779 199.847
275.807 116.317 304.337 116.317 304.337 201.256 275.807 201.256
276.792 116.626 305.395 116.626 305.395 201.295 276.792 201.295
278.002 117.392 306.567 117.392 306.567 202.318 278.002 202.318
278.741 118.079 307.343 118.079 307.343 203.096 278.741 203.096
279.515 117.835 308.279 117.835 308.279 202.864 279.515 202.864
280.898 119.195 309.774 119.195 309.774 203.915 280.898 203.915
281.300 119.815 310.546 119.815 310.546 204.193 281.300 204.193
282.476 118.806 312.036 118.806 312.036 203.260 282.476 203.260
283.803 119.746 313.536 119.746 313.536 204.593 283.803 204.593
285.413 116.816 315.548 116.816 315.548 201.827 285.413 201.827
286.791 118.982 317.251 118.982 317.251 203.966 286.791 203.966
287.194 117.891 317.954 117.891 317.954 202.622 287.194 202.622
289.690 116.775 320.686 116.775 320.686 201.463 289.690 201.463
291.148 117.054 322.282 117.054 322.282 202.135 291.148 202.135
292.426 116.354 323.803 116.354 323.803 201.324 292.426 201.324
293.192 115.803 324.552 115.803 324.552 200.863 293.192 200.863
294.669 117.835 326.080 117.835 326.080 202.939 294.669 202.939
295.915 117.237 327.478 117.237 327.478 202.743 295.915 202.743
297.036 118.014 328.863 118.014 328.863 203.247 297.036 203.247
298.280 117.909 330.028 117.909 330.028 203.237 298.280 203.237
298.762 117.136 330.454 117.136 330.454 202.847 298.762 202.847
299.500 116.399 331.124 116.399 331.124 202.465 299.500 202.465
300.245 116.123 331.839 116.123 331.839 202.434 300.245 202.434
301.466 117.219 333.010 117.219 333.010 203.733 301.466 203.733
302.307 117.412 333.857 117.412 333.857 203.908 302.307 203.908
303.568 115.643 335.063 115.643 335.063 202.715 303.568 202.715
304.650 116.537 336.214 116.537 336.214 203.944 304.650 203.944
305.537 115.806 337.214 115.806 337.214 203.549 305.537 203.549
306.090 115.007 337.882 115.007 337.882 203.200 306.090 203.200
306.725 115.127 338.652 115.127 338.652 203.955 306.725 203.955
307.409 116.982 339.488 116.982 339.488 206.294 307.409 206.294
308.189 116.247 340.369 116.247 340.369 206.030 308.189 206.030
308.673 116.186 341.063 116.186 341.063 206.083 308.673 206.083
309.743 115.608 342.296 115.608 342.296 205.374 309.743 205.374
311.115 115.003 343.549 115.003 343.549 205.487 311.115 205.487
312.089 115.726 344.536 115.726 344.536 206.917 312.089 206.917
313.029 115.811 345.559 115.811 345.559 207.077 313.029 207.077
314.387 116.192 347.227 116.192 347.227 207.806 314.387 207.806
316.387 116.740 349.401 116.740 349.401 208.789 316.387 208.789
318.181 115.700 351.438 115.700 351.438 207.804 318.181 207.804
319.015 113.816 352.498 113.816 352.498 206.184 319.015 206.184
320.746 112.774 354.501 112.774 354.501 205.639 320.746 205.639
321.757 112.159 355.669 112.159 355.669 205.486 321.757 205.486
321.871 113.852 355.834 113.852 355.834 207.528 321.871 207.528
322.912 113.283 356.910 113.283 356.910 207.036 322.912 207.036
323.977 112.921 357.798 112.921 357.798 207.100 323.977 207.100
324.148 114.078 357.864 114.078 357.864 208.409 324.148 208.409
324.752 111.722 358.334 111.722 358.334 206.478 324.752 206.478
324.855 113.537 358.253 113.537 358.253 208.360 324.855 208.360
326.095 111.867 359.222 111.867 359.222 207.201 326.095 207.201
326.012 112.859 358.928 112.859 358.928 208.640 326.012 208.640
326.790 112.429 359.632 112.429 359.632 208.269 326.790 208.269
326.925 113.466 359.747 113.466 359.747 209.292 326.925 209.292
327.786 112.655 360.659 112.655 360.659 208.290 327.786 208.290
327.439 112.203 360.237 112.203 360.237 207.590 327.439 207.590
328.049 112.272 360.886 112.272 360.886 207.134 328.049 207.134
327.919 112.811 360.694 112.811 360.694 207.318 327.919 207.318
327.918 113.128 360.596 113.128 360.596 207.497 327.918 207.497
328.211 113.643 360.887 113.643 360.887 207.205 328.211 207.205
328.598 114.151 361.158 114.151 361.158 207.334 328.598 207.334
328.714 114.940 361.153 114.940 361.153 207.798 328.714 207.798
328.534 116.478 360.827 116.478 360.827 209.111 328.534 209.111
328.867 116.038 361.089 116.038 361.089 208.438 328.867 208.438
329.354 116.962 361.388 116.962 361.388 209.221 329.354 209.221
329.610 114.901 361.549 114.901 361.549 207.163 329.610 207.163
329.973 115.259 361.784 115.259 361.784 207.290 329.973 207.290
330.806 115.954 362.538 115.954 362.538 207.503 330.806 207.503
330.589 116.053 362.314 116.053 362.314 207.135 330.589 207.135
331.309 117.348 362.917 117.348 362.917 208.327 331.309 208.327
332.324 115.135 363.913 115.135 363.913 206.456 332.324 206.456
333.139 115.988 364.778 115.988 364.778 207.262 333.139 207.262
333.590 114.943 365.177 114.943 365.177 206.476 333.590 206.476
334.566 115.059 366.113 115.059 366.113 206.602 334.566 206.602
335.546 112.658 366.993 112.658 366.993 204.072 335.546 204.072
337.030 113.597 368.415 113.597 368.415 204.996 337.030 204.996
337.566 113.480 369.163 113.480 369.163 204.300 337.566 204.300
338.358 113.697 369.964 113.697 369.964 204.508 338.358 204.508
338.941 114.558 370.736 114.558 370.736 205.023 338.941 205.023
340.061 114.189 371.939 114.189 371.939 204.411 340.061 204.411
340.931 114.237 373.080 114.237 373.080 204.365 340.931 204.365
342.307 115.037 374.766 115.037 374.766 204.666 342.307 204.666
343.584 116.209 376.338 116.209 376.338 205.395 343.584 205.395
345.073 116.390 378.213 116.390 378.213 205.084 345.073 205.084
350.918 118.621 384.327 118.621 384.327 207.502 350.918 207.502
350.942 117.839 384.432 117.839 384.432 207.154 350.942 207.154
352.789 117.592 386.352 117.592 386.352 207.542 352.789 207.542
353.702 118.750 387.270 118.750 387.270 209.298 353.702 209.298
354.906 117.226 388.630 117.226 388.630 208.313 354.906 208.313
355.670 117.855 389.632 117.855 389.632 208.907 355.670 208.907
357.008 115.331 391.083 115.331 391.083 206.499 357.008 206.499
359.079 113.926 393.387 113.926 393.387 205.022 359.079 205.022
360.215 116.254 394.651 116.254 394.651 207.140 360.215 207.140
361.203 116.665 395.716 116.665 395.716 207.721 361.203 207.721
362.422 115.605 396.972 115.605 396.972 206.959 362.422 206.959
363.828 116.937 398.463 116.937 398.463 208.256 363.828 208.256
365.183 116.852 399.735 116.852 399.735 208.373 365.183 208.373
366.730 116.659 401.117 116.659 401.117 208.397 366.730 208.397
366.987 117.530 401.640 117.530 401.640 209.018 366.987 209.018
368.266 117.160 403.041 117.160 403.041 208.239 368.266 208.239
368.288 115.731 403.100 115.731 403.100 206.579 368.288 206.579
369.597 116.276 404.386 116.276 404.386 206.789 369.597 206.789
370.955 116.648 405.752 116.648 405.752 206.876 370.955 206.876
372.559 116.225 407.104 116.225 407.104 206.783 372.559 206.783
373.481 117.290 408.144 117.290 408.144 208.098 373.481 208.098
375.486 117.607 410.180 117.607 410.180 208.512 375.486 208.512
377.332 116.414 412.155 116.414 412.155 207.375 377.332 207.375
378.254 116.596 413.134 116.596 413.134 207.610 378.254 207.610
380.182 117.536 415.065 117.536 415.065 208.595 380.182 208.595
382.007 117.927 416.946 117.927 416.946 209.128 382.007 209.128
384.491 117.862 419.549 117.862 419.549 209.202 384.491 209.202
386.660 116.021 421.803 116.021 421.803 207.533 386.660 207.533
388.664 115.416 423.886 115.416 423.886 207.353 388.664 207.353
389.631 114.553 425.117 114.553 425.117 206.557 389.631 206.557
391.647 114.356 427.109 114.356 427.109 206.430 391.647 206.430
393.418 113.157 428.857 113.157 428.857 205.102 393.418 205.102
394.655 113.758 430.128 113.758 430.128 205.948 394.655 205.948
395.844 111.426 431.336 111.426 431.336 203.545 395.844 203.545
397.182 112.174 432.610 112.174 432.610 204.259 397.182 204.259
397.927 111.360 433.198 111.360 433.198 203.727 397.927 203.727
399.877 110.613 434.981 110.613 434.981 202.988 399.877 202.988
401.082 111.769 436.038 111.769 436.038 204.570 401.082 204.570
401.486 112.914 436.269 112.914 436.269 206.609 401.486 206.609
402.037 113.642 436.719 113.642 436.719 207.665 402.037 207.665
402.801 112.688 437.328 112.688 437.328 207.046 402.801 207.046
403.642 114.082 437.982 114.082 437.982 208.941 403.642 208.941
404.406 112.756 438.932 112.756 438.932 207.735 404.406 207.735
405.833 113.128 440.488 113.128 440.488 207.908 405.833 207.908
406.188 112.988 441.004 112.988 441.004 207.773 406.188 207.773
407.562 109.646 442.401 109.646 442.401 204.144 407.562 204.144
408.842 111.039 443.500 111.039 443.500 205.551 408.842 205.551
410.203 112.167 445.048 112.167 445.048 206.612 410.203 206.612
410.570 111.826 445.297 111.826 445.297 206.630 410.570 206.630
411.490 111.425 446.105 111.425 446.105 206.738 411.490 206.738
412.404 113.119 447.180 113.119 447.180 208.934 412.404 208.934
413.901 112.329 448.657 112.329 448.657 208.041 413.901 208.041
415.004 111.593 450.145 111.593 450.145 206.711 415.004 206.711
416.455 113.253 451.553 113.253 451.553 208.552 416.455 208.552
417.769 113.303 452.924 113.303 452.924 208.946 417.769 208.946
419.541 113.367 454.944 113.367 454.944 209.092 419.541 209.092
421.298 114.040 456.904 114.040 456.904 210.010 421.298 210.010
422.493 113.298 458.188 113.298 458.188 209.426 422.493 209.426
423.673 114.094 459.359 114.094 459.359 210.513 423.673 210.513
425.198 112.864 460.907 112.864 460.907 209.555 425.198 209.555
426.054 113.035 461.874 113.035 461.874 209.509 426.054 209.509
428.278 113.456 464.311 113.456 464.311 210.003 428.278 210.003
429.882 113.434 465.838 113.434 465.838 210.275 429.882 210.275
431.317 110.870 467.335 110.870 467.335 207.596 431.317 207.596
433.295 111.734 469.496 111.734 469.496 207.973 433.295 207.973
434.792 111.971 471.144 111.971 471.144 207.810 434.792 207.810
436.872 112.369 473.556 112.369 473.556 208.011 436.872 208.011
438.324 111.013 475.121 111.013 475.121 206.612 438.324 206.612
440.138 111.513 477.185 111.513 477.185 206.858 440.138 206.858
441.337 111.225 478.404 111.225 478.404 206.187 441.337 206.187
442.388 113.637 479.162 113.637 479.162 208.674 442.388 208.674
443.041 113.294 479.486 113.294 479.486 208.451 443.041 208.451
443.762 113.430 480.029 113.430 480.029 208.692 443.762 208.692
444.524 113.451 480.639 113.451 480.639 209.080 444.524 209.080
445.231 114.581 481.284 114.581 481.284 209.991 445.231 209.991
446.204 113.801 482.117 113.801 482.117 208.999 446.204 208.999
447.786 115.390 483.823 115.390 483.823 209.789 447.786 209.789
449.187 116.044 485.283 116.044 485.283 209.479 449.187 209.479
450.750 114.124 486.798 114.124 486.798 207.263 450.750 207.263
451.561 116.224 487.702 116.224 487.702 208.389 451.561 208.389
452.796 115.966 488.925 115.966 488.925 207.496 452.796 207.496
454.360 115.819 490.612 115.819 490.612 206.238 454.360 206.238
456.211 115.738 492.439 115.738 492.439 205.307 456.211 205.307
457.921 114.427 494.301 114.427 494.301 202.778 457.921 202.778
460.545 113.437 496.946 113.437 496.946 200.616 460.545 200.616
462.140 112.434 498.418 112.434 498.418 198.284 462.140 198.284
464.639 112.340 500.771 112.340 500.771 196.977 464.639 196.977
467.107 111.947 503.123 111.947 503.123 195.933 467.107 195.933
468.064 111.530 503.869 111.530 503.869 194.581 468.064 194.581
469.402 111.924 505.085 111.924 505.085 193.671 469.402 193.671
470.835 111.353 506.554 111.353 506.554 191.932 470.835 191.932
471.971 111.980 507.650 111.980 507.650 191.070 471.971 191.070
472.988 113.210 508.518 113.210 508.518 191.289 472.988 191.289
473.694 113.355 508.995 113.355 508.995 190.344 473.694 190.344
474.986 112.086 510.203 112.086 510.203 187.685 474.986 187.685
476.039 113.312 510.990 113.312 510.990 187.609 476.039 187.609
477.812 114.487 512.270 114.487 512.270 188.170 477.812 188.170
478.462 115.782 512.476 115.782 512.476 188.899 478.462 188.899
480.405 115.447 513.926 115.447 513.926 188.312 480.405 188.312
480.967 115.117 514.301 115.117 514.301 187.343 480.967 187.343
482.219 114.260 515.240 114.260 515.240 185.907 482.219 185.907
483.552 115.612 516.464 115.612 516.464 186.484 483.552 186.484
484.206 115.100 516.988 115.100 516.988 185.264 484.206 185.264
484.205 115.888 516.786 115.888 516.786 185.598 484.205 185.598
485.823 116.493 518.085 116.493 518.085 185.720 485.823 185.720
487.466 116.141 519.527 116.141 519.527 185.123 487.466 185.123
488.813 116.186 520.660 116.186 520.660 184.890 488.813 184.890
490.815 117.116 522.569 117.116 522.569 185.585 490.815 185.585
491.618 117.628 523.253 117.628 523.253 185.932 491.618 185.932
492.901 117.866 524.516 117.866 524.516 186.215 492.901 186.215
493.992 117.057 525.651 117.057 525.651 185.664 493.992 185.664
493.525 115.121 525.232 115.121 525.232 183.951 493.525 183.951
454.664 115.076 486.487 115.076 486.487 183.631 454.664 183.631
440.120 116.066 471.656 116.066 471.656 184.809 440.120 184.809
408.314 115.728 439.380 115.728 439.380 185.362 408.314 185.362
370.390 114.600 401.218 114.600 401.218 184.300 370.390 184.300
336.892 119.909 367.713 119.909 367.713 189.522 336.892 189.522
317.440 119.155 348.340 119.155 348.340 188.735 317.440 188.735
290.931 118.908 321.124 118.908 321.124 189.473 290.931 189.473
262.504 119.795 293.179 119.795 293.179 189.580 262.504 189.580
258.062 121.816 289.765 121.816 289.765 190.321 258.062 190.321
255.738 123.719 288.346 123.719 288.346 191.384 255.738 191.384
253.836 123.435 287.011 123.435 287.011 190.372 253.836 190.372
251.816 121.760 285.055 121.760 285.055 188.805 251.816 188.805
249.823 122.909 283.176 122.909 283.176 189.618 249.823 189.618
248.316 123.209 281.578 123.209 281.578 190.138 248.316 190.138
246.425 122.667 279.514 122.667 279.514 189.609 246.425 189.609
244.766 123.769 277.590 123.769 277.590 190.832 244.766 190.832
243.834 123.227 276.504 123.227 276.504 190.493 243.834 190.493
242.888 122.657 275.461 122.657 275.461 190.103 242.888 190.103
241.310 122.315 273.816 122.315 273.816 189.994 241.310 189.994
239.974 121.783 272.414 121.783 272.414 189.728 239.974 189.728
238.424 122.733 270.774 122.733 270.774 190.939 238.424 190.939
237.766 123.692 270.134 123.692 270.134 191.910 237.766 191.910
237.309 121.964 269.741 121.964 269.741 189.885 237.309 189.885
236.065 122.028 268.176 122.028 268.176 190.039 236.065 190.039
234.402 122.471 266.510 122.471 266.510 190.251 234.402 190.251
232.899 121.310 264.955 121.310 264.955 188.915 232.899 188.915
231.509 123.134 263.411 123.134 263.411 190.687 231.509 190.687
230.246 122.572 262.124 122.572 262.124 189.886 230.246 189.886
229.061 122.542 260.963 122.542 260.963 189.751 229.061 189.751
229.887 121.106 260.942 121.106 260.942 189.437 229.887 189.437
274.046 116.096 304.881 116.096 304.881 184.654 274.046 184.654
290.792 119.030 321.259 119.030 321.259 188.664 290.792 188.664
293.886 123.699 324.472 123.699 324.472 193.966 293.886 193.966
293.815 121.855 324.375 121.855 324.375 192.835 293.815 192.835
292.954 120.473 323.645 120.473 323.645 191.898 292.954 191.898
291.929 120.960 322.586 120.960 322.586 193.170 291.929 193.170
290.518 119.787 321.116 119.787 321.116 192.891 290.518 192.891
290.220 121.473 320.922 121.473 320.922 195.071 290.220 195.071
289.010 121.135 319.731 121.135 319.731 195.581 289.010 195.581
291.016 117.818 321.686 117.818 321.686 192.991 291.016 192.991
325.153 117.189 355.936 117.189 355.936 192.990 325.153 192.990
346.861 117.752 377.668 117.752 377.668 194.743 346.861 194.743
351.236 120.323 382.088 120.323 382.088 198.632 351.236 198.632
353.000 120.627 383.850 120.627 383.850 200.362 353.000 200.362
352.150 117.533 383.335 117.533 383.335 198.780 352.150 198.780
350.802 120.085 382.483 120.085 382.483 202.369 350.802 202.369
349.567 118.098 381.623 118.098 381.623 201.399 349.567 201.399
348.559 118.561 380.875 118.561 380.875 202.667 348.559 202.667
346.911 119.340 379.579 119.340 379.579 204.247 346.911 204.247
346.062 118.810 379.119 118.810 379.119 204.147 346.062 204.147
344.289 118.697 377.713 118.697 377.713 204.645 344.289 204.645
341.766 118.617 375.974 118.617 375.974 204.765 341.766 204.765
339.832 119.539 374.562 119.539 374.562 206.245 339.832 206.245
336.690 119.080 371.747 119.080 371.747 206.352 336.690 206.352
334.101 119.699 369.553 119.699 369.553 207.816 334.101 207.816
331.429 119.579 367.105 119.579 367.105 208.812 331.429 208.812
329.362 119.563 365.027 119.563 365.027 209.734 329.362 209.734
327.449 116.884 362.878 116.884 362.878 208.209 327.449 208.209
325.799 117.949 361.042 117.949 361.042 209.805 325.799 209.805
324.467 116.717 359.760 116.717 359.760 208.697 324.467 208.697
323.644 118.583 358.944 118.583 358.944 211.269 323.644 211.269
322.152 116.031 357.477 116.031 357.477 208.992 322.152 208.992
321.143 118.387 356.355 118.387 356.355 211.884 321.143 211.884
319.249 115.519 354.642 115.519 354.642 208.828 319.249 208.828
318.890 117.982 354.270 117.982 354.270 211.543 318.890 211.543
317.596 116.354 352.942 116.354 352.942 209.902 317.596 209.902
316.637 116.698 351.987 116.698 351.987 209.883 316.637 209.883
314.901 115.262 350.224 115.262 350.224 208.191 314.901 208.191
313.917 114.571 349.071 114.571 349.071 207.261 313.917 207.261
312.749 114.867 347.765 114.867 347.765 206.871 312.749 206.871
311.225 115.892 346.100 115.892 346.100 207.231 311.225 207.231
309.022 117.107 343.886 117.107 343.886 208.289 309.022 208.289
307.621 113.856 342.410 113.856 342.410 204.903 307.621 204.903
304.778 116.153 339.479 116.153 339.479 207.139 304.778 207.139
299.769 119.403 334.757 119.403 334.757 210.335 299.769 210.335
294.965 117.191 330.631 117.191 330.631 207.224 294.965 207.224
291.861 118.495 327.758 118.495 327.758 207.998 291.861 207.998
289.403 118.046 325.372 118.046 325.372 207.052 289.403 207.052
286.027 117.866 321.705 117.866 321.705 207.010 286.027 207.010
283.547 117.800 318.952 117.800 318.952 206.941 283.547 206.941
280.915 119.099 316.000 119.099 316.000 208.288 280.915 208.288
278.353 119.237 313.456 119.237 313.456 208.334 278.353 208.334
276.803 118.811 311.628 118.811 311.628 207.957 276.803 207.957
275.062 119.868 309.657 119.868 309.657 209.037 275.062 209.037
271.927 116.596 306.424 116.596 306.424 205.315 271.927 205.315
270.526 118.145 304.883 118.145 304.883 206.278 270.526 206.278
267.874 118.478 302.155 118.478 302.155 206.266 267.874 206.266
265.026 119.234 299.395 119.234 299.395 207.051 265.026 207.051
262.065 118.981 296.281 118.981 296.281 207.327 262.065 207.327
258.078 120.942 292.417 120.942 292.417 209.192 258.078 209.192
255.075 119.740 289.621 119.740 289.621 208.551 255.075 208.551
252.112 115.868 286.893 115.868 286.893 205.395 252.112 205.395
248.615 118.348 283.367 118.348 283.367 208.480 248.615 208.480
245.970 115.327 280.302 115.327 280.302 206.324 245.970 206.324
242.756 115.567 276.492 115.567 276.492 207.433 242.756 207.433
240.990 116.650 274.220 116.650 274.220 209.183 240.990 209.183
239.423 115.047 272.255 115.047 272.255 207.676 239.423 207.676
236.929 116.215 269.649 116.215 269.649 208.742 236.929 208.742
234.147 114.850 267.033 114.850 267.033 206.426 234.147 206.426
231.849 115.643 264.592 115.643 264.592 206.980 231.849 206.980
230.167 117.746 262.817 117.746 262.817 208.732 230.167 208.732
227.408 118.476 260.114 118.476 260.114 209.425 227.408 209.425
222.325 119.605 255.543 119.605 255.543 209.838 222.325 209.838
218.094 118.783 251.821 118.783 251.821 208.810 218.094 208.810
214.203 120.247 248.201 120.247 248.201 209.792 214.203 209.792
210.414 120.230 244.515 120.230 244.515 209.794 210.414 209.794
208.664 119.698 242.922 119.698 242.922 209.317 208.664 209.317
205.716 120.681 240.041 120.681 240.041 210.298 205.716 210.298
203.501 119.771 237.766 119.771 237.766 209.635 203.501 209.635
201.501 118.685 235.952 118.685 235.952 208.443 201.501 208.443
199.556 116.107 234.279 116.107 234.279 204.860 199.556 204.860
197.373 119.598 231.953 119.598 231.953 208.193 197.373 208.193
194.802 118.677 229.115 118.677 229.115 207.447 194.802 207.447
191.599 121.729 225.968 121.729 225.968 210.492 191.599 210.492
188.099 118.197 222.538 118.197 222.538 206.966 188.099 206.966
183.846 119.452 218.132 119.452 218.132 208.458 183.846 208.458
182.140 119.180 215.893 119.180 215.893 209.125 182.140 209.125
180.262 118.201 213.575 118.201 213.575 208.229 180.262 208.229
179.323 117.787 212.026 117.787 212.026 208.184 179.323 208.184
179.101 119.076 211.692 119.076 211.692 209.076 179.101 209.076
172.188 121.441 204.336 121.441 204.336 211.114 172.188 211.114
178.901 115.873 211.067 115.873 211.067 204.628 178.901 204.628
178.045 116.824 209.907 116.824 209.907 205.324 178.045 205.324
177.539 116.839 209.345 116.839 209.345 204.852 177.539 204.852
170.190 121.703 201.783 121.703 201.783 209.885 170.190 209.885
169.528 121.974 201.085 121.974 201.085 210.135 169.528 210.135
162.706 120.711 194.129 120.711 194.129 209.079 162.706 209.079
162.630 119.248 193.974 119.248 193.974 207.721 162.630 207.721
163.317 118.504 194.516 118.504 194.516 207.335 163.317 207.335
163.783 122.847 194.923 122.847 194.923 211.703 163.783 211.703
164.141 125.536 195.226 125.536 195.226 214.381 164.141 214.381
164.193 123.644 195.197 123.644 195.197 212.608 164.193 212.608
164.618 121.369 195.584 121.369 195.584 210.367 164.618 210.367
164.671 120.621 195.595 120.621 195.595 209.692 164.671 209.692
165.010 119.343 195.836 119.343 195.836 208.575 165.010 208.575
165.064 118.627 195.801 118.627 195.801 207.964 165.064 207.964
165.509 123.302 196.204 123.302 196.204 212.674 165.509 212.674
165.502 115.844 196.143 115.844 196.143 205.346 165.502 205.346
164.658 115.305 195.298 115.305 195.298 204.812 164.658 204.812
164.070 121.454 194.711 121.454 194.711 210.955 164.070 210.955
163.852 121.621 194.487 121.621 194.487 211.123 163.852 211.123
163.805 121.093 194.429 121.093 194.429 210.631 163.805 210.631
164.279 120.549 194.866 120.549 194.866 210.155 164.279 210.155
164.449 119.643 194.988 119.643 194.988 209.339 164.449 209.339
164.404 119.165 194.867 119.165 194.867 209.036 164.404 209.036
164.647 119.696 195.087 119.696 195.087 209.617 164.647 209.617
165.146 119.176 195.555 119.176 195.555 209.153 165.146 209.153
164.989 119.056 195.354 119.056 195.354 209.121 164.989 209.121
165.733 125.326 196.135 125.326 196.135 215.213 165.733 215.213
172.980 116.214 203.279 116.214 203.279 205.920 172.980 205.920
179.441 117.568 209.535 117.568 209.535 207.148 179.441 207.148
178.748 115.422 208.838 115.422 208.838 204.916 178.748 204.916
179.355 116.139 209.782 116.139 209.782 204.539 179.355 204.539
179.907 118.153 210.465 118.153 210.465 205.645 179.907 205.645
181.945 117.757 212.658 117.757 212.658 204.664 181.945 204.664
183.741 119.182 214.779 119.182 214.779 206.213 183.741 206.213
186.210 119.128 217.836 119.128 217.836 205.698 186.210 205.698
188.325 119.277 220.414 119.277 220.414 205.561 188.325 205.561
191.588 120.803 224.010 120.803 224.010 206.955 191.588 206.955
194.179 119.608 226.675 119.608 226.675 205.904 194.179 205.904
196.950 121.610 229.570 121.610 229.570 207.921 196.950 207.921
205.107 120.048 237.766 120.048 237.766 206.499 205.107 206.499
206.905 120.002 239.785 120.002 239.785 205.981 206.905 205.981
208.970 120.075 241.820 120.075 241.820 205.905 208.970 205.905
210.810 120.146 243.688 120.146 243.688 205.616 210.810 205.616
213.323 121.393 246.354 121.393 246.354 206.914 213.323 206.914
215.483 119.386 248.502 119.386 248.502 205.018 215.483 205.018
218.030 121.523 251.106 121.523 251.106 207.491 218.030 207.491
221.048 118.267 254.051 118.267 254.051 204.015 221.048 204.015
224.044 118.402 257.018 118.402 257.018 204.570 224.044 204.570
226.112 118.692 259.067 118.692 259.067 205.243 226.112 205.243
229.165 118.098 261.898 118.098 261.898 205.191 229.165 205.191
232.629 119.233 264.935 119.233 264.935 206.911 232.629 206.911
236.263 116.685 268.175 116.685 268.175 205.088 236.263 205.088
239.746 115.271 271.487 115.271 271.487 204.391 239.746 204.391
243.401 113.743 274.953 113.743 274.953 202.890 243.401 202.890
245.603 113.963 277.079 113.963 277.079 203.510 245.603 203.510
247.247 114.022 278.806 114.022 278.806 203.937 247.247 203.937
249.596 117.058 281.228 117.058 281.228 207.336 249.596 207.336
251.236 117.050 282.954 117.050 282.954 207.324 251.236 207.324
253.206 116.294 285.228 116.294 285.228 206.748 253.206 206.748
254.778 116.547 287.058 116.547 287.058 206.603 254.778 206.603
257.145 117.431 289.533 117.431 289.533 207.809 257.145 207.809
259.542 119.246 292.335 119.246 292.335 209.275 259.542 209.275
262.025 117.135 295.425 117.135 295.425 206.614 262.025 206.614
265.535 117.822 299.448 117.822 299.448 207.402 265.535 207.402
268.055 117.886 302.235 117.886 302.235 207.442 268.055 207.442
271.558 118.050 305.668 118.050 305.668 207.961 271.558 207.961
273.498 117.215 307.478 117.215 307.478 207.680 273.498 207.680
276.136 117.305 310.138 117.305 310.138 207.636 276.136 207.636
279.589 117.194 313.549 117.194 313.549 207.628 279.589 207.628
282.036 118.341 316.054 118.341 316.054 208.412 282.036 208.412
284.750 117.374 318.642 117.374 318.642 207.592 284.750 207.592
286.376 116.815 320.327 116.815 320.327 206.824 286.376 206.824
288.821 117.757 322.704 117.757 322.704 207.807 288.821 207.807
291.460 116.997 325.355 116.997 325.355 207.181 291.460 207.181
294.830 119.604 328.715 119.604 328.715 209.917 294.830 209.917
297.173 116.855 331.290 116.855 331.290 207.146 297.173 207.146
300.220 116.604 334.659 116.604 334.659 206.442 300.220 206.442
303.683 116.284 338.237 116.284 338.237 206.373 303.683 206.373
306.680 116.984 341.262 116.984 341.262 207.184 306.680 207.184
309.226 115.712 343.753 115.712 343.753 206.285 309.226 206.285
311.672 115.941 345.850 115.941 345.850 207.076 311.672 207.076
313.353 116.517 347.372 116.517 347.372 208.241 313.353 208.241
315.756 116.417 349.545 116.417 349.545 208.487 315.756 208.487
318.009 117.684 351.839 117.684 351.839 209.849 318.009 209.849
319.374 115.309 353.279 115.309 353.279 207.679 319.374 207.679
321.829 118.335 355.809 118.335 355.809 211.062 321.829 211.062
323.315 117.025 357.318 117.025 357.318 210.342 323.315 210.342
324.997 117.292 359.035 117.292 359.035 211.142 324.997 211.142
326.728 115.847 360.900 115.847 360.900 210.109 326.728 210.109
328.547 116.987 363.015 116.987 363.015 211.479 328.547 211.479
331.208 116.872 366.083 116.872 366.083 211.400 331.208 211.400
338.129 114.624 373.452 114.624 373.452 209.427 338.129 209.427
340.112 113.959 376.004 113.959 376.004 208.844 340.112 208.844
342.123 115.819 378.518 115.819 378.518 210.361 342.123 210.361
344.151 113.018 380.493 113.018 380.493 207.623 344.151 207.623
346.233 113.901 382.668 113.901 382.668 208.530 346.233 208.530
347.368 115.230 383.666 115.230 383.666 209.878 347.368 209.878
347.854 114.823 384.144 114.823 384.144 209.180 347.854 209.180
348.759 114.431 384.962 114.431 384.962 208.713 348.759 208.713
349.177 114.363 385.317 114.363 385.317 208.325 349.177 208.325
349.602 115.151 385.680 115.151 385.680 208.860 349.602 208.860
350.353 113.781 386.578 113.781 386.578 207.162 350.353 207.162
351.398 114.438 387.595 114.438 387.595 207.525 351.398 207.525
352.505 114.010 389.058 114.010 389.058 206.370 352.505 206.370
354.786 115.637 391.507 115.637 391.507 207.479 354.786 207.479
356.500 116.400 393.512 116.400 393.512 207.604 356.500 207.604
357.914 116.283 395.354 116.283 395.354 206.623 357.914 206.623
359.667 118.052 397.416 118.052 397.416 207.796 359.667 207.796
359.728 116.331 398.013 116.331 398.013 205.126 359.728 205.126
359.024 117.537 397.642 117.537 397.642 205.488 359.024 205.488
358.279 116.912 396.859 116.912 396.859 204.589 358.279 204.589
357.230 117.686 395.608 117.686 395.608 205.857 357.230 205.857
353.792 115.993 391.858 115.993 391.858 204.906 353.792 204.906
350.909 117.173 388.707 117.173 388.707 206.560 350.909 206.560
349.104 115.649 386.655 115.649 386.655 205.330 349.104 205.330
347.256 115.791 384.674 115.791 384.674 205.619 347.256 205.619
345.386 115.920 382.603 115.920 382.603 206.036 345.386 206.036
344.189 115.540 381.350 115.540 381.350 206.022 344.189 206.022
341.692 116.017 378.880 116.017 378.880 206.507 341.692 206.507
338.914 116.596 376.365 116.596 376.365 207.015 338.914 207.015
335.932 118.673 373.579 118.673 373.579 209.526 335.932 209.526
328.383 115.325 365.473 115.325 365.473 207.114 328.383 207.114
326.128 116.195 362.998 116.195 362.998 208.773 326.128 208.773
324.522 117.713 361.389 117.713 361.389 210.571 324.522 210.571
321.930 116.105 358.605 116.105 358.605 209.956 321.930 209.956
320.609 117.284 357.263 117.284 357.263 211.268 320.609 211.268
317.823 112.966 354.377 112.966 354.377 206.823 317.823 206.823
315.031 114.628 351.603 114.628 351.603 208.445 315.031 208.445
310.656 115.118 347.214 115.118 347.214 208.458 310.656 208.458
307.318 115.207 343.821 115.207 343.821 208.689 307.318 208.689
302.145 115.271 338.834 115.271 338.834 208.872 302.145 208.872
297.263 116.982 334.127 116.982 334.127 210.783 297.263 210.783
293.706 115.731 330.974 115.731 330.974 208.988 293.706 208.988
291.902 116.608 329.104 116.608 329.104 209.926 291.902 209.926
289.466 116.441 326.636 116.441 326.636 209.959 289.466 209.959
288.967 115.955 325.859 115.955 325.859 209.306 288.967 209.306
287.023 118.087 323.680 118.087 323.680 210.524 287.023 210.524
286.646 115.159 323.008 115.159 323.008 207.330 286.646 207.330
284.015 120.064 320.249 120.064 320.249 212.024 284.015 212.024
282.558 115.413 318.632 115.413 318.632 207.031 282.558 207.031
280.083 118.599 316.017 118.599 316.017 209.986 280.083 209.986
278.070 116.336 313.901 116.336 313.901 207.418 278.070 207.418
275.084 115.975 310.784 115.975 310.784 206.586 275.084 206.586
273.144 117.922 308.767 117.922 308.767 208.236 273.144 208.236
270.440 118.605 305.926 118.605 305.926 208.587 270.440 208.587
267.483 118.877 303.017 118.877 303.017 208.366 267.483 208.366
263.925 118.471 299.353 118.471 299.353 207.978 263.925 207.978
260.346 120.010 295.778 120.010 295.778 209.452 260.346 209.452
257.153 117.178 292.691 117.178 292.691 206.786 257.153 206.786
252.293 119.565 288.001 119.565 288.001 209.538 252.293 209.538
249.478 116.775 284.688 116.775 284.688 207.488 249.478 207.488
247.921 116.605 282.759 116.605 282.759 208.133 247.921 208.133
245.524 115.871 280.125 115.871 280.125 207.723 245.524 207.723
245.875 117.290 280.063 117.290 280.063 210.014 245.875 210.014
244.134 116.926 278.078 116.926 278.078 209.837 244.134 209.837
243.458 114.504 277.137 114.504 277.137 207.272 243.458 207.272
241.117 114.241 274.334 114.241 274.334 207.091 241.117 207.091
239.367 112.073 272.319 112.073 272.319 204.522 239.367 204.522
237.686 115.318 270.471 115.318 270.471 207.968 237.686 207.968
235.502 115.025 268.180 115.025 268.180 207.633 235.502 207.633
233.791 117.548 266.370 117.548 266.370 209.758 233.791 209.758
231.616 117.066 264.209 117.066 264.209 208.794 231.616 208.794
229.668 117.672 262.307 117.672 262.307 209.176 229.668 209.176
228.179 118.083 260.948 118.083 260.948 209.058 228.179 209.058
224.646 118.214 258.202 118.214 258.202 208.254 224.646 208.254
221.656 119.112 255.785 119.112 255.785 208.638 221.656 208.638
220.014 119.906 254.500 119.906 254.500 208.847 220.014 208.847
217.773 119.855 252.474 119.855 252.474 209.062 217.773 209.062
215.475 120.076 250.240 120.076 250.240 209.152 215.475 209.152
212.997 117.650 247.675 117.650 247.675 206.471 212.997 206.471
212.134 120.782 246.846 120.782 246.846 209.517 212.134 209.517
210.247 119.156 244.964 119.156 244.964 207.777 210.247 207.777
209.046 121.599 243.831 121.599 243.831 210.166 209.046 210.166
207.374 121.215 242.117 121.215 242.117 210.181 207.374 210.181
205.826 117.941 240.528 117.941 240.528 207.588 205.826 207.588
204.949 119.189 239.738 119.189 239.738 208.783 204.949 208.783
204.087 116.629 238.858 116.629 238.858 205.990 204.087 205.990
202.804 117.093 237.784 117.093 237.784 206.031 202.804 206.031
201.962 116.326 237.086 116.326 237.086 205.078 201.962 205.078
200.547 117.182 235.756 117.182 235.756 206.059 200.547 206.059
198.762 118.019 233.763 118.019 233.763 207.572 198.762 207.572
196.644 118.545 231.719 118.545 231.719 208.162 196.644 208.162
195.458 116.872 230.548 116.872 230.548 206.628 195.458 206.628
193.262 117.923 228.369 117.923 228.369 207.710 193.262 207.710
191.667 119.043 226.834 119.043 226.834 208.664 191.667 208.664
190.071 117.016 225.419 117.016 225.419 206.681 190.071 206.681
