333.000 90.000 363.000 90.000 363.000 120.000 333.000 120.000
332.554 91.676 362.756 91.676 362.756 121.053 332.554 121.053
333.687 91.235 363.579 91.235 363.579 120.264 333.687 120.264
334.731 91.370 364.462 91.370 364.462 120.116 334.731 120.116
334.889 92.157 364.241 92.157 364.241 120.821 334.889 120.821
335.401 91.973 364.475 91.973 364.475 120.299 335.401 120.299
335.877 92.113 364.602 92.113 364.602 120.252 335.877 120.252
336.325 91.802 364.701 91.802 364.701 119.766 336.325 119.766
337.015 91.862 365.081 91.862 365.081 119.624 337.015 119.624
337.968 92.521 365.546 92.521 365.546 120.292 337.968 120.292
338.189 92.866 365.451 92.866 365.451 120.446 338.189 120.446
340.356 91.919 367.386 91.919 367.386 119.595 340.356 119.595
340.099 92.289 366.795 92.289 366.795 119.915 340.099 119.915
340.684 91.733 367.345 91.733 367.345 119.149 340.684 119.149
341.908 91.573 368.205 91.573 368.205 118.864 341.908 118.864
342.674 92.582 368.950 92.582 368.950 119.485 342.674 119.485
342.639 91.971 368.717 91.971 368.717 118.760 342.639 118.760
343.617 92.101 369.519 92.101 369.519 118.705 343.617 118.705
343.601 92.048 369.559 92.048 369.559 118.287 343.601 118.287
344.562 92.222 370.339 92.222 370.339 118.465 344.562 118.465
345.403 91.677 370.939 91.677 370.939 117.872 345.403 117.872
346.205 92.123 371.393 92.123 371.393 118.239 346.205 118.239
346.472 92.393 371.516 92.393 371.516 118.366 346.472 118.366
346.925 92.010 371.772 92.010 371.772 117.815 346.925 117.815
347.234 91.842 371.924 91.842 371.924 117.546 347.234 117.546
347.504 91.654 372.047 91.654 372.047 117.127 347.504 117.127
347.770 91.119 372.029 91.119 372.029 116.607 347.770 116.607
347.822 91.311 371.804 91.311 371.804 116.924 347.822 116.924
348.113 90.975 371.853 90.975 371.853 116.648 348.113 116.648
348.525 91.436 372.275 91.436 372.275 116.966 348.525 116.966
348.682 91.211 372.217 91.211 372.217 116.720 348.682 116.720
348.668 91.489 372.074 91.489 372.074 116.888 348.668 116.888
349.457 91.701 372.603 91.701 372.603 117.107 349.457 117.107
349.941 90.905 372.923 90.905 372.923 116.262 349.941 116.262
349.745 90.744 372.569 90.744 372.569 116.092 349.745 116.092
348.999 90.588 371.736 90.588 371.736 115.827 348.999 115.827
349.763 91.244 372.435 91.244 372.435 116.080 349.763 116.080
350.145 90.682 372.600 90.682 372.600 115.530 350.145 115.530
349.779 90.298 372.262 90.298 372.262 115.074 349.779 115.074
350.338 90.697 372.564 90.697 372.564 115.568 350.338 115.568
349.881 91.414 372.248 91.414 372.248 116.009 349.881 116.009
349.928 90.602 372.064 90.602 372.064 115.305 349.928 115.305
350.014 89.236 372.084 89.236 372.084 114.153 350.014 114.153
350.332 88.907 372.238 88.907 372.238 113.807 350.332 113.807
350.129 89.395 372.013 89.395 372.013 114.353 350.129 114.353
351.033 89.632 372.898 89.632 372.898 114.495 351.033 114.495
350.611 89.934 372.595 89.934 372.595 114.720 350.611 114.720
350.498 90.196 372.570 90.196 372.570 115.053 350.498 115.053
350.350 89.124 372.173 89.124 372.173 114.319 350.350 114.319
350.461 88.644 372.095 88.644 372.095 114.020 350.461 114.020
350.709 88.948 372.401 88.948 372.401 114.213 350.709 114.213
350.714 89.862 372.533 89.862 372.533 114.980 350.714 114.980
350.269 90.594 372.170 90.594 372.170 115.621 350.269 115.621
350.153 90.686 372.157 90.686 372.157 115.672 350.153 115.672
349.817 91.013 371.912 91.013 371.912 115.800 349.817 115.800
349.710 91.741 371.840 91.741 371.840 116.496 349.710 116.496
349.482 91.140 371.502 91.140 371.502 115.929 349.482 115.929
349.487 91.107 371.514 91.107 371.514 115.912 349.487 115.912
349.507 90.669 371.409 90.669 371.409 115.518 349.507 115.518
349.394 91.057 371.512 91.057 371.512 115.752 349.394 115.752
349.338 90.689 371.366 90.689 371.366 115.434 349.338 115.434
349.022 90.801 371.063 90.801 371.063 115.565 349.022 115.565
348.836 90.521 370.837 90.521 370.837 115.337 348.836 115.337
348.609 91.345 370.743 91.345 370.743 116.096 348.609 116.096
348.561 91.108 370.875 91.108 370.875 115.641 348.561 115.641
348.688 91.475 370.875 91.475 370.875 116.070 348.688 116.070
348.396 90.526 370.614 90.526 370.614 115.138 348.396 115.138
348.352 90.818 370.787 90.818 370.787 115.218 348.352 115.218
348.070 90.883 370.714 90.883 370.714 115.193 348.070 115.193
348.536 91.160 371.237 91.160 371.237 115.267 348.536 115.267
348.427 91.759 371.280 91.759 371.280 115.683 348.427 115.683
348.628 91.244 371.519 91.244 371.519 115.188 348.628 115.188
348.447 91.354 371.356 91.354 371.356 115.332 348.447 115.332
348.505 91.137 371.319 91.137 371.319 115.226 348.505 115.226
347.791 91.320 370.750 91.320 370.750 115.256 347.791 115.256
347.816 91.112 370.748 91.112 370.748 115.102 347.816 115.102
347.839 91.060 370.805 91.060 370.805 115.028 347.839 115.028
347.803 90.889 370.700 90.889 370.700 114.938 347.803 114.938
347.990 90.634 370.839 90.634 370.839 114.796 347.990 114.796
347.362 90.651 370.290 90.651 370.290 114.667 347.362 114.667
346.933 90.259 369.983 90.259 369.983 114.186 346.933 114.186
346.683 89.975 369.528 89.975 369.528 113.998 346.683 113.998
347.058 89.937 369.916 89.937 369.916 113.857 347.058 113.857
346.624 89.431 369.391 89.431 369.391 113.418 346.624 113.418
346.980 89.103 369.719 89.103 369.719 112.950 346.980 112.950
346.667 89.143 369.464 89.143 369.464 113.028 346.667 113.028
346.815 89.762 369.628 89.762 369.628 113.615 346.815 113.615
346.405 90.204 369.218 90.204 369.218 113.985 346.405 113.985
346.439 89.801 369.328 89.801 369.328 113.608 346.439 113.608
345.870 89.181 368.688 89.181 368.688 113.041 345.870 113.041
345.679 89.431 368.497 89.431 368.497 113.378 345.679 113.378
345.634 88.409 368.147 88.409 368.147 112.476 345.634 112.476
345.604 88.599 368.138 88.599 368.138 112.578 345.604 112.578
345.890 88.136 368.281 88.136 368.281 112.213 345.890 112.213
345.399 88.029 367.780 88.029 367.780 112.137 345.399 112.137
345.021 88.117 367.412 88.117 367.412 112.315 345.021 112.315
344.887 88.193 367.288 88.193 367.288 112.276 344.887 112.276
344.185 87.714 366.611 87.714 366.611 111.857 344.185 111.857
343.560 87.850 366.105 87.850 366.105 111.838 343.560 111.838
343.954 88.023 366.555 88.023 366.555 111.983 343.954 111.983
343.468 87.384 366.048 87.384 366.048 111.351 343.468 111.351
343.703 87.389 366.288 87.389 366.288 111.406 343.703 111.406
343.464 87.435 365.963 87.435 365.963 111.496 343.464 111.496
343.339 87.601 365.880 87.601 365.880 111.632 343.339 111.632
342.803 88.070 365.502 88.070 365.502 112.042 342.803 112.042
342.873 87.785 365.653 87.785 365.653 111.816 342.873 111.816
342.530 87.461 365.399 87.461 365.399 111.394 342.530 111.394
342.219 87.515 365.224 87.515 365.224 111.402 342.219 111.402
341.530 87.357 364.543 87.357 364.543 111.185 341.530 111.185
341.687 87.023 364.765 87.023 364.765 110.779 341.687 110.779
341.941 86.769 365.084 86.769 365.084 110.509 341.941 110.509
341.452 87.289 364.580 87.289 364.580 111.107 341.452 111.107
341.023 87.245 364.160 87.245 364.160 110.956 341.023 110.956
340.669 87.509 363.645 87.509 363.645 111.312 340.669 111.312
341.012 86.899 363.944 86.899 363.944 110.696 341.012 110.696
340.717 86.127 363.448 86.127 363.448 109.947 340.717 109.947
340.704 86.158 363.495 86.158 363.495 110.058 340.704 110.058
340.237 86.614 363.017 86.614 363.017 110.536 340.237 110.536
340.657 87.082 363.374 87.082 363.374 110.971 340.657 110.971
340.011 87.525 362.867 87.525 362.867 111.314 340.011 111.314
340.127 87.043 362.881 87.043 362.881 110.670 340.127 110.670
339.706 87.487 362.419 87.487 362.419 111.067 339.706 111.067
339.146 86.381 361.688 86.381 361.688 109.860 339.146 109.860
339.370 86.653 361.811 86.653 361.811 110.098 339.370 110.098
338.646 86.844 361.028 86.844 361.028 110.201 338.646 110.201
339.205 86.962 361.493 86.962 361.493 110.216 339.205 110.216
338.513 87.639 360.791 87.639 360.791 110.768 338.513 110.768
338.597 88.892 360.875 88.892 360.875 112.095 338.597 112.095
338.837 90.496 361.027 90.496 361.027 113.785 338.837 113.785
338.811 92.423 360.767 92.423 360.767 115.987 338.811 115.987
338.449 94.337 360.453 94.337 360.453 117.870 338.449 117.870
338.032 97.545 360.153 97.545 360.153 120.972 338.032 120.972
336.969 100.114 359.115 100.114 359.115 123.680 336.969 123.680
337.719 104.342 359.733 104.342 359.733 128.010 337.719 128.010
337.524 106.041 359.484 106.041 359.484 129.787 337.524 129.787
337.372 107.967 359.525 107.967 359.525 131.571 337.372 131.571
337.100 110.536 359.346 110.536 359.346 134.054 337.100 134.054
336.856 113.011 359.250 113.011 359.250 136.405 336.856 136.405
336.624 116.073 359.215 116.073 359.215 139.339 336.624 139.339
336.070 118.323 358.695 118.323 358.695 141.490 336.070 141.490
335.827 120.628 358.515 120.628 358.515 143.785 335.827 143.785
335.774 122.933 358.511 122.933 358.511 145.963 335.774 145.963
335.459 125.713 358.299 125.713 358.299 148.677 335.459 148.677
335.742 128.827 358.367 128.827 358.367 151.898 335.742 151.898
335.961 133.641 358.480 133.641 358.480 156.575 335.961 156.575
335.453 135.490 358.141 135.490 358.141 158.226 335.453 158.226
335.525 137.358 358.137 137.358 358.137 160.236 335.525 160.236
335.535 140.337 358.173 140.337 358.173 163.280 335.535 163.280
335.957 143.580 358.624 143.580 358.624 166.215 335.957 166.215
335.394 144.975 358.020 144.975 358.020 167.678 335.394 167.678
336.231 150.398 358.839 150.398 358.839 173.173 336.231 173.173
336.057 153.063 358.814 153.063 358.814 175.821 336.057 175.821
335.564 154.751 358.245 154.751 358.245 177.473 335.564 177.473
335.496 156.034 357.787 156.034 357.787 178.938 335.496 178.938
335.200 158.696 357.632 158.696 357.632 181.408 335.200 181.408
334.689 161.332 357.228 161.332 357.228 183.805 334.689 183.805
334.748 163.354 357.309 163.354 357.309 185.759 334.748 185.759
334.991 168.724 357.548 168.724 357.548 191.082 334.991 191.082
334.663 171.186 357.043 171.186 357.043 193.529 334.663 193.529
334.228 173.071 356.511 173.071 356.511 195.260 334.228 195.260
333.902 175.321 356.202 175.321 356.202 197.462 333.902 197.462
334.079 177.870 356.254 177.870 356.254 200.073 334.079 200.073
333.166 182.506 355.282 182.506 355.282 204.450 333.166 204.450
333.472 184.926 355.398 184.926 355.398 206.889 333.472 206.889
332.805 187.347 354.471 187.347 354.471 209.429 332.805 209.429
332.215 189.610 353.758 189.610 353.758 211.852 332.215 211.852
332.740 192.551 353.998 192.551 353.998 214.922 332.740 214.922
332.233 194.789 353.316 194.789 353.316 217.076 332.233 217.076
331.838 196.726 353.141 196.726 353.141 218.710 331.838 218.710
332.338 201.354 353.487 201.354 353.487 223.180 332.338 223.180
333.107 202.917 354.033 202.917 354.033 224.935 333.107 224.935
332.891 206.480 353.839 206.480 353.839 228.319 332.891 228.319
332.686 208.021 353.470 208.021 353.470 229.743 332.686 229.743
333.595 212.487 354.228 212.487 354.228 234.293 333.595 234.293
333.391 216.257 353.858 216.257 353.858 238.137 333.391 238.137
333.093 218.074 353.323 218.074 353.323 240.021 333.093 240.021
333.979 219.900 354.083 219.900 354.083 241.721 333.979 241.721
333.392 223.574 353.387 223.574 353.387 245.341 333.392 245.341
332.525 224.788 352.274 224.788 352.274 246.463 332.525 246.463
332.146 226.157 351.787 226.157 351.787 247.832 332.146 247.832
330.976 226.862 350.364 226.862 350.364 248.609 330.976 248.609
330.150 227.486 349.438 227.486 349.438 249.189 330.150 249.189
329.606 227.899 348.947 227.899 348.947 249.350 329.606 249.350
329.896 228.123 349.140 228.123 349.140 249.759 329.896 249.759
329.466 227.909 348.800 227.909 348.800 249.422 329.466 249.422
329.374 228.387 348.769 228.387 348.769 249.877 329.374 249.877
329.356 228.185 349.079 228.185 349.079 249.335 329.356 249.335
329.264 228.956 349.246 228.956 349.246 249.831 329.264 249.831
329.164 229.255 349.411 229.255 349.411 249.860 329.164 249.860
328.942 229.034 349.298 229.034 349.298 249.564 328.942 249.564
329.102 228.544 349.414 228.544 349.414 249.135 329.102 249.135
328.180 229.180 348.492 229.180 348.492 249.690 328.180 249.690
327.910 228.894 348.232 228.894 348.232 249.460 327.910 249.460
327.885 228.236 347.999 228.236 347.999 248.858 327.885 248.858
327.755 228.597 347.616 228.597 347.616 249.360 327.755 249.360
327.556 228.481 347.189 228.481 347.189 249.265 327.556 249.265
327.646 227.976 347.315 227.976 347.315 248.653 327.646 248.653
327.294 228.239 346.976 228.239 346.976 248.905 327.294 248.905
326.818 227.817 346.485 227.817 346.485 248.435 326.818 248.435
326.104 227.487 345.633 227.487 345.633 248.285 326.104 248.285
326.436 227.624 346.118 227.624 346.118 248.220 326.436 248.220
325.733 227.547 345.379 227.547 345.379 248.105 325.733 248.105
325.588 227.935 345.271 227.935 345.271 248.433 325.588 248.433
325.369 227.753 344.993 227.753 344.993 248.259 325.369 248.259
325.151 227.063 344.614 227.063 344.614 247.741 325.151 247.741
324.770 227.381 344.169 227.381 344.169 247.882 324.770 247.882
324.342 227.349 343.815 227.349 343.815 247.630 324.342 247.630
324.473 227.790 343.966 227.790 343.966 248.061 324.473 248.061
323.967 227.879 343.390 227.879 343.390 247.984 323.967 247.984
323.803 227.739 343.316 227.739 343.316 247.673 323.803 247.673
323.365 227.415 342.782 227.415 342.782 247.296 323.365 247.296
323.388 227.695 342.841 227.695 342.841 247.552 323.388 247.552
323.409 226.993 342.953 226.993 342.953 246.635 323.409 246.635
322.773 227.137 342.372 227.137 342.372 246.687 322.773 246.687
322.043 227.367 341.723 227.367 341.723 246.973 322.043 246.973
322.004 227.894 341.725 227.894 341.725 247.475 322.004 247.475
321.665 227.697 341.500 227.697 341.500 247.225 321.665 247.225
321.155 227.584 340.828 227.584 340.828 247.163 321.155 247.163
320.949 227.638 340.635 227.638 340.635 247.159 320.949 247.159
320.690 226.892 340.185 226.892 340.185 246.485 320.690 246.485
320.999 227.343 340.340 227.343 340.340 246.931 320.999 246.931
320.840 226.272 340.084 226.272 340.084 245.946 320.840 245.946
320.465 226.697 339.607 226.697 339.607 246.459 320.465 246.459
319.829 226.886 338.965 226.886 338.965 246.794 319.829 246.794
319.990 227.258 339.156 227.258 339.156 247.118 319.990 247.118
319.960 226.946 339.099 226.946 339.099 246.679 319.960 246.679
319.205 226.344 338.219 226.344 338.219 246.200 319.205 246.200
319.533 226.131 338.633 226.131 338.633 245.951 319.533 245.951
318.519 226.008 337.626 226.008 337.626 245.828 318.519 245.828
318.382 226.340 337.598 226.340 337.598 246.197 318.382 246.197
318.332 226.540 337.437 226.540 337.437 246.430 318.332 246.430
318.744 226.469 337.960 226.469 337.960 246.322 318.744 246.322
317.999 226.058 337.132 226.058 337.132 245.988 317.999 245.988
317.785 226.045 337.141 226.045 337.141 246.051 317.785 246.051
318.204 225.686 337.525 225.686 337.525 245.766 318.204 245.766
316.950 225.316 336.195 225.316 336.195 245.447 316.950 245.447
316.033 225.981 335.346 225.981 335.346 246.042 316.033 246.042
315.913 225.757 335.321 225.757 335.321 245.723 315.913 245.723
316.034 225.338 335.466 225.338 335.466 245.305 316.034 245.305
315.751 225.648 335.308 225.648 335.308 245.643 315.751 245.643
315.685 225.424 335.182 225.424 335.182 245.588 315.685 245.588
315.094 225.347 334.625 225.347 334.625 245.645 315.094 245.645
314.914 224.926 334.480 224.926 334.480 245.136 314.914 245.136
315.023 225.289 334.565 225.289 334.565 245.475 315.023 245.475
314.830 224.444 334.404 224.444 334.404 244.702 314.830 244.702
314.005 224.733 333.721 224.733 333.721 244.972 314.005 244.972
314.270 224.749 334.025 224.749 334.025 244.986 314.270 244.986
313.393 224.546 333.197 224.546 333.197 244.856 313.393 244.856
313.449 225.210 333.368 225.210 333.368 245.336 313.449 245.336
312.675 224.935 332.509 224.935 332.509 245.173 312.675 245.173
312.466 224.670 332.496 224.670 332.496 244.799 312.466 244.799
311.638 224.362 331.622 224.362 331.622 244.527 311.638 244.527
312.124 224.272 332.132 224.272 332.132 244.369 312.124 244.369
311.763 224.397 331.631 224.397 331.631 244.597 311.763 244.597
311.771 224.587 331.433 224.587 331.433 244.927 311.771 244.927
311.047 224.598 330.686 224.598 330.686 245.028 311.047 245.028
310.533 224.428 330.395 224.428 330.395 244.743 310.533 244.743
310.419 224.406 330.228 224.406 330.228 244.843 310.419 244.843
310.132 223.641 330.159 223.641 330.159 244.013 310.132 244.013
309.588 223.414 329.859 223.414 329.859 243.677 309.588 243.677
309.707 223.641 329.998 223.641 329.998 244.142 309.707 244.142
308.831 223.942 329.322 223.942 329.322 244.440 308.831 244.440
308.472 223.570 328.984 223.570 328.984 244.139 308.472 244.139
308.185 223.497 328.807 223.497 328.807 244.097 308.185 244.097
307.787 223.012 328.488 223.012 328.488 243.665 307.787 243.665
307.553 222.709 328.288 222.709 328.288 243.481 307.553 243.481
306.528 222.773 327.369 222.773 327.369 243.494 306.528 243.494
306.158 222.814 327.008 222.814 327.008 243.424 306.158 243.424
306.479 222.751 327.433 222.751 327.433 243.269 306.479 243.269
305.932 222.944 326.937 222.944 326.937 243.340 305.932 243.340
305.598 223.066 326.559 223.066 326.559 243.488 305.598 243.488
305.424 223.548 326.461 223.548 326.461 243.962 305.424 243.962
304.724 223.260 325.675 223.260 325.675 243.514 304.724 243.514
304.824 223.375 325.783 223.375 325.783 243.634 304.824 243.634
304.806 222.636 325.733 222.636 325.733 242.759 304.806 242.759
304.111 222.639 324.938 222.639 324.938 242.718 304.111 242.718
303.706 222.263 324.613 222.263 324.613 242.284 303.706 242.284
303.381 222.438 324.273 222.438 324.273 242.391 303.381 242.391
303.381 222.222 324.185 222.222 324.185 242.212 303.381 242.212
303.236 222.352 323.935 222.352 323.935 242.360 303.236 242.360
302.954 221.907 323.579 221.907 323.579 241.954 302.954 241.954
301.856 221.654 322.494 221.654 322.494 241.641 301.856 241.641
301.806 221.821 322.412 221.821 322.412 241.933 301.806 241.933
301.105 222.258 321.646 222.258 321.646 242.343 301.105 242.343
300.972 222.092 321.414 222.092 321.414 242.195 300.972 242.195
300.700 221.868 321.075 221.868 321.075 241.905 300.700 241.905
300.478 221.745 320.736 221.745 320.736 241.760 300.478 241.760
299.995 222.031 320.236 222.031 320.236 241.989 299.995 241.989
299.934 222.105 320.021 222.105 320.021 242.039 299.934 242.039
299.994 221.726 320.038 221.726 320.038 241.776 299.994 241.776
299.607 221.708 319.448 221.708 319.448 241.829 299.607 241.829
299.798 221.538 319.536 221.538 319.536 241.648 299.798 241.648
299.193 221.464 318.837 221.464 318.837 241.572 299.193 241.572
299.050 221.407 318.532 221.407 318.532 241.582 299.050 241.582
298.800 221.555 318.215 221.555 318.215 241.678 298.800 241.678
