0.00598073
0.01948571
0.01893687
0.01913381
0.01755190
0.01794028
0.01801372
0.01793933
0.01794028
0.01875949
0.01814842
0.01910877
0.01894021
0.01911855
0.01811147
0.01893687
0.01694369
0.01794028
0.01794004
0.01746345
0.01777983
0.01694369
0.01685691
0.01793909
0.01877332
0.01947737
0.01794052
0.01893663
0.01813006
0.01794243
0.01726031
0.02505779
0.01495004
0.01515651
0.01512408
0.01534486
0.01495051
0.01506400
0.01458430
0.01479459
0.01466084
0.01395249
0.01471210
0.01463294
0.01495552
0.01545858
0.01451159
0.01495028
0.01512957
0.01569390
0.01495266
0.01509523
0.01511335
0.01495075
0.01404810
0.01395607
0.01395583
0.01395369
0.01395583
0.01411891
0.01455069
0.01331997
0.01488876
0.01590133
0.01612711
0.01495290
0.01495409
0.01645708
0.01495004
0.01594973
0.01553297
0.01494956
0.01597524
0.01460481
0.01594591
0.01624608
0.01594615
0.01594901
0.01594830
0.01496840
0.01579428
0.01577735
0.01697683
0.01738262
0.01755023
0.01782489
0.01738906
0.01694274
0.01733661
0.01849055
0.01788497
0.01823783
0.01793909
0.01794076
0.01780796
0.01893663
0.01794028
0.01852083
0.01893973
0.01880908
0.01870966
0.01893687
0.01877284
0.01869702
0.01872945
0.01893711
0.01819301
0.01893687
0.01893687
0.01893759
0.01893735
0.01893735
0.01893687
0.01955676
0.01794100
0.01750350
0.01814508
0.01905560
0.01816726
0.01767564
0.01799893
0.01810932
0.01794147
0.01812768
0.01809216
0.01811838
0.01716328
0.01817393
0.01812315
0.01809120
0.01812959
0.01773095
0.01798081
0.01794267
0.01985049
0.01895761
0.01794291
0.01811457
