0.01295638
0.02111435
0.01993299
0.01912737
0.01900125
0.02012038
0.01935744
0.02007699
0.01930833
0.02056193
0.01853728
0.01953769
0.01866746
0.01993537
0.02011752
0.01993275
0.01993632
0.01893711
0.01993322
0.02093005
0.02119350
0.02046084
0.01977086
0.02024961
0.01993299
0.01945496
0.02013063
0.02092957
0.01955533
0.01677370
0.01594615
0.01594687
0.01664066
0.01664352
0.01660466
0.01690340
0.01594734
0.01694345
0.01714373
0.01594734
0.01482844
0.01694632
0.01649261
0.01578212
0.01637888
0.01611829
0.01651716
0.01635647
0.01650643
0.01631713
0.01667476
0.01688242
0.01613212
0.01613832
0.01612806
0.01669407
0.01621652
0.01592708
0.01694274
0.01694369
0.01669502
0.01679444
0.01594710
0.01591325
0.01694369
0.01694417
0.01668239
0.01668835
0.01616001
0.01694131
0.01678538
0.01597047
0.01693010
0.01708555
0.01621604
0.01694322
0.01708031
0.01585126
0.01594663
0.01594543
0.01660061
0.01581430
0.01694345
0.01773524
0.01818466
0.01651645
0.01818538
0.01750779
0.01788259
0.01694703
0.01680470
0.01812482
0.01816440
0.01713037
0.01781130
0.01811910
0.01819706
0.01830626
0.01849556
0.01793933
0.01691413
0.01872301
0.01794028
0.01794052
0.01865697
0.01893663
0.01764202
0.01816511
0.01900721
0.01746273
0.01816630
0.01805186
0.01793981
0.01880789
0.01949549
0.01793981
0.01808953
0.01772809
0.01887655
0.01868343
0.01811433
0.01794004
0.01876092
0.01808977
0.01893830
0.01993656
0.01893902
0.01893449
0.01973891
0.01913333
0.01809955
0.01908183
0.01894045
0.01951766
0.01793599
0.01930761
0.01964140
0.01874161
0.01815557
0.01906037
0.01913118
0.01991487
0.01912594
0.01972270
0.01833057
0.02078485
0.01893663
0.01880598
0.01961970
0.01998544
0.01849151
0.01976514
0.01993418
0.01875472
0.02074075
0.02022266
0.01816750
0.01933312
0.01923871
0.01979351
0.01913428
0.01993394
0.01991463
0.01896644
0.01931548
0.01959801
0.01975608
0.01846743
0.01875091
0.01985002
0.02014446
0.01991320
0.02028632
0.01893902
0.01936364
0.01946998
0.01893997
0.01893735
0.01993299
0.02013135
0.01818824
0.01893663
0.01893592
0.01993346
0.01913691
0.02046609
0.02033544
0.02077317
0.01895046
0.01994228
0.01987624
0.01924801
0.01840353
0.01993513
0.01994348
0.01899099
0.01893568
0.01912093
0.01910877
0.01915097
