0.00575089
0.01781917
0.01612473
0.01958585
0.01993346
0.02022982
0.01879573
0.01776171
0.01702142
0.01694393
0.01685596
0.01694345
0.01667047
0.01694369
0.01793957
0.01794028
0.01746464
0.01694417
0.01790643
0.01707578
0.01794052
0.01794147
0.01694345
0.01849604
0.01794004
0.01653695
0.01794028
0.01893783
0.01699662
0.01893663
0.02092957
0.01949120
0.01893711
0.01954126
0.01709008
0.02080774
0.01652837
0.01807857
0.01879191
0.01659346
0.01812792
0.01732278
0.01899028
0.01961684
0.01701164
0.01778531
0.01678300
0.01825333
0.01594639
0.01694322
0.01667428
0.01704717
0.01766324
0.01594591
0.01772141
0.01639676
0.01794004
0.01609159
0.01794195
0.01694322
0.01835680
0.01794291
0.01778126
0.01772141
0.01958013
0.01907611
0.02210021
0.01993251
0.01722455
0.01806474
0.01700258
0.01751804
0.01594615
0.01717710
0.01652002
0.01615977
0.01694918
0.01694584
0.01751661
0.01664233
0.02093053
0.02292323
0.01872396
0.01794028
0.02002215
0.01844215
0.01854944
0.01694536
0.01812649
0.01816297
0.01893926
0.01974416
0.01794267
0.01886702
0.01776004
0.01686502
0.01694393
0.01585460
0.01499939
0.01520777
0.01515245
0.01594615
0.01807642
0.01912022
0.01796889
0.01770568
0.01469493
0.01594758
0.01395321
0.01511860
0.01395392
0.01432872
0.01431346
0.01413226
0.01494932
0.01583219
0.01725721
0.01591849
0.01586175
0.01614404
0.01576018
0.01690769
0.01713061
0.01698542
0.01567531
0.01638746
0.01594639
0.01496673
0.01408935
0.01399732
0.01495028
0.01428771
0.01414323
0.01462173
0.01395321
0.01395178
0.01395249
0.01395345
0.01512694
0.01495004
0.01489234
0.01363444
0.01412773
0.01479435
0.01495337
0.01508856
0.01612163
0.01570606
0.01627994
0.01495004
0.01562047
0.01711392
0.01694560
0.01633072
0.01594853
0.01697612
0.01694274
0.01594877
0.01675248
0.01856351
