0.00697851
0.02062559
0.01919842
0.01841831
0.02000308
0.01794744
0.01917863
0.01913667
0.01859212
0.01823997
0.01582909
0.01541901
0.01634264
0.01626873
0.01668310
0.01594734
0.01642966
0.01594639
0.01613116
0.01620626
0.01553631
0.01594639
0.01594663
0.01594639
0.01645136
0.01594949
0.01588273
0.01663780
0.01594663
0.01594687
0.01594663
0.01594734
0.01613426
0.01594591
0.01573563
0.01599360
0.01674938
0.01613832
0.01681948
0.01515698
0.02113533
0.02155471
0.02111888
0.02192545
0.02010393
0.01489401
0.01495028
0.01475000
0.01478076
0.01495218
0.01487541
0.01403117
0.01453400
0.01428795
0.01543379
0.01428795
0.01350451
0.01367593
0.01395559
0.01514173
0.01401448
0.01474094
0.01395512
0.01413918
0.01450181
0.01394820
0.01482725
0.01415038
0.01495051
0.01414156
0.01483798
0.01489973
0.01432610
0.01371264
0.01495028
0.01513267
0.01454830
0.01395249
0.01495099
0.01395440
0.01478601
0.01388979
0.01395273
0.01414037
0.01659369
0.01735067
0.01694417
0.01651073
0.01695323
0.01712036
0.01677132
0.01684928
0.01712489
0.01698232
0.01721072
0.01594591
0.01694369
0.01741076
0.01657915
0.01679325
0.01743436
0.01694345
0.01661968
0.01811886
0.01802039
0.01630759
0.01694298
0.01711774
0.01693988
0.01777291
0.01768804
