0.00716901
0.01671553
0.01653624
0.01777077
0.01646447
0.01594591
0.01736879
0.01612997
0.01594639
0.01674080
0.01694322
0.01736116
0.01638007
0.01793885
0.01713991
0.01653337
0.01694298
0.01706409
0.01794052
0.01680851
0.01704073
0.01757479
0.01594687
0.01616430
0.01710701
0.01594925
0.01716685
0.01617670
0.01793957
0.01748347
0.01587582
0.01774025
0.01691389
0.01713681
0.01943398
0.01714110
0.01830721
0.01782012
0.01794004
0.01793456
0.01594710
0.01810789
0.01767993
0.01704216
0.01794004
0.01713181
0.01650810
0.01694345
0.01731372
0.01799607
0.01693988
0.01675510
0.01929951
0.01694274
0.01760364
0.01630950
0.01696301
0.01801252
0.01657152
0.01753259
0.01855850
0.01625872
0.01794052
0.01746702
0.01572871
0.01797843
0.02299833
0.01653242
0.01651096
0.01767659
0.01594400
0.01786518
0.01594114
0.01850438
0.01757240
0.01646328
0.01790166
0.01665139
0.01670551
0.01782990
0.01594615
0.01705837
0.01655650
0.01615477
0.01714778
0.01681662
0.01589870
0.01772666
0.01657033
0.01647806
0.01664996
0.01813674
0.01616812
0.01739836
0.01714396
0.01751924
0.01715732
0.01527500
0.01523519
0.01594639
