0.00697684
0.01754212
0.01614523
0.01676989
0.01647806
0.01793933
0.01720572
0.01812768
0.01594806
0.01845193
0.01621127
0.01753354
0.01776242
0.01769876
0.01849794
0.01594591
0.01846290
0.01495028
0.01594710
0.01817513
0.01714802
0.01660728
0.01793790
0.01624250
0.01694274
0.01682305
0.01674104
0.01792455
0.01594591
0.01723599
0.01803160
0.01594591
0.01733518
0.01620030
0.01694345
0.01837063
0.01771355
0.01872706
0.01709485
0.01711845
0.01720333
0.01665115
0.01685691
0.01704097
0.01695848
0.01993299
0.01712942
0.01783085
0.01865101
0.01746440
0.01824212
0.01933527
0.01771760
0.01853585
0.01724482
0.01817250
0.01837826
0.01814389
0.01698661
0.01781535
0.01707697
0.01680231
0.01716447
0.01894975
0.01694298
0.01694369
0.01719832
0.01890635
0.01670218
0.01762438
0.01912880
0.01694274
0.01789236
0.01694345
0.01637244
0.01861453
0.01688552
0.01813412
0.01749706
0.01594687
0.01811862
0.01846480
0.02307582
0.01930118
0.02064633
0.02022576
0.01713920
0.01727343
0.01662207
0.01759243
0.01681709
0.01713490
0.01848650
0.02025819
0.02085423
0.02092862
0.01581049
0.01793981
0.01694608
0.01751161
0.01775908
0.01748490
0.01834559
0.01594639
0.01853538
0.01777482
0.01694322
0.01694393
0.02093005
0.02071786
0.02090144
0.01980281
0.01766896
0.01813483
0.01791596
0.02045226
0.02093005
0.02044368
0.01995420
0.01864672
0.01666689
0.01694202
0.01762533
0.01569653
0.01642203
0.01681614
0.01610327
0.01651216
0.01694345
0.01784229
0.01694369
0.01583815
0.01694417
0.01997304
0.01794028
0.01794052
0.01670837
0.01669121
0.01728964
0.01793957
0.01754880
0.01713133
0.01893735
0.01664448
0.01715374
0.01629043
0.01720762
0.01779079
0.01616240
0.01694751
0.01716948
0.01615000
0.01773620
0.01715875
0.01694512
0.01839662
0.01597667
0.01594591
0.01767206
0.01681280
0.01762891
0.01594687
0.01694632
0.01661396
0.01594710
0.01882291
0.01694393
0.01615953
0.02093005
0.02192640
0.02210999
0.02068377
0.01654339
0.01740074
0.01783514
0.01662230
0.01993394
0.02145481
0.02146506
0.02056432
0.03189516
0.01929402
0.01571155
0.01891494
0.01694560
0.01819611
0.01746941
0.01742887
0.01786590
0.01751256
0.01594687
0.01794195
0.01794004
0.01788855
0.01671290
0.01761699
0.01749659
0.01694250
0.01930523
0.01761103
0.01633310
0.01878905
0.01694322
0.01694655
0.02172327
0.01914597
0.01677728
0.01766181
0.01694155
0.01640177
0.01848507
0.01820731
0.01993179
0.01689744
0.01793909
0.01594687
0.01811481
0.01794219
0.01732731
0.01908040
0.01671648
0.01784992
0.01694369
0.01652074
0.02204013
0.02032447
0.01993155
0.02119350
0.02144551
0.02093077
0.02012038
0.02168274
0.02152085
0.02000141
0.01970363
0.02064180
0.02019477
0.01794291
0.01794052
0.01655650
0.01657224
0.01694345
0.01694417
0.01616240
0.01793909
0.01634479
0.01693964
0.01814961
0.01601768
0.01714158
0.01594925
