0.00697875
0.01523447
0.01286769
0.01314235
0.01474524
0.01325440
0.01516175
0.01413894
0.01878905
0.01694345
0.01417255
0.01494908
0.01494956
0.01594114
0.01694345
0.01449156
0.01594663
0.01594567
0.01570153
0.01871443
0.01550674
0.01494956
0.01572013
0.01464486
0.01482248
0.01495004
0.01646113
0.01510644
0.01415586
0.01694584
0.01513910
0.01514053
0.01602149
0.01512551
0.01667380
0.01618505
0.01594925
0.01748681
0.01614285
0.01758289
0.01595044
0.01594687
0.01814103
0.01594687
0.01572824
0.01694417
0.01594710
0.01715469
0.01612639
0.01553035
0.01794577
0.01594925
0.01694345
0.01770949
0.01594615
0.01876116
0.01587248
0.01993346
0.01631665
0.01893663
0.01694298
0.01793981
0.01893711
0.01694441
0.01963973
0.01594901
0.01694250
0.01748586
0.01672578
0.01966095
0.01850247
0.01670337
0.01850295
0.01675153
0.01627064
0.01777363
0.01694250
0.01793647
0.01823473
0.01794028
0.01992702
0.01711702
0.01703262
0.01687002
0.01711845
0.01793957
0.01868844
0.01763082
0.01886892
0.01694298
0.01605105
0.01848412
0.01701188
0.01827478
0.01672292
0.01912355
0.01696062
0.01594639
0.01926374
0.01694322
0.01726961
0.01612115
0.01916265
0.01694489
0.01947832
0.01694369
0.01793909
0.01893592
0.01775265
0.01793981
0.01846099
0.01945066
0.01694345
0.02001500
0.02153420
0.02312064
0.02122021
0.02162838
0.01909590
0.02192640
0.02292490
0.02093029
0.02292395
0.02247000
0.01977396
0.02544785
0.02270365
0.02209806
0.02159047
0.02014875
0.02093029
0.01993322
0.02092981
0.02315164
0.02215338
0.02208614
0.01970410
0.02173328
0.01993465
0.02247357
0.01993299
0.02313185
0.02211118
0.01967120
0.03159904
0.02149153
0.02192974
0.01993370
0.02050447
0.02110481
0.02513695
0.02125955
0.02292395
0.02307224
0.02209568
0.02104473
0.02192688
0.02192521
0.02085543
0.02046275
0.02092981
0.02093005
0.02093005
0.02066755
0.02392650
0.02209473
0.02166414
0.01978517
0.02309012
0.02363229
0.01893663
0.02276158
0.02462506
0.02539468
0.02691031
0.02721930
0.02668524
0.02620649
0.01893640
0.01991844
0.01904035
0.01792240
0.01670146
0.01987362
0.01856732
0.01946759
0.02215791
0.01694298
0.01884556
0.01754928
0.01649499
0.01851678
0.01694369
0.01775908
0.01672387
0.01703310
0.01885271
0.01714277
0.01675653
0.01893663
0.01594663
0.01931047
0.01800036
0.01853609
0.01961517
0.01883817
0.01676083
0.01845121
0.02292371
0.01575899
0.01549268
0.01514053
0.01623344
0.01540589
0.01594687
0.01448894
0.01453662
0.01594663
0.01395392
0.01495051
0.01594663
0.01411319
0.01601791
0.01395249
0.01395345
0.01594710
0.01472068
0.01612878
0.01611757
0.01468062
0.01497674
0.01411772
0.01579142
0.01724720
0.01564240
0.01612711
0.01489782
0.01613116
0.01864219
0.01694322
0.01789880
0.01617122
0.01594710
0.01777077
0.01594663
0.01694298
0.01794267
0.01653743
0.01893473
0.01611471
0.01726627
0.01753163
0.01703191
0.01803923
0.01911736
0.01665854
0.01932383
0.01750231
0.01730490
0.01730871
0.01622510
0.01794219
0.01681018
0.01608896
0.01893759
0.01766825
0.01632857
0.01866555
0.01694655
0.01799226
0.01772738
0.01893711
0.01694322
0.01893902
0.01694369
0.01893663
0.01911354
0.01793957
0.02292347
0.01944113
0.01972485
0.01742744
0.01746511
0.01934123
0.01843047
0.01800728
0.01857734
0.02192926
0.02183795
0.02021933
0.02277255
0.02292323
0.02081418
0.02139735
0.01997089
0.01794052
0.01662827
0.01648211
0.01694345
0.01920676
0.01694345
0.01703811
0.01848030
0.01594377
0.01799011
0.01794004
0.01893878
0.01694298
0.01851606
0.01694489
0.01669264
0.01814485
0.01711512
0.01871705
0.01710081
0.02118897
0.01630139
0.01900792
0.01687074
0.01709747
0.01865602
0.01594615
0.01879120
0.01694369
0.01694655
0.02092981
0.01667547
0.01893735
0.01993394
0.01753473
0.01914787
0.01574945
0.01694369
0.01832914
0.01794338
0.01894450
0.01710415
0.01646566
0.01881194
0.01794028
0.01916909
0.01893759
0.01594758
0.01904750
0.01786685
0.01794004
0.01935911
0.02027512
0.02183151
0.01695871
0.01948071
0.01750612
0.01970387
0.01911950
0.02168679
0.02111006
0.02192855
0.02093005
0.02290249
0.02187943
0.01961064
0.02192616
0.01993322
0.02192664
0.02011156
0.02118301
0.02192640
0.02192950
0.02170801
0.02210093
0.02053285
0.02148843
0.02192664
0.02105498
0.01993561
0.02090812
