0.00697899
0.01495218
0.01295686
0.01515698
0.01295686
0.01543403
0.01295733
0.01295877
0.01411629
0.01395273
0.01395249
0.01395345
0.01295686
0.01354456
0.01323438
0.01500893
0.01295662
0.01350379
0.01466060
0.01315403
0.01395297
0.01495051
0.01309133
0.01473236
0.01190615
0.01395345
0.01246357
0.01347184
0.01495051
0.01464796
0.01395416
0.01267910
0.01405191
0.01406312
0.01395512
0.01395345
0.02192307
0.01450324
0.01594639
0.01295924
0.01320434
0.01295900
0.01395082
0.01496029
0.01594663
0.01295662
0.01520610
0.01312327
0.01442575
0.01395273
0.01195955
0.01375985
0.01295662
0.01503515
0.01312661
0.01312995
0.01472783
0.01521158
0.01427555
0.01462269
0.01295662
0.01693916
0.02063251
0.01594663
0.01495028
0.01572871
0.01594639
0.01525402
0.01542926
0.01594687
0.01525569
0.01594663
0.01573539
0.01520228
0.01648450
0.01576567
0.01694965
0.01714420
0.01495194
0.01751328
0.01594257
0.01646137
0.01798153
0.01495361
0.01823831
0.01553535
0.01577425
0.01900077
0.01565671
0.01733375
0.01677656
0.01670003
0.01797771
0.01553702
0.01494956
0.01771450
0.01527095
0.01694298
0.01615167
0.01601386
0.01794004
0.01613402
0.01747823
0.01674795
0.01594877
0.01804233
0.01583958
0.01797819
0.01794362
0.01615071
0.01794219
0.01634550
0.01715446
0.01793981
0.01694298
0.01632190
0.01594591
0.01615572
0.01893711
0.01694369
0.01694345
0.01669097
0.01757240
0.01793909
0.01694679
0.01674867
0.01745605
0.01794648
0.01676393
0.01794004
0.01655388
0.01876569
0.01698875
0.01675296
0.01916862
0.01735640
0.01794052
0.01813507
0.01719189
0.01893663
0.01843905
0.01794386
0.01793933
0.01794434
0.01780319
0.01858950
0.01830983
0.01794314
0.01694274
0.01668739
0.01810956
0.01713467
0.01782584
0.01643825
0.01781249
0.01793981
0.01813531
0.01798940
0.01846313
0.01694322
0.01645207
0.02015162
0.01840687
0.01694179
0.01993370
0.01694465
0.01791358
0.01694345
0.01630902
0.01793838
0.01639223
0.01713490
0.01785874
0.01613426
0.01694345
0.01717973
0.01594663
0.01794052
0.01673174
0.01694059
0.01715398
0.01643014
0.01696253
0.01579475
0.01694250
0.02093005
0.02053165
0.01694298
0.01481223
0.01714373
