0.00679922
0.01594710
0.01302433
0.01395369
0.01591039
0.01495051
0.01668882
0.01495028
0.01647711
0.01565433
0.01447630
0.01694441
0.01494980
0.01594687
0.01551533
0.01494980
0.01688957
0.01494956
0.01504850
0.01513124
0.01458359
0.01694298
0.01442838
0.01594663
0.01561117
0.01553535
0.01652312
0.01455545
0.01495004
0.01513243
0.01477933
0.01594687
0.01594687
0.01314831
0.01680183
0.01570368
0.01654673
0.01513529
0.01420856
0.01670003
0.01475263
0.01457429
0.01480222
0.01548171
0.01594663
0.01454568
0.01495385
0.01513767
0.01480150
0.01594567
0.01665998
0.01613712
0.01959682
0.01694584
0.01739097
0.01690125
0.01594639
0.01745868
0.01648831
0.02021122
0.01811194
0.01712298
0.01775861
0.01623654
0.01794004
0.01756740
0.01594639
0.01793933
0.01629424
0.01702571
0.01820827
0.01740646
0.01679730
0.01653147
0.01745176
0.01749587
0.01763797
0.01794052
0.01683712
0.01715207
0.01618099
0.01653242
0.01794338
0.01694393
0.01794076
0.01812863
0.01793456
0.01694751
0.01676655
0.01694298
0.01747370
0.01694560
0.01913643
0.01606822
0.01694560
0.01815414
0.01694560
0.01847386
0.01640081
0.01694560
0.01813364
0.01745439
0.01880741
0.01611829
0.01395583
0.01594806
0.01453590
0.01395559
0.01594734
0.01495075
0.01700068
0.01482296
0.01514673
0.01521778
