0.00598001
0.01863599
0.01581907
0.01639962
0.01687980
0.01624441
0.01794338
0.01495290
0.01595736
0.01805472
0.01594687
0.01694155
0.01594687
0.01572180
0.01848602
0.01516128
0.02051854
0.01730633
0.01672053
0.01846266
0.01813579
0.02067256
0.02033830
0.01879883
0.01866055
0.01395512
0.01476073
0.01839590
0.01668334
0.01945376
0.01625156
0.01833224
0.01944804
0.01724696
0.01841211
0.01814198
0.01633263
0.01883268
0.01767230
0.01893687
0.01646018
0.01779079
0.01733589
0.01677728
0.01793957
0.01699543
0.01653576
0.01763821
0.01694274
0.01794291
0.01548934
0.01646471
0.01694536
0.01594234
0.01698208
0.01702118
0.01594663
0.01795912
0.01713705
0.01760888
0.01594853
0.01726031
0.01807189
0.01595473
0.01793146
0.01612806
0.01548553
0.01813126
0.01667833
0.01594615
0.01733565
0.01694512
0.01736259
0.01594734
0.01660442
0.01747966
0.01594687
0.01829791
0.01753783
0.01770902
0.01870275
0.01748109
0.01675606
0.01722598
0.01694322
0.01860023
0.01594567
0.01767445
0.02108049
0.01665711
0.01880550
0.01713705
0.01794052
0.01894236
0.01694250
0.01760983
0.01915479
0.01712346
0.01752591
0.01714849
0.01627016
0.01812506
0.01732826
0.01893044
0.01594663
0.01761055
0.01860285
0.01694345
0.01848340
0.01671863
0.01663423
0.01780558
0.01676655
0.01707172
0.01752901
0.01912260
0.01694894
0.01777339
0.01611280
0.01566696
0.01793718
0.01587176
0.01808190
0.02691031
0.01844525
0.01594830
0.01673841
0.01830792
0.01613593
0.01758265
