0.00697589
0.01993346
0.01663756
0.01694369
0.01818109
0.01668096
0.01874256
0.01587296
0.01636410
0.01794052
0.01694822
0.02183318
0.01579618
0.01870060
0.01715040
0.01712823
0.01667237
0.01634312
0.01751924
0.01690865
0.01834846
0.01732516
0.01594639
0.01811242
0.01582551
0.01694393
0.01710272
0.01793933
0.01931834
0.01794028
0.01785612
0.01776981
0.01763463
0.01914740
0.01794124
0.01888919
0.01893997
0.01890254
0.01924753
0.01694584
0.01687717
0.01794219
0.01573491
0.01594615
0.01594496
0.01679730
0.01805830
0.01650071
0.01674128
0.01828504
0.01653314
0.01851535
0.01594663
0.01684856
0.01694608
0.01694298
0.01778364
0.01594663
0.01757598
0.01694322
0.01761699
0.01613593
0.01679802
0.01784086
0.01771259
0.01893759
0.01713347
0.01664972
0.01836419
0.01594973
0.01594663
0.01806498
0.01686907
0.01512575
0.01673365
0.01746893
0.01865244
0.01574993
0.01713920
0.01694322
0.01694345
0.01893663
0.01643324
0.01670623
0.01782751
0.01694369
0.01659608
0.01723051
0.01602173
0.01813936
0.01755118
0.01937199
0.01615715
0.01641917
0.01853013
0.01613665
0.01794076
0.01694536
0.01513100
0.01794004
0.01577902
0.01793694
0.01671433
0.01584506
0.01694441
0.01594925
0.01748133
0.01896834
0.01614165
0.01786923
0.01748276
0.01594710
0.01820779
0.01694560
0.01594663
0.01694322
0.01594925
0.01670718
0.01594639
0.01566267
0.01694703
0.01694536
0.01711321
0.01784444
0.01594901
0.01794028
0.01694298
0.01694274
0.01896214
0.01594305
0.01594710
0.01676917
0.01646805
0.01827741
0.01694608
0.01714230
0.01680231
0.01594973
0.01797628
0.01612473
0.01590490
0.01797724
0.01602721
0.01650333
0.01594543
0.01621246
0.01794338
0.01576209
0.01663637
0.01694369
0.01572990
0.01694703
0.01612830
0.01566267
0.01760149
0.01665545
0.01694345
0.02192616
0.01672316
0.01632333
0.01694679
0.01632810
0.01694512
0.01799035
0.01594877
0.01736355
0.01621771
0.01614118
0.01812267
0.01615381
0.01617122
0.01617169
0.01693273
0.01794028
0.01717305
0.01833534
0.01714110
0.01695061
0.01844621
0.01718092
0.01694536
0.01918650
0.01738000
0.01694512
0.01821947
0.01717329
0.01917362
0.01595354
0.01819539
0.01806378
0.01694345
0.01773596
0.01753879
0.01760244
0.01814914
0.01834655
0.01732016
0.01650000
0.01793957
0.01694536
0.01694345
0.01893663
0.01694345
0.01921034
0.01615095
0.01727247
0.01941943
0.01688933
0.01694012
0.01793981
0.01594687
0.01671839
0.01694536
0.01667571
0.01693392
0.01676583
0.01794553
0.01893711
0.01585793
0.01772785
0.01712418
0.01716614
0.01843929
0.01684999
0.01775813
0.01715493
0.01622248
0.01788378
0.01815486
0.01938415
0.01845455
0.01660585
0.01795340
0.01651311
0.01594710
0.01651406
0.01575899
0.01665401
0.01694560
0.01564908
0.01805091
0.01613688
0.01693678
0.01831031
0.01665640
0.01813650
0.01622772
