0.00598049
0.01667452
0.01467061
0.01694226
0.01496983
0.01395512
0.01594639
0.01472449
0.01595402
0.01412535
0.01395345
0.01594925
0.01494980
0.01395345
0.01494980
0.01436877
0.01614833
0.01495337
0.01393056
0.01642776
0.01495004
0.01731324
0.01694250
0.01632714
0.01623893
0.01664305
0.01694298
0.01594639
0.01594543
0.01694274
0.01740503
0.01893687
0.01813769
0.01600885
0.01794076
0.01694274
0.01694345
0.01786494
0.01706362
0.01783657
0.01615334
0.01694298
0.01730680
0.01601934
0.01837564
0.01794028
0.01665783
0.01789618
0.01587200
0.01763630
0.01694584
0.01694322
0.01794004
0.01673746
0.01624799
0.01783252
0.01594901
0.01821518
0.01698160
0.01718926
0.01794052
0.01694560
0.01769400
0.01680017
0.01818490
0.01893663
0.01703405
0.01893735
0.01594687
0.01793838
0.01905584
0.01685905
0.01842165
0.01793909
0.01694512
0.01893830
0.01661277
0.01750708
0.02000928
0.01682901
0.01880002
0.01681256
0.01793957
0.01893711
0.01694393
0.01794004
0.01793933
0.01794076
0.01893592
0.01694274
0.01793957
0.01694274
0.01698184
0.01878333
0.01675940
0.01791501
0.01811123
0.01658773
0.01835632
0.01813745
0.01656508
0.01813173
0.01694345
0.02351117
0.01945496
0.01713705
0.01878071
0.01793981
0.01756096
0.01893640
0.01793957
0.01893711
0.01657057
0.01694179
0.01713514
0.01694417
0.01858330
0.01717114
0.01594663
0.01789927
0.01615953
0.01894140
0.01924372
0.01694441
0.01889491
0.01794314
0.01709414
0.01794314
0.01719284
0.01613760
0.01879454
0.01633501
0.01769876
0.01832151
0.01618314
0.01794267
0.01601648
0.01694393
0.01794004
0.01670146
0.01848626
0.01814222
0.01694298
0.01889300
0.01722097
0.01651430
0.01694322
0.01672935
0.01694369
0.01634741
0.01708078
0.01694322
0.01694155
0.01923347
0.01723242
0.01654196
0.01793528
0.01631355
0.01794028
0.01559019
0.01675701
0.01794052
0.01694393
