0.00551486
0.01694632
0.01659608
0.01455832
0.01694322
0.01554060
0.01494980
0.01494598
0.01564074
0.01628423
0.01394296
0.01484084
0.01572871
0.01438355
0.01572180
0.01594901
0.01495051
0.01594663
0.01552153
0.01553345
0.01495075
0.01551414
0.01794076
0.01495147
0.01694226
0.01700425
0.01603270
0.01752996
0.01573992
0.01694393
0.01694274
0.01594687
0.01849151
0.01614451
0.01673770
0.01686168
0.01594687
0.01724815
0.01594687
0.01613212
0.01775980
0.01690459
0.01694393
0.01444340
0.01594687
0.01804256
0.01629877
0.01694369
0.01756120
0.01660180
0.01776338
0.01846313
0.01566219
0.01794004
0.01738191
0.01694608
0.01793981
0.01691961
0.01682210
0.01666069
0.01810741
0.01694345
0.01793933
0.01794052
0.01594710
0.02093029
0.02043533
0.02351618
0.02284956
0.02014852
0.02192593
0.01716352
0.01494956
0.01490426
0.01399851
0.01443958
0.01694298
0.01494932
0.01594687
0.01494980
0.01465416
0.01568484
0.01395273
0.01596117
0.01495361
0.01395607
0.01596045
0.01510382
0.01462412
0.01594543
0.01395297
0.01534724
0.01395321
0.01426578
0.01652026
0.01340580
0.01495004
0.01369834
0.01573658
0.01495004
0.01477003
0.01599622
0.01523280
0.01394463
0.01495004
0.01470160
0.01486278
0.01584196
0.01651525
0.01530766
0.01651049
0.01694345
0.01694298
0.01594639
0.01817322
0.01594925
0.01586151
0.01694369
0.01621604
0.01893568
0.01595354
0.01805520
0.01893973
0.01730084
0.01750374
0.01616788
0.01677489
0.01747346
0.01597118
0.01752639
0.01610851
0.01594734
0.01704264
0.01594710
0.01598859
0.01714540
0.01719594
0.01793885
0.01821518
0.01595140
0.01694345
0.01663685
0.01768637
0.01694679
0.01721001
0.01792192
0.01594591
0.01759887
0.01594639
0.01793885
0.01582837
0.01874256
0.01713681
0.01695061
0.01794243
0.01586986
0.01593637
0.01648474
0.01743555
0.01850915
0.01557207
0.01794028
0.01855898
0.01594663
0.01829171
0.01752973
0.01694345
0.01794004
0.01670551
0.01750779
0.01694226
0.01577663
0.01794028
0.01594663
0.01535368
0.01698184
0.01594639
0.01674342
0.01559567
0.01498842
0.01694298
0.01644111
0.01594687
0.01610637
0.01495004
0.01694274
0.01502776
0.01594400
0.01594567
0.01506591
0.01612782
0.01495266
0.01632261
0.01713753
0.01675224
0.01660919
0.01495004
0.01514482
0.01515436
0.01623678
0.01594830
0.01481318
0.01550078
0.01687503
0.01694393
0.01694155
0.01594710
0.01530385
0.01755071
0.01694298
0.01621675
0.01694369
0.01676416
0.01704955
0.01671648
0.01616478
0.01794028
0.01694298
0.01763940
0.01861453
0.01577187
0.01816106
0.01694393
0.01671600
0.02111697
0.01918197
0.01993275
0.01872158
0.01766276
0.02004361
0.01893640
0.01793957
0.01893711
0.01861930
0.01694322
0.01619363
0.01793981
0.01876187
0.01980305
0.01949167
0.01803613
0.01989126
0.01748085
0.01594734
0.01802611
0.01570988
0.01594687
0.01594949
0.01614189
0.01645756
0.01515102
0.01494932
0.01655912
0.01495028
0.01490188
0.01568127
0.01594663
0.01729512
0.01513100
0.01481652
0.01735735
0.01515198
0.01643109
0.01594973
0.01495004
0.01712513
0.01594687
0.01476264
0.01603031
0.01495218
0.01794052
0.01851392
0.01773739
0.01840568
0.01759458
0.01872134
0.01475382
0.01533341
0.01494956
0.01550770
0.01557922
0.01556945
0.01626396
0.01600790
0.01495004
0.01926231
0.01694298
0.01751089
0.01970696
0.01594687
0.01693010
0.01545191
0.01495028
0.01605105
0.01677608
0.01788545
0.01694345
0.01550698
0.01594996
0.01469135
0.01704001
0.01693988
0.01659322
0.01794338
0.01711631
0.01694345
0.01811981
0.01465988
0.01492000
0.01429224
0.01451468
0.01507354
0.01395392
0.01526666
0.01393056
0.01494956
0.01554298
0.01405263
0.01480126
0.01432705
0.01491976
0.01494980
0.01613212
0.01594687
0.02023196
0.01494980
0.01647425
0.01586723
0.01753640
0.02278972
0.01877117
0.01866126
0.01939797
0.01709628
0.01757169
0.01494956
0.01414371
0.01454210
0.01435781
0.01483297
0.01395345
0.01393342
0.01593781
0.01395321
0.01549101
0.01495051
0.01466465
0.01469541
0.01380777
0.01367640
0.01615882
