0.00678897
0.01793790
0.01594615
0.01893663
0.01594615
0.01794028
0.01794076
0.01732039
0.01678991
0.01793408
0.01694322
0.01815295
0.01993322
0.01667619
0.01748252
0.01659656
0.01794004
0.01650310
0.01594663
0.01794004
0.01694298
0.01694608
0.01655817
0.01794434
0.01792407
0.01694322
0.01794219
0.01794052
0.01694322
0.01893663
0.01647758
0.01694298
0.01615000
0.01678967
0.01711941
0.01694298
0.01694393
0.01794052
0.01698518
0.01810575
0.01712179
0.01728392
0.01794028
0.01683235
0.01628637
0.01794481
0.01642656
0.01759338
0.01590085
0.01694250
0.01866651
0.01599193
0.01828766
0.01711440
0.01656175
0.01893806
0.01594567
0.01713252
0.01694560
0.01694345
0.01797104
0.01618719
0.01650167
0.01830196
0.01612997
0.01794004
0.01780629
0.01713014
0.01814389
0.01728702
0.01594687
0.01714563
0.01684165
0.01694608
0.01593232
0.01576233
0.01794004
0.01666927
0.01802373
0.01876044
0.01673031
0.01794028
0.01694322
0.01693106
0.02439713
0.01513696
0.01423192
0.01495051
0.01503491
0.01463604
0.01594687
0.01401663
0.01519942
0.01604033
0.01395583
0.01513696
0.01495004
0.01371980
0.01594949
0.01361728
0.01594639
0.01594973
0.01434660
0.01569772
0.01400638
0.01395392
0.01495337
0.01367664
0.01594615
0.01514244
0.01494980
0.01706934
0.01488256
0.01566577
0.01490593
0.01407337
0.01494980
0.01403117
0.01395345
0.01671243
0.01392579
0.01594734
0.01494956
0.01470590
0.01573753
0.01427436
0.01620626
0.01479745
0.03189492
0.01516724
0.01533294
0.01395535
0.01495290
0.01694393
0.01383591
0.01395392
0.01395512
0.01456022
0.01676059
0.01494431
0.01509643
0.01594925
0.01395512
0.01600146
0.01495028
0.01480770
0.01594687
0.01495242
0.01475334
0.01395392
0.01495004
0.01482773
0.01484537
0.01395464
0.01594663
0.01470780
0.01694274
0.01495004
0.01489878
0.01710439
0.01560187
0.01694584
0.01538897
0.01495075
0.01631093
0.01618218
0.01690149
0.01694560
0.01556253
0.01694345
0.01694226
0.01554298
0.01722002
0.01545095
0.01605296
0.01495123
0.01613092
0.01594687
0.01411700
