0.00697660
0.01694298
0.01474261
0.01413703
0.01491737
0.01431561
0.01694322
0.01511884
0.01532602
0.01711273
0.01493430
0.01661038
0.01472473
0.01445627
0.01694298
0.01594615
0.01671982
0.01542854
0.01576185
0.01694393
0.01495004
0.01594710
0.01449847
0.01494980
0.01793766
0.01594639
0.01605272
0.01700425
0.01599169
0.01772928
0.01694536
0.01594663
0.01552701
0.01762152
0.01594615
0.01594734
0.01794004
0.01593995
0.01757956
0.01594687
0.01619387
0.01793981
0.01594663
0.01839209
0.01694322
0.01565218
0.01716995
0.01794052
0.01756477
0.01694298
0.01648688
0.01793337
0.01836586
0.01728749
0.02011728
0.01847863
0.01610208
0.01974106
0.01912093
0.02149367
0.01877618
0.02109933
0.01893687
0.02148581
0.01947641
0.02115464
0.02146935
0.02133441
0.02073741
0.01947021
0.01923275
0.02093077
0.01893640
0.02035618
0.01893711
0.02147174
0.01893687
0.02092910
0.02148414
0.01893759
0.02196932
0.02092910
0.01993346
0.01948380
0.02083802
0.01917481
0.01993346
0.02276540
0.02131367
0.01888990
0.02410126
0.02093053
0.02100229
0.02612996
0.02960134
0.02777767
0.01945496
0.01893687
0.02093005
0.02105165
0.02045894
0.01989293
0.01854563
0.02073526
0.01893997
0.01911759
0.01952553
0.01848865
0.02035451
0.02112436
0.02187276
0.01940870
0.02013850
0.01868272
0.01834917
0.02110958
0.01873446
0.01993346
0.01772618
0.01886845
0.02269006
0.01893616
0.01751065
0.01913714
0.01885962
0.01874018
0.02045226
0.01966476
0.01681972
0.01886654
0.02028275
0.01742840
0.01794028
0.01794004
0.01661777
0.01902819
0.01622748
0.01690555
0.01694345
0.01657844
0.01759481
0.01675105
0.02181196
0.01797652
0.01812100
0.01618028
0.01694322
0.01794052
0.01651525
0.01814032
0.01594615
0.01573563
0.01712394
0.01562381
0.01719761
0.01755190
0.01678848
0.01914001
0.01618481
0.01694560
0.01799989
0.01657057
0.01807499
0.01694322
0.01755738
0.01793623
0.01594925
0.01621366
0.01677537
0.01494336
0.01719618
0.01594663
0.01614141
0.01793933
0.01707244
0.01694536
0.01694345
0.01568937
0.01686215
0.01694369
0.01594663
0.01681399
0.01547670
0.01713014
0.01777864
0.01604462
0.01766109
0.01594639
0.01609445
0.01726079
0.01623678
0.01574159
0.01591349
0.01495266
0.01694369
0.01613879
0.01594663
0.01625824
0.01594734
0.02357769
0.01710796
0.01686287
0.01514292
0.01720095
0.01495051
0.01570964
0.01748466
0.01573491
0.01594734
0.01573062
0.01557136
0.01717162
0.01632333
0.01594663
0.01619005
0.01572657
0.01668978
0.01679778
0.01495004
