0.00597954
0.01748514
0.01559091
0.01616526
0.01784825
0.01613688
0.01594687
0.01893973
0.01794028
0.01891947
0.01793957
0.01832533
0.01829910
0.01614261
0.01679564
0.01890564
0.01794028
0.01794004
0.01713157
0.01772499
0.01911855
0.01694274
0.01756811
0.01757216
0.01886725
0.01832032
0.01794052
0.01811624
0.01762915
0.01893687
0.01743031
0.01694298
0.01748705
0.01694298
0.02266240
0.02119493
0.01694345
0.01651001
0.01846981
0.01651144
0.01771402
0.01718235
0.01620626
0.01857996
0.01696968
0.01651239
0.01824355
0.01793647
0.01993299
0.01648855
0.01698613
0.01794004
0.01594758
0.01794052
0.01929355
0.01594543
0.01694393
0.01595354
0.01594925
0.01694298
0.01566076
0.01614976
0.01579165
0.01637697
0.01614809
0.01518226
0.01672387
0.01764846
0.01561952
0.01694584
0.01598072
0.01581740
0.01707339
0.01614523
0.01670361
0.01694441
0.01577401
0.01746464
0.01648855
0.01794052
0.01588058
0.01615500
0.01794052
0.01518607
0.01756454
0.01568007
0.01612544
0.01794028
0.01594639
0.01666021
0.01794004
0.01510239
0.01612115
0.01594877
0.01594615
0.01765442
0.01594615
0.01694345
0.01795411
0.01675057
0.01839757
0.01597190
0.01609302
0.01794314
0.01594591
0.01693845
0.01594925
0.01620340
0.01694322
0.01707578
0.01783037
0.01671124
0.01694369
0.01818490
0.01645923
0.01691270
0.01614451
0.01694345
0.01817822
0.01594782
0.01847100
0.01794004
0.01586771
0.01881480
0.01594639
