0.00697684
0.01848865
0.01594782
0.01585913
0.01754689
0.01573658
0.01594663
0.01495266
0.01632214
0.01740527
0.01594496
0.01581693
0.01766539
0.01659393
0.01495004
0.01774955
0.01594687
0.01724434
0.01584768
0.01599503
0.01767612
0.01574636
0.01694345
0.01756263
0.01541424
0.01812243
0.01694369
0.01653028
0.01717114
0.01618099
0.01694608
0.01587510
0.01586127
0.01793981
0.01495290
0.01711416
0.01877308
0.01647139
0.01794124
0.01727962
0.01682568
0.01912165
0.01647043
0.01775908
0.01583695
0.01808882
0.01818776
0.01816797
0.01809740
0.01781535
0.01638365
0.01785851
0.01676440
0.01795030
0.01761389
0.01694298
0.01834893
0.01694322
0.01594639
0.01726317
0.01694322
0.01646543
0.01594591
0.01830792
0.01993299
0.01594663
0.01769996
0.01675272
0.01580191
0.01757932
0.01594853
0.01691103
0.01594806
0.01618481
0.01778746
0.01545930
0.01734471
0.01677084
0.01594567
0.01693010
0.01664972
0.01568484
0.01694274
0.01574898
0.01694727
0.01655316
0.01694679
0.01712751
0.01625824
0.01753902
0.01650834
0.01594758
0.01794243
0.01616764
0.01813555
0.01675820
0.01615191
0.01598692
0.01594782
0.01822662
0.01594496
0.01630449
0.01713848
0.01701570
0.01859498
