0.00896955
0.01938438
0.01672411
0.01818061
0.01589561
0.01529455
0.01823330
0.01596379
0.01782656
0.01548409
0.01675439
0.01794553
0.01604056
0.01804018
0.01594639
0.01634789
0.01773548
0.01656342
0.01583314
0.01819754
0.01694369
0.01893616
0.01599312
0.01746416
0.01834559
0.01697779
0.01850700
0.01683140
0.01594806
0.01794004
0.01694632
0.01719570
0.01594377
0.01645970
0.01594687
0.01656485
0.01694345
0.01640797
0.01702595
0.01759863
0.01571488
0.01713276
0.01612401
0.01756191
0.01793981
0.01603651
0.01793742
0.01559782
0.01653528
0.01770139
0.01599216
0.01893282
0.01594663
0.01613307
0.01623487
0.01794028
0.01789713
0.01594710
0.01773524
0.01594615
0.01673913
0.01578140
0.01622081
0.01694322
0.01710153
0.01771808
0.01956677
0.01694369
0.01833677
0.01715064
0.01799893
0.01793957
0.01667094
0.01664519
0.01646948
0.01594663
0.01694417
0.01663685
0.01759481
0.01794052
0.01622009
0.01741433
0.01594901
0.01690936
0.01809597
0.01655149
0.01694345
0.01611853
0.01634574
0.01710105
0.01697946
0.01719999
0.01786137
0.01619148
0.01794338
0.01594663
0.01642036
0.01694536
0.01696801
0.01792598
0.01594734
0.01670480
0.01776934
0.01514459
0.01740909
0.01719666
0.01560163
0.01793814
0.01574016
0.01703238
0.01694369
0.01694894
0.01789689
0.01527286
0.01651192
0.01752448
0.01620221
0.01694322
0.01594639
0.01618242
0.01864076
0.01495051
0.01860714
0.01573586
0.01714802
0.01793694
0.01594973
0.01694250
0.01513505
0.01758814
0.01813936
0.01578641
0.01686597
0.01594687
0.01584339
0.01694345
0.01594615
0.01699209
0.02445912
0.01766324
0.01594543
0.01684165
0.01856160
0.01579475
0.01655602
0.01614237
0.01594639
0.01748872
0.01694298
0.01744723
0.01582742
0.01657033
0.01756167
0.01694560
0.01694250
0.01877236
0.01586938
0.01769209
0.01794672
0.01694798
0.01760793
0.01693678
0.01715827
0.01837420
0.01664042
0.01794219
0.01694322
0.01794004
0.01874352
0.01588368
0.01711321
0.01786971
0.01694250
0.01827717
0.01672959
0.01712441
0.01782084
0.01612544
0.01920724
0.01646161
0.01817155
0.01612830
0.01816797
0.01893663
0.01594782
0.01912642
0.01669526
0.01611829
0.01694393
0.01671648
