0.00597978
0.01993608
0.01634645
0.01793957
0.01717210
0.01656914
0.01794338
0.01694298
0.01860952
0.01618052
0.01717925
0.01793623
0.01674151
0.01794028
0.01698399
0.01716328
0.01827812
0.01594210
0.01694393
0.01594877
0.01779914
0.01852560
0.01594639
0.01893640
0.01771832
0.01699185
0.01821375
0.01694965
0.01813436
0.01646256
0.01594710
0.01783848
0.01617146
0.01715398
0.01893616
0.01662230
0.01815367
0.01893640
0.01749039
0.01793981
0.01794243
0.01655841
0.01786470
0.01694584
0.01747990
0.01893973
0.01767755
0.01893711
0.01893663
0.01756096
0.01810884
0.01694298
0.01703405
0.01812577
0.01601529
0.01776338
0.01687646
0.01619983
0.01810932
0.01594687
0.01832843
0.01694322
0.01525259
0.01794028
0.01794028
0.01594663
0.01893568
0.01678228
0.01708388
0.01893711
0.01646805
0.01820779
0.01649308
0.01857400
0.01893330
0.01543760
0.01832795
0.01793981
0.01586795
0.01793957
0.01694250
0.01664090
0.01611567
0.01550555
0.01749563
0.01694369
0.01804900
0.01805162
0.01655483
0.01771069
0.01694369
0.01694369
0.01694298
0.01652861
0.01881337
0.01648355
0.01794076
0.01812220
0.01685667
0.01818013
