0.00598025
0.01993656
0.01849961
0.01868963
0.01643610
0.01793981
0.01777053
0.01606035
0.01659393
0.01812291
0.01688790
0.01847672
0.01647425
0.01694274
0.01813626
0.01714587
0.01694608
0.01794028
0.01621699
0.01671553
0.01781321
0.01675439
0.01611185
0.01804090
0.01594639
0.01778746
0.01748347
0.01613140
0.01725125
0.01594663
0.01743531
0.01753354
0.01613069
0.01693773
0.01893687
0.01567078
0.01848888
0.01673603
0.01690221
0.01649976
0.01643348
0.01853657
0.01640630
0.01741004
0.01700258
0.01594615
0.01742363
0.01594639
0.01678228
0.01614141
0.01742435
0.01794314
0.01712728
0.01822162
0.01793957
0.01648235
0.01796055
0.01803923
0.01694345
0.01794600
0.01811862
0.01694608
0.01715660
0.01733112
0.01975346
0.01677442
0.01812553
0.01775265
0.01848722
0.01751900
0.01967382
0.01694369
0.01859927
0.01756477
0.02546906
0.01794052
0.01961064
0.01697350
0.01861739
0.01931047
0.01813602
0.01965046
0.01765895
0.01793981
0.01937461
0.01794028
0.01955748
0.01893592
0.01725411
0.01895595
0.01797795
0.01786661
0.01775813
0.01836014
0.01891875
0.01728153
0.01694322
0.01993227
0.01794124
0.01893640
0.01938987
0.01794243
0.01893902
0.01713395
0.01794004
0.01694345
0.01694298
0.01893711
0.01676273
0.01893687
0.01931953
0.01712871
0.01893640
0.01799703
0.01794004
0.01993322
0.01896238
0.01713467
0.01793814
0.01801348
0.01793933
0.01814985
0.01677132
0.01680231
0.01913404
0.01694345
0.01911259
0.01794243
0.01793909
0.01893687
0.01815200
0.01718330
0.01653147
0.01893663
0.01679134
0.01861501
0.01613498
0.01710629
0.01893950
0.01753283
0.01918650
0.01813507
0.01902223
0.01967573
0.01793909
0.02357125
0.01694345
0.01977968
0.01709080
0.01847243
0.01817966
0.01771832
0.01893878
0.01661539
0.01893640
0.01794481
0.01613283
0.01812673
0.01849461
0.01893640
0.01894021
0.01695466
0.01695323
0.01856875
0.01758981
0.01712561
0.01712894
0.01566458
0.01799846
0.01721334
0.01814127
0.01865697
0.01701665
0.01793981
0.01694417
0.01540399
0.01811934
0.01765966
0.01797533
0.01719308
0.01746893
0.01791310
0.01594853
0.01621485
0.01769400
0.01694250
0.01796341
0.01714444
0.01706672
0.01794004
0.01594710
0.01893687
0.01828885
0.01751041
0.01893687
0.01719642
0.01634359
0.01694322
0.01694369
0.01915145
0.01694345
0.01729393
0.01893854
0.01756883
0.01893616
0.01677012
0.01694298
0.01893711
0.01714540
0.01677513
0.01732588
0.01721525
0.01794004
0.01717544
0.01715207
0.01793981
0.01694345
0.02076197
0.01731205
0.01476073
0.01615238
0.01525927
0.01594639
0.01716471
0.01515746
0.01599598
0.01511621
0.01473165
0.01727414
0.01492381
0.01514244
0.01694751
0.01594734
0.01594663
0.01656365
0.01552629
0.01694655
0.01612210
0.01573157
0.01594687
