0.00597954
0.01694369
0.01671982
0.01590419
0.01594687
0.01659441
0.01513481
0.01474762
0.01503587
0.01495051
0.01694345
0.01495051
0.01524520
0.01537967
0.01494908
0.01594758
0.01513791
0.01494312
0.01672244
0.01507950
0.01562786
0.01867342
0.01553369
0.01594639
0.01495218
0.01520133
0.01694298
0.01494956
0.01585817
0.01498485
0.01594615
0.01693606
0.01594639
0.01682520
0.01730561
0.01495028
0.01594663
0.01417685
0.01427317
0.01686001
0.01416039
0.01494956
0.01513743
0.01515007
0.01677060
0.01437020
0.01514101
0.01717925
0.01533079
0.01694345
0.01495814
0.01395464
0.01694918
0.01494932
0.01495028
0.01949430
0.01668978
0.01495051
0.01499176
0.01758337
0.01756120
0.01595092
0.01694417
0.01756454
0.01594734
0.01691937
0.01679516
0.01594734
0.01698208
0.01712990
0.01781702
0.01547122
0.01750016
0.01694322
0.01652503
0.01753950
0.01694274
0.01542020
0.01718354
0.01494980
0.01694393
0.01619101
0.01582026
0.01713395
0.01575065
0.01678801
0.01726604
0.01751661
0.01846004
0.01590252
0.01694345
0.01648188
0.01583552
0.01694345
0.01613808
0.01694345
0.01594639
0.01681733
0.01970100
0.01591992
