0.00690055
0.01867032
0.01794052
0.01612735
0.01799417
0.01838541
0.01594687
0.01812577
0.01595044
0.01694393
0.01760721
0.01627016
0.01854634
0.01595020
0.01694345
0.01765180
0.01677966
0.01819849
0.01815677
0.01594687
0.01854873
0.01594591
0.01890755
0.01947808
0.01694417
0.01793981
0.01902819
0.01668715
0.01871800
0.01612663
0.01712012
0.01659536
0.01694345
0.01836920
0.01793957
0.01714015
0.01987648
0.01911616
0.02192640
0.02168250
0.02218580
0.02091885
0.01978230
0.01914358
0.02122879
0.02209973
0.02131462
0.02093053
0.02138090
0.02192736
0.01893616
0.02093005
0.02106905
0.02093101
0.01893735
0.02092981
0.01993370
0.02266049
0.02091575
0.02292132
0.01947808
0.02175283
0.02146530
0.02001643
0.02144861
0.02267146
0.02192712
0.01949573
0.02145147
0.02019286
0.02125597
0.01916194
0.02200580
0.02192736
0.02210140
0.02192736
0.02536678
0.02279997
0.01938367
0.02122355
0.02292633
0.02171659
0.02105212
0.02092957
0.02180719
0.02246356
0.02215505
0.02009916
0.02194834
0.02192640
0.03048730
0.03053641
0.02551126
0.02720690
0.03189397
0.02106094
0.01993227
0.02093029
0.01893640
0.02162766
0.02010226
0.01896310
0.02292275
0.01993465
0.01969457
0.01907110
0.02013469
0.01928830
0.01870775
0.01993680
0.01954865
0.02011561
0.01682067
0.01793981
0.01893902
0.01665497
0.01794004
0.01926947
0.01711226
0.01936841
0.01815128
0.01758647
0.01947808
0.01738453
0.01870131
0.01902080
0.01694322
0.01864338
0.01613903
0.01815987
0.01714134
0.01642776
0.01852727
0.01695132
0.01688838
0.01763368
0.01594591
0.01911855
0.01694417
0.01618791
0.01812601
0.01565671
0.01594567
0.01856756
0.01794028
0.01658249
0.01698709
0.01594639
0.01572561
0.01665807
0.01688576
0.01886630
0.01694298
0.01694322
0.01695442
0.01603007
0.01594925
0.01594639
0.01594591
0.01607871
0.01849079
0.01594615
0.01959968
0.01975870
0.01820731
0.01751423
0.01647735
0.01870108
0.01673889
0.01787305
0.01765561
0.01762605
0.02392030
0.01794052
0.01701880
0.01794028
0.01753187
0.01733947
0.01843452
0.01793957
0.01794028
0.01823449
0.01732564
0.02117753
0.01882339
0.01861119
0.01794004
0.01689911
0.01752210
0.01893568
0.01794004
0.01811028
0.01766300
0.01793242
0.01760626
0.01810765
0.01694393
0.01794028
0.01848936
0.01647210
