0.00498414
0.02045989
0.01730514
0.01838064
0.01794028
0.01748705
0.01736689
0.01827383
0.01769948
0.01831961
0.01749635
0.01793933
0.01762819
0.01845741
0.01822448
0.01892877
0.01794243
0.01770186
0.01712680
0.01614189
0.01800203
0.01694345
0.01833558
0.01805162
0.01694393
0.01729631
0.01775432
0.01712203
0.01694345
0.01694345
0.01831269
0.01798320
0.01694393
0.01670289
0.01731634
0.01747656
0.01866007
0.01776791
0.01893711
0.01781034
0.01798058
0.01793981
0.01804900
0.01594663
0.01953626
0.01989889
0.01576924
0.01698279
0.01841354
0.01794195
0.01814985
0.01980639
0.01953268
0.01793981
0.01948071
0.01824164
0.01794291
0.02087808
0.01747799
0.01911902
0.01869798
0.01694608
0.01980257
0.01754999
0.01794004
0.01736951
0.01788712
0.01941586
0.01783895
0.01866388
0.01905704
0.01768637
0.01993585
0.01812482
0.01823950
0.01991892
0.01831794
0.01880908
0.01790881
0.01700568
0.01893687
0.01694322
0.01519728
0.01594973
0.01594734
0.01668501
0.01475859
0.01615024
0.01594591
0.01525378
0.01694274
0.01588774
0.01614976
0.01586747
0.01549053
0.01694417
0.01513028
0.01462984
0.01690984
0.01568675
0.01775503
0.01641798
0.01871729
0.02668667
0.02372813
0.02441287
0.02191305
0.02146626
0.02245569
0.01844788
0.01912904
0.01811981
0.01926446
0.01917529
0.01694202
0.01829243
0.01694322
0.01714420
0.01711273
0.01656270
0.01684928
0.01662564
0.01708984
0.01713157
0.01608324
0.01594687
0.01672149
0.01713514
0.01682544
0.01665354
0.01777983
0.01657128
0.01557231
0.01794028
0.01685643
0.01694298
0.01575518
0.01594639
0.01694274
0.01570272
0.01802969
0.01614594
0.01585436
0.01694369
0.01645041
0.01704001
0.01694298
0.01675582
0.01658154
0.01593924
0.01695108
0.01821637
0.01794481
0.01993728
0.01714087
0.01842618
0.01902652
0.01812625
0.01918793
0.01849699
0.01940775
0.01794076
0.01966453
0.01893711
0.01746273
0.02022576
0.01829457
0.01880813
0.01772523
0.01893234
0.01815367
0.01793218
0.01982117
0.01893592
0.01855993
0.01893640
0.01872492
0.01987028
0.01793981
0.01794004
0.01966429
0.01936102
0.01774526
0.01711130
0.01993680
0.01799822
0.01874757
0.01813531
0.01772881
0.01720047
0.01794100
0.01964998
0.01795721
0.01756024
0.01893687
0.01716852
0.01993799
0.01794052
0.01819801
0.01993775
0.01794481
0.01785207
0.01812577
0.01730227
0.02012992
0.01694417
0.01913857
0.01920438
0.01794052
0.02066278
0.01794505
0.01815987
0.01975155
0.01794052
0.01893759
0.01758456
0.01825833
0.01893759
0.01853967
0.01944304
0.01912808
0.01893759
0.02013731
0.01794028
0.01865649
0.01870441
0.01860881
0.01993346
0.01915669
0.02106619
0.01893759
0.01995325
0.01893640
0.01802373
0.01894021
0.01826692
0.02084517
0.01857591
0.01919150
0.01836634
0.02096105
0.01987767
0.01893640
0.02014494
0.01993632
0.01865053
0.02105570
0.02057981
0.02014279
