0.01213098
0.02277350
0.01992130
0.01901507
0.02087045
0.02093267
0.02059340
0.01996255
0.02076435
0.02092981
0.02149510
0.02218938
0.02051401
0.02050924
0.02012038
0.01988506
0.02211332
0.02321601
0.02279735
0.02031207
0.02045488
0.02114415
0.02186322
0.02263594
0.02210760
0.02194476
0.02093005
0.02144814
0.02133536
0.02299547
0.02337337
0.02496624
0.02266002
0.02159357
0.02206945
0.02372384
0.02342343
0.02276492
0.02267981
0.02192640
0.02092981
0.02328444
0.02721453
0.02786446
0.02771807
0.02491760
0.02427506
0.02430892
0.02474928
0.02493000
0.02749276
0.02727556
0.02031589
0.02013898
0.02092957
0.01876068
0.01974106
0.02187109
0.02113056
0.02163959
0.01992941
0.01994920
0.02070522
0.02167988
0.02088785
0.02020502
0.02071691
0.02065349
0.01949763
0.02051997
0.02032232
0.02151275
0.02240801
0.02059650
0.01978922
0.02212262
0.02090192
0.01943254
0.01930022
0.02010512
0.02170300
0.02014899
0.02042389
0.02093410
0.02292824
0.02212596
0.02192664
0.02192545
0.02117968
0.02330542
0.02214432
0.02313662
0.02316785
0.02115178
0.02103233
0.02151036
0.01950765
0.02253366
0.02411175
0.02392006
0.02212048
0.02096963
0.02068281
0.02212858
0.02456212
0.02666736
0.02599645
0.02602315
0.01872945
0.02092910
0.02083826
0.01977825
0.02016139
0.02046180
0.02113128
0.02116346
0.02232170
0.02017355
0.01913309
0.02066493
0.02137637
0.01980400
0.01898932
0.01919746
0.02093077
0.02192688
0.02122092
0.01919603
0.01972127
0.01957250
0.02096844
0.02144885
0.02149296
0.02015805
0.01993322
0.01974273
0.01988029
0.02193069
0.02250886
0.02233934
0.02193904
0.02112269
0.01993656
0.02204156
0.02783179
0.02700424
0.02767229
0.02576613
0.02445364
0.02544141
0.02544808
0.02299881
0.02129793
0.02193165
0.02098441
0.02153516
0.02309227
0.02227330
0.02235770
0.02182508
0.02012897
0.02113843
0.02134180
0.02259970
0.02224350
0.02111506
0.02097797
