545.000 332.000 580.000 332.000 580.000 394.000 545.000 394.000
544.798 331.347 579.253 331.347 579.253 393.521 544.798 393.521
544.793 334.077 578.729 334.077 578.729 396.485 544.793 396.485
543.772 332.663 576.954 332.663 576.954 395.729 543.772 395.729
535.160 332.913 568.001 332.913 568.001 396.397 535.160 396.397
526.398 334.966 559.181 334.966 559.181 398.398 526.398 398.398
518.071 335.546 550.443 335.546 550.443 399.494 518.071 399.494
504.325 335.949 536.225 335.949 536.225 400.127 504.325 400.127
495.681 336.231 527.503 336.231 527.503 400.005 495.681 400.005
481.562 337.651 513.050 337.651 513.050 401.484 481.562 401.484
473.999 336.947 505.431 336.947 505.431 400.897 473.999 400.897
460.719 329.074 492.268 329.074 492.268 392.989 460.719 392.989
452.978 330.436 484.682 330.436 484.682 394.151 452.978 394.151
445.725 327.303 477.708 327.303 477.708 390.464 445.725 390.464
437.518 326.432 469.056 326.432 469.056 389.707 437.518 389.707
429.456 325.905 460.783 325.905 460.783 389.142 429.456 389.142
416.327 326.161 447.355 326.161 447.355 389.164 416.327 389.164
409.648 322.520 440.457 322.520 440.457 385.096 409.648 385.096
402.587 322.277 433.331 322.277 433.331 384.191 402.587 384.191
389.499 322.458 419.934 322.458 419.934 384.080 389.499 384.080
382.072 323.527 412.197 323.527 412.197 384.484 382.072 384.484
373.250 322.459 403.596 322.459 403.596 382.574 373.250 382.574
365.606 322.275 395.714 322.275 395.714 382.018 365.606 382.018
357.815 321.996 387.747 321.996 387.747 381.155 357.815 381.155
344.785 323.453 374.363 323.453 374.363 382.255 344.785 382.255
337.758 322.780 367.373 322.780 367.373 380.943 337.758 380.943
335.449 325.952 364.757 325.952 364.757 384.095 335.449 384.095
322.617 324.606 351.854 324.606 351.854 382.562 322.617 382.562
314.635 323.313 343.624 323.313 343.624 381.152 314.635 381.152
302.023 322.529 331.034 322.529 331.034 380.441 302.023 380.441
294.945 322.218 323.645 322.218 323.645 380.286 294.945 380.286
282.028 322.310 310.802 322.310 310.802 380.178 282.028 380.178
275.209 323.241 303.901 323.241 303.901 381.093 275.209 381.093
268.166 321.730 296.674 321.730 296.674 379.564 268.166 379.564
267.328 321.852 295.781 321.852 295.781 379.607 267.328 379.607
265.009 321.203 293.138 321.203 293.138 378.734 265.009 378.734
263.420 321.038 291.514 321.038 291.514 378.483 263.420 378.483
257.439 317.467 285.489 317.467 285.489 374.470 257.439 374.470
256.752 318.162 284.846 318.162 284.846 374.821 256.752 374.821
255.735 318.661 284.010 318.661 284.010 375.349 255.735 375.349
254.670 319.047 282.773 319.047 282.773 375.716 254.670 375.716
248.914 317.103 277.044 317.103 277.044 373.843 248.914 373.843
248.113 316.175 276.195 316.175 276.195 372.901 248.113 372.901
247.207 317.089 275.254 317.089 275.254 373.713 247.207 373.713
245.856 318.119 273.877 318.119 273.877 374.529 245.856 374.529
243.576 317.951 271.442 317.951 271.442 374.461 243.576 374.461
237.751 315.594 265.836 315.594 265.836 372.124 237.751 372.124
231.342 310.993 259.367 310.993 259.367 367.969 231.342 367.969
230.295 304.906 258.447 304.906 258.447 361.714 230.295 361.714
229.122 299.497 257.266 299.497 257.266 356.115 229.122 356.115
227.588 294.513 255.795 294.513 255.795 350.896 227.588 350.896
226.190 292.758 254.372 292.758 254.372 349.431 226.190 349.431
224.664 290.508 252.843 290.508 252.843 347.408 224.664 347.408
223.070 289.280 251.510 289.280 251.510 346.207 223.070 346.207
216.216 280.355 244.942 280.355 244.942 337.116 216.216 337.116
214.945 277.935 243.803 277.935 243.803 334.768 214.945 334.768
208.777 269.557 237.312 269.557 237.312 326.816 208.777 326.816
207.954 261.899 236.382 261.899 236.382 318.786 207.954 318.786
207.222 259.832 235.422 259.832 235.422 316.768 207.222 316.768
206.082 258.030 234.083 258.030 234.083 315.625 206.082 315.625
205.122 255.815 233.253 255.815 233.253 313.790 205.122 313.790
202.457 249.868 230.494 249.868 230.494 308.145 202.457 308.145
200.929 249.696 229.294 249.696 229.294 308.029 200.929 308.029
199.277 247.837 227.547 247.837 227.547 306.726 199.277 306.726
196.722 241.866 225.155 241.866 225.155 301.125 196.722 301.125
191.021 235.384 219.678 235.384 219.678 295.233 191.021 295.233
189.633 229.754 218.470 229.754 218.470 289.788 189.633 289.788
187.801 225.141 216.780 225.141 216.780 285.295 187.801 285.295
185.531 217.737 214.457 217.737 214.457 278.414 185.531 278.414
183.160 216.198 212.270 216.198 212.270 277.019 183.160 277.019
181.763 213.374 210.937 213.374 210.937 274.545 181.763 274.545
178.482 208.206 208.204 208.206 208.204 268.942 178.482 268.942
176.207 207.371 206.108 207.371 206.108 268.389 176.207 268.389
173.072 200.905 202.693 200.905 202.693 262.515 173.072 262.515
171.103 195.316 200.823 195.316 200.823 257.022 171.103 257.022
168.498 188.761 198.457 188.761 198.457 250.498 168.498 250.498
165.433 182.524 195.470 182.524 195.470 244.348 165.433 244.348
163.709 176.817 193.658 176.817 193.658 239.050 163.709 239.050
162.218 175.700 192.291 175.700 192.291 238.189 162.218 238.189
156.155 168.906 186.274 168.906 186.274 231.351 156.155 231.351
155.589 168.287 185.570 168.287 185.570 231.073 155.589 231.073
149.227 161.624 179.351 161.624 179.351 224.599 149.227 224.599
142.080 154.333 172.217 154.333 172.217 217.311 142.080 217.311
135.055 144.303 165.104 144.303 165.104 207.514 135.055 207.514
133.983 139.645 164.061 139.645 164.061 202.919 133.983 202.919
132.797 136.362 162.899 136.362 162.899 199.591 132.797 199.591
132.134 133.523 162.432 133.523 162.432 196.601 132.134 196.601
131.552 128.972 161.826 128.972 161.826 192.245 131.552 192.245
131.403 127.406 161.825 127.406 161.825 190.735 131.403 190.735
130.303 125.279 160.987 125.279 160.987 188.437 130.303 188.437
128.583 123.828 159.439 123.828 159.439 186.766 128.583 186.766
126.523 123.292 157.506 123.292 157.506 186.082 126.523 186.082
124.820 122.928 155.663 122.928 155.663 185.683 124.820 185.683
123.307 122.881 154.228 122.881 154.228 185.544 123.307 185.544
116.113 114.073 146.797 114.073 146.797 176.877 116.113 176.877
115.071 113.577 145.518 113.577 145.518 176.337 115.071 176.337
107.785 112.193 138.050 112.193 138.050 174.844 107.785 174.844
101.246 112.212 131.513 112.212 131.513 174.717 101.246 174.717
100.097 112.616 130.087 112.616 130.087 175.047 100.097 175.047
99.003 110.924 128.842 110.924 128.842 173.473 99.003 173.473
93.236 111.014 123.139 111.014 123.139 173.530 93.236 173.530
92.678 110.477 122.464 110.477 122.464 173.090 92.678 173.090
91.956 110.645 121.553 110.645 121.553 173.466 91.956 173.466
86.244 112.027 115.701 112.027 115.701 175.014 86.244 175.014
85.805 113.449 115.283 113.449 115.283 176.425 85.805 176.425
85.030 117.187 114.442 117.187 114.442 179.859 85.030 179.859
83.686 118.721 113.156 118.721 113.156 180.986 83.686 180.986
77.041 122.909 106.622 122.909 106.622 184.905 77.041 184.905
76.886 126.450 106.416 126.450 106.416 188.617 76.886 188.617
75.733 129.941 105.252 129.941 105.252 192.215 75.733 192.215
73.963 132.971 103.506 132.971 103.506 195.278 73.963 195.278
73.528 135.844 103.020 135.844 103.020 198.253 73.528 198.253
73.192 138.741 102.429 138.741 102.429 201.480 73.192 201.480
72.694 141.036 101.927 141.036 101.927 203.491 72.694 203.491
71.359 147.948 100.688 147.948 100.688 210.014 71.359 210.014
65.814 146.779 95.284 146.779 95.284 208.485 65.814 208.485
65.412 155.121 94.920 155.121 94.920 216.375 65.412 216.375
64.684 157.764 94.133 157.764 94.133 218.697 64.684 218.697
64.198 161.727 93.399 161.727 93.399 222.484 64.198 222.484
63.508 167.168 92.389 167.168 92.389 227.995 63.508 227.995
62.673 171.663 91.236 171.663 91.236 232.566 62.673 232.566
61.947 176.368 90.194 176.368 90.194 236.988 61.947 236.988
56.323 179.053 84.184 179.053 84.184 239.930 56.323 239.930
55.435 182.352 83.420 182.352 83.420 242.814 55.435 242.814
49.576 183.141 77.624 183.141 77.624 243.139 49.576 243.139
48.539 187.641 76.947 187.641 76.947 246.637 48.539 246.637
47.052 191.731 75.367 191.731 75.367 250.429 47.052 250.429
46.108 198.876 74.216 198.876 74.216 257.045 46.108 257.045
44.797 201.788 72.783 201.788 72.783 259.801 44.797 259.801
43.234 206.104 70.951 206.104 70.951 264.090 43.234 264.090
41.895 208.450 69.798 208.450 69.798 266.023 41.895 266.023
40.359 211.653 68.489 211.653 68.489 268.548 40.359 268.548
34.985 211.293 63.128 211.293 63.128 267.698 34.985 267.698
34.723 213.060 62.812 213.060 62.812 269.012 34.723 269.012
34.322 213.777 62.167 213.777 62.167 269.476 34.322 269.476
29.608 212.362 57.411 212.362 57.411 267.452 29.608 267.452
29.355 214.231 56.840 214.231 56.840 269.343 29.355 269.343
25.167 214.067 52.375 214.067 52.375 269.292 25.167 269.292
25.157 214.539 52.430 214.539 52.430 269.456 25.157 269.456
24.787 212.971 52.009 212.971 52.009 267.720 24.787 267.720
23.757 213.088 50.845 213.088 50.845 267.917 23.757 267.917
22.726 211.496 50.093 211.496 50.093 265.990 22.726 265.990
18.421 209.720 46.015 209.720 46.015 263.948 18.421 263.948
18.207 209.372 45.912 209.372 45.912 263.233 18.207 263.233
14.124 208.653 41.671 208.653 41.671 262.586 14.124 262.586
15.197 210.132 42.696 210.132 42.696 264.058 15.197 264.058
15.300 211.409 42.880 211.409 42.880 265.009 15.300 265.009
14.687 210.570 42.129 210.570 42.129 264.244 14.687 264.244
14.257 210.333 41.659 210.333 41.659 263.728 14.257 263.728
9.093 207.764 36.732 207.764 36.732 260.652 9.093 260.652
8.858 207.014 36.570 207.014 36.570 259.728 8.858 259.728
14.986 210.099 43.005 210.099 43.005 262.168 14.986 262.168
16.765 209.149 44.987 209.149 44.987 260.683 16.765 260.683
21.049 208.327 49.329 208.327 49.329 259.453 21.049 259.453
26.680 210.710 55.157 210.710 55.157 261.651 26.680 261.651
32.344 211.523 60.849 211.523 60.849 262.370 32.344 262.370
37.917 211.214 66.297 211.214 66.297 261.924 37.917 261.924
37.364 209.120 65.531 209.120 65.531 259.870 37.364 259.870
42.235 207.859 70.385 207.859 70.385 258.594 42.235 258.594
42.763 206.557 70.511 206.557 70.511 257.710 42.763 257.710
43.866 206.271 71.333 206.271 71.333 257.538 43.866 257.538
49.757 204.533 77.064 204.533 77.064 255.745 49.757 255.745
54.756 204.245 82.114 204.245 82.114 255.362 54.756 255.362
65.208 206.373 92.737 206.373 92.737 257.507 65.208 257.507
70.885 207.089 98.405 207.089 98.405 258.158 70.885 258.158
81.796 207.897 109.265 207.897 109.265 258.755 81.796 258.755
87.446 209.379 114.952 209.379 114.952 260.305 87.446 260.305
92.923 209.687 120.242 209.687 120.242 260.815 92.923 260.815
94.287 207.051 121.580 207.051 121.580 258.177 94.287 258.177
100.239 206.657 127.353 206.657 127.353 257.729 100.239 257.729
106.255 205.923 133.472 205.923 133.472 256.938 106.255 256.938
107.406 204.152 134.853 204.152 134.853 255.020 107.406 255.020
112.886 205.023 140.438 205.023 140.438 255.813 112.886 255.813
118.472 205.425 145.435 205.425 145.435 256.809 118.472 256.809
119.262 203.865 146.408 203.865 146.408 255.188 119.262 255.188
120.309 201.471 147.558 201.471 147.558 252.681 120.309 252.681
120.065 199.022 147.323 199.022 147.323 250.410 120.065 250.410
124.303 198.427 151.403 198.427 151.403 249.990 124.303 249.990
124.622 196.166 151.226 196.166 151.226 248.309 124.622 248.309
129.692 194.225 156.390 194.225 156.390 246.514 129.692 246.514
134.347 193.125 161.109 193.125 161.109 245.774 134.347 245.774
139.720 192.740 166.430 192.740 166.430 245.672 139.720 245.672
144.554 194.728 171.472 194.728 171.472 247.675 144.554 247.675
155.127 196.390 182.104 196.390 182.104 249.201 155.127 249.201
160.426 194.151 187.708 194.151 187.708 246.592 160.426 246.592
164.406 193.478 191.649 193.478 191.649 245.898 164.406 245.898
170.037 190.570 197.072 190.570 197.072 243.227 170.037 243.227
175.926 192.964 202.817 192.964 202.817 245.878 175.926 245.878
186.141 193.542 212.755 193.542 212.755 246.660 186.141 246.660
186.481 191.199 213.192 191.199 213.192 244.166 186.481 244.166
191.737 191.371 218.463 191.371 218.463 244.211 191.737 244.211
196.566 191.160 223.521 191.160 223.521 243.579 196.566 243.579
201.587 192.102 228.515 192.102 228.515 244.337 201.587 244.337
201.838 191.257 228.849 191.257 228.849 243.139 201.838 243.139
207.185 191.572 234.254 191.572 234.254 243.405 207.185 243.405
212.473 191.962 239.371 191.962 239.371 244.150 212.473 244.150
217.429 190.393 244.398 190.393 244.398 242.447 217.429 242.447
218.023 187.947 245.354 187.947 245.354 239.806 218.023 239.806
218.208 187.148 245.438 187.148 245.438 239.303 218.208 239.303
228.879 185.233 256.263 185.233 256.263 237.360 228.879 237.360
229.823 187.802 257.492 187.802 257.492 239.860 229.823 239.860
230.204 188.021 257.836 188.021 257.836 239.964 230.204 239.964
236.683 187.300 264.221 187.300 264.221 239.513 236.683 239.513
247.382 188.862 275.338 188.862 275.338 240.514 247.382 240.514
253.494 188.355 281.359 188.355 281.359 240.099 253.494 240.099
259.757 188.462 287.841 188.462 287.841 239.670 259.757 239.670
266.024 189.242 294.179 189.242 294.179 240.327 266.024 240.327
267.725 187.067 296.074 187.067 296.074 238.110 267.725 238.110
269.117 185.257 297.681 185.257 297.681 236.003 269.117 236.003
274.939 187.356 303.234 187.356 303.234 238.145 274.939 238.145
275.948 186.026 304.343 186.026 304.343 236.410 275.948 236.410
277.460 184.884 305.646 184.884 305.646 235.335 277.460 235.335
283.896 184.960 311.555 184.960 311.555 235.773 283.896 235.773
284.773 184.518 312.299 184.518 312.299 235.355 284.773 235.355
289.798 184.154 317.280 184.154 317.280 234.835 289.798 234.835
295.763 184.040 323.426 184.040 323.426 234.605 295.763 234.605
296.973 182.790 324.767 182.790 324.767 233.292 296.973 233.292
302.011 183.200 329.747 183.200 329.747 233.731 302.011 233.731
308.847 182.172 336.425 182.172 336.425 232.620 308.847 232.620
309.879 180.912 337.551 180.912 337.551 231.137 309.879 231.137
316.636 179.991 344.284 179.991 344.284 230.151 316.636 230.151
321.959 182.531 349.666 182.531 349.666 232.416 321.959 232.416
327.401 182.016 355.030 182.016 355.030 231.764 327.401 231.764
333.018 184.462 360.625 184.462 360.625 234.036 333.018 234.036
335.248 181.302 362.930 181.302 362.930 230.919 335.248 230.919
341.286 181.721 368.774 181.721 368.774 231.489 341.286 231.489
342.703 180.927 369.860 180.927 369.860 230.957 342.703 230.957
348.364 180.452 375.370 180.452 375.370 230.604 348.364 230.604
354.817 180.396 381.678 180.396 381.678 230.589 354.817 230.589
356.299 178.917 383.213 178.917 383.213 229.178 356.299 229.178
361.725 179.245 388.467 179.245 388.467 229.446 361.725 229.446
367.354 180.987 394.005 180.987 394.005 231.000 367.354 231.000
368.653 179.163 395.334 179.163 395.334 229.027 368.653 229.027
374.902 178.414 401.492 178.414 401.492 228.251 374.902 228.251
376.139 178.380 402.610 178.380 402.610 228.011 376.139 228.011
381.182 178.476 407.607 178.476 407.607 227.875 381.182 227.875
387.072 177.078 413.362 177.078 413.362 226.640 387.072 226.640
388.056 175.626 414.382 175.626 414.382 225.238 388.056 225.238
394.052 176.051 420.319 176.051 420.319 225.665 394.052 225.665
399.693 174.448 426.179 174.448 426.179 223.710 399.693 223.710
399.747 174.446 426.330 174.446 426.330 223.613 399.747 223.613
406.139 173.362 432.596 173.362 432.596 222.725 406.139 222.725
411.223 174.793 437.539 174.793 437.539 224.073 411.223 224.073
415.801 175.544 442.016 175.544 442.016 224.589 415.801 224.589
415.752 176.637 441.779 176.637 441.779 225.584 415.752 225.584
415.932 175.269 441.613 175.269 441.613 224.295 415.932 224.295
415.671 176.161 441.150 176.161 441.150 225.289 415.671 225.289
415.481 175.774 440.825 175.774 440.825 224.911 415.481 224.911
415.114 175.034 440.434 175.034 440.434 224.286 415.114 224.286
414.680 174.869 439.963 174.869 439.963 224.104 414.680 224.104
413.975 174.797 439.089 174.797 439.089 224.326 413.975 224.326
412.613 175.621 437.700 175.621 437.700 225.021 412.613 225.021
411.287 176.394 436.479 176.394 436.479 225.459 411.287 225.459
409.595 177.473 434.701 177.473 434.701 226.452 409.595 226.452
408.482 176.588 433.363 176.588 433.363 225.669 408.482 225.669
407.130 176.393 431.933 176.393 431.933 225.554 407.130 225.554
405.481 179.986 430.170 179.986 430.170 229.400 405.481 229.400
403.472 180.042 428.279 180.042 428.279 229.415 403.472 229.415
401.998 182.633 426.826 182.633 426.826 232.176 401.998 232.176
400.193 188.046 425.005 188.046 425.005 237.821 400.193 237.821
399.257 191.776 424.178 191.776 424.178 241.695 399.257 241.695
397.819 195.014 422.871 195.014 422.871 244.865 397.819 244.865
396.868 199.670 421.804 199.670 421.804 249.607 396.868 249.607
395.513 202.965 420.349 202.965 420.349 253.134 395.513 253.134
394.230 206.709 419.038 206.709 419.038 256.774 394.230 256.774
393.028 211.500 417.914 211.500 417.914 261.208 393.028 261.208
391.596 213.210 416.449 213.210 416.449 262.707 391.596 262.707
390.820 216.570 415.612 216.570 415.612 266.181 390.820 266.181
390.021 219.739 414.741 219.739 414.741 269.825 390.021 269.825
389.112 223.822 413.847 223.822 413.847 273.993 389.112 273.993
388.315 227.669 413.238 227.669 413.238 277.771 388.315 277.771
387.105 233.388 412.081 233.388 412.081 283.497 387.105 283.497
385.655 238.474 410.586 238.474 410.586 288.802 385.655 288.802
384.416 241.858 409.336 241.858 409.336 292.130 384.416 292.130
382.984 245.281 407.647 245.281 407.647 295.691 382.984 295.691
382.193 246.210 406.616 246.210 406.616 296.749 382.193 296.749
380.448 249.421 404.891 249.421 404.891 299.920 380.448 299.920
379.075 251.332 403.369 251.332 403.369 302.167 379.075 302.167
376.999 256.193 401.287 256.193 401.287 307.250 376.999 307.250
375.441 256.884 399.804 256.884 399.804 307.957 375.441 307.957
374.364 259.705 398.753 259.705 398.753 310.866 374.364 310.866
373.195 258.907 397.563 258.907 397.563 310.047 373.195 310.047
371.755 257.549 396.201 257.549 396.201 308.740 371.755 308.740
369.993 255.775 394.726 255.775 394.726 306.940 369.993 306.940
369.036 254.470 393.845 254.470 393.845 305.524 369.036 305.524
368.682 257.653 393.445 257.653 393.445 308.784 368.682 308.784
367.430 256.531 392.124 256.531 392.124 307.897 367.430 307.897
365.734 256.474 390.537 256.474 390.537 307.671 365.734 307.671
364.640 256.947 389.533 256.947 389.533 307.960 364.640 307.960
359.400 257.030 384.309 257.030 384.309 307.858 359.400 307.858
359.224 257.783 384.161 257.783 384.161 308.656 359.224 308.656
358.069 257.245 383.096 257.245 383.096 307.932 358.069 307.932
356.809 257.610 381.758 257.610 381.758 308.516 356.809 308.516
354.994 260.645 379.917 260.645 379.917 311.787 354.994 311.787
354.243 258.713 378.974 258.713 378.974 310.138 354.243 310.138
353.015 257.614 377.852 257.614 377.852 309.020 353.015 309.020
348.323 256.994 372.976 256.994 372.976 308.591 348.323 308.591
347.373 256.663 372.035 256.663 372.035 308.070 347.373 308.070
346.395 255.190 370.994 255.190 370.994 306.685 346.395 306.685
346.466 256.720 370.111 256.720 370.111 309.306 346.466 309.306
345.478 254.515 369.361 254.515 369.361 306.835 345.478 306.835
344.012 255.063 367.974 255.063 367.974 307.400 344.012 307.400
343.017 255.933 367.051 255.933 367.051 307.990 343.017 307.990
341.786 254.774 365.982 254.774 365.982 306.636 341.786 306.636
340.435 252.827 364.811 252.827 364.811 304.380 340.435 304.380
339.815 252.550 364.176 252.550 364.176 304.100 339.815 304.100
339.187 252.370 363.545 252.370 363.545 303.748 339.187 303.748
338.205 251.931 363.037 251.931 363.037 302.582 338.205 302.582
338.253 251.228 363.542 251.228 363.542 301.210 338.253 301.210
342.972 250.639 368.481 250.639 368.481 300.085 342.972 300.085
343.972 249.051 369.693 249.051 369.693 298.090 343.972 298.090
350.005 249.799 375.687 249.799 375.687 298.497 350.005 298.497
358.663 250.140 384.546 250.140 384.546 298.605 358.663 298.605
358.405 249.983 384.262 249.983 384.262 298.484 358.405 298.484
358.679 252.330 384.319 252.330 384.319 301.044 358.679 301.044
340.722 247.763 365.947 247.763 365.947 296.907 340.722 296.907
341.409 247.389 365.879 247.389 365.879 297.430 341.409 297.430
341.832 245.775 365.763 245.775 365.763 296.430 341.832 296.430
338.455 245.726 361.890 245.726 361.890 296.699 338.455 296.699
338.861 246.249 362.027 246.249 362.027 297.414 338.861 297.414
339.003 246.347 362.367 246.347 362.367 297.157 339.003 297.157
339.184 245.482 362.585 245.482 362.585 296.192 339.184 296.192
335.351 245.977 358.529 245.977 358.529 296.687 335.351 296.687
335.947 245.835 358.870 245.835 358.870 296.772 335.947 296.772
331.906 245.056 354.741 245.056 354.741 296.150 331.906 296.150
332.943 246.480 355.104 246.480 355.104 298.557 332.943 298.557
333.070 244.723 355.205 244.723 355.205 296.975 333.070 296.975
332.828 244.138 355.051 244.138 355.051 296.419 332.828 296.419
332.706 242.848 354.752 242.848 354.752 295.600 332.706 295.600
331.726 243.043 353.794 243.043 353.794 295.898 331.726 295.898
327.755 242.904 349.859 242.904 349.859 295.924 327.755 295.924
328.176 244.555 350.262 244.555 350.262 297.720 328.176 297.720
328.048 243.798 350.326 243.798 350.326 296.829 328.048 296.829
327.609 244.416 349.904 244.416 349.904 297.484 327.609 297.484
323.425 244.562 345.831 244.562 345.831 297.711 323.425 297.711
324.117 243.723 346.443 243.723 346.443 296.979 324.117 296.979
324.215 244.657 346.625 244.657 346.625 297.445 324.215 297.445
323.908 244.472 346.430 244.472 346.430 297.131 323.908 297.131
319.439 243.342 341.952 243.342 341.952 296.031 319.439 296.031
319.471 243.017 341.647 243.017 341.647 295.878 319.471 295.878
319.310 242.479 341.484 242.479 341.484 295.159 319.310 295.159
319.517 240.012 341.697 240.012 341.697 292.514 319.517 292.514
315.052 240.587 337.308 240.587 337.308 292.862 315.052 292.862
315.278 240.202 337.665 240.202 337.665 292.243 315.278 292.243
307.166 243.611 329.708 243.611 329.708 295.322 307.166 295.322
307.550 242.134 330.061 242.134 330.061 293.935 307.550 293.935
304.116 240.264 326.532 240.264 326.532 292.333 304.116 292.333
304.344 241.102 327.016 241.102 327.016 292.852 304.344 292.852
304.656 239.071 327.668 239.071 327.668 290.374 304.656 290.374
304.632 238.285 327.920 238.285 327.920 289.249 304.632 289.249
303.935 240.716 327.293 240.716 327.293 291.598 303.935 291.598
303.462 239.551 326.936 239.551 326.936 290.169 303.462 290.169
302.941 240.175 326.373 240.175 326.373 290.636 302.941 290.636
298.864 238.551 321.848 238.551 321.848 289.511 298.864 289.511
299.203 237.586 322.176 237.586 322.176 288.577 299.203 288.577
299.349 236.727 322.263 236.727 322.263 287.765 299.349 287.765
295.320 235.244 318.158 235.244 318.158 286.326 295.320 286.326
296.182 237.523 318.190 237.523 318.190 289.657 296.182 289.657
296.599 239.616 318.116 239.616 318.116 292.488 296.599 292.488
288.628 240.537 309.487 240.537 309.487 294.593 288.628 294.593
289.427 238.165 310.069 238.165 310.069 292.630 289.427 292.630
285.675 237.405 306.145 237.405 306.145 292.008 285.675 292.008
286.041 234.723 306.964 234.723 306.964 288.703 286.041 288.703
304.067 242.195 324.881 242.195 324.881 296.490 304.067 296.490
303.576 245.621 324.132 245.621 324.132 300.396 303.576 300.396
303.418 244.528 323.704 244.528 323.704 299.783 303.418 299.783
302.489 238.652 322.730 238.652 322.730 293.930 302.489 293.930
301.472 237.327 321.738 237.327 321.738 292.737 301.472 292.737
296.497 236.592 317.360 236.592 317.360 291.519 296.497 291.519
296.300 236.361 317.554 236.361 317.554 290.919 296.300 290.919
296.111 243.476 317.282 243.476 317.282 298.207 296.111 298.207
295.592 242.067 316.681 242.067 316.681 296.802 295.592 296.802
290.729 238.985 311.817 238.985 311.817 293.714 290.729 293.714
290.371 240.059 311.264 240.059 311.264 295.016 290.371 295.016
290.144 237.580 310.951 237.580 310.951 292.447 290.144 292.447
289.375 238.742 310.256 238.742 310.256 293.641 289.375 293.641
288.278 237.951 309.350 237.951 309.350 292.837 288.278 292.837
292.250 235.547 313.802 235.547 313.802 289.882 292.250 289.882
292.109 234.111 314.507 234.111 314.507 287.209 292.109 287.209
296.994 233.635 320.301 233.635 320.301 285.593 296.994 285.593
305.777 234.734 329.643 234.734 329.643 285.473 305.777 285.473
310.357 233.650 334.563 233.650 334.563 283.583 310.357 283.583
314.335 233.488 338.668 233.488 338.668 282.872 314.335 282.872
319.342 231.947 343.493 231.947 343.493 281.418 319.342 281.418
324.554 232.636 348.583 232.636 348.583 282.236 324.554 282.236
329.935 233.045 354.036 233.045 354.036 282.653 329.935 282.653
334.947 234.718 359.043 234.718 359.043 284.486 334.947 284.486
340.442 236.034 364.605 236.034 364.605 285.878 340.442 285.878
345.633 233.594 370.017 233.594 370.017 283.286 345.633 283.286
351.211 234.923 375.532 234.923 375.532 284.661 351.211 284.661
356.308 233.887 380.372 233.887 380.372 284.012 356.308 284.012
364.644 234.327 388.580 234.327 388.580 284.573 364.644 284.573
368.930 231.589 392.947 231.589 392.947 281.739 368.930 281.739
368.261 232.160 392.237 232.160 392.237 282.426 368.261 282.426
367.541 233.494 391.423 233.494 391.423 283.861 367.541 283.861
366.799 231.323 390.599 231.323 390.599 281.815 366.799 281.815
362.093 228.288 385.626 228.288 385.626 279.121 362.093 279.121
348.893 225.795 372.282 225.795 372.282 276.667 348.893 276.667
340.270 228.842 363.441 228.842 363.441 279.923 340.270 279.923
340.570 227.780 363.576 227.780 363.576 278.848 340.570 278.848
340.393 227.034 363.331 227.034 363.331 278.132 340.393 278.132
362.758 228.984 385.719 228.984 385.719 280.235 362.758 280.235
361.692 230.879 384.732 230.879 384.732 282.091 361.692 282.091
361.516 227.102 384.162 227.102 384.162 278.901 361.516 278.901
360.296 228.785 383.086 228.785 383.086 280.561 360.296 280.561
359.487 229.828 381.803 229.828 381.803 282.461 359.487 282.461
358.788 230.644 380.881 230.644 380.881 283.645 358.788 283.645
357.922 230.481 379.812 230.481 379.812 283.910 357.922 283.910
356.862 230.862 378.459 230.862 378.459 284.718 356.862 284.718
355.810 230.236 377.296 230.236 377.296 284.344 355.810 284.344
354.910 226.599 376.616 226.599 376.616 280.424 354.910 280.424
353.539 227.080 375.679 227.080 375.679 280.289 353.539 280.289
353.092 228.819 375.497 228.819 375.497 281.460 353.092 281.460
352.457 227.131 375.061 227.131 375.061 279.426 352.457 279.426
351.521 226.978 374.364 226.978 374.364 278.871 351.521 278.871
350.829 226.765 373.765 226.765 373.765 278.210 350.829 278.210
350.443 226.086 373.415 226.086 373.415 277.120 350.443 277.120
350.165 228.905 373.123 228.905 373.123 279.876 350.165 279.876
349.397 226.982 372.320 226.982 372.320 277.830 349.397 277.830
348.454 227.027 371.230 227.027 371.230 277.799 348.454 277.799
348.247 228.054 370.111 228.054 370.111 279.964 348.247 279.964
347.636 228.138 369.488 228.138 369.488 279.942 347.636 279.942
342.940 225.690 364.995 225.690 364.995 277.129 342.940 277.129
343.120 227.010 365.241 227.010 365.241 278.152 343.120 278.152
343.211 228.372 364.864 228.372 364.864 280.040 343.211 280.040
342.786 228.638 363.929 228.638 363.929 280.936 342.786 280.936
341.963 228.989 362.671 228.989 362.671 281.660 341.963 281.660
341.255 228.822 361.681 228.822 361.681 281.903 341.255 281.903
339.699 226.966 359.960 226.966 359.960 280.203 339.699 280.203
338.818 227.854 358.856 227.854 358.856 281.480 338.818 281.480
337.380 223.432 357.995 223.432 357.995 275.927 337.380 275.927
335.641 222.495 356.524 222.495 356.524 274.360 335.641 274.360
334.250 222.818 355.728 222.818 355.728 273.447 334.250 273.447
333.125 225.089 354.798 225.089 354.798 275.056 333.125 275.056
332.073 224.036 353.994 224.036 353.994 273.347 332.073 273.347
331.529 224.060 353.548 224.060 353.548 273.026 331.529 273.026
330.842 226.507 352.900 226.507 352.900 275.254 330.842 275.254
330.030 228.667 351.956 228.667 351.956 277.422 330.030 277.422
329.280 223.593 351.218 223.593 351.218 272.141 329.280 272.141
328.288 223.234 350.335 223.234 350.335 271.564 328.288 271.564
327.457 225.458 349.560 225.458 349.560 273.646 327.457 273.646
326.527 224.033 348.710 224.033 348.710 272.020 326.527 272.020
326.024 223.578 348.278 223.578 348.278 271.504 326.024 271.504
321.336 222.006 343.591 222.006 343.591 269.933 321.336 269.933
321.174 219.004 343.509 219.004 343.509 267.098 321.174 267.098
321.017 216.052 343.320 216.052 343.320 264.455 321.017 264.455
320.662 216.715 342.405 216.715 342.405 266.267 320.662 266.267
316.182 212.620 337.422 212.620 337.422 263.377 316.182 263.377
315.759 212.732 337.140 212.732 337.140 263.831 315.759 263.831
315.095 209.971 336.682 209.971 336.682 261.100 315.095 261.100
314.554 211.544 336.329 211.544 336.329 262.712 314.554 262.712
314.507 221.815 336.312 221.815 336.312 272.848 314.507 272.848
313.935 214.125 335.809 214.125 335.809 265.235 313.935 265.235
313.406 220.993 335.579 220.993 335.579 271.965 313.406 271.965
312.543 226.316 335.022 226.316 335.022 276.889 312.543 276.889
312.129 226.673 334.860 226.673 334.860 276.903 312.129 276.903
311.666 227.427 334.481 227.427 334.481 277.459 311.666 277.459
311.537 224.255 334.372 224.255 334.372 274.251 311.537 274.251
311.018 225.007 333.926 225.007 333.926 274.803 311.018 274.803
310.374 226.232 333.118 226.232 333.118 275.844 310.374 275.844
309.881 227.482 332.360 227.482 332.360 277.104 309.881 277.104
309.415 223.914 331.500 223.914 331.500 273.719 309.415 273.719
309.029 224.931 330.845 224.931 330.845 274.747 309.029 274.747
308.391 225.284 329.984 225.284 329.984 275.160 308.391 275.160
307.673 226.597 329.191 226.597 329.191 276.447 307.673 276.447
307.338 223.926 328.742 223.926 328.742 273.806 307.338 273.806
306.512 225.507 327.900 225.507 327.900 275.222 306.512 275.222
305.708 226.439 326.990 226.439 326.990 276.263 305.708 276.263
300.712 227.255 321.894 227.255 321.894 277.218 300.712 277.218
299.657 224.819 320.721 224.819 320.721 274.901 299.657 274.901
298.983 222.621 319.918 222.621 319.918 272.664 298.983 272.664
298.388 213.881 318.731 213.881 318.731 264.624 298.388 264.624
297.600 224.772 317.922 224.772 317.922 275.479 297.600 275.479
296.918 222.815 317.302 222.815 317.302 273.517 296.918 273.517
296.160 224.505 316.570 224.505 316.570 275.222 296.160 275.222
295.583 222.772 316.096 222.772 316.096 273.332 295.583 273.332
295.350 224.335 315.898 224.335 315.898 274.842 295.350 274.842
294.788 221.873 315.388 221.873 315.388 272.422 294.788 272.422
294.789 222.905 315.428 222.905 315.428 273.491 294.789 273.491
294.276 221.179 315.015 221.179 315.015 271.674 294.276 271.674
293.792 223.244 314.456 223.244 314.456 274.051 293.792 274.051
292.786 221.668 313.431 221.668 313.431 272.579 292.786 272.579
291.946 223.608 312.567 223.608 312.567 274.633 291.946 274.633
291.024 222.017 311.673 222.017 311.673 272.977 291.024 272.977
287.094 223.013 307.665 223.013 307.665 274.079 287.094 274.079
286.756 220.899 307.387 220.899 307.387 271.784 286.756 271.784
285.972 216.374 306.826 216.374 306.826 266.774 285.972 266.774
285.123 216.263 306.323 216.263 306.323 265.982 285.123 265.982
284.294 215.292 305.687 215.292 305.687 264.536 284.294 264.536
283.439 215.277 304.972 215.277 304.972 264.177 283.439 264.177
282.595 215.399 304.238 215.399 304.238 263.858 282.595 263.858
281.583 216.286 303.351 216.286 303.351 264.350 281.583 264.350
281.028 216.387 302.827 216.387 302.827 264.236 281.028 264.236
279.722 217.300 301.749 217.300 301.749 264.421 279.722 264.421
279.396 218.032 301.430 218.032 301.430 264.835 279.396 264.835
278.363 218.714 300.352 218.714 300.352 265.323 278.363 265.323
278.052 218.737 299.936 218.737 299.936 265.243 278.052 265.243
277.395 218.718 299.077 218.718 299.077 265.283 277.395 265.283
276.534 216.655 298.389 216.655 298.389 262.732 276.534 262.732
275.862 217.904 297.791 217.904 297.791 263.574 275.862 263.574
275.011 218.420 296.876 218.420 296.876 264.036 275.011 264.036
274.344 219.343 296.058 219.343 296.058 264.934 274.344 264.934
273.295 219.238 294.943 219.238 294.943 264.760 273.295 264.760
271.748 216.661 293.520 216.661 293.520 261.707 271.748 261.707
271.055 217.544 292.855 217.544 292.855 262.203 271.055 262.203
270.326 218.269 292.098 218.269 292.098 262.663 270.326 262.663
269.625 218.507 291.251 218.507 291.251 262.774 269.625 262.774
273.478 217.616 295.155 217.616 295.155 261.452 273.478 261.452
