390.000 146.000 407.000 146.000 407.000 194.000 390.000 194.000
390.496 145.432 407.481 145.432 407.481 193.864 390.496 193.864
390.354 145.821 407.041 145.821 407.041 194.743 390.354 194.743
390.473 144.962 406.942 144.962 406.942 194.516 390.473 194.516
390.582 143.656 406.850 143.656 406.850 193.865 390.582 193.865
391.245 143.316 407.619 143.316 407.619 193.879 391.245 193.879
391.710 143.449 408.065 143.449 408.065 194.417 391.710 194.417
391.671 143.700 408.070 143.700 408.070 194.779 391.671 194.779
392.097 144.847 408.374 144.847 408.374 196.536 392.097 196.536
392.128 144.520 408.268 144.520 408.268 196.602 392.128 196.602
391.624 145.020 407.839 145.020 407.839 197.354 391.624 197.354
391.694 143.869 407.833 143.869 407.833 195.836 391.694 195.836
390.681 144.303 406.884 144.303 406.884 196.313 390.681 196.313
391.069 143.813 407.264 143.813 407.264 195.695 391.069 195.695
391.160 145.337 407.284 145.337 407.284 197.389 391.160 197.389
390.700 145.348 406.807 145.348 406.807 197.431 390.700 197.431
389.808 145.181 405.890 145.181 405.890 197.358 389.808 197.358
390.007 144.005 406.072 144.005 406.072 195.994 390.007 195.994
389.778 145.421 405.943 145.421 405.943 197.392 389.778 197.392
390.074 145.351 406.323 145.351 406.323 197.346 390.074 197.346
390.870 144.618 407.263 144.618 407.263 196.442 390.870 196.442
389.877 145.407 406.308 145.407 406.308 197.361 389.877 197.361
389.682 145.668 406.156 145.668 406.156 197.502 389.682 197.502
389.675 146.653 406.098 146.653 406.098 198.596 389.675 198.596
390.650 144.919 407.057 144.919 407.057 196.374 390.650 196.374
389.757 146.262 406.237 146.262 406.237 197.863 389.757 197.863
390.503 145.834 406.869 145.834 406.869 197.456 390.503 197.456
390.949 147.754 407.311 147.754 407.311 199.732 390.949 199.732
390.648 148.809 407.040 148.809 407.040 200.739 390.648 200.739
391.776 147.526 408.280 147.526 408.280 198.894 391.776 198.894
390.580 148.810 407.113 148.810 407.113 200.028 390.580 200.028
390.518 150.104 406.978 150.104 406.978 201.313 390.518 201.313
390.263 150.353 406.695 150.353 406.695 201.729 390.263 201.729
390.834 149.712 407.280 149.712 407.280 201.014 390.834 201.014
390.435 149.393 406.802 149.393 406.802 200.924 390.435 200.924
388.837 149.333 405.154 149.333 405.154 200.843 388.837 200.843
389.728 149.255 406.042 149.255 406.042 200.765 389.728 200.765
388.621 149.099 404.976 149.099 404.976 200.521 388.621 200.521
389.114 147.767 405.412 147.767 405.412 199.077 389.114 199.077
388.942 148.939 405.276 148.939 405.276 200.564 388.942 200.564
389.584 148.232 405.917 148.232 405.917 200.080 389.584 200.080
389.121 149.153 405.560 149.153 405.560 201.180 389.121 201.180
389.581 147.771 405.981 147.771 405.981 199.981 389.581 199.981
389.234 147.300 405.657 147.300 405.657 199.923 389.234 199.923
388.941 146.738 405.480 146.738 405.480 199.483 388.941 199.483
388.511 147.300 405.076 147.300 405.076 200.280 388.511 200.280
390.216 148.458 406.730 148.458 406.730 201.641 390.216 201.641
389.704 148.296 406.281 148.296 406.281 201.837 389.704 201.837
389.676 148.057 406.307 148.057 406.307 201.796 389.676 201.796
388.869 148.186 405.444 148.186 405.444 202.016 388.869 202.016
388.785 147.375 405.408 147.375 405.408 201.091 388.785 201.091
389.125 147.261 405.839 147.261 405.839 201.066 389.125 201.066
389.131 148.045 405.876 148.045 405.876 202.024 389.131 202.024
389.127 148.162 405.971 148.162 405.971 202.330 389.127 202.330
388.650 147.848 405.518 147.848 405.518 202.343 388.650 202.343
388.473 146.219 405.284 146.219 405.284 200.841 388.473 200.841
389.071 147.340 405.868 147.340 405.868 202.423 389.071 202.423
388.802 146.705 405.561 146.705 405.561 202.180 388.802 202.180
388.503 148.141 405.197 148.141 405.197 203.641 388.503 203.641
388.515 146.939 405.204 146.939 405.204 202.214 388.515 202.214
388.704 146.653 405.317 146.653 405.317 201.783 388.704 201.783
388.784 148.375 405.369 148.375 405.369 203.545 388.784 203.545
388.644 148.014 405.188 148.014 405.188 203.322 388.644 203.322
388.896 149.028 405.424 149.028 405.424 204.186 388.896 204.186
389.353 148.591 405.883 148.591 405.883 203.893 389.353 203.893
389.711 148.870 406.183 148.870 406.183 204.253 389.711 204.253
389.861 150.314 406.355 150.314 406.355 206.130 389.861 206.130
390.175 150.322 406.655 150.322 406.655 206.228 390.175 206.228
389.262 149.145 405.750 149.145 405.750 204.886 389.262 204.886
388.984 149.033 405.406 149.033 405.406 204.791 388.984 204.791
389.507 149.817 406.085 149.817 406.085 205.422 389.507 205.422
388.966 150.664 405.606 150.664 405.606 206.337 388.966 206.337
389.031 151.020 405.602 151.020 405.602 206.802 389.031 206.802
388.464 149.732 405.126 149.732 405.126 205.002 388.464 205.002
388.771 150.376 405.530 150.376 405.530 205.861 388.771 205.861
388.202 151.849 404.882 151.849 404.882 207.424 388.202 207.424
388.392 150.146 405.066 150.146 405.066 205.355 388.392 205.355
387.796 149.915 404.594 149.915 404.594 204.964 387.796 204.964
388.461 151.456 405.254 151.456 405.254 206.406 388.461 206.406
387.783 151.148 404.647 151.148 404.647 206.273 387.783 206.273
388.083 151.946 404.993 151.946 404.993 207.169 388.083 207.169
387.636 150.860 404.542 150.860 404.542 206.142 387.636 206.142
387.979 152.654 404.979 152.654 404.979 207.941 387.979 207.941
387.475 151.712 404.522 151.712 404.522 206.760 387.475 206.760
387.651 153.367 404.642 153.367 404.642 208.650 387.651 208.650
387.440 153.680 404.515 153.680 404.515 209.132 387.440 209.132
387.547 152.138 404.580 152.138 404.580 207.496 387.547 207.496
386.162 151.765 403.201 151.765 403.201 207.416 386.162 207.416
387.823 153.142 404.944 153.142 404.944 209.065 387.823 209.065
386.781 153.350 403.912 153.350 403.912 209.550 386.781 209.550
386.861 155.128 404.045 155.128 404.045 211.632 386.861 211.632
386.667 154.060 403.963 154.060 403.963 210.055 386.667 210.055
385.963 153.675 403.347 153.675 403.347 209.552 385.963 209.552
386.182 154.607 403.582 154.607 403.582 210.471 386.182 210.471
386.283 153.561 403.735 153.561 403.735 209.042 386.283 209.042
385.629 154.960 403.055 154.960 403.055 210.586 385.629 210.586
386.015 155.139 403.475 155.139 403.475 210.509 386.015 210.509
385.622 154.892 403.114 154.892 403.114 209.896 385.622 209.896
385.701 155.283 403.143 155.283 403.143 210.492 385.701 210.492
385.122 153.988 402.473 153.988 402.473 209.193 385.122 209.193
385.237 155.299 402.518 155.299 402.518 210.655 385.237 210.655
385.385 154.978 402.764 154.978 402.764 210.035 385.385 210.035
385.650 154.880 403.122 154.880 403.122 209.937 385.650 209.937
386.069 156.042 403.544 156.042 403.544 211.460 386.069 211.460
385.778 155.512 403.179 155.512 403.179 210.936 385.778 210.936
387.168 155.280 404.713 155.280 404.713 210.736 387.168 210.736
385.491 155.637 402.966 155.637 402.966 211.229 385.491 211.229
385.401 155.815 402.853 155.815 402.853 211.470 385.401 211.470
385.599 156.306 403.038 156.306 403.038 211.924 385.599 211.924
385.386 155.348 402.847 155.348 402.847 210.917 385.386 210.917
385.429 155.941 402.883 155.941 402.883 211.471 385.429 211.471
385.177 156.782 402.534 156.782 402.534 212.325 385.177 212.325
384.943 155.243 402.373 155.243 402.373 210.624 384.943 210.624
384.194 155.498 401.638 155.498 401.638 210.812 384.194 210.812
384.277 157.502 401.666 157.502 401.666 213.058 384.277 213.058
384.512 157.796 401.883 157.796 401.883 213.186 384.512 213.186
385.103 158.295 402.465 158.295 402.465 213.546 385.103 213.546
385.060 157.592 402.318 157.592 402.318 212.931 385.060 212.931
384.798 157.913 402.023 157.913 402.023 213.510 384.798 213.510
385.075 158.960 402.422 158.960 402.422 214.186 385.075 214.186
384.726 159.084 402.223 159.084 402.223 213.827 384.726 213.827
384.981 159.787 402.572 159.787 402.572 214.353 384.981 214.353
385.160 159.964 402.614 159.964 402.614 214.417 385.160 214.417
385.363 160.225 402.900 160.225 402.900 214.757 385.363 214.757
385.036 159.917 402.562 159.917 402.562 214.489 385.036 214.489
385.021 160.891 402.455 160.891 402.455 215.409 385.021 215.409
384.399 161.585 401.945 161.585 401.945 216.009 384.399 216.009
384.604 162.267 402.080 162.267 402.080 216.400 384.604 216.400
384.492 162.727 401.965 162.727 401.965 216.702 384.492 216.702
383.645 162.647 401.148 162.647 401.148 216.485 383.645 216.485
383.725 162.950 401.092 162.950 401.092 216.855 383.725 216.855
383.214 162.290 400.583 162.290 400.583 216.350 383.214 216.350
382.835 162.161 400.182 162.161 400.182 216.237 382.835 216.237
382.587 162.749 400.021 162.749 400.021 216.815 382.587 216.815
382.989 161.882 400.514 161.882 400.514 215.822 382.989 215.822
382.971 162.877 400.641 162.877 400.641 216.891 382.971 216.891
382.765 161.710 400.507 161.710 400.507 215.695 382.765 215.695
381.842 161.969 399.634 161.969 399.634 216.026 381.842 216.026
381.859 162.562 399.660 162.562 399.660 216.647 381.859 216.647
381.494 162.256 399.422 162.256 399.422 216.221 381.494 216.221
381.428 163.528 399.393 163.528 399.393 217.644 381.428 217.644
381.453 164.457 399.417 164.457 399.417 218.917 381.453 218.917
381.608 164.740 399.600 164.740 399.600 219.380 381.608 219.380
380.522 165.214 398.649 165.214 398.649 220.006 380.522 220.006
381.089 162.993 399.293 162.993 399.293 217.665 381.089 217.665
380.335 163.602 398.587 163.602 398.587 218.460 380.335 218.460
379.509 164.442 397.907 164.442 397.907 219.362 379.509 219.362
379.529 164.206 397.998 164.206 397.998 219.424 379.529 219.424
379.179 164.394 397.823 164.394 397.823 220.361 379.179 220.361
378.569 164.100 397.337 164.100 397.337 220.391 378.569 220.391
378.438 164.376 397.335 164.376 397.335 221.225 378.438 221.225
376.807 165.505 395.958 165.505 395.958 222.176 376.807 222.176
376.304 165.149 395.567 165.149 395.567 222.127 376.304 222.127
376.180 164.601 395.423 164.601 395.423 221.535 376.180 221.535
375.614 163.944 394.901 163.944 394.901 220.865 375.614 220.865
375.414 163.350 394.789 163.350 394.789 220.068 375.414 220.068
374.818 163.567 394.251 163.567 394.251 219.845 374.818 219.845
374.380 164.223 393.750 164.223 393.750 220.435 374.380 220.435
373.955 164.634 393.364 164.634 393.364 220.782 373.955 220.782
373.147 164.637 392.419 164.637 392.419 220.538 373.147 220.538
372.558 166.324 391.685 166.324 391.685 221.976 372.558 221.976
372.105 166.779 391.161 166.779 391.161 222.735 372.105 222.735
372.239 167.165 391.250 167.165 391.250 223.190 372.239 223.190
371.791 167.243 390.765 167.243 390.765 223.080 371.791 223.080
370.733 166.726 389.703 166.726 389.703 222.660 370.733 222.660
370.064 167.422 388.933 167.422 388.933 223.534 370.064 223.534
369.488 167.637 388.193 167.637 388.193 223.892 369.488 223.892
369.683 167.354 388.217 167.354 388.217 223.995 369.683 223.995
368.945 167.807 387.392 167.807 387.392 224.587 368.945 224.587
368.246 168.337 386.681 168.337 386.681 225.382 368.246 225.382
367.479 168.884 385.934 168.884 385.934 226.071 367.479 226.071
366.955 168.864 385.397 168.864 385.397 226.364 366.955 226.364
367.095 168.230 385.517 168.230 385.517 225.944 367.095 225.944
366.251 167.752 384.602 167.752 384.602 225.218 366.251 225.218
365.932 166.490 384.309 166.490 384.309 223.944 365.932 223.944
365.433 166.975 383.799 166.975 383.799 224.223 365.433 224.223
364.700 166.251 382.985 166.251 382.985 223.284 364.700 223.284
365.338 167.442 383.590 167.442 383.590 224.600 365.338 224.600
364.426 167.175 382.707 167.175 382.707 224.368 364.426 224.368
363.801 167.493 381.996 167.493 381.996 224.719 363.801 224.719
363.739 167.617 381.935 167.617 381.935 225.141 363.739 225.141
362.742 168.668 380.885 168.668 380.885 226.529 362.742 226.529
363.210 168.009 381.296 168.009 381.296 226.346 363.210 226.346
362.412 167.872 380.447 167.872 380.447 226.424 362.412 226.424
361.290 170.137 379.415 170.137 379.415 228.602 361.290 228.602
361.289 170.624 379.398 170.624 379.398 228.536 361.289 228.536
361.114 171.026 379.338 171.026 379.338 228.380 361.114 228.380
360.910 171.012 379.089 171.012 379.089 228.121 360.910 228.121
359.709 171.594 377.913 171.594 377.913 228.466 359.709 228.466
359.470 172.516 377.695 172.516 377.695 229.457 359.470 229.457
358.132 172.494 376.421 172.494 376.421 229.454 358.132 229.454
357.702 172.007 376.122 172.007 376.122 228.937 357.702 228.937
357.441 172.389 375.906 172.389 375.906 229.367 357.441 229.367
356.510 170.856 375.044 170.856 375.044 227.627 356.510 227.627
356.629 171.873 375.057 171.873 375.057 228.823 356.629 228.823
356.395 171.096 374.852 171.096 374.852 227.808 356.395 227.808
355.991 172.284 374.485 172.284 374.485 228.712 355.991 228.712
355.004 172.834 373.508 172.834 373.508 228.914 355.004 228.914
354.707 174.198 373.147 174.198 373.147 230.166 354.707 230.166
354.600 174.219 373.105 174.219 373.105 230.368 354.600 230.368
354.581 174.632 373.019 174.632 373.019 231.115 354.581 231.115
354.126 175.250 372.606 175.250 372.606 231.586 354.126 231.586
353.447 175.538 371.898 175.538 371.898 231.749 353.447 231.749
353.065 175.932 371.384 175.932 371.384 231.928 353.065 231.928
352.710 176.976 371.117 176.976 371.117 232.644 352.710 232.644
353.139 178.828 371.435 178.828 371.435 234.414 353.139 234.414
352.638 178.411 371.225 178.411 371.225 233.197 352.638 233.197
352.358 179.169 370.988 179.169 370.988 233.635 352.358 233.635
352.253 179.631 370.803 179.631 370.803 233.802 352.253 233.802
352.028 179.424 370.566 179.424 370.566 233.258 352.028 233.258
352.048 179.919 370.638 179.919 370.638 233.555 352.048 233.555
351.490 179.811 369.990 179.811 369.990 233.145 351.490 233.145
352.463 178.996 370.974 178.996 370.974 232.124 352.463 232.124
352.486 180.441 371.167 180.441 371.167 233.792 352.486 233.792
352.700 180.568 371.314 180.568 371.314 233.966 352.700 233.966
352.614 181.465 371.340 181.465 371.340 234.874 352.614 234.874
352.573 180.618 371.272 180.618 371.272 234.379 352.573 234.379
352.596 179.353 371.227 179.353 371.227 233.327 352.596 233.327
352.740 179.620 371.127 179.620 371.127 233.599 352.740 233.599
352.791 180.828 371.028 180.828 371.028 235.026 352.791 235.026
353.506 180.911 371.662 180.911 371.662 235.469 353.506 235.469
353.410 181.527 371.609 181.527 371.609 236.062 353.410 236.062
353.130 181.066 371.208 181.066 371.208 235.619 353.130 235.619
353.433 181.765 371.607 181.765 371.607 236.274 353.433 236.274
352.577 181.740 370.815 181.740 370.815 236.010 352.577 236.010
351.981 182.419 370.294 182.419 370.294 236.508 351.981 236.508
352.386 182.006 370.725 182.006 370.725 235.873 352.386 235.873
352.297 181.659 370.750 181.659 370.750 235.840 352.297 235.840
352.038 182.200 370.491 182.200 370.491 236.730 352.038 236.730
351.724 184.635 370.063 184.635 370.063 239.017 351.724 239.017
351.562 182.914 369.876 182.914 369.876 237.421 351.562 237.421
351.514 182.475 369.803 182.475 369.803 237.324 351.514 237.324
351.667 182.339 369.871 182.339 369.871 237.576 351.667 237.576
351.742 181.451 370.002 181.451 370.002 236.966 351.742 236.966
351.113 180.818 369.290 180.818 369.290 236.629 351.113 236.629
351.368 180.889 369.735 180.889 369.735 237.014 351.368 237.014
351.647 180.260 369.969 180.260 369.969 236.768 351.647 236.768
351.875 179.612 370.327 179.612 370.327 236.470 351.875 236.470
351.799 180.027 370.240 180.027 370.240 237.533 351.799 237.533
351.871 181.239 370.354 181.239 370.354 239.469 351.871 239.469
352.070 181.583 370.644 181.583 370.644 240.158 352.070 240.158
352.180 181.431 370.925 181.431 370.925 240.177 352.180 240.177
351.981 181.073 370.753 181.073 370.753 240.117 351.981 240.117
351.106 179.938 370.066 179.938 370.066 239.435 351.106 239.435
350.849 181.323 370.043 181.323 370.043 241.336 350.849 241.336
350.704 181.065 370.002 181.065 370.002 241.738 350.704 241.738
349.907 181.114 369.388 181.114 369.388 242.302 349.907 242.302
348.976 179.533 368.682 179.533 368.682 241.295 348.976 241.295
348.219 180.109 368.230 180.109 368.230 242.523 348.219 242.523
347.457 180.453 367.604 180.453 367.604 243.678 347.457 243.678
347.379 180.214 367.614 180.214 367.614 244.070 347.379 244.070
346.657 181.398 367.088 181.398 367.088 245.860 346.657 245.860
346.407 182.002 366.897 182.002 366.897 246.936 346.407 246.936
346.171 181.255 366.799 181.255 366.799 246.523 346.171 246.523
346.232 180.152 366.990 180.152 366.990 245.618 346.232 245.618
346.032 179.331 366.835 179.331 366.835 245.029 346.032 245.029
345.509 180.613 366.480 180.613 366.480 246.383 345.509 246.383
345.204 180.384 366.298 180.384 366.298 246.145 345.204 246.145
345.219 180.991 366.450 180.991 366.450 246.733 345.219 246.733
344.819 180.895 366.166 180.895 366.166 246.832 344.819 246.832
344.804 181.046 366.212 181.046 366.212 247.229 344.804 247.229
344.205 180.623 365.606 180.623 365.606 247.029 344.205 247.029
343.969 180.380 365.544 180.380 365.544 247.032 343.969 247.032
343.347 181.079 365.055 181.079 365.055 248.020 343.347 248.020
342.925 182.699 364.719 182.699 364.719 250.019 342.925 250.019
342.096 183.257 363.955 183.257 363.955 250.826 342.096 250.826
341.903 183.483 363.624 183.483 363.624 251.097 341.903 251.097
341.487 183.883 363.179 183.883 363.179 251.511 341.487 251.511
341.944 184.238 363.465 184.238 363.465 251.789 341.944 251.789
341.509 183.818 362.819 183.818 362.819 251.420 341.509 251.420
341.195 185.566 362.574 185.566 362.574 252.967 341.195 252.967
342.148 182.982 363.315 182.982 363.315 250.035 342.148 250.035
341.296 185.228 362.276 185.228 362.276 252.154 341.296 252.154
341.676 186.255 362.635 186.255 362.635 252.834 341.676 252.834
342.075 185.786 362.951 185.786 362.951 252.190 342.075 252.190
342.093 186.152 362.978 186.152 362.978 251.960 342.093 251.960
342.301 186.692 363.056 186.692 363.056 252.229 342.301 252.229
341.822 187.753 362.412 187.753 362.412 253.224 341.822 253.224
342.753 188.342 363.263 188.342 363.263 253.529 342.753 253.529
342.738 189.167 363.079 189.167 363.079 254.231 342.738 254.231
342.630 189.574 363.032 189.574 363.032 253.950 342.630 253.950
342.817 189.052 363.149 189.052 363.149 252.807 342.817 252.807
342.735 189.450 362.998 189.450 362.998 252.963 342.735 252.963
342.276 190.201 362.477 190.201 362.477 253.522 342.276 253.522
341.925 191.734 362.148 191.734 362.148 254.990 341.925 254.990
342.021 191.817 362.207 191.817 362.207 254.457 342.021 254.457
341.106 192.507 361.292 192.507 361.292 254.731 341.106 254.731
340.790 193.909 360.873 193.909 360.873 256.000 340.790 256.000
340.327 194.417 360.417 194.417 360.417 256.079 340.327 256.079
340.138 194.575 360.243 194.575 360.243 256.025 340.138 256.025
340.082 195.695 360.193 195.695 360.193 257.100 340.082 257.100
339.717 195.736 359.917 195.736 359.917 256.798 339.717 256.798
339.210 195.645 359.504 195.645 359.504 256.422 339.210 256.422
339.041 193.916 359.317 193.916 359.317 254.483 339.041 254.483
337.931 193.829 358.115 193.829 358.115 254.456 337.931 254.456
337.695 193.744 357.805 193.744 357.805 254.664 337.695 254.664
337.900 194.373 358.041 194.373 358.041 255.469 337.900 255.469
337.592 195.231 357.903 195.231 357.903 256.478 337.592 256.478
336.831 195.741 357.324 195.741 357.324 256.828 336.831 256.828
337.295 195.460 357.764 195.460 357.764 256.515 337.295 256.515
336.859 196.069 357.267 196.069 357.267 257.049 336.859 257.049
336.143 192.867 356.627 192.867 356.627 253.714 336.143 253.714
335.619 194.824 356.265 194.824 356.265 255.289 335.619 255.289
334.787 196.043 355.495 196.043 355.495 256.346 334.787 256.346
334.907 198.542 355.559 198.542 355.559 258.649 334.907 258.649
334.248 198.417 354.980 198.417 354.980 258.063 334.248 258.063
333.367 199.923 354.142 199.923 354.142 259.034 333.367 259.034
333.474 200.495 354.323 200.495 354.323 258.981 333.474 258.981
331.990 201.357 353.019 201.357 353.019 259.249 331.990 259.249
331.547 203.266 352.676 203.266 352.676 261.264 331.547 261.264
331.700 202.590 352.638 202.590 352.638 260.331 331.700 260.331
330.052 202.027 350.876 202.027 350.876 259.715 330.052 259.715
330.119 201.984 350.881 201.984 350.881 259.601 330.119 259.601
329.610 201.188 350.216 201.188 350.216 258.765 329.610 258.765
329.426 201.365 350.092 201.365 350.092 258.917 329.426 258.917
328.561 201.839 349.246 201.839 349.246 259.659 328.561 259.659
328.098 201.558 348.706 201.558 348.706 259.573 328.098 259.573
328.225 202.602 348.731 202.602 348.731 260.798 328.225 260.798
327.562 203.415 347.939 203.415 347.939 261.745 327.562 261.745
327.736 203.379 348.151 203.379 348.151 261.578 327.736 261.578
326.473 203.360 347.019 203.360 347.019 261.212 326.473 261.212
325.139 203.454 345.721 203.454 345.721 261.025 325.139 261.025
325.184 203.769 345.574 203.769 345.574 261.357 325.184 261.357
324.712 205.359 345.224 205.359 345.224 262.896 324.712 262.896
324.262 206.348 344.700 206.348 344.700 263.771 324.262 263.771
323.669 206.525 344.214 206.525 344.214 264.026 323.669 264.026
322.937 206.595 343.409 206.595 343.409 264.036 322.937 264.036
322.408 206.830 342.868 206.830 342.868 264.156 322.408 264.156
321.865 207.584 342.373 207.584 342.373 265.127 321.865 265.127
321.190 208.184 341.709 208.184 341.709 265.885 321.190 265.885
320.273 207.278 340.636 207.278 340.636 264.975 320.273 264.975
320.481 207.222 340.593 207.222 340.593 265.081 320.481 265.081
319.570 206.992 339.724 206.992 339.724 264.981 319.570 264.981
318.971 207.667 339.100 207.667 339.100 265.679 318.971 265.679
318.683 207.413 338.764 207.413 338.764 265.767 318.683 265.767
318.151 206.849 338.232 206.849 338.232 265.428 318.151 265.428
317.736 208.569 337.765 208.569 337.765 267.683 317.736 267.683
317.921 207.824 337.825 207.824 337.825 267.318 317.921 267.318
317.434 208.415 337.375 208.415 337.375 267.908 317.434 267.908
317.621 207.692 337.521 207.692 337.521 267.229 317.621 267.229
316.533 207.514 336.516 207.514 336.516 267.145 316.533 267.145
315.971 207.960 335.953 207.960 335.953 267.500 315.971 267.500
315.285 208.183 335.175 208.183 335.175 267.586 315.285 267.586
315.016 209.133 334.839 209.133 334.839 268.683 315.016 268.683
314.635 210.780 334.508 210.780 334.508 270.344 314.635 270.344
313.631 209.922 333.509 209.922 333.509 269.611 313.631 269.611
313.830 210.691 333.642 210.691 333.642 270.424 313.830 270.424
312.654 210.928 332.525 210.928 332.525 270.766 312.654 270.766
312.409 211.145 332.207 211.145 332.207 271.235 312.409 271.235
312.198 210.407 332.161 210.407 332.161 270.764 312.198 270.764
312.071 209.808 331.979 209.808 331.979 270.504 312.071 270.504
311.788 209.039 331.745 209.039 331.745 269.929 311.788 269.929
311.724 207.821 331.555 207.821 331.555 269.241 311.724 269.241
311.742 207.757 331.599 207.757 331.599 269.482 311.742 269.482
311.316 207.444 331.308 207.444 331.308 269.663 311.316 269.663
311.235 207.190 331.307 207.190 331.307 269.770 311.235 269.770
312.037 207.112 332.068 207.112 332.068 270.383 312.037 270.383
311.708 208.593 331.764 208.593 331.764 272.234 311.708 272.234
310.666 210.030 330.972 210.030 330.972 273.657 310.666 273.657
310.929 210.632 331.243 210.632 331.243 274.323 310.929 274.323
310.418 210.483 330.868 210.483 330.868 273.835 310.418 273.835
309.654 212.459 330.261 212.459 330.261 275.890 309.654 275.890
309.102 213.891 329.747 213.891 329.747 277.516 309.102 277.516
309.282 214.575 329.922 214.575 329.922 278.218 309.282 278.218
308.274 214.325 328.947 214.325 328.947 277.906 308.274 277.906
307.183 213.350 327.885 213.350 327.885 277.089 307.183 277.089
307.039 213.804 327.830 213.804 327.830 277.147 307.039 277.147
306.933 214.248 327.710 214.248 327.710 277.463 306.933 277.463
306.361 215.490 327.292 215.490 327.292 278.856 306.361 278.856
305.563 215.173 326.448 215.173 326.448 278.725 305.563 278.725
305.162 214.414 325.909 214.414 325.909 278.244 305.162 278.244
304.674 210.798 325.485 210.798 325.485 274.800 304.674 274.800
304.097 209.868 324.782 209.868 324.782 274.280 304.097 274.280
303.350 209.590 324.023 209.590 324.023 274.857 303.350 274.857
303.309 209.833 324.153 209.833 324.153 275.720 303.309 275.720
302.645 211.345 323.582 211.345 323.582 277.966 302.645 277.966
302.076 211.244 323.224 211.244 323.224 278.336 302.076 278.336
300.642 211.641 321.903 211.641 321.903 278.999 300.642 278.999
300.370 211.911 321.705 211.911 321.705 279.579 300.370 279.579
300.576 212.256 321.838 212.256 321.838 280.377 300.576 280.377
299.960 211.465 321.353 211.465 321.353 279.925 299.960 279.925
298.705 211.498 320.138 211.498 320.138 280.126 298.705 280.126
297.963 210.768 319.393 210.768 319.393 279.504 297.963 279.504
296.582 212.500 318.189 212.500 318.189 281.575 296.582 281.575
296.770 213.004 318.405 213.004 318.405 282.443 296.770 282.443
296.188 213.400 317.756 213.400 317.756 283.161 296.188 283.161
295.508 214.199 317.242 214.199 317.242 284.095 295.508 284.095
294.040 215.679 316.056 215.679 316.056 285.732 294.040 285.732
293.668 216.297 315.843 216.297 315.843 286.438 293.668 286.438
292.001 215.146 314.565 215.146 314.565 284.656 292.001 284.656
291.411 214.192 314.165 214.192 314.165 283.409 291.411 283.409
289.980 212.925 312.838 212.925 312.838 282.259 289.980 282.259
289.577 214.404 312.582 214.404 312.582 284.066 289.577 284.066
289.089 214.188 311.995 214.188 311.995 284.059 289.089 284.059
288.338 215.053 311.327 215.053 311.327 285.060 288.338 285.060
287.249 215.320 310.320 215.320 310.320 285.591 287.249 285.591
286.953 215.319 309.963 215.319 309.963 285.855 286.953 285.855
286.307 214.980 309.392 214.980 309.392 285.494 286.307 285.494
285.551 215.875 308.838 215.875 308.838 286.407 285.551 286.407
284.493 216.320 307.867 216.320 307.867 287.161 284.493 287.161
283.136 216.920 306.407 216.920 306.407 288.145 283.136 288.145
282.447 218.309 305.781 218.309 305.781 289.267 282.447 289.267
281.361 217.942 304.811 217.942 304.811 288.798 281.361 288.798
280.564 217.904 303.865 217.904 303.865 289.054 280.564 289.054
279.838 218.342 303.293 218.342 303.293 289.652 279.838 289.652
278.328 218.911 301.930 218.911 301.930 290.193 278.328 290.193
276.674 218.684 300.458 218.684 300.458 289.955 276.674 289.955
275.394 218.993 299.313 218.993 299.313 290.652 275.394 290.652
273.886 219.442 297.848 219.442 297.848 291.892 273.886 291.892
272.987 220.474 296.921 220.474 296.921 293.450 272.987 293.450
272.165 218.745 296.122 218.745 296.122 291.647 272.165 291.647
271.670 217.471 295.754 217.471 295.754 290.302 271.670 290.302
271.470 215.272 295.844 215.272 295.844 287.939 271.470 287.939
270.452 216.083 294.897 216.083 294.897 289.100 270.452 289.100
269.917 216.603 294.345 216.603 294.345 290.014 269.917 290.014
269.555 219.293 294.169 219.293 294.169 292.940 269.555 292.940
268.881 218.554 293.528 218.554 293.528 292.562 268.881 292.562
267.937 220.462 292.580 220.462 292.580 295.061 267.937 295.061
266.558 222.424 291.304 222.424 291.304 297.277 266.558 297.277
266.178 222.425 291.010 222.425 291.010 297.188 266.178 297.188
264.842 223.748 289.700 223.748 289.700 298.470 264.842 298.470
264.737 224.404 289.736 224.404 289.736 299.027 264.737 299.027
263.728 224.676 288.673 224.676 288.673 299.332 263.728 299.332
263.218 225.797 288.300 225.797 288.300 300.727 263.218 300.727
262.676 224.411 287.869 224.411 287.869 299.219 262.676 299.219
260.279 225.022 285.520 225.022 285.520 299.961 260.279 299.961
259.930 226.080 285.239 226.080 285.239 301.327 259.930 301.327
258.400 225.778 283.743 225.778 283.743 301.188 258.400 301.188
258.126 225.566 283.494 225.566 283.494 301.599 258.126 301.599
257.694 225.219 283.191 225.219 283.191 301.489 257.694 301.489
256.910 224.633 282.501 224.633 282.501 300.939 256.910 300.939
255.858 224.710 281.406 224.710 281.406 301.292 255.858 301.292
255.575 224.321 281.232 224.321 281.232 300.858 255.575 300.858
254.414 225.539 280.116 225.539 280.116 302.202 254.414 302.202
253.661 226.150 279.440 226.150 279.440 302.766 253.661 302.766
252.356 226.640 278.251 226.640 278.251 302.933 252.356 302.933
251.806 228.427 277.558 228.427 277.558 305.023 251.806 305.023
251.196 229.044 276.932 229.044 276.932 305.496 251.196 305.496
250.221 227.869 275.836 227.869 275.836 304.264 250.221 304.264
249.940 228.503 275.579 228.503 275.579 305.136 249.940 305.136
248.784 229.137 274.260 229.137 274.260 305.657 248.784 305.657
247.847 229.596 273.195 229.596 273.195 306.303 247.847 306.303
246.988 229.039 272.234 229.039 272.234 306.095 246.988 306.095
245.750 230.583 271.050 230.583 271.050 307.590 245.750 307.590
244.975 229.209 270.464 229.209 270.464 306.436 244.975 306.436
243.890 228.898 269.453 228.898 269.453 306.344 243.890 306.344
243.124 228.994 268.806 228.994 268.806 306.916 243.124 306.916
242.577 229.357 268.290 229.357 268.290 307.680 242.577 307.680
241.602 231.666 267.132 231.666 267.132 310.317 241.602 310.317
241.089 230.202 266.421 230.202 266.421 308.900 241.089 308.900
240.687 230.649 265.902 230.649 265.902 309.465 240.687 309.465
239.446 229.205 264.768 229.205 264.768 307.381 239.446 307.381
239.881 229.958 265.103 229.958 265.103 308.072 239.881 308.072
239.650 230.042 264.924 230.042 264.924 307.956 239.650 307.956
237.977 229.474 263.445 229.474 263.445 306.983 237.977 306.983
238.163 231.146 263.704 231.146 263.704 308.657 238.163 308.657
237.213 231.495 262.854 231.495 262.854 308.759 237.213 308.759
236.364 232.483 262.136 232.483 262.136 309.381 236.364 309.381
236.355 233.079 262.157 233.079 262.157 309.874 236.355 309.874
234.571 233.999 260.273 233.999 260.273 311.128 234.571 311.128
233.953 235.238 259.570 235.238 259.570 312.319 233.953 312.319
233.283 235.099 258.876 235.099 258.876 312.395 233.283 312.395
231.935 235.802 257.526 235.802 257.526 313.209 231.935 313.209
231.245 235.919 256.782 235.919 256.782 313.628 231.245 313.628
230.658 236.362 256.297 236.362 256.297 314.250 230.658 314.250
229.620 235.896 255.424 235.896 255.424 313.942 229.620 313.942
228.634 235.986 254.565 235.986 254.565 313.754 228.634 313.754
227.425 236.328 253.409 236.328 253.409 313.994 227.425 313.994
226.895 237.946 252.832 237.946 252.832 315.413 226.895 315.413
226.563 239.066 252.534 239.066 252.534 316.616 226.563 316.616
224.971 239.132 250.886 239.132 250.886 316.634 224.971 316.634
224.833 239.183 250.606 239.183 250.606 316.296 224.833 316.296
224.707 239.640 250.476 239.640 250.476 316.468 224.707 316.468
222.701 240.721 248.915 240.721 248.915 316.740 222.701 316.740
221.928 239.357 248.328 239.357 248.328 314.751 221.928 314.751
221.269 239.943 247.762 239.943 247.762 314.703 221.269 314.703
221.190 241.863 247.730 241.863 247.730 316.463 221.190 316.463
220.615 242.985 246.871 242.985 246.871 318.110 220.615 318.110
219.727 242.143 245.741 242.143 245.741 317.833 219.727 317.833
218.471 242.529 244.358 242.529 244.358 318.613 218.471 318.613
217.256 243.251 243.132 243.251 243.132 319.515 217.256 319.515
216.866 243.799 242.633 243.799 242.633 319.761 216.866 319.761
216.150 242.700 241.815 242.700 241.815 318.738 216.150 318.738
215.122 243.190 240.797 243.190 240.797 319.304 215.122 319.304
213.918 245.249 239.560 245.249 239.560 321.601 213.918 321.601
212.921 244.269 238.657 244.269 238.657 320.550 212.921 320.550
211.862 243.026 237.697 243.026 237.697 319.387 211.862 319.387
210.503 243.339 236.298 243.339 236.298 319.787 210.503 319.787
209.154 245.117 234.931 245.117 234.931 321.615 209.154 321.615
208.753 246.591 234.573 246.591 234.573 323.186 208.753 323.186
207.410 247.792 233.215 247.792 233.215 324.281 207.410 324.281
206.483 247.829 232.224 247.829 232.224 323.905 206.483 323.905
205.450 247.082 231.180 247.082 231.180 322.641 205.450 322.641
203.940 247.479 229.639 247.479 229.639 322.754 203.940 322.754
203.430 248.087 228.981 248.087 228.981 322.882 203.430 322.882
202.426 251.428 227.946 251.428 227.946 325.937 202.426 325.937
201.801 252.719 227.208 252.719 227.208 327.716 201.801 327.716
200.664 252.568 226.198 252.568 226.198 327.442 200.664 327.442
198.794 253.477 224.562 253.477 224.562 328.027 198.794 328.027
197.007 254.359 222.585 254.359 222.585 329.008 197.007 329.008
195.762 254.640 221.259 254.640 221.259 329.358 195.762 329.358
193.545 256.261 219.177 256.261 219.177 331.027 193.545 331.027
192.764 256.533 218.412 256.533 218.412 331.472 192.764 331.472
191.861 258.249 217.672 258.249 217.672 333.129 191.861 333.129
187.381 259.972 213.154 259.972 213.154 335.207 187.381 335.207
186.841 258.237 212.826 258.237 212.826 333.051 186.841 333.051
186.267 258.680 212.321 258.680 212.321 333.513 186.267 333.513
184.701 258.365 210.773 258.365 210.773 333.223 184.701 333.223
183.302 258.876 209.268 258.876 209.268 334.050 183.302 334.050
182.085 258.637 207.942 258.637 207.942 334.141 182.085 334.141
180.981 254.897 206.726 254.897 206.726 330.463 180.981 330.463
177.526 252.941 203.215 252.941 203.215 328.316 177.526 328.316
176.443 255.050 202.289 255.050 202.289 330.122 176.443 330.122
175.421 257.716 201.326 257.716 201.326 332.686 175.421 332.686
174.981 258.255 200.884 258.255 200.884 333.273 174.981 333.273
173.489 259.096 199.435 259.096 199.435 334.098 173.489 334.098
172.401 259.623 198.136 259.623 198.136 334.889 172.401 334.889
168.379 259.965 193.978 259.965 193.978 335.260 168.379 335.260
167.519 259.361 193.097 259.361 193.097 334.465 167.519 334.465
166.556 260.744 192.090 260.744 192.090 336.062 166.556 336.062
164.925 262.345 190.656 262.345 190.656 337.855 164.925 337.855
163.563 261.889 189.609 261.889 189.609 337.581 163.563 337.581
162.177 262.129 188.495 262.129 188.495 338.011 162.177 338.011
160.686 261.325 187.315 261.325 187.315 337.308 160.686 337.308
158.465 262.238 185.256 262.238 185.256 338.264 158.465 338.264
157.055 261.834 184.005 261.834 184.005 338.419 157.055 338.419
155.777 262.049 182.783 262.049 182.783 339.220 155.777 339.220
154.794 261.724 181.738 261.724 181.738 339.443 154.794 339.443
153.913 262.482 180.848 262.482 180.848 340.871 153.913 340.871
153.046 261.882 180.087 261.882 180.087 340.169 153.046 340.169
151.909 262.673 178.715 262.673 178.715 341.416 151.909 341.416
151.530 262.980 178.416 262.980 178.416 341.760 151.530 341.760
150.362 265.116 177.203 265.116 177.203 344.278 150.362 344.278
149.146 265.026 175.893 265.026 175.893 344.363 149.146 344.363
148.061 267.067 174.818 267.067 174.818 346.626 148.061 346.626
146.882 267.100 173.702 267.100 173.702 346.848 146.882 346.848
145.764 268.185 172.595 268.185 172.595 348.118 145.764 348.118
145.393 268.328 172.297 268.328 172.297 348.028 145.393 348.028
144.165 269.464 171.117 269.464 171.117 349.384 144.165 349.384
142.727 269.780 170.012 269.780 170.012 349.063 142.727 349.063
141.425 270.409 169.041 270.409 169.041 349.491 141.425 349.491
140.222 271.554 168.023 271.554 168.023 350.792 140.222 350.792
139.233 273.907 167.126 273.907 167.126 353.548 139.233 353.548
137.692 276.000 165.816 276.000 165.816 355.891 137.692 355.891
136.552 277.180 164.636 277.180 164.636 357.499 136.552 357.499
135.474 276.543 163.619 276.543 163.619 356.811 135.474 356.811
134.063 277.879 162.265 277.879 162.265 357.986 134.063 357.986
132.988 278.484 161.112 278.484 161.112 358.703 132.988 358.703
132.219 277.236 160.141 277.236 160.141 357.986 132.219 357.986
131.725 275.499 159.506 275.499 159.506 356.403 131.725 356.403
131.464 275.609 159.175 275.609 159.175 356.465 131.464 356.465
131.015 274.845 158.992 274.845 158.992 355.094 131.015 355.094
130.205 276.961 158.323 276.961 158.323 357.100 130.205 357.100
129.551 279.120 157.515 279.120 157.515 359.444 129.551 359.444
129.045 279.897 157.003 279.897 157.003 359.954 129.045 359.954
128.723 280.515 156.719 280.515 156.719 360.275 128.723 360.275
128.092 281.921 156.171 281.921 156.171 361.402 128.092 361.402
126.291 282.073 154.332 282.073 154.332 361.673 126.291 361.673
125.283 281.724 153.013 281.724 153.013 361.262 125.283 361.262
123.754 283.213 151.705 283.213 151.705 362.719 123.754 362.719
122.399 283.799 150.470 283.799 150.470 363.234 122.399 363.234
121.083 284.344 149.298 284.344 149.298 364.439 121.083 364.439
120.610 284.886 148.952 284.886 148.952 365.565 120.610 365.565
119.238 286.769 147.681 286.769 147.681 367.533 119.238 367.533
117.531 288.268 146.364 288.268 146.364 368.383 117.531 368.383
115.502 289.905 144.720 289.905 144.720 369.244 115.502 369.244
114.556 289.167 143.779 289.167 143.779 368.175 114.556 368.175
113.180 288.652 142.157 288.652 142.157 367.752 113.180 367.752
111.578 288.242 140.338 288.242 140.338 367.732 111.578 367.732
109.166 285.052 137.753 285.052 137.753 364.046 109.166 364.046
108.182 285.591 136.566 285.591 136.566 364.342 108.182 364.342
106.615 286.379 134.971 286.379 134.971 365.130 106.615 365.130
104.910 287.862 133.159 287.862 133.159 366.589 104.910 366.589
104.027 289.254 132.036 289.254 132.036 368.101 104.027 368.101
102.747 291.236 130.510 291.236 130.510 370.450 102.747 370.450
101.632 291.947 129.525 291.947 129.525 371.430 101.632 371.430
96.899 291.098 124.784 291.098 124.784 370.509 96.899 370.509
95.997 289.870 123.915 289.870 123.915 368.756 95.997 368.756
95.476 297.824 123.347 297.824 123.347 376.893 95.476 376.893
94.544 299.254 122.742 299.254 122.742 378.024 94.544 378.024
93.403 299.671 121.896 299.671 121.896 378.507 93.403 378.507
92.733 299.357 121.408 299.357 121.408 378.001 92.733 378.001
87.379 299.444 115.895 299.444 115.895 378.475 87.379 378.475
88.025 301.391 116.493 301.391 116.493 380.442 88.025 380.442
87.356 302.154 116.078 302.154 116.078 380.709 87.356 380.709
86.415 304.022 115.415 304.022 115.415 382.462 86.415 382.462
85.286 302.534 114.132 302.534 114.132 381.321 85.286 381.321
84.019 301.509 112.883 301.509 112.883 380.208 84.019 380.208
82.753 301.537 111.375 301.537 111.375 379.386 82.753 379.386
80.670 301.498 109.184 301.498 109.184 378.951 80.670 378.951
79.391 301.474 107.713 301.474 107.713 378.804 79.391 378.804
78.557 306.922 106.781 306.922 106.781 383.774 78.557 383.774
78.434 307.765 106.490 307.765 106.490 384.126 78.434 384.126
77.627 306.999 105.454 306.999 105.454 383.221 77.627 383.221
71.522 304.994 99.118 304.994 99.118 381.344 71.522 381.344
71.553 305.489 99.102 305.489 99.102 381.815 71.553 381.815
70.730 306.195 98.334 306.195 98.334 382.741 70.730 382.741
64.656 306.034 92.142 306.034 92.142 382.664 64.656 382.664
64.225 307.504 91.865 307.504 91.865 384.150 64.225 384.150
77.766 310.633 105.201 310.633 105.201 386.952 77.766 386.952
116.894 303.107 144.408 303.107 144.408 379.058 116.894 379.058
137.869 310.754 164.933 310.754 164.933 387.170 137.869 387.170
158.556 308.292 185.778 308.292 185.778 384.066 158.556 384.066
179.869 313.563 206.791 313.563 206.791 389.331 179.869 389.331
219.754 311.026 246.673 311.026 246.673 386.623 219.754 386.623
239.918 314.601 266.961 314.601 266.961 389.489 239.918 389.489
255.550 311.341 282.399 311.341 282.399 386.575 255.550 386.575
257.237 307.333 283.772 307.333 283.772 383.037 257.237 383.037
255.103 313.132 281.468 313.132 281.468 389.753 255.103 389.753
251.564 313.419 278.060 313.419 278.060 390.049 251.564 390.049
250.570 317.666 277.190 317.666 277.190 394.132 250.570 394.132
248.162 316.831 274.931 316.831 274.931 392.904 248.162 392.904
245.509 319.380 272.450 319.380 272.450 395.123 245.509 395.123
240.998 319.772 267.752 319.772 267.752 395.294 240.998 395.294
239.577 318.514 266.548 318.514 266.548 393.483 239.577 393.483
238.014 318.457 265.024 318.457 265.024 393.656 238.014 393.656
232.117 317.959 259.361 317.959 259.361 392.587 232.117 392.587
226.512 317.756 253.769 317.756 253.769 391.747 226.512 391.747
226.802 317.732 254.213 317.732 254.213 391.896 226.802 391.896
226.248 318.428 253.530 318.428 253.530 393.018 226.248 393.018
220.422 320.121 247.713 320.121 247.713 395.422 220.422 395.422
219.201 323.050 246.933 323.050 246.933 398.238 219.201 398.238
217.675 324.478 245.450 324.478 245.450 400.077 217.675 400.077
213.363 323.261 240.937 323.261 240.937 398.510 213.363 398.510
212.923 324.518 240.545 324.518 240.545 399.622 212.923 399.622
211.381 328.363 238.789 328.363 238.789 403.472 211.381 403.472
207.789 323.658 234.694 323.658 234.694 398.668 207.789 398.668
206.071 323.988 232.937 323.988 232.937 399.219 206.071 399.219
204.362 328.189 230.842 328.189 230.842 403.688 204.362 403.688
202.950 329.490 229.468 329.490 229.468 405.312 202.950 405.312
201.920 331.910 228.575 331.910 228.575 407.786 201.920 407.786
197.435 331.223 223.992 331.223 223.992 406.853 197.435 406.853
192.879 330.255 219.389 330.255 219.389 405.485 192.879 405.485
192.321 330.156 218.911 330.156 218.911 405.621 192.321 405.621
191.178 328.963 218.044 328.963 218.044 404.695 191.178 404.695
185.153 329.830 212.057 329.830 212.057 405.437 185.153 405.437
184.029 330.833 211.198 330.833 211.198 406.162 184.029 406.162
178.076 333.647 205.144 333.647 205.144 408.908 178.076 408.908
177.467 336.271 204.451 336.271 204.451 411.657 177.467 411.657
175.910 337.903 203.027 337.903 203.027 413.409 175.910 413.409
174.976 338.674 202.273 338.674 202.273 414.320 174.976 414.320
170.497 339.005 197.543 339.005 197.543 414.799 170.497 414.799
171.016 338.489 198.142 338.489 198.142 413.965 171.016 413.965
169.714 340.144 196.946 340.144 196.946 415.369 169.714 415.369
169.317 339.346 196.189 339.346 196.189 415.187 169.317 415.187
168.287 341.159 194.980 341.159 194.980 416.691 168.287 416.691
163.784 340.625 190.376 340.625 190.376 415.895 163.784 415.895
164.268 342.531 190.647 342.531 190.647 417.373 164.268 417.373
164.272 345.483 190.373 345.483 190.373 420.305 164.272 420.305
163.853 347.084 189.669 347.084 189.669 421.579 163.853 421.579
159.227 345.062 184.855 345.062 184.855 419.785 159.227 419.785
159.228 348.182 184.712 348.182 184.712 422.873 159.228 422.873
158.515 347.608 184.049 347.608 184.049 422.468 158.515 422.468
157.454 347.346 183.278 347.346 183.278 422.536 157.454 422.536
151.917 346.656 177.815 346.656 177.815 422.065 151.917 422.065
151.374 347.442 177.349 347.442 177.349 423.515 151.374 423.515
151.119 347.619 177.384 347.619 177.384 424.077 151.119 424.077
145.271 350.018 171.470 350.018 171.470 426.953 145.271 426.953
140.370 353.042 166.260 353.042 166.260 429.804 140.370 429.804
141.157 352.187 167.372 352.187 167.372 428.743 141.157 428.743
141.064 350.643 167.893 350.643 167.893 426.667 141.064 426.667
140.192 356.537 167.636 356.537 167.636 431.618 140.192 431.618
139.113 356.144 166.768 356.144 166.768 431.401 139.113 431.401
138.480 355.385 166.034 355.385 166.034 431.385 138.480 431.385
132.906 352.584 160.470 352.584 160.470 428.502 132.906 428.502
133.114 355.600 160.541 355.600 160.541 431.347 133.114 431.347
132.556 361.432 159.545 361.432 159.545 437.579 132.556 437.579
131.062 362.867 157.811 362.867 157.811 439.180 131.062 439.180
130.036 366.895 156.773 366.895 156.773 442.955 130.036 442.955
128.819 366.966 155.326 366.966 155.326 443.449 128.819 443.449
124.198 363.234 150.597 363.234 150.597 439.543 124.198 439.543
123.480 361.174 149.898 361.174 149.898 437.999 123.480 437.999
121.558 360.628 148.443 360.628 148.443 437.563 121.558 437.563
119.384 359.561 146.662 359.561 146.662 436.443 119.384 436.443
112.773 360.232 139.948 360.232 139.948 437.697 112.773 437.697
107.108 362.281 134.002 362.281 134.002 439.905 107.108 439.905
106.318 363.519 133.117 363.519 133.117 441.419 106.318 441.419
100.248 369.201 127.021 369.201 127.021 446.715 100.248 446.715
99.429 369.140 126.406 369.140 126.406 446.743 99.429 446.743
99.155 368.655 126.274 368.655 126.274 446.531 99.155 446.531
94.366 372.951 121.231 372.951 121.231 450.249 94.366 450.249
95.292 369.489 122.384 369.489 122.384 446.263 95.292 446.263
95.592 368.076 123.124 368.076 123.124 444.401 95.592 444.401
95.230 369.415 123.084 369.415 123.084 445.293 95.230 445.293
