468.000 182.000 496.000 182.000 496.000 242.000 468.000 242.000
468.726 183.545 496.786 183.545 496.786 243.277 468.726 243.277
468.426 182.435 496.969 182.435 496.969 241.593 468.426 241.593
467.789 183.565 496.412 183.565 496.412 242.848 467.789 242.848
468.625 183.754 497.314 183.754 497.314 243.205 468.625 243.205
468.227 184.446 497.164 184.446 497.164 243.802 468.227 243.802
468.325 185.049 497.344 185.049 497.344 244.519 468.325 244.519
467.498 183.833 496.716 183.833 496.716 243.303 467.498 243.303
468.668 186.114 497.942 186.114 497.942 245.717 468.668 245.717
467.717 185.745 497.197 185.745 497.197 245.813 467.717 245.813
467.797 184.449 497.434 184.449 497.434 244.826 467.797 244.826
465.451 187.137 495.227 187.137 495.227 247.452 465.451 247.452
466.600 185.302 496.180 185.302 496.180 245.623 466.600 245.623
465.651 186.876 495.201 186.876 495.201 247.330 465.651 247.330
467.563 185.608 497.133 185.608 497.133 246.361 467.563 246.361
465.209 188.354 495.030 188.354 495.030 249.104 465.209 249.104
465.572 186.204 495.364 186.204 495.364 246.839 465.572 246.839
464.421 189.097 494.384 189.097 494.384 249.649 464.421 249.649
464.490 187.234 494.560 187.234 494.560 247.692 464.490 247.692
463.914 189.571 493.923 189.571 493.923 250.252 463.914 250.252
463.437 188.476 493.591 188.476 493.591 249.570 463.437 249.570
463.080 190.222 493.269 190.222 493.269 251.473 463.080 251.473
462.600 189.904 492.685 189.904 492.685 251.463 462.600 251.463
462.555 190.158 492.660 190.158 492.660 252.039 462.555 252.039
462.018 192.504 492.275 192.504 492.275 254.376 462.018 254.376
461.095 190.887 491.227 190.887 491.227 252.970 461.095 252.970
461.477 192.099 491.630 192.099 491.630 254.122 461.477 254.122
460.948 191.635 491.039 191.635 491.039 253.707 460.948 253.707
461.139 191.781 491.155 191.781 491.155 253.570 461.139 253.570
461.475 190.655 491.586 190.655 491.586 252.097 461.475 252.097
460.473 190.582 490.708 190.582 490.708 251.388 460.473 251.388
459.670 191.379 490.241 191.379 490.241 251.211 459.670 251.211
458.522 190.717 488.707 190.717 488.707 249.713 458.522 249.713
458.005 192.443 488.007 192.443 488.007 250.564 458.005 250.564
457.215 192.899 486.982 192.899 486.982 250.199 457.215 250.199
458.497 194.003 488.355 194.003 488.355 250.575 458.497 250.575
456.693 194.046 486.152 194.046 486.152 250.423 456.693 250.423
455.907 195.320 485.230 195.320 485.230 251.352 455.907 251.352
455.052 195.971 484.537 195.971 484.537 251.790 455.052 251.790
455.041 197.869 484.649 197.869 484.649 253.607 455.041 253.607
454.665 197.410 484.063 197.410 484.063 254.079 454.665 254.079
453.876 199.997 483.096 199.997 483.096 257.282 453.876 257.282
453.679 198.112 482.976 198.112 482.976 255.971 453.679 255.971
452.943 199.407 482.328 199.407 482.328 258.123 452.943 258.123
452.382 200.190 482.067 200.190 482.067 259.078 452.382 259.078
451.940 199.610 481.842 199.610 481.842 259.022 451.940 259.022
451.006 199.891 480.989 199.891 480.989 259.909 451.006 259.909
450.312 200.088 480.356 200.088 480.356 260.419 450.312 260.419
449.760 199.338 480.053 199.338 480.053 260.061 449.760 260.061
448.918 199.788 479.420 199.788 479.420 260.920 448.918 260.920
448.030 198.947 478.581 198.947 478.581 260.807 448.030 260.807
447.191 198.621 477.868 198.621 477.868 260.838 447.191 260.838
446.460 200.302 477.170 200.302 477.170 262.982 446.460 262.982
445.610 198.072 476.423 198.072 476.423 261.483 445.610 261.483
445.969 197.448 476.525 197.448 476.525 261.763 445.969 261.763
445.444 198.423 475.920 198.423 475.920 263.106 445.444 263.106
444.463 197.908 474.743 197.908 474.743 263.457 444.463 263.457
443.909 198.125 474.093 198.125 474.093 264.362 443.909 264.362
443.728 197.532 474.011 197.532 474.011 264.484 443.728 264.484
443.309 197.995 473.752 197.995 473.752 265.339 443.309 265.339
442.907 198.318 473.601 198.318 473.601 265.883 442.907 265.883
444.071 198.696 474.708 198.696 474.708 266.355 444.071 266.355
442.587 198.004 473.428 198.004 473.428 266.403 442.587 266.403
441.162 198.926 472.582 198.926 472.582 267.661 441.162 267.661
439.879 199.447 471.603 199.447 471.603 268.622 439.879 268.622
438.703 199.209 470.623 199.209 470.623 268.711 438.703 268.711
438.567 199.771 470.577 199.771 470.577 269.646 438.567 269.646
438.190 199.349 470.537 199.349 470.537 269.346 438.190 269.346
437.808 200.840 470.312 200.840 470.312 271.440 437.808 271.440
437.522 202.253 469.942 202.253 469.942 272.786 437.522 272.786
436.962 203.032 469.289 203.032 469.289 273.523 436.962 273.523
436.450 202.599 468.863 202.599 468.863 273.605 436.450 273.605
436.107 201.440 468.576 201.440 468.576 272.796 436.107 272.796
435.712 202.927 468.324 202.927 468.324 274.885 435.712 274.885
434.979 203.102 467.524 203.102 467.524 275.717 434.979 275.717
434.757 203.955 467.513 203.955 467.513 276.704 434.757 276.704
433.888 204.010 466.666 204.010 466.666 277.317 433.888 277.317
433.020 202.785 465.962 202.785 465.962 276.611 433.020 276.611
432.855 204.319 466.123 204.319 466.123 278.194 432.855 278.194
432.547 204.889 466.057 204.889 466.057 278.928 432.547 278.928
431.238 204.423 464.925 204.423 464.925 279.017 431.238 279.017
429.845 205.949 463.906 205.949 463.906 281.261 429.845 281.261
430.470 205.918 464.395 205.918 464.395 281.917 430.470 281.917
429.547 205.009 463.572 205.009 463.572 281.532 429.547 281.532
428.558 205.569 462.704 205.569 462.704 282.778 428.558 282.778
427.805 206.546 462.356 206.546 462.356 283.918 427.805 283.918
427.004 206.157 461.912 206.157 461.912 283.755 427.004 283.755
425.873 205.811 461.131 205.811 461.131 283.960 425.873 283.960
424.480 207.703 460.087 207.703 460.087 285.751 424.480 285.751
423.945 208.429 459.627 208.429 459.627 286.513 423.945 286.513
422.787 208.915 458.657 208.915 458.657 287.468 422.787 287.468
422.402 208.764 458.288 208.764 458.288 287.802 422.402 287.802
421.672 209.248 457.696 209.248 457.696 288.787 421.672 288.787
421.017 207.990 457.023 207.990 457.023 288.447 421.017 288.447
420.826 207.989 456.979 207.989 456.979 289.123 420.826 289.123
420.395 209.232 456.742 209.232 456.742 290.789 420.395 290.789
419.860 208.329 456.346 208.329 456.346 290.172 419.860 290.172
419.553 209.784 455.814 209.784 455.814 291.789 419.553 291.789
418.736 211.309 455.384 211.309 455.384 293.553 418.736 293.553
417.036 211.488 453.859 211.488 453.859 293.778 417.036 293.778
416.675 211.905 453.905 211.905 453.905 294.113 416.675 294.113
415.927 212.261 453.301 212.261 453.301 294.793 415.927 294.793
414.974 212.897 452.552 212.897 452.552 295.626 414.974 295.626
413.967 213.395 451.559 213.395 451.559 296.653 413.967 296.653
413.323 215.220 451.000 215.220 451.000 298.588 413.323 298.588
413.197 216.247 450.982 216.247 450.982 299.446 413.197 299.446
412.982 216.138 450.807 216.138 450.807 299.693 412.982 299.693
411.977 217.543 449.742 217.543 449.742 301.407 411.977 301.407
411.291 217.223 449.004 217.223 449.004 301.118 411.291 301.118
409.749 216.277 447.564 216.277 447.564 300.233 409.749 300.233
404.323 216.685 442.195 216.685 442.195 300.595 404.323 300.595
404.504 219.527 442.202 219.527 442.202 303.772 404.504 303.772
404.069 217.972 441.486 217.972 441.486 302.658 404.069 302.658
402.274 218.419 439.992 218.419 439.992 302.664 402.274 302.664
400.701 218.680 438.797 218.680 438.797 302.598 400.701 302.598
399.412 219.323 437.737 219.323 437.737 303.215 399.412 303.215
398.755 221.097 437.197 221.097 437.197 305.013 398.755 305.013
399.212 224.065 437.174 224.065 437.174 307.741 399.212 307.741
397.510 226.014 435.243 226.014 435.243 308.950 397.510 308.950
396.375 225.658 434.089 225.658 434.089 308.338 396.375 308.338
395.411 227.659 433.398 227.659 433.398 310.124 395.411 310.124
393.559 227.005 431.826 227.005 431.826 309.071 393.559 309.071
392.220 227.402 431.095 227.402 431.095 308.986 392.220 308.986
387.568 231.094 426.463 231.094 426.463 312.443 387.568 312.443
386.206 232.400 425.246 232.400 425.246 313.488 386.206 313.488
384.863 233.344 423.945 233.344 423.945 314.232 384.863 314.232
384.494 234.049 423.036 234.049 423.036 315.114 384.494 315.114
383.378 234.586 421.450 234.586 421.450 315.813 383.378 315.813
382.309 234.577 419.901 234.577 419.901 315.659 382.309 315.659
380.653 234.433 418.198 234.433 418.198 315.396 380.653 315.396
379.945 236.401 417.399 236.401 417.399 317.055 379.945 317.055
378.007 236.509 415.468 236.509 415.468 317.042 378.007 317.042
377.057 238.263 414.425 238.263 414.425 319.074 377.057 319.074
376.970 238.409 414.383 238.409 414.383 319.079 376.970 319.079
375.470 239.864 412.970 239.864 412.970 320.900 375.470 320.900
374.391 240.617 411.943 240.617 411.943 321.513 374.391 321.513
373.189 240.826 410.932 240.826 410.932 321.990 373.189 321.990
372.514 241.635 410.270 241.635 410.270 323.125 372.514 323.125
371.332 242.881 409.164 242.881 409.164 324.429 371.332 324.429
369.592 243.525 407.962 243.525 407.962 324.984 369.592 324.984
363.235 244.834 401.816 244.834 401.816 326.443 363.235 326.443
363.497 245.891 402.208 245.891 402.208 327.699 363.497 327.699
362.610 246.721 401.579 246.721 401.579 328.449 362.610 328.449
360.787 246.872 399.568 246.872 399.568 328.999 360.787 328.999
359.436 245.559 398.034 245.559 398.034 328.370 359.436 328.370
357.893 245.350 395.952 245.350 395.952 328.988 357.893 328.988
355.143 246.768 393.335 246.768 393.335 330.520 355.143 330.520
353.452 247.929 391.366 247.929 391.366 332.153 353.452 332.153
351.745 248.860 389.667 248.860 389.667 333.134 351.745 333.134
350.695 251.923 388.624 251.923 388.624 335.492 350.695 335.492
345.947 253.314 383.629 253.314 383.629 336.985 345.947 336.985
346.176 256.663 383.460 256.663 383.460 340.273 346.176 340.273
344.763 254.310 381.962 254.310 381.962 338.334 344.763 338.334
337.997 259.296 375.560 259.296 375.560 343.069 337.997 343.069
337.492 255.959 375.290 255.959 375.290 340.378 337.492 340.378
335.361 260.487 373.696 260.487 373.696 344.537 335.361 344.537
333.928 257.194 372.628 257.194 372.628 341.969 333.928 341.969
330.984 259.426 370.271 259.426 370.271 344.721 330.984 344.721
329.535 259.414 369.140 259.414 369.140 345.567 329.535 345.567
327.751 261.046 367.904 261.046 367.904 347.417 327.751 347.417
326.446 261.994 367.161 261.994 367.161 348.601 326.446 348.601
324.659 263.388 365.774 263.388 365.774 350.451 324.659 350.451
323.565 265.215 364.961 265.215 364.961 352.053 323.565 352.053
322.048 265.867 363.467 265.867 363.467 352.428 322.048 352.428
321.280 268.601 362.778 268.601 362.778 355.075 321.280 355.075
319.848 268.738 361.644 268.738 361.644 354.962 319.848 354.962
319.098 269.574 360.960 269.574 360.960 355.927 319.098 355.927
317.715 268.029 359.676 268.029 359.676 354.448 317.715 354.448
316.467 270.203 358.530 270.203 358.530 356.690 316.467 356.690
314.631 271.728 357.442 271.728 357.442 357.172 314.631 357.172
313.329 273.092 356.193 273.092 356.193 358.585 313.329 358.585
310.968 273.465 354.191 273.465 354.191 359.042 310.968 359.042
309.062 273.117 352.396 273.117 352.396 358.565 309.062 358.565
306.150 276.912 349.922 276.912 349.922 361.986 306.150 361.986
303.850 275.806 347.769 275.806 347.769 361.153 303.850 361.153
300.208 275.240 344.347 275.240 344.347 361.233 300.208 361.233
297.808 274.833 342.203 274.833 342.203 361.688 297.808 361.688
295.637 276.235 340.003 276.235 340.003 363.974 295.637 363.974
293.738 275.299 338.053 275.299 338.053 363.620 293.738 363.620
291.609 274.517 336.048 274.517 336.048 363.795 291.609 363.795
290.109 273.989 334.561 273.989 334.561 364.256 290.109 364.256
289.779 273.673 334.182 273.673 334.182 364.784 289.779 364.784
287.202 274.134 331.983 274.134 331.983 365.609 287.202 365.609
285.647 274.310 330.508 274.310 330.508 366.745 285.647 366.745
284.244 273.969 329.430 273.969 329.430 367.485 284.244 367.485
283.025 273.861 328.489 273.861 328.489 368.388 283.025 368.388
281.211 274.904 327.168 274.904 327.168 370.337 281.211 370.337
279.965 273.587 326.306 273.587 326.306 369.934 279.965 369.934
290.321 285.724 336.545 285.724 336.545 381.880 290.321 381.880
328.525 289.357 374.370 289.357 374.370 385.253 328.525 385.253
374.925 291.218 420.353 291.218 420.353 386.556 374.925 386.556
378.131 287.375 423.094 287.375 423.094 382.341 378.131 382.341
377.934 283.400 422.645 283.400 422.645 379.318 377.934 379.318
376.125 283.402 421.137 283.402 421.137 379.475 376.125 379.475
374.414 286.304 419.459 286.304 419.459 381.813 374.414 381.813
372.410 286.733 417.256 286.733 417.256 382.292 372.410 382.292
370.072 289.056 414.914 289.056 414.914 384.181 370.072 384.181
367.387 289.257 412.215 289.257 412.215 384.008 367.387 384.008
365.949 290.972 410.836 290.972 410.836 385.699 365.949 385.699
362.689 289.437 407.598 289.437 407.598 384.118 362.689 384.118
360.689 292.158 406.370 292.158 406.370 386.147 360.689 386.147
356.885 293.875 402.881 293.875 402.881 387.584 356.885 387.584
353.728 296.215 400.085 296.215 400.085 389.805 353.728 389.805
350.097 299.165 396.582 299.165 396.582 392.173 350.097 392.173
347.724 302.593 394.319 302.593 394.319 394.676 347.724 394.676
344.585 302.824 391.195 302.824 391.195 394.768 344.585 394.768
339.806 301.362 387.090 301.362 387.090 393.090 339.806 393.090
337.473 304.324 385.121 304.324 385.121 394.831 337.473 394.831
334.515 304.574 382.187 304.574 382.187 395.053 334.515 395.053
332.436 306.490 379.891 306.490 379.891 396.748 332.436 396.748
329.581 307.866 377.289 307.866 377.289 397.884 329.581 397.884
327.356 307.070 375.180 307.070 375.180 396.775 327.356 396.775
324.863 307.856 372.617 307.856 372.617 397.475 324.863 397.475
322.683 307.189 370.200 307.189 370.200 397.067 322.683 397.067
320.227 308.823 367.572 308.823 367.572 399.203 320.227 399.203
317.217 311.585 364.515 311.585 364.515 402.276 317.217 402.276
314.671 313.120 361.850 313.120 361.850 404.281 314.671 404.281
310.874 313.622 357.711 313.622 357.711 405.752 310.874 405.752
308.636 315.339 355.580 315.339 355.580 408.012 308.636 408.012
306.133 315.422 353.219 315.422 353.219 408.992 306.133 408.992
303.230 315.691 350.245 315.691 350.245 410.283 303.230 410.283
299.930 316.528 347.183 316.528 347.183 411.878 299.930 411.878
297.981 316.463 345.141 316.463 345.141 412.829 297.981 412.829
294.663 317.131 342.018 317.131 342.018 413.789 294.663 413.789
291.159 315.136 338.084 315.136 338.084 413.394 291.159 413.394
289.431 312.738 336.399 312.738 336.399 412.258 289.431 412.258
287.025 315.048 334.394 315.048 334.394 415.348 287.025 415.348
285.098 315.106 333.311 315.106 333.311 415.354 285.098 415.354
275.595 316.361 324.009 316.361 324.009 417.204 275.595 417.204
275.514 316.514 324.273 316.514 324.273 417.550 275.514 417.550
273.074 317.126 322.816 317.126 322.816 417.356 273.074 417.356
270.713 316.200 321.169 316.200 321.169 416.119 270.713 416.119
268.846 317.568 319.532 317.568 319.532 418.300 268.846 418.300
266.819 317.090 318.077 317.090 318.077 417.747 266.819 417.747
264.393 318.074 315.867 318.074 315.867 418.787 264.393 418.787
254.022 324.195 305.042 324.195 305.042 425.720 254.022 425.720
252.937 323.898 303.949 323.898 303.949 425.301 252.937 425.301
246.067 330.154 297.093 330.154 297.093 431.766 246.067 431.766
240.026 296.958 289.086 296.958 289.086 401.291 240.026 401.291
240.687 265.452 288.957 265.452 288.957 370.433 240.687 370.433
239.073 245.774 287.560 245.774 287.560 351.281 239.073 351.281
236.175 239.881 285.255 239.881 285.255 345.048 236.175 345.048
231.977 243.951 281.768 243.951 281.768 347.893 231.977 347.893
230.902 247.244 281.235 247.244 281.235 350.051 230.902 350.051
228.012 248.415 278.402 248.415 278.402 350.420 228.012 350.420
226.281 250.351 276.883 250.351 276.883 351.852 226.281 351.852
223.510 250.476 274.449 250.476 274.449 350.665 223.510 350.665
221.177 251.643 271.922 251.643 271.922 351.445 221.177 351.445
218.139 249.924 268.577 249.924 268.577 349.062 218.139 349.062
208.159 254.486 258.705 254.486 258.705 353.032 208.159 353.032
206.194 256.009 256.425 256.009 256.425 354.467 206.194 354.467
203.017 256.119 253.167 256.119 253.167 354.191 203.017 354.191
200.438 255.675 250.273 255.675 250.273 353.247 200.438 353.247
196.727 256.477 246.655 256.477 246.655 353.381 196.727 353.381
188.965 267.918 239.003 267.918 239.003 364.938 188.965 364.938
187.134 267.544 237.223 267.544 237.223 364.092 187.134 364.092
178.378 269.490 228.769 269.490 228.769 366.557 178.378 366.557
177.308 274.392 227.912 274.392 227.912 371.592 177.308 371.592
173.847 275.454 224.725 275.454 224.725 373.142 173.847 373.142
170.365 277.038 221.674 277.038 221.674 374.903 170.365 374.903
166.471 278.038 217.969 278.038 217.969 376.521 166.471 376.521
162.662 278.406 214.414 278.406 214.414 377.053 162.662 377.053
158.655 279.390 210.479 279.390 210.479 378.408 158.655 378.408
154.599 280.993 206.488 280.993 206.488 380.509 154.599 380.509
151.430 280.561 203.449 280.561 203.449 380.265 151.430 380.265
147.461 281.192 199.636 281.192 199.636 381.326 147.461 381.326
138.468 280.499 190.548 280.499 190.548 381.868 138.468 381.868
136.256 283.462 188.476 283.462 188.476 385.774 136.256 385.774
132.166 286.246 184.408 286.246 184.408 389.308 132.166 389.308
129.124 285.948 181.603 285.948 181.603 390.450 129.124 390.450
125.564 286.537 178.711 286.537 178.711 391.568 125.564 391.568
121.447 285.108 174.850 285.108 174.850 390.921 121.447 390.921
118.468 288.481 172.068 288.481 172.068 395.052 118.468 395.052
115.059 290.595 169.009 290.595 169.009 398.123 115.059 398.123
112.682 293.132 166.814 293.132 166.814 401.293 112.682 401.293
109.523 294.105 164.268 294.105 164.268 402.448 109.523 402.448
95.767 293.233 150.360 293.233 150.360 401.558 95.767 401.558
84.212 295.125 138.979 295.125 138.979 403.923 84.212 403.923
82.765 297.932 137.808 297.932 137.808 407.054 82.765 407.054
79.896 299.662 135.213 299.662 135.213 408.640 79.896 408.640
66.685 305.454 122.363 305.454 122.363 414.336 66.685 414.336
63.224 302.683 118.599 302.683 118.599 412.698 63.224 412.698
