488.000 224.000 517.000 224.000 517.000 313.000 488.000 313.000
490.047 223.063 519.464 223.063 519.464 311.687 490.047 311.687
490.179 222.961 519.840 222.961 519.840 311.448 490.179 311.448
491.383 222.983 521.587 222.983 521.587 310.906 491.383 310.906
491.329 221.914 521.733 221.914 521.733 309.801 491.329 309.801
492.433 222.030 522.928 222.030 522.928 310.335 492.433 310.335
493.342 220.792 524.030 220.792 524.030 309.615 493.342 309.615
495.694 220.888 526.634 220.888 526.634 310.086 495.694 310.086
496.296 219.542 527.384 219.542 527.384 309.238 496.296 309.238
497.607 219.779 528.831 219.779 528.831 309.969 497.607 309.969
498.159 218.578 529.496 218.578 529.496 309.107 498.159 309.107
499.023 217.712 530.521 217.712 530.521 308.613 499.023 308.613
500.802 217.925 532.348 217.925 532.348 309.127 500.802 309.127
500.646 216.554 532.413 216.554 532.413 307.752 500.646 307.752
502.856 218.339 534.569 218.339 534.569 309.286 502.856 309.286
502.834 217.126 534.545 217.126 534.545 308.112 502.834 308.112
504.707 216.182 536.369 216.182 536.369 307.278 504.707 307.278
506.662 217.089 538.467 217.089 538.467 308.125 506.662 308.125
508.389 217.446 540.082 217.446 540.082 308.745 508.389 308.745
509.796 215.355 541.226 215.355 541.226 307.655 509.796 307.655
511.813 214.966 543.213 214.966 543.213 307.284 511.813 307.284
511.265 215.156 542.656 215.156 542.656 307.315 511.265 307.315
512.637 216.568 544.142 216.568 544.142 308.106 512.637 308.106
513.576 215.556 545.313 215.556 545.313 306.557 513.576 306.557
514.684 215.967 546.556 215.967 546.556 306.053 514.684 306.053
514.840 216.603 546.891 216.603 546.891 305.880 514.840 305.880
515.653 216.347 547.516 216.347 547.516 305.429 515.653 305.429
517.231 216.818 548.902 216.818 548.902 305.697 517.231 305.697
517.831 217.711 549.375 217.711 549.375 306.377 517.831 306.377
518.447 217.110 549.833 217.110 549.833 305.887 518.447 305.887
518.882 214.239 550.122 214.239 550.122 302.918 518.882 302.918
521.189 212.607 552.403 212.607 552.403 301.572 521.189 301.572
522.404 212.512 553.198 212.512 553.198 302.077 522.404 302.077
523.979 212.586 554.392 212.586 554.392 302.861 523.979 302.861
525.232 212.283 555.548 212.283 555.548 302.689 525.232 302.689
526.093 210.034 556.256 210.034 556.256 301.001 526.093 301.001
528.023 210.809 558.172 210.809 558.172 301.787 528.023 301.787
528.776 210.688 558.811 210.688 558.811 301.703 528.776 301.703
529.921 209.450 559.863 209.450 559.863 300.279 529.921 300.279
531.413 210.087 561.335 210.087 561.335 300.815 531.413 300.815
532.716 210.887 562.515 210.887 562.515 301.587 532.716 301.587
534.110 210.010 563.749 210.010 563.749 301.046 534.110 301.046
536.681 210.736 566.139 210.736 566.139 301.901 536.681 301.901
537.045 208.114 566.430 208.114 566.430 299.176 537.045 299.176
538.015 209.204 567.376 209.204 567.376 300.100 538.015 300.100
538.724 208.212 568.153 208.212 568.153 298.401 538.724 298.401
539.178 208.703 568.756 208.703 568.756 298.437 539.178 298.437
539.916 209.144 569.728 209.144 569.728 298.026 539.916 298.026
541.017 210.072 570.769 210.072 570.769 298.319 541.017 298.319
542.584 211.117 572.349 211.117 572.349 298.971 542.584 298.971
543.573 211.411 573.739 211.411 573.739 298.420 543.573 298.420
543.552 206.195 574.942 206.195 574.942 291.004 543.552 291.004
542.804 205.986 575.322 205.986 575.322 289.034 542.804 289.034
542.969 214.235 575.892 214.235 575.892 296.486 542.969 296.486
543.642 214.426 577.074 214.426 577.074 295.415 543.642 295.415
549.369 214.164 583.886 214.164 583.886 293.697 549.369 293.697
548.639 214.575 584.130 214.575 584.130 292.707 548.639 292.707
549.578 214.507 584.984 214.507 584.984 292.624 549.578 292.624
549.547 214.067 585.368 214.067 585.368 291.647 549.547 291.647
549.294 214.693 585.278 214.693 585.278 291.701 549.294 291.701
550.383 214.073 586.521 214.073 586.521 290.521 550.383 290.521
552.769 211.214 588.422 211.214 588.422 288.251 552.769 288.251
555.707 208.698 590.319 208.698 590.319 286.515 555.707 286.515
558.599 209.845 592.192 209.845 592.192 288.892 558.599 288.892
560.706 206.151 593.547 206.151 593.547 286.117 560.706 286.117
563.571 206.611 595.796 206.611 595.796 287.499 563.571 287.499
565.055 206.377 596.693 206.377 596.693 288.089 565.055 288.089
567.114 206.852 597.920 206.852 597.920 290.000 567.114 290.000
568.124 207.284 598.419 207.284 598.419 291.662 568.124 291.662
569.808 206.863 599.472 206.863 599.472 292.193 569.808 292.193
570.024 206.098 599.286 206.098 599.286 291.645 570.024 291.645
572.772 205.045 601.810 205.045 601.810 290.678 572.772 290.678
573.719 205.225 602.718 205.225 602.718 290.519 573.719 290.519
574.776 203.570 603.711 203.570 603.711 288.641 574.776 288.641
576.765 205.226 605.613 205.226 605.613 289.871 576.765 289.871
577.005 205.008 605.775 205.008 605.775 289.439 577.005 289.439
578.528 205.256 607.214 205.256 607.214 289.380 578.528 289.380
578.966 204.353 607.357 204.353 607.357 288.722 578.966 288.722
580.130 204.325 608.480 204.325 608.480 288.844 580.130 288.844
581.721 202.278 609.847 202.278 609.847 287.419 581.721 287.419
582.714 201.744 610.767 201.744 610.767 287.179 582.714 287.179
584.314 201.402 612.411 201.402 612.411 287.050 584.314 287.050
585.605 201.705 613.548 201.705 613.548 287.665 585.605 287.665
587.607 200.879 615.097 200.879 615.097 287.620 587.607 287.620
589.330 200.296 616.630 200.296 616.630 287.358 589.330 287.358
590.858 201.094 618.051 201.094 618.051 288.041 590.858 288.041
592.060 199.490 618.970 199.490 618.970 287.019 592.060 287.019
586.674 197.948 613.997 197.948 613.997 284.717 586.674 284.717
564.308 196.414 591.731 196.414 591.731 283.113 564.308 283.113
550.706 196.508 578.691 196.508 578.691 282.338 550.706 282.338
529.325 195.925 557.370 195.925 557.370 281.930 529.325 281.930
513.666 195.797 542.218 195.797 542.218 281.441 513.666 281.441
496.241 195.859 525.311 195.859 525.311 281.262 496.241 281.262
480.171 197.529 509.301 197.529 509.301 283.183 480.171 283.183
485.605 200.736 514.723 200.736 514.723 286.008 485.605 286.008
484.000 200.755 513.114 200.755 513.114 286.046 484.000 286.046
486.785 198.835 515.958 198.835 515.958 283.812 486.785 283.812
487.583 199.448 517.095 199.448 517.095 284.195 487.583 284.195
487.682 198.504 517.323 198.504 517.323 282.711 487.682 282.711
490.680 197.858 520.402 197.858 520.402 281.292 490.680 281.292
490.540 200.965 520.138 200.965 520.138 284.220 490.540 284.220
492.431 199.136 521.849 199.136 521.849 282.001 492.431 282.001
493.553 198.595 522.860 198.595 522.860 282.071 493.553 282.071
494.754 198.585 523.718 198.585 523.718 282.919 494.754 282.919
497.019 197.403 525.815 197.403 525.815 282.379 497.019 282.379
497.182 196.476 525.591 196.476 525.591 281.647 497.182 281.647
500.576 195.236 528.699 195.236 528.699 281.109 500.576 281.109
501.225 194.290 529.409 194.290 529.409 280.534 501.225 280.534
503.319 193.571 531.316 193.571 531.316 281.103 503.319 281.103
505.321 192.727 533.286 192.727 533.286 280.821 505.321 280.821
506.153 192.809 534.270 192.809 534.270 280.373 506.153 280.373
508.311 192.321 536.703 192.321 536.703 279.397 508.311 279.397
509.741 194.633 538.373 194.633 538.373 280.897 509.741 280.897
511.168 194.219 539.817 194.219 539.817 279.902 511.168 279.902
512.233 194.775 540.740 194.775 540.740 280.669 512.233 280.669
513.790 194.817 542.269 194.817 542.269 280.471 513.790 280.471
515.438 194.834 543.848 194.834 543.848 279.923 515.438 279.923
506.327 194.749 535.313 194.749 535.313 278.813 506.327 278.813
482.742 194.262 511.826 194.262 511.826 278.603 482.742 278.603
466.730 196.044 496.636 196.044 496.636 279.294 466.730 279.294
448.966 196.637 479.219 196.637 479.219 279.731 448.966 279.731
426.173 196.856 456.842 196.856 456.842 279.485 426.173 279.485
409.807 197.200 440.870 197.200 440.870 279.314 409.807 279.314
387.100 196.131 418.392 196.131 418.392 277.657 387.100 277.657
371.322 195.979 402.685 195.979 402.685 277.329 371.322 277.329
354.511 197.537 385.893 197.537 385.893 278.736 354.511 278.736
344.426 198.074 375.619 198.074 375.619 279.580 344.426 279.580
345.477 197.946 376.715 197.946 376.715 278.930 345.477 278.930
347.376 196.351 378.254 196.351 378.254 277.322 347.376 277.322
347.008 196.766 377.421 196.766 377.421 278.237 347.008 278.237
350.307 197.546 380.583 197.546 380.583 279.639 350.307 279.639
350.596 196.532 380.624 196.532 380.624 278.094 350.596 278.094
353.579 198.939 383.212 198.939 383.212 280.713 353.579 280.713
353.618 195.989 382.934 195.989 382.934 277.398 353.618 277.398
355.380 195.704 384.408 195.704 384.408 277.090 355.380 277.090
356.456 196.150 385.145 196.150 385.145 277.652 356.456 277.652
356.604 195.050 385.216 195.050 385.216 276.206 356.604 276.206
358.441 196.260 386.797 196.260 386.797 277.271 358.441 277.271
359.889 196.827 388.107 196.827 388.107 277.607 359.889 277.607
361.553 196.061 389.673 196.061 389.673 276.731 361.553 276.731
363.822 196.579 391.854 196.579 391.854 277.011 363.822 277.011
364.238 197.927 392.140 197.927 392.140 278.421 364.238 278.421
366.639 197.465 394.522 197.465 394.522 277.661 366.639 277.661
366.162 196.509 394.022 196.509 394.022 276.096 366.162 276.096
367.249 197.715 395.496 197.715 395.496 276.068 367.249 276.068
367.525 198.514 396.341 198.514 396.341 275.699 367.525 275.699
368.454 198.446 397.386 198.446 397.386 274.931 368.454 274.931
369.987 199.151 398.926 199.151 398.926 275.313 369.987 275.313
369.624 198.975 398.485 198.975 398.485 274.849 369.624 274.849
370.940 200.182 399.537 200.182 399.537 276.054 370.940 276.054
370.849 199.082 399.435 199.082 399.435 274.501 370.849 274.501
371.907 199.204 400.358 199.204 400.358 274.612 371.907 274.612
371.808 198.221 400.142 198.221 400.142 273.409 371.808 273.409
372.329 197.282 400.566 197.282 400.566 272.244 372.329 272.244
372.288 195.004 400.448 195.004 400.448 269.866 372.288 269.866
374.241 196.185 402.053 196.185 402.053 272.228 374.241 272.228
374.095 196.932 401.845 196.932 401.845 273.162 374.095 273.162
375.602 196.116 403.342 196.116 403.342 272.218 375.602 272.218
375.144 196.603 402.660 196.603 402.660 273.230 375.144 273.230
376.423 194.768 403.938 194.768 403.938 271.071 376.423 271.071
376.401 194.531 403.780 194.531 403.780 271.004 376.401 271.004
377.930 194.075 405.065 194.075 405.065 271.057 377.930 271.057
379.063 194.188 406.140 194.188 406.140 271.107 379.063 271.107
379.920 194.279 406.775 194.279 406.775 271.388 379.920 271.388
380.324 194.649 407.128 194.649 407.128 271.641 380.324 271.641
381.706 193.058 408.438 193.058 408.438 270.081 381.706 270.081
381.741 193.196 408.526 193.196 408.526 270.109 381.741 270.109
382.475 193.347 409.152 193.347 409.152 269.987 382.475 269.987
382.852 193.322 409.396 193.322 409.396 269.703 382.852 269.703
382.913 193.157 409.486 193.157 409.486 269.234 382.913 269.234
384.074 193.347 410.779 193.347 410.779 268.893 384.074 268.893
384.129 194.051 410.759 194.051 410.759 269.577 384.129 269.577
383.821 193.410 410.302 193.410 410.302 268.763 383.821 268.763
383.794 193.580 410.287 193.580 410.287 268.644 383.794 268.644
384.114 193.789 410.553 193.789 410.553 268.829 384.114 268.829
384.874 193.751 411.370 193.751 411.370 268.317 384.874 268.317
384.301 192.187 410.628 192.187 410.628 266.571 384.301 266.571
384.586 191.654 410.982 191.654 410.982 265.696 384.586 265.696
384.710 191.653 411.145 191.653 411.145 265.288 384.710 265.288
385.607 190.089 412.013 190.089 412.013 263.973 385.607 263.973
386.178 191.099 412.660 191.099 412.660 265.046 386.178 265.046
386.739 189.860 413.242 189.860 413.242 264.057 386.739 264.057
387.180 189.791 413.749 189.791 413.749 264.036 387.180 264.036
387.993 190.397 414.637 190.397 414.637 264.491 387.993 264.491
388.344 189.047 414.839 189.047 414.839 263.154 388.344 263.154
389.162 190.105 415.556 190.105 415.556 264.202 389.162 264.202
389.789 190.337 416.107 190.337 416.107 264.528 389.789 264.528
390.565 189.224 416.799 189.224 416.799 263.436 390.565 263.436
391.410 190.942 417.641 190.942 417.641 265.244 391.410 265.244
392.047 189.227 418.178 189.227 418.178 263.295 392.047 263.295
393.224 189.703 419.368 189.703 419.368 263.571 393.224 263.571
392.792 189.875 418.906 189.875 418.906 263.480 392.792 263.480
393.100 189.979 419.039 189.979 419.039 263.498 393.100 263.498
394.057 188.851 419.859 188.851 419.859 262.238 394.057 262.238
394.059 188.885 419.880 188.885 419.880 262.014 394.059 262.014
395.444 189.066 421.052 189.066 421.052 262.427 395.444 262.427
394.102 188.335 419.585 188.335 419.585 261.876 394.102 261.876
394.697 187.800 420.078 187.800 420.078 261.356 394.697 261.356
393.961 189.129 419.300 189.129 419.300 262.650 393.961 262.650
394.404 187.943 419.692 187.943 419.692 261.216 394.404 261.216
393.321 187.406 418.604 187.406 418.604 260.586 393.321 260.586
394.106 187.971 419.322 187.971 419.322 261.081 394.106 261.081
393.241 187.783 418.500 187.783 418.500 260.705 393.241 260.705
393.634 186.166 418.988 186.166 418.988 259.005 393.634 259.005
393.393 188.416 418.771 188.416 418.771 261.346 393.393 261.346
393.559 186.156 418.880 186.156 418.880 259.184 393.559 259.184
394.164 185.779 419.539 185.779 419.539 258.811 394.164 258.811
393.843 186.561 419.259 186.561 419.259 259.527 393.843 259.527
393.477 186.903 418.871 186.903 418.871 259.581 393.477 259.581
393.280 185.661 418.515 185.661 418.515 258.088 393.280 258.088
393.854 185.753 418.964 185.753 418.964 258.166 393.854 258.166
394.581 185.148 419.627 185.148 419.627 257.220 394.581 257.220
394.158 185.628 419.032 185.628 419.032 257.497 394.158 257.497
394.240 187.107 418.972 187.107 418.972 258.641 394.240 258.641
393.921 186.856 418.484 186.856 418.484 258.004 393.921 258.004
393.881 186.926 418.348 186.926 418.348 257.849 393.881 257.849
393.229 186.430 417.716 186.430 417.716 256.981 393.229 256.981
393.493 185.049 417.980 185.049 417.980 255.638 393.493 255.638
393.422 185.318 417.879 185.318 417.879 255.863 393.422 255.863
393.033 184.597 417.489 184.597 417.489 254.927 393.033 254.927
392.231 184.523 416.783 184.523 416.783 254.682 392.231 254.682
391.857 184.201 416.346 184.201 416.346 253.946 391.857 253.946
390.824 185.468 415.448 185.468 415.448 255.087 390.824 255.087
390.791 186.125 415.415 186.125 415.415 255.714 390.791 255.714
390.021 186.020 414.736 186.020 414.736 255.525 390.021 255.525
389.018 186.049 413.713 186.049 413.713 255.700 389.018 255.700
387.714 185.586 412.608 185.586 412.608 255.345 387.714 255.345
386.501 184.828 411.529 184.828 411.529 254.840 386.501 254.840
385.581 183.633 410.793 183.633 410.793 254.004 385.581 254.004
385.475 182.727 410.712 182.727 410.712 253.331 385.475 253.331
385.376 182.527 410.770 182.527 410.770 253.412 385.376 253.412
384.402 182.795 409.997 182.795 409.997 253.993 384.402 253.993
383.633 182.670 409.322 182.670 409.322 254.135 383.633 254.135
383.606 181.116 409.042 181.116 409.042 252.911 383.606 252.911
383.495 182.376 408.886 182.376 408.886 254.183 383.495 254.183
384.575 182.672 409.760 182.672 409.760 254.163 384.575 254.163
384.279 183.149 409.396 183.149 409.396 254.495 384.279 254.495
384.868 182.795 409.937 182.795 409.937 253.989 384.868 253.989
384.608 182.137 409.861 182.137 409.861 253.174 384.608 253.174
384.808 181.848 410.092 181.848 410.092 253.170 384.808 253.170
385.069 182.185 410.339 182.185 410.339 253.856 385.069 253.856
385.153 181.622 410.393 181.622 410.393 253.400 385.153 253.400
384.568 179.731 409.899 179.731 409.899 251.565 384.568 251.565
384.235 178.445 409.566 178.445 409.566 250.606 384.235 250.606
384.244 178.549 410.016 178.549 410.016 250.385 384.244 250.385
383.600 178.504 409.614 178.504 409.614 250.109 383.600 250.109
383.002 178.465 409.498 178.465 409.498 249.538 383.002 249.538
382.158 178.202 408.788 178.202 408.788 248.987 382.158 248.987
381.937 178.471 408.647 178.471 408.647 248.807 381.937 248.807
380.938 179.315 407.646 179.315 407.646 249.170 380.938 249.170
376.221 182.171 402.299 182.171 402.299 251.938 376.221 251.938
376.084 179.574 401.996 179.574 401.996 249.414 376.084 249.414
375.534 180.254 401.387 180.254 401.387 249.826 375.534 249.826
374.067 178.485 399.587 178.485 399.587 248.193 374.067 248.193
373.519 178.105 398.682 178.105 398.682 248.205 373.519 248.205
372.231 176.690 397.017 176.690 397.017 247.370 372.231 247.370
371.144 177.819 395.965 177.819 395.965 248.537 371.144 248.537
369.488 178.106 394.251 178.106 394.251 248.994 369.488 248.994
369.773 176.147 394.508 176.147 394.508 247.860 369.773 247.860
369.830 176.627 394.650 176.627 394.650 249.315 369.830 249.315
370.079 177.089 394.772 177.089 394.772 250.772 370.079 250.772
370.299 174.160 394.747 174.160 394.747 248.874 370.299 248.874
371.162 173.111 395.772 173.111 395.772 248.129 371.162 248.129
370.888 174.306 395.888 174.306 395.888 248.732 370.888 248.732
370.807 173.418 395.958 173.418 395.958 247.661 370.807 247.661
371.448 174.944 397.036 174.944 397.036 248.812 371.448 248.812
371.889 173.838 397.935 173.838 397.935 247.290 371.889 247.290
371.083 174.906 397.114 174.906 397.114 248.430 371.083 248.430
370.782 173.908 396.991 173.908 396.991 247.390 370.782 247.390
370.511 174.117 396.981 174.117 396.981 247.561 370.511 247.561
370.631 173.990 397.159 173.990 397.159 247.724 370.631 247.724
370.667 171.723 397.518 171.723 397.518 245.320 370.667 245.320
369.748 173.464 396.779 173.464 396.779 247.198 369.748 247.198
370.529 171.099 397.649 171.099 397.649 245.073 370.529 245.073
365.196 173.745 392.042 173.745 392.042 247.996 365.196 247.996
371.761 169.805 398.719 169.805 398.719 243.999 371.761 243.999
366.503 171.966 393.393 171.966 393.393 246.516 366.503 246.516
366.838 172.923 393.722 172.923 393.722 247.364 366.838 247.364
374.403 170.201 401.370 170.201 401.370 244.328 374.403 244.328
408.487 167.924 435.044 167.924 435.044 241.699 408.487 241.699
409.154 166.740 435.264 166.740 435.264 240.112 409.154 240.112
409.794 167.586 435.482 167.586 435.482 240.744 409.794 240.744
410.261 167.610 435.569 167.610 435.569 240.373 410.261 240.373
410.836 167.428 435.897 167.428 435.897 239.940 410.836 239.940
410.807 166.676 435.644 166.676 435.644 239.015 410.807 239.015
410.380 167.273 435.072 167.273 435.072 239.300 410.380 239.300
410.679 167.085 435.227 167.085 435.227 239.065 410.679 239.065
411.353 167.292 435.820 167.292 435.820 239.081 411.353 239.081
411.372 166.593 435.778 166.593 435.778 237.933 411.372 237.933
411.032 168.837 435.779 168.837 435.779 239.236 411.032 239.236
411.020 168.162 435.861 168.162 435.861 238.174 411.020 238.174
411.000 169.614 435.822 169.614 435.822 239.007 411.000 239.007
411.540 169.970 436.337 169.970 436.337 238.645 411.540 238.645
411.270 170.314 435.998 170.314 435.998 238.570 411.270 238.570
411.747 169.185 436.368 169.185 436.368 237.334 411.747 237.334
412.251 169.896 436.883 169.896 436.883 237.481 412.251 237.481
412.662 168.371 437.175 168.371 437.175 235.824 412.662 235.824
413.204 167.410 437.521 167.410 437.521 234.969 413.204 234.969
413.383 167.439 437.514 167.439 437.514 234.965 413.383 234.965
414.136 166.943 438.216 166.943 438.216 234.475 414.136 234.475
414.743 166.183 438.793 166.183 438.793 233.750 414.743 233.750
414.609 165.836 438.531 165.836 438.531 233.537 414.609 233.537
415.209 165.685 438.991 165.685 438.991 233.399 415.209 233.399
416.161 165.794 440.056 165.794 440.056 233.441 416.161 233.441
416.652 165.732 440.331 165.732 440.331 233.609 416.652 233.609
417.225 166.054 440.885 166.054 440.885 233.888 417.225 233.888
417.869 165.353 441.507 165.353 441.507 233.019 417.869 233.019
418.512 164.800 442.014 164.800 442.014 232.219 418.512 232.219
418.943 165.299 442.349 165.299 442.349 232.572 418.943 232.572
418.011 165.136 441.347 165.136 441.347 232.051 418.011 232.051
418.519 165.667 441.917 165.667 441.917 232.454 418.519 232.454
418.261 165.737 441.555 165.737 441.555 232.423 418.261 232.423
418.216 166.758 441.475 166.758 441.475 233.195 418.216 233.195
418.076 166.443 441.186 166.443 441.186 233.134 418.076 233.134
418.712 165.703 441.708 165.703 441.708 232.524 418.712 232.524
419.407 165.807 442.375 165.807 442.375 232.740 419.407 232.740
419.863 165.410 442.696 165.410 442.696 232.506 419.863 232.506
420.320 165.588 443.232 165.588 443.232 232.462 420.320 232.462
420.311 165.282 443.190 165.282 443.190 232.214 420.311 232.214
420.172 165.690 443.004 165.690 443.004 232.636 420.172 232.636
420.799 165.794 443.692 165.794 443.692 232.617 420.799 232.617
420.886 165.920 443.819 165.920 443.819 232.461 420.886 232.461
421.101 164.817 443.985 164.817 443.985 231.224 421.101 231.224
422.431 164.619 445.302 164.619 445.302 230.563 422.431 230.563
422.619 164.418 445.445 164.418 445.445 230.338 422.619 230.338
422.714 159.168 445.749 159.168 445.749 224.976 422.714 224.976
423.780 162.020 446.879 162.020 446.879 227.887 423.780 227.887
424.484 162.197 447.510 162.197 447.510 228.101 424.484 228.101
425.275 162.818 448.236 162.818 448.236 228.821 425.275 228.821
425.998 163.612 448.917 163.612 448.917 229.485 425.998 229.485
426.513 162.448 449.691 162.448 449.691 228.007 426.513 228.007
427.497 163.942 450.825 163.942 450.825 229.359 427.497 229.359
427.819 163.337 451.231 163.337 451.231 228.693 427.819 228.693
428.633 163.047 452.118 163.047 452.118 228.273 428.633 228.273
429.495 163.044 453.242 163.044 453.242 227.844 429.495 227.844
430.774 163.595 454.675 163.595 454.675 228.117 430.774 228.117
431.044 163.769 454.946 163.769 454.946 228.377 431.044 228.377
431.542 163.810 455.336 163.810 455.336 228.473 431.542 228.473
432.433 163.432 456.050 163.432 456.050 228.470 432.433 228.470
432.559 161.877 456.387 161.877 456.387 226.678 432.559 226.678
433.522 162.599 457.075 162.599 457.075 227.849 433.522 227.849
433.781 162.329 457.128 162.329 457.128 227.702 433.781 227.702
434.958 161.924 458.172 161.924 458.172 227.224 434.958 227.224
435.101 162.114 458.013 162.114 458.013 227.605 435.101 227.605
435.625 162.813 458.416 162.813 458.416 228.166 435.625 228.166
435.895 162.528 458.601 162.528 458.601 228.113 435.895 228.113
436.006 162.109 458.664 162.109 458.664 227.512 436.006 227.512
436.707 161.048 459.406 161.048 459.406 226.435 436.707 226.435
437.118 162.010 459.705 162.010 459.705 227.617 437.118 227.617
437.359 161.791 459.825 161.791 459.825 227.185 437.359 227.185
437.612 162.345 460.063 162.345 460.063 227.466 437.612 227.466
439.089 161.325 461.431 161.325 461.431 226.626 439.089 226.626
438.859 161.237 461.097 161.237 461.097 226.663 438.859 226.663
439.677 159.237 462.032 159.237 462.032 224.369 439.677 224.369
440.767 160.542 463.266 160.542 463.266 225.219 440.767 225.219
440.920 160.039 463.280 160.039 463.280 224.755 440.920 224.755
441.850 159.587 464.237 159.587 464.237 224.231 441.850 224.231
442.072 159.991 464.583 159.991 464.583 224.440 442.072 224.440
442.828 160.106 465.461 160.106 465.461 224.367 442.828 224.367
443.155 160.182 465.987 160.182 465.987 224.147 443.155 224.147
443.683 159.765 466.645 159.765 466.645 223.489 443.683 223.489
444.946 158.981 467.961 158.981 467.961 222.561 444.946 222.561
446.056 159.128 468.976 159.128 468.976 222.727 446.056 222.727
446.920 158.271 469.751 158.271 469.751 222.206 446.920 222.206
448.145 159.102 470.914 159.102 470.914 223.124 448.145 223.124
448.717 159.548 471.501 159.548 471.501 223.597 448.717 223.597
449.412 158.507 472.184 158.507 472.184 222.557 449.412 222.557
450.266 158.653 473.123 158.653 473.123 222.790 450.266 222.790
451.078 157.980 473.889 157.980 473.889 222.208 451.078 222.208
452.610 157.293 475.283 157.293 475.283 221.474 452.610 221.474
453.244 157.181 475.787 157.181 475.787 221.561 453.244 221.561
453.643 157.481 476.231 157.481 476.231 222.233 453.643 222.233
454.687 158.331 477.101 158.331 477.101 223.082 454.687 223.082
456.033 157.215 478.607 157.215 478.607 221.958 456.033 221.958
456.513 155.334 479.301 155.334 479.301 219.810 456.513 219.810
457.991 155.383 480.847 155.383 480.847 219.916 457.991 219.916
458.446 154.704 481.363 154.704 481.363 219.247 458.446 219.247
458.912 153.681 481.727 153.681 481.727 218.570 458.912 218.570
459.805 153.394 482.649 153.394 482.649 218.325 459.805 218.325
459.870 153.019 482.789 153.019 482.789 217.451 459.870 217.451
460.306 152.307 483.343 152.307 483.343 216.636 460.306 216.636
461.313 153.017 484.399 153.017 484.399 217.535 461.313 217.535
461.556 153.521 484.643 153.521 484.643 217.922 461.556 217.922
462.364 153.218 485.571 153.218 485.571 217.451 462.364 217.451
462.827 153.250 486.030 153.250 486.030 217.599 462.827 217.599
463.819 153.520 486.867 153.520 486.867 217.897 463.819 217.897
464.372 152.910 487.301 152.910 487.301 217.396 464.372 217.396
465.162 152.130 488.004 152.130 488.004 216.391 465.162 216.391
465.862 151.513 488.882 151.513 488.882 215.389 465.862 215.389
466.369 152.061 489.557 152.061 489.557 215.684 466.369 215.684
467.350 151.678 490.546 151.678 490.546 215.014 467.350 215.014
468.046 151.930 491.371 151.930 491.371 215.295 468.046 215.295
469.133 150.883 492.573 150.883 492.573 214.295 469.133 214.295
469.544 151.078 493.011 151.078 493.011 214.977 469.544 214.977
469.957 151.041 493.497 151.041 493.497 214.971 469.957 214.971
470.143 150.082 493.692 150.082 493.692 214.082 470.143 214.082
471.068 150.217 494.626 150.217 494.626 214.369 471.068 214.369
471.120 149.631 494.750 149.631 494.750 213.840 471.120 213.840
471.982 148.407 495.555 148.407 495.555 212.536 471.982 212.536
472.867 149.343 496.464 149.343 496.464 213.725 472.867 213.725
473.814 149.441 497.525 149.441 497.525 213.327 473.814 213.327
474.404 149.578 498.002 149.578 498.002 213.430 474.404 213.430
475.362 147.820 498.984 147.820 498.984 211.394 475.362 211.394
475.270 148.726 498.935 148.726 498.935 211.805 475.270 211.805
476.565 148.879 500.179 148.879 500.179 211.762 476.565 211.762
477.485 148.326 501.035 148.326 501.035 210.937 477.485 210.937
477.680 149.704 501.302 149.704 501.302 211.970 477.680 211.970
478.471 149.172 501.945 149.172 501.945 211.026 478.471 211.026
478.837 150.080 502.243 150.080 502.243 211.787 478.837 211.787
480.038 149.097 503.325 149.097 503.325 210.855 480.038 210.855
480.895 148.648 504.224 148.648 504.224 210.435 480.895 210.435
480.852 149.488 504.103 149.488 504.103 211.385 480.852 211.385
481.081 147.985 504.284 147.985 504.284 209.975 481.081 209.975
482.434 148.711 505.796 148.711 505.796 210.529 482.434 210.529
482.589 148.507 505.815 148.507 505.815 210.433 482.589 210.433
483.601 148.483 506.763 148.483 506.763 210.448 483.601 210.448
484.156 147.847 507.252 147.847 507.252 209.995 484.156 209.995
485.080 147.697 508.273 147.697 508.273 210.081 485.080 210.081
485.587 147.961 508.700 147.961 508.700 210.444 485.587 210.444
486.755 148.328 509.978 148.328 509.978 210.511 486.755 210.511
486.564 148.825 509.768 148.825 509.768 210.902 486.564 210.902
487.304 148.107 510.444 148.107 510.444 210.067 487.304 210.067
488.445 148.370 511.389 148.370 511.389 210.100 488.445 210.100
488.927 147.660 511.803 147.660 511.803 209.379 488.927 209.379
489.119 146.277 511.898 146.277 511.898 207.999 489.119 207.999
490.081 147.375 513.036 147.375 513.036 208.834 490.081 208.834
490.343 147.098 513.257 147.098 513.257 208.620 490.343 208.620
490.792 146.140 513.739 146.140 513.739 207.669 490.792 207.669
490.969 145.700 514.020 145.700 514.020 207.498 490.969 207.498
491.030 145.765 514.330 145.765 514.330 207.388 491.030 207.388
492.004 146.312 515.478 146.312 515.478 208.231 492.004 208.231
491.391 144.494 514.854 144.494 514.854 206.464 491.391 206.464
492.114 145.323 515.716 145.323 515.716 207.048 492.114 207.048
492.399 145.997 516.048 145.997 516.048 207.805 492.399 207.805
492.644 145.480 516.363 145.480 516.363 207.192 492.644 207.192
492.641 147.354 516.417 147.354 516.417 208.698 492.641 208.698
492.238 145.575 516.002 145.575 516.002 206.773 492.238 206.773
492.869 146.510 516.723 146.510 516.723 207.574 492.869 207.574
492.964 145.796 516.716 145.796 516.716 206.835 492.964 206.835
493.189 145.607 516.915 145.607 516.915 206.697 493.189 206.697
493.073 145.645 516.867 145.645 516.867 206.546 493.073 206.546
493.455 144.961 517.254 144.961 517.254 205.893 493.455 205.893
493.298 144.752 517.171 144.752 517.171 205.652 493.298 205.652
494.217 143.281 517.956 143.281 517.956 204.324 494.217 204.324
494.064 142.453 517.708 142.453 517.708 203.538 494.064 203.538
494.493 143.968 518.111 143.968 518.111 205.064 494.493 205.064
495.143 143.058 518.757 143.058 518.757 204.279 495.143 204.279
495.822 145.596 519.440 145.596 519.440 206.837 495.822 206.837
496.809 143.474 520.264 143.474 520.264 204.975 496.809 204.975
496.138 145.267 519.551 145.267 519.551 206.663 496.138 206.663
495.876 142.807 519.217 142.807 519.217 203.894 495.876 203.894
496.975 145.330 520.330 145.330 520.330 206.243 496.975 206.243
497.178 144.594 520.489 144.594 520.489 205.215 497.178 205.215
497.084 142.301 520.360 142.301 520.360 202.752 497.084 202.752
497.579 146.341 521.093 146.341 521.093 206.658 497.579 206.658
497.806 142.684 521.203 142.684 521.203 203.228 497.806 203.228
498.537 145.206 522.048 145.206 522.048 205.637 498.537 205.637
498.132 142.921 521.501 142.921 521.501 203.607 498.132 203.607
498.353 141.611 521.684 141.611 521.684 202.342 498.353 202.342
498.310 142.334 521.590 142.334 521.590 203.006 498.310 203.006
497.963 142.151 521.254 142.151 521.254 202.771 497.963 202.771
499.365 142.413 522.721 142.413 522.721 202.929 499.365 202.929
498.837 142.807 522.288 142.807 522.288 203.151 498.837 203.151
499.131 142.531 522.623 142.531 522.623 202.658 499.131 202.658
498.686 143.598 522.373 143.598 522.373 203.287 498.686 203.287
498.683 142.255 522.219 142.255 522.219 201.740 498.683 201.740
498.579 142.953 522.048 142.953 522.048 202.245 498.579 202.245
497.916 142.026 521.308 142.026 521.308 201.308 497.916 201.308
498.283 140.580 521.431 140.580 521.431 200.067 498.283 200.067
498.017 142.568 521.128 142.568 521.128 202.028 498.017 202.028
498.337 141.151 521.340 141.151 521.340 200.350 498.337 200.350
498.939 142.969 521.956 142.969 521.956 201.950 498.939 201.950
499.540 141.512 522.480 141.512 522.480 200.507 499.540 200.507
498.689 141.165 521.603 141.165 521.603 200.115 498.689 200.115
499.953 140.831 522.846 140.831 522.846 199.804 499.953 199.804
499.482 139.812 522.395 139.812 522.395 198.384 499.482 198.384
499.667 142.866 522.752 142.866 522.752 201.146 499.667 201.146
499.818 140.942 522.602 140.942 522.602 199.356 499.818 199.356
500.285 141.476 523.213 141.476 523.213 199.429 500.285 199.429
500.764 142.114 523.761 142.114 523.761 199.585 500.764 199.585
501.939 141.215 524.770 141.215 524.770 198.688 501.939 198.688
501.243 142.634 524.247 142.634 524.247 199.853 501.243 199.853
501.691 140.535 524.625 140.535 524.625 197.602 501.691 197.602
501.847 140.849 524.879 140.849 524.879 197.523 501.847 197.523
502.113 141.522 525.265 141.522 525.265 197.875 502.113 197.875
502.268 139.650 525.283 139.650 525.283 195.918 502.268 195.918
502.879 140.495 525.797 140.495 525.797 196.650 502.879 196.650
503.179 139.486 526.053 139.486 526.053 195.566 503.179 195.566
503.163 140.559 526.107 140.559 526.107 196.584 503.163 196.584
502.901 139.947 525.888 139.947 525.888 196.240 502.901 196.240
502.333 139.718 525.319 139.718 525.319 196.048 502.333 196.048
502.532 140.541 525.558 140.541 525.558 196.784 502.532 196.784
503.423 138.773 526.297 138.773 526.297 194.958 503.423 194.958
503.311 140.694 526.196 140.694 526.196 196.654 503.311 196.654
502.938 140.331 525.786 140.331 525.786 196.237 502.938 196.237
503.358 139.703 526.120 139.703 526.120 195.371 503.358 195.371
503.370 140.553 525.952 140.553 525.952 196.283 503.370 196.283
503.418 139.353 525.780 139.353 525.780 195.207 503.418 195.207
503.355 137.985 525.642 137.985 525.642 193.914 503.355 193.914
504.024 139.956 526.258 139.956 526.258 195.980 504.024 195.980
503.556 138.274 525.746 138.274 525.746 194.809 503.556 194.809
503.718 137.743 525.957 137.743 525.957 194.347 503.718 194.347
504.373 138.254 526.491 138.254 526.491 195.125 504.373 195.125
504.833 136.737 526.908 136.737 526.908 193.773 504.833 193.773
504.586 138.745 526.706 138.745 526.706 195.709 504.586 195.709
504.963 138.168 527.117 138.168 527.117 194.950 504.963 194.950
505.636 139.562 528.022 139.562 528.022 196.044 505.636 196.044
505.324 139.957 527.848 139.957 527.848 196.203 505.324 196.203
505.796 138.854 528.187 138.854 528.187 195.267 505.796 195.267
506.284 139.686 528.786 139.686 528.786 195.918 506.284 195.918
506.753 137.832 528.925 137.832 528.925 194.146 506.753 194.146
506.671 139.226 529.069 139.226 529.069 195.226 506.671 195.226
506.616 138.918 528.865 138.918 528.865 194.737 506.616 194.737
507.307 137.973 529.589 137.973 529.589 193.829 507.307 193.829
507.190 139.425 529.524 139.425 529.524 195.003 507.190 195.003
507.420 138.930 529.629 138.930 529.629 194.484 507.420 194.484
507.350 137.901 529.385 137.901 529.385 193.729 507.350 193.729
508.000 138.008 529.907 138.008 529.907 194.105 508.000 194.105
507.500 137.569 529.344 137.569 529.344 193.822 507.500 193.822
507.376 138.244 529.324 138.244 529.324 194.348 507.376 194.348
507.785 136.422 529.564 136.422 529.564 192.746 507.785 192.746
507.623 137.953 529.575 137.953 529.575 193.840 507.623 193.840
506.570 137.761 528.522 137.761 528.522 193.399 506.570 193.399
507.487 138.410 529.288 138.410 529.288 193.925 507.487 193.925
507.418 138.396 529.095 138.396 529.095 194.051 507.418 194.051
507.554 138.591 529.035 138.591 529.035 194.454 507.554 194.454
507.522 138.590 528.993 138.590 528.993 194.558 507.522 194.558
507.701 139.004 529.068 139.004 529.068 195.050 507.701 195.050
507.465 136.470 528.570 136.470 528.570 192.680 507.465 192.680
507.387 136.515 528.597 136.515 528.597 192.775 507.387 192.775
507.529 136.164 528.846 136.164 528.846 192.287 507.529 192.287
507.131 136.055 528.714 136.055 528.714 191.998 507.131 191.998
507.586 136.279 529.157 136.279 529.157 192.181 507.586 192.181
507.537 137.717 529.240 137.717 529.240 193.363 507.537 193.363
507.902 138.427 529.599 138.427 529.599 194.130 507.902 194.130
508.417 138.161 530.130 138.161 530.130 193.675 508.417 193.675
507.577 138.091 529.336 138.091 529.336 193.289 507.577 193.289
507.381 137.047 529.163 137.047 529.163 192.037 507.381 192.037
508.571 136.288 530.149 136.288 530.149 191.472 508.571 191.472
508.543 136.650 530.262 136.650 530.262 191.765 508.543 191.765
508.606 137.752 530.307 137.752 530.307 192.883 508.606 192.883
508.799 138.079 530.447 138.079 530.447 193.361 508.799 193.361
508.195 137.086 529.904 137.086 529.904 192.722 508.195 192.722
508.040 137.785 529.770 137.785 529.770 193.509 508.040 193.509
507.934 137.092 529.613 137.092 529.613 192.653 507.934 192.653
508.173 135.710 529.878 135.710 529.878 191.301 508.173 191.301
507.495 135.104 529.141 135.104 529.141 190.837 507.495 190.837
507.171 135.937 528.757 135.937 528.757 191.892 507.171 191.892
507.295 135.596 528.831 135.596 528.831 191.390 507.295 191.390
507.134 136.949 528.595 136.949 528.595 192.870 507.134 192.870
507.611 138.085 529.046 138.085 529.046 193.949 507.611 193.949
506.927 137.058 528.415 137.058 528.415 192.733 506.927 192.733
507.056 136.334 528.455 136.334 528.455 191.753 507.056 191.753
505.160 136.717 526.577 136.717 526.577 192.006 505.160 192.006
505.389 136.594 526.717 136.594 526.717 191.729 505.389 191.729
505.137 135.316 526.260 135.316 526.260 190.771 505.137 190.771
505.397 135.541 526.352 135.541 526.352 191.229 505.397 191.229
504.883 134.738 525.903 134.738 525.903 190.499 504.883 190.499
504.650 134.970 525.718 134.970 525.718 190.696 504.650 190.696
504.664 134.495 525.738 134.495 525.738 190.317 504.664 190.317
504.403 135.075 525.478 135.075 525.478 190.836 504.403 190.836
504.530 134.481 525.677 134.481 525.677 190.178 504.530 190.178
504.311 135.017 525.680 135.017 525.680 190.299 504.311 190.299
503.916 133.626 525.246 133.626 525.246 188.805 503.916 188.805
504.242 133.651 525.611 133.651 525.611 188.739 504.242 188.739
504.714 134.604 526.184 134.604 526.184 189.540 504.714 189.540
504.024 134.396 525.466 134.396 525.466 189.203 504.024 189.203
504.603 135.040 526.011 135.040 526.011 189.904 504.603 189.904
504.295 134.494 525.600 134.494 525.600 189.471 504.295 189.471
504.126 134.055 525.347 134.055 525.347 188.934 504.126 188.934
503.851 132.473 524.965 132.473 524.965 187.623 503.851 187.623
504.092 132.932 524.992 132.932 524.992 188.138 504.092 188.138
504.056 132.612 524.854 132.612 524.854 188.031 504.056 188.031
504.076 132.607 524.844 132.607 524.844 188.091 504.076 188.091
504.454 131.694 524.988 131.694 524.988 187.431 504.454 187.431
503.917 132.499 524.407 132.499 524.407 188.188 503.917 188.188
504.702 133.603 524.893 133.603 524.893 189.153 504.702 189.153
504.738 132.991 524.606 132.991 524.606 188.677 504.738 188.677
504.428 132.828 524.172 132.828 524.172 188.343 504.428 188.343
503.887 132.454 523.661 132.454 523.661 187.857 503.887 187.857
503.099 132.907 523.042 132.907 523.042 187.822 503.099 187.822
503.112 132.606 522.943 132.606 522.943 187.386 503.112 187.386
502.831 133.451 522.557 133.451 522.557 188.091 502.831 188.091
501.991 133.187 521.787 133.187 521.787 187.745 501.991 187.745
501.662 133.579 521.672 133.579 521.672 187.832 501.662 187.832
501.116 133.050 521.051 133.050 521.051 187.433 501.116 187.433
501.264 132.615 521.250 132.615 521.250 187.064 501.264 187.064
500.298 131.778 520.346 131.778 520.346 186.189 500.298 186.189
500.470 131.321 520.660 131.321 520.660 185.528 500.470 185.528
500.238 130.960 520.680 130.960 520.680 184.910 500.238 184.910
499.925 130.804 520.411 130.804 520.411 184.592 499.925 184.592
499.413 132.190 520.134 132.190 520.134 185.490 499.413 185.490
499.253 132.151 519.981 132.151 519.981 185.244 499.253 185.244
