360.000 227.000 394.000 227.000 394.000 250.000 360.000 250.000
360.348 228.777 394.529 228.777 394.529 251.925 360.348 251.925
360.588 228.608 395.117 228.608 395.117 251.890 360.588 251.890
361.473 228.662 396.531 228.662 396.531 251.892 361.473 251.892
361.432 229.450 396.923 229.450 396.923 252.737 361.432 252.737
361.443 229.252 397.149 229.252 397.149 252.570 361.443 252.570
362.006 228.836 398.195 228.836 398.195 252.139 362.006 252.139
363.003 229.535 399.295 229.535 399.295 253.161 363.003 253.161
363.634 229.634 400.348 229.634 400.348 253.312 363.634 253.312
364.105 229.659 401.075 229.659 401.075 253.524 364.105 253.524
365.574 229.892 402.523 229.892 402.523 253.955 365.574 253.955
366.466 229.639 403.620 229.639 403.620 253.894 366.466 253.894
367.227 229.905 404.352 229.905 404.352 254.408 367.227 254.408
367.705 229.576 405.081 229.576 405.081 254.157 367.705 254.157
368.038 229.913 405.469 229.913 405.469 254.687 368.038 254.687
368.744 230.783 406.669 230.783 406.669 255.348 368.744 255.348
369.257 231.237 407.630 231.237 407.630 255.708 369.257 255.708
369.321 231.238 408.236 231.238 408.236 255.648 369.321 255.648
370.248 231.730 409.600 231.730 409.600 256.267 370.248 256.267
370.993 231.942 410.593 231.942 410.593 256.650 370.993 256.650
370.805 231.519 410.590 231.519 410.590 256.326 370.805 256.326
372.595 232.240 412.424 232.240 412.424 257.238 372.595 257.238
373.403 231.909 413.224 231.909 413.224 257.164 373.403 257.164
374.803 231.380 414.782 231.380 414.782 256.844 374.803 256.844
375.542 231.679 415.755 231.679 415.755 257.254 375.542 257.254
376.489 232.429 416.819 232.429 416.819 258.239 376.489 258.239
377.137 233.265 417.799 233.265 417.799 259.239 377.137 259.239
377.693 232.210 418.446 232.210 418.446 258.357 377.693 258.357
378.467 233.047 419.437 233.047 419.437 259.488 378.467 259.488
380.023 232.504 421.297 232.504 421.297 259.016 380.023 259.016
380.234 232.800 421.742 232.800 421.742 259.485 380.234 259.485
381.836 232.956 423.649 232.956 423.649 259.645 381.836 259.645
382.399 233.451 424.273 233.451 424.273 260.276 382.399 260.276
383.091 233.577 424.919 233.577 424.919 260.610 383.091 260.610
383.772 233.497 425.870 233.497 425.870 260.497 383.772 260.497
384.494 233.558 426.525 233.558 426.525 260.669 384.494 260.669
385.679 234.247 427.706 234.247 427.706 261.387 385.679 261.387
386.696 234.368 428.560 234.368 428.560 261.799 386.696 261.799
386.733 234.891 428.417 234.891 428.417 262.553 386.733 262.553
387.693 235.671 429.262 235.671 429.262 263.494 387.693 263.494
389.250 235.541 430.993 235.541 430.993 263.398 389.250 263.398
389.726 235.423 431.494 235.423 431.494 263.322 389.726 263.322
390.174 235.666 432.041 235.666 432.041 263.618 390.174 263.618
391.591 235.948 433.255 235.948 433.255 264.010 391.591 264.010
392.902 236.563 434.355 236.563 434.355 264.859 392.902 264.859
393.131 237.101 434.420 237.101 434.420 265.496 393.131 265.496
394.382 238.029 435.284 238.029 435.284 266.493 394.382 266.493
396.381 237.138 436.796 237.138 436.796 265.805 396.381 265.805
397.532 237.659 437.444 237.659 437.444 266.504 397.532 266.504
398.855 238.424 438.503 238.424 438.503 267.197 398.855 267.197
399.945 239.531 439.729 239.531 439.729 268.055 399.945 268.055
401.033 240.450 440.434 240.450 440.434 269.006 401.033 269.006
402.159 241.385 441.178 241.385 441.178 270.106 402.159 270.106
403.396 241.391 441.879 241.391 441.879 270.331 403.396 270.331
404.579 241.937 442.931 241.937 442.931 270.790 404.579 270.790
406.579 242.042 444.932 242.042 444.932 270.825 406.579 270.825
407.853 242.880 446.440 242.880 446.440 271.522 407.853 271.522
408.737 243.743 447.376 243.743 447.376 272.480 408.737 272.480
409.833 244.439 448.859 244.439 448.859 273.174 409.833 273.174
410.159 244.897 449.578 244.897 449.578 273.541 410.159 273.541
412.011 245.611 451.831 245.611 451.831 274.098 412.011 274.098
413.063 246.950 452.782 246.950 452.782 275.619 413.063 275.619
414.526 246.961 454.367 246.961 454.367 275.795 414.526 275.795
414.948 247.427 454.752 247.427 454.752 276.515 414.948 276.515
417.277 247.580 457.090 247.580 457.090 276.636 417.277 276.636
418.586 248.469 458.604 248.469 458.604 277.347 418.586 277.347
419.082 248.214 459.174 248.214 459.174 276.982 419.082 276.982
420.173 248.246 460.119 248.246 460.119 277.238 420.173 277.238
421.342 249.314 461.246 249.314 461.246 278.452 421.342 278.452
422.325 249.521 462.291 249.521 462.291 278.644 422.325 278.644
424.139 248.914 463.903 248.914 463.903 278.129 424.139 278.129
424.441 250.706 464.219 250.706 464.219 279.990 424.441 279.990
425.643 250.380 465.077 250.380 465.077 279.870 425.643 279.870
427.463 250.891 466.759 250.891 466.759 280.412 427.463 280.412
428.681 251.788 468.329 251.788 468.329 281.155 428.681 281.155
429.996 252.347 469.944 252.347 469.944 281.654 429.996 281.654
430.715 252.272 470.955 252.272 470.955 281.560 430.715 281.560
430.972 252.867 471.243 252.867 471.243 282.397 430.972 282.397
432.065 253.503 472.397 253.503 472.397 283.214 432.065 283.214
432.734 253.855 473.385 253.855 473.385 283.446 432.734 283.446
434.107 254.674 474.796 254.674 474.796 284.547 434.107 284.547
435.015 253.227 475.738 253.227 475.738 283.223 435.015 283.223
435.467 254.429 476.091 254.429 476.091 284.719 435.467 284.719
437.006 255.666 477.600 255.666 477.600 286.221 437.006 286.221
438.016 255.930 478.777 255.930 478.777 286.707 438.016 286.707
438.986 256.542 479.998 256.542 479.998 287.315 438.986 287.315
440.065 256.388 481.012 256.388 481.012 287.450 440.065 287.450
440.884 256.897 482.133 256.897 482.133 288.053 440.884 288.053
442.588 257.774 483.974 257.774 483.974 289.208 442.588 289.208
443.444 257.946 484.857 257.946 484.857 289.731 443.444 289.731
443.877 257.615 485.451 257.615 485.451 289.519 443.877 289.519
445.415 258.412 487.003 258.412 487.003 290.642 445.415 290.642
446.198 258.358 487.866 258.358 487.866 290.784 446.198 290.784
448.147 258.522 489.971 258.522 489.971 290.961 448.147 290.961
449.006 259.459 491.086 259.459 491.086 291.867 449.006 291.867
450.438 259.649 492.728 259.649 492.728 292.148 450.438 292.148
451.262 260.734 493.960 260.734 493.960 293.247 451.262 293.247
452.028 260.345 494.863 260.345 494.863 292.943 452.028 292.943
453.663 261.676 496.523 261.676 496.523 294.414 453.663 294.414
454.884 261.386 497.851 261.386 497.851 294.323 454.884 294.323
455.485 261.474 498.801 261.474 498.801 294.383 455.485 294.383
456.550 262.909 500.201 262.909 500.201 295.688 456.550 295.688
458.519 263.644 502.197 263.644 502.197 296.650 458.519 296.650
458.949 263.806 502.708 263.806 502.708 296.883 458.949 296.883
459.792 263.653 503.530 263.653 503.530 296.809 459.792 296.809
460.612 266.627 504.728 266.627 504.728 299.951 460.612 299.951
461.402 266.226 505.671 266.226 505.671 299.740 461.402 299.740
462.166 266.234 506.815 266.234 506.815 299.823 462.166 299.823
464.278 266.414 508.859 266.414 508.859 300.169 464.278 300.169
464.804 267.155 509.580 267.155 509.580 300.899 464.804 300.899
465.028 268.159 510.115 268.159 510.115 302.137 465.028 302.137
466.528 268.258 511.522 268.258 511.522 302.406 466.528 302.406
466.799 268.281 511.854 268.281 511.854 302.701 466.799 302.701
467.932 268.325 512.968 268.325 512.968 302.826 467.932 302.826
469.747 268.750 514.747 268.750 514.747 303.225 469.747 303.225
469.277 270.123 514.559 270.123 514.559 304.732 469.277 304.732
470.114 271.353 515.423 271.353 515.423 306.115 470.114 306.115
471.441 271.592 516.565 271.592 516.565 306.847 471.441 306.847
473.059 271.954 517.979 271.954 517.979 307.653 473.059 307.653
473.363 272.167 518.270 272.167 518.270 308.103 473.363 308.103
474.415 273.179 519.517 273.179 519.517 309.118 474.415 309.118
474.855 273.784 519.777 273.784 519.777 310.054 474.855 310.054
476.213 275.582 521.119 275.582 521.119 312.125 476.213 312.125
477.904 275.725 522.878 275.725 522.878 312.535 477.904 312.535
478.816 276.076 523.837 276.076 523.837 312.966 478.816 312.966
479.482 276.927 524.785 276.927 524.785 313.865 479.482 313.865
480.060 278.103 525.773 278.103 525.773 314.999 480.060 314.999
481.880 278.012 527.747 278.012 527.747 314.941 481.880 314.941
482.769 279.056 528.959 279.056 528.959 316.125 482.769 316.125
483.255 279.905 529.522 279.905 529.522 317.335 483.255 317.335
484.398 281.674 531.303 281.674 531.303 318.986 484.398 318.986
485.588 282.818 532.983 282.818 532.983 320.172 485.588 320.172
486.970 283.449 534.712 283.449 534.712 320.944 486.970 320.944
488.343 283.685 536.241 283.685 536.241 321.567 488.343 321.567
488.700 284.039 537.162 284.039 537.162 322.101 488.700 322.101
489.776 283.992 538.791 283.992 538.791 322.139 489.776 322.139
490.688 285.090 540.041 285.090 540.041 323.557 490.688 323.557
490.362 286.725 540.328 286.725 540.328 325.361 490.362 325.361
490.943 286.772 541.360 286.772 541.360 325.671 490.943 325.671
492.354 286.010 543.024 286.010 543.024 325.120 492.354 325.120
492.160 287.301 543.473 287.301 543.473 326.476 492.160 326.476
493.286 288.235 544.730 288.235 544.730 327.739 493.286 327.739
493.474 288.953 545.190 288.953 545.190 328.691 493.474 328.691
493.919 289.480 545.526 289.480 545.526 329.611 493.919 329.611
495.356 289.909 546.990 289.909 546.990 330.325 495.356 330.325
495.331 290.379 547.037 290.379 547.037 331.078 495.331 331.078
495.198 291.570 547.244 291.570 547.244 332.467 495.198 332.467
495.160 293.093 547.679 293.093 547.679 334.016 495.160 334.016
496.013 294.077 548.771 294.077 548.771 335.153 496.013 335.153
497.191 295.196 550.245 295.196 550.245 336.378 497.191 336.378
497.915 295.896 550.969 295.896 550.969 337.402 497.915 337.402
498.292 297.274 551.577 297.274 551.577 338.908 498.292 338.908
498.936 297.981 552.333 297.981 552.333 339.808 498.936 339.808
498.487 298.501 551.980 298.501 551.980 340.362 498.487 340.362
498.338 300.018 552.214 300.018 552.214 341.897 498.338 341.897
499.220 300.855 553.389 300.855 553.389 342.789 499.220 342.789
498.312 302.353 552.715 302.353 552.715 344.387 498.312 344.387
499.106 303.291 553.615 303.291 553.615 345.538 499.106 345.538
498.218 304.506 552.858 304.506 552.858 346.957 498.218 346.957
498.358 305.622 553.079 305.622 553.079 348.258 498.358 348.258
498.998 306.876 554.130 306.876 554.130 349.703 498.998 349.703
497.940 308.318 553.438 308.318 553.438 351.155 497.940 351.155
497.162 309.739 553.149 309.739 553.149 352.613 497.162 352.613
496.875 310.153 553.146 310.153 553.146 353.242 496.875 353.242
496.317 310.258 552.699 310.258 552.699 353.586 496.317 353.586
495.011 310.640 551.579 310.640 551.579 354.272 495.011 354.272
492.768 311.907 549.863 311.907 549.863 355.433 492.768 355.433
493.124 313.726 550.338 313.726 550.338 357.572 493.124 357.572
492.255 315.718 550.044 315.718 550.044 359.522 492.255 359.522
492.147 317.931 550.178 317.931 550.178 362.049 492.147 362.049
490.251 319.018 549.031 319.018 549.031 363.115 490.251 363.115
488.223 320.052 547.221 320.052 547.221 364.428 488.223 364.428
486.197 319.883 545.297 319.883 545.297 364.765 486.197 364.765
486.041 321.485 545.432 321.485 545.432 366.498 486.041 366.498
483.857 324.676 543.820 324.676 543.820 369.743 483.857 369.743
482.939 326.780 543.308 326.780 543.308 372.127 482.939 372.127
481.891 327.133 543.082 327.133 543.082 372.457 481.891 372.457
480.624 327.816 542.409 327.816 542.409 373.351 480.624 373.351
479.165 329.941 541.327 329.941 541.327 375.862 479.165 375.862
476.061 331.088 538.796 331.088 538.796 377.134 476.061 377.134
473.648 332.973 536.716 332.973 536.716 379.531 473.648 379.531
471.487 334.085 535.115 334.085 535.115 380.823 471.487 380.823
470.001 335.110 533.806 335.110 533.806 382.417 470.001 382.417
468.359 335.025 532.775 335.025 532.775 382.607 468.359 382.607
464.299 337.868 529.562 337.868 529.562 385.366 464.299 385.366
462.375 338.736 527.884 338.736 527.884 386.542 462.375 386.542
459.533 340.546 525.430 340.546 525.430 388.563 459.533 388.563
457.751 342.200 524.345 342.200 524.345 390.599 457.751 390.599
454.792 343.730 521.989 343.730 521.989 392.378 454.792 392.378
451.335 345.165 519.193 345.165 519.193 393.963 451.335 393.963
449.063 346.672 517.283 346.672 517.283 395.718 449.063 395.718
446.189 348.772 514.667 348.772 514.667 398.232 446.189 398.232
442.616 350.582 511.436 350.582 511.436 400.571 442.616 400.571
440.740 351.760 509.959 351.760 509.959 402.295 440.740 402.295
437.746 353.125 507.348 353.125 507.348 403.853 437.746 403.853
433.909 353.740 503.784 353.740 503.784 404.719 433.909 404.719
430.291 355.590 500.565 355.590 500.565 406.821 430.291 406.821
426.531 357.470 497.239 357.470 497.239 408.809 426.531 408.809
422.590 358.979 493.973 358.979 493.973 410.378 422.590 410.378
417.591 361.321 489.357 361.321 489.357 412.919 417.591 412.919
413.085 362.169 484.781 362.169 484.781 414.279 413.085 414.279
409.634 364.006 480.901 364.006 480.901 416.924 409.634 416.924
406.869 365.732 478.417 365.732 478.417 418.972 406.869 418.972
402.599 368.773 474.674 368.773 474.674 422.015 402.599 422.015
392.716 371.575 464.891 371.575 464.891 424.988 392.716 424.988
389.755 373.283 462.405 373.283 462.405 426.524 389.755 426.524
386.419 375.255 459.671 375.255 459.671 428.407 386.419 428.407
382.337 376.466 456.005 376.466 456.005 429.672 382.337 429.672
380.314 378.887 454.439 378.887 454.439 432.274 380.314 432.274
370.936 382.157 444.878 382.157 444.878 435.712 370.936 435.712
368.164 389.448 442.789 389.448 442.789 443.496 368.164 443.496
363.550 390.103 438.409 390.103 438.409 444.688 363.550 444.688
360.543 390.288 435.360 390.288 435.360 445.625 360.543 445.625
351.281 391.707 426.246 391.707 426.246 447.118 351.281 447.118
344.229 392.559 418.991 392.559 418.991 448.141 344.229 448.141
344.174 393.269 419.222 393.269 419.222 448.966 344.174 448.966
333.759 398.515 408.388 398.515 408.388 454.958 333.759 454.958
333.311 398.116 408.009 398.116 408.009 454.775 333.311 454.775
