297.000 160.000 315.000 160.000 315.000 208.000 297.000 208.000
296.075 158.685 314.048 158.685 314.048 206.659 296.075 206.659
294.012 159.017 311.728 159.017 311.728 207.449 294.012 207.449
292.690 158.558 310.604 158.558 310.604 206.265 292.690 206.265
290.773 160.376 308.869 160.376 308.869 207.614 290.773 207.614
289.077 161.435 307.342 161.435 307.342 208.047 289.077 208.047
287.758 160.351 305.693 160.351 305.693 207.171 287.758 207.171
285.764 160.568 303.529 160.568 303.529 207.684 285.764 207.684
284.303 158.648 302.023 158.648 302.023 206.008 284.303 206.008
282.856 157.994 300.712 157.994 300.712 205.328 282.856 205.328
281.189 158.422 298.997 158.422 298.997 205.896 281.189 205.896
279.857 159.072 297.465 159.072 297.465 206.954 279.857 206.954
274.672 159.522 292.267 159.522 292.267 207.226 274.672 207.226
269.746 158.737 287.178 158.737 287.178 206.120 269.746 206.120
264.249 156.832 281.691 156.832 281.691 204.014 264.249 204.014
262.643 153.759 280.215 153.759 280.215 201.060 262.643 201.060
257.776 153.182 275.184 153.182 275.184 200.508 257.776 200.508
256.786 153.640 274.021 153.640 274.021 200.781 256.786 200.781
252.827 155.004 270.207 155.004 270.207 201.530 252.827 201.530
251.868 155.695 269.218 155.695 269.218 202.009 251.868 202.009
246.420 155.034 264.205 155.034 264.205 200.811 246.420 200.811
245.273 154.658 263.012 154.658 263.012 200.591 245.273 200.591
244.454 156.673 262.243 156.673 262.243 202.689 244.454 202.689
239.831 160.448 257.576 160.448 257.576 206.281 239.831 206.281
235.528 158.123 253.354 158.123 253.354 203.564 235.528 203.564
235.188 157.493 252.700 157.493 252.700 202.929 235.188 202.929
234.509 157.820 251.690 157.820 251.690 203.174 234.509 203.174
230.020 157.104 247.313 157.104 247.313 201.890 230.020 201.890
229.396 156.919 246.783 156.919 246.783 201.008 229.396 201.008
225.492 155.655 243.013 155.655 243.013 199.363 225.492 199.363
221.051 155.841 238.391 155.841 238.391 199.394 221.051 199.394
219.229 155.670 236.537 155.670 236.537 198.960 219.229 198.960
217.834 156.775 234.982 156.775 234.982 199.904 217.834 199.904
216.276 156.930 233.422 156.930 233.422 199.701 216.276 199.701
214.214 156.964 231.319 156.964 231.319 199.656 214.214 199.656
209.450 155.132 226.578 155.132 226.578 197.817 209.450 197.817
205.183 152.739 222.208 152.739 222.208 195.587 205.183 195.587
204.342 153.370 221.549 153.370 221.549 195.681 204.342 195.681
199.960 153.472 217.314 153.472 217.314 195.332 199.960 195.332
195.023 152.445 212.416 152.445 212.416 194.028 195.023 194.028
193.328 153.425 210.808 153.425 210.808 194.705 193.328 194.705
188.479 153.411 206.002 153.411 206.002 194.536 188.479 194.536
182.740 153.572 200.118 153.572 200.118 194.571 182.740 194.571
180.562 152.023 197.833 152.023 197.833 193.116 180.562 193.116
178.064 150.679 195.234 150.679 195.234 191.887 178.064 191.887
175.670 151.728 192.820 151.728 192.820 192.994 175.670 192.994
174.507 151.059 191.648 151.059 191.648 192.560 174.507 192.560
170.985 152.933 187.879 152.933 187.879 194.636 170.985 194.636
167.632 155.790 184.281 155.790 184.281 197.578 167.632 197.578
164.621 156.403 181.164 156.403 181.164 197.933 164.621 197.933
163.406 155.637 179.907 155.637 179.907 196.945 163.406 196.945
162.707 155.519 179.058 155.519 179.058 196.714 162.707 196.714
158.388 157.356 174.651 157.356 174.651 198.169 158.388 198.169
156.837 157.355 173.099 157.355 173.099 197.797 156.837 197.797
152.946 158.484 169.223 158.484 169.223 198.856 152.946 198.856
151.694 158.984 167.953 158.984 167.953 199.278 151.694 199.278
147.701 161.725 163.811 161.725 163.811 202.124 147.701 202.124
146.038 160.333 162.127 160.333 162.127 200.901 146.038 200.901
141.864 160.833 158.071 160.833 158.071 201.382 141.864 201.382
140.879 160.897 157.079 160.897 157.079 201.659 140.879 201.659
140.144 160.223 156.179 160.223 156.179 201.321 140.144 201.321
138.541 162.089 154.666 162.089 154.666 203.143 138.541 203.143
137.376 161.336 153.376 161.336 153.376 202.694 137.376 202.694
134.071 163.380 149.903 163.380 149.903 205.103 134.071 205.103
133.973 164.996 149.779 164.996 149.779 206.605 133.973 206.605
132.903 165.555 148.796 165.555 148.796 206.659 132.903 206.659
131.869 165.554 147.849 165.554 147.849 206.310 131.869 206.310
127.910 166.398 144.114 166.398 144.114 206.670 127.910 206.670
124.507 165.925 140.628 165.925 140.628 206.124 124.507 206.124
123.868 165.720 140.033 165.720 140.033 205.736 123.868 205.736
120.656 168.479 136.784 168.479 136.784 208.260 120.656 208.260
119.355 168.314 135.687 168.314 135.687 207.704 119.355 207.704
115.404 171.566 131.725 171.566 131.725 210.748 115.404 210.748
111.912 172.979 127.961 172.979 127.961 212.344 111.912 212.344
109.056 173.794 124.813 173.794 124.813 213.294 109.056 213.294
108.294 174.895 123.927 174.895 123.927 214.324 108.294 214.324
104.955 175.187 120.677 175.187 120.677 214.747 104.955 214.747
101.313 175.433 117.288 175.433 117.288 214.931 101.313 214.931
98.331 175.867 114.343 175.867 114.343 215.238 98.331 215.238
92.125 179.858 108.331 179.858 108.331 218.917 92.125 218.917
88.261 179.094 104.754 179.094 104.754 217.752 88.261 217.752
84.839 177.440 101.440 177.440 101.440 216.036 84.839 216.036
88.486 178.879 104.857 178.879 104.857 217.504 88.486 217.504
78.218 178.636 94.851 178.636 94.851 216.503 78.218 216.503
74.697 181.512 91.366 181.512 91.366 218.985 74.697 218.985
74.622 181.001 91.016 181.001 91.016 218.486 74.622 218.486
70.852 182.592 87.157 182.592 87.157 219.995 70.852 219.995
67.416 182.433 83.568 182.433 83.568 219.528 67.416 219.528
63.954 179.716 79.861 179.716 79.861 217.001 63.954 217.001
60.466 179.602 76.240 179.602 76.240 216.999 60.466 216.999
59.387 182.283 75.384 182.283 75.384 219.461 59.387 219.461
55.312 182.265 71.300 182.265 71.300 219.919 55.312 219.919
51.267 181.663 67.308 181.663 67.308 219.491 51.267 219.491
49.749 181.289 65.797 181.289 65.797 219.305 49.749 219.305
48.601 180.405 64.590 180.405 64.590 218.717 48.601 218.717
45.563 180.775 61.316 180.775 61.316 219.229 45.563 219.229
42.683 180.848 58.274 180.848 58.274 219.659 42.683 219.659
43.068 184.498 58.413 184.498 58.413 223.288 43.068 223.288
36.604 188.135 52.265 188.135 52.265 226.410 36.604 226.410
33.322 187.767 49.241 187.767 49.241 225.814 33.322 225.814
29.426 187.132 45.627 187.132 45.627 224.739 29.426 224.739
26.556 185.676 42.535 185.676 42.535 223.552 26.556 223.552
23.486 183.268 39.108 183.268 39.108 221.846 23.486 221.846
20.612 181.289 35.949 181.289 35.949 220.106 20.612 220.106
13.667 179.709 29.005 179.709 29.005 218.682 13.667 218.682
10.441 179.327 25.825 179.327 25.825 218.554 10.441 218.554
10.424 179.533 25.889 179.533 25.889 218.881 10.424 218.881
8.855 180.673 24.535 180.673 24.535 219.952 8.855 219.952
1.332 180.528 17.051 180.528 17.051 220.269 1.332 220.269
-0.202 180.629 15.394 180.629 15.394 220.633 -0.202 220.633
-0.706 179.364 14.660 179.364 14.660 219.929 -0.706 219.929
-1.376 177.504 13.845 177.504 13.845 218.128 -1.376 218.128
