59.000 372.000 100.000 372.000 100.000 408.000 59.000 408.000
68.536 377.687 108.105 377.687 108.105 414.457 68.536 414.457
86.800 374.244 125.394 374.244 125.394 411.213 86.800 411.213
100.646 372.014 138.131 372.014 138.131 409.401 100.646 409.401
113.329 371.767 149.897 371.767 149.897 409.584 113.329 409.584
127.911 370.895 164.049 370.895 164.049 408.319 127.911 408.319
142.070 368.902 177.372 368.902 177.372 406.483 142.070 406.483
157.369 367.936 191.904 367.936 191.904 405.820 157.369 405.820
171.214 366.176 205.086 366.176 205.086 404.239 171.214 404.239
180.935 364.679 213.997 364.679 213.997 403.008 180.935 403.008
179.477 364.744 212.540 364.744 212.540 403.071 179.477 403.071
178.762 364.752 211.826 364.752 211.826 403.075 178.762 403.075
177.460 364.157 210.524 364.157 210.524 402.478 177.460 402.478
176.272 363.856 209.337 363.856 209.337 402.176 176.272 402.176
175.622 363.929 208.693 363.929 208.693 402.236 175.622 402.236
175.199 363.034 208.270 363.034 208.270 401.339 175.199 401.339
175.116 363.525 208.189 363.525 208.189 401.826 175.116 401.826
174.565 363.599 207.638 363.599 207.638 401.899 174.565 401.899
173.929 363.185 207.002 363.185 207.002 401.483 173.929 401.483
173.794 363.158 206.868 363.158 206.868 401.454 173.794 401.454
173.126 362.977 206.201 362.977 206.201 401.270 173.126 401.270
172.346 362.912 205.421 362.912 205.421 401.203 172.346 401.203
171.933 362.593 205.008 362.593 205.008 400.884 171.933 400.884
171.316 362.581 204.391 362.581 204.391 400.871 171.316 400.871
170.758 362.806 203.834 362.806 203.834 401.094 170.758 401.094
170.369 362.584 203.445 362.584 203.445 400.871 170.369 400.871
170.217 362.853 203.293 362.853 203.293 401.139 170.217 401.139
170.034 362.162 203.110 362.162 203.110 400.447 170.034 400.447
169.654 361.418 202.730 361.418 202.730 399.703 169.654 399.703
168.877 360.600 201.953 360.600 201.953 398.883 168.877 398.883
168.322 359.534 201.398 359.534 201.398 397.817 168.322 397.817
168.018 358.929 201.093 358.929 201.093 397.212 168.018 397.212
167.881 358.722 200.955 358.722 200.955 397.004 167.881 397.004
167.451 358.515 200.525 358.515 200.525 396.797 167.451 396.797
166.397 358.487 199.470 358.487 199.470 396.769 166.397 396.769
165.706 358.206 198.779 358.206 198.779 396.488 165.706 396.488
164.960 358.166 198.032 358.166 198.032 396.448 164.960 396.448
163.998 358.439 197.070 358.439 197.070 396.720 163.998 396.720
162.964 357.868 196.036 357.868 196.036 396.149 162.964 396.149
162.062 357.510 195.134 357.510 195.134 395.790 162.062 395.790
160.564 356.984 193.636 356.984 193.636 395.264 160.564 395.264
159.469 356.858 192.541 356.858 192.541 395.137 159.469 395.137
158.400 356.494 191.472 356.494 191.472 394.773 158.400 394.773
156.905 355.961 189.977 355.961 189.977 394.239 156.905 394.239
155.265 355.617 188.337 355.617 188.337 393.894 155.265 393.894
