287.000 228.000 399.000 228.000 399.000 321.000 287.000 321.000
287.471 229.426 398.589 229.426 398.589 322.450 287.471 322.450
292.010 228.252 403.530 228.252 403.530 320.453 292.010 320.453
288.509 226.992 399.313 226.992 399.313 319.580 288.509 319.580
293.599 227.009 404.751 227.009 404.751 319.326 293.599 319.326
290.962 225.147 402.072 225.147 402.072 317.464 290.962 317.464
293.566 225.073 404.889 225.073 404.889 317.341 293.566 317.341
293.360 223.736 404.653 223.736 404.653 315.961 293.360 315.961
295.826 224.684 407.166 224.684 407.166 316.748 295.826 316.748
297.226 223.118 409.272 223.118 409.272 314.861 297.226 314.861
297.564 223.252 409.632 223.252 409.632 315.325 297.564 315.325
298.123 221.080 411.037 221.080 411.037 313.032 298.123 313.032
298.589 221.480 411.239 221.480 411.239 313.992 298.589 313.992
301.799 220.985 415.272 220.985 415.272 313.405 301.799 313.405
302.304 218.732 416.576 218.732 416.576 311.304 302.304 311.304
301.090 217.712 415.821 217.712 415.821 311.045 301.090 311.045
302.139 216.597 417.710 216.597 417.710 310.047 302.139 310.047
304.994 215.782 421.242 215.782 421.242 309.131 304.994 309.131
305.302 215.486 422.455 215.486 422.455 308.133 305.302 308.133
310.826 214.871 428.968 214.871 428.968 306.807 310.826 306.807
308.471 214.749 427.586 214.749 427.586 305.798 308.471 305.798
311.687 214.937 431.623 214.937 431.623 305.131 311.687 305.131
313.264 215.628 434.421 215.628 434.421 305.049 313.264 305.049
311.244 214.998 433.836 214.998 433.836 303.360 311.244 303.360
313.374 214.205 436.721 214.205 436.721 302.214 313.374 302.214
315.170 214.494 439.942 214.494 439.942 302.430 315.170 302.430
315.424 213.552 441.064 213.552 441.064 300.961 315.424 300.961
316.197 213.252 443.157 213.252 443.157 299.702 316.197 299.702
317.589 213.416 445.521 213.416 445.521 299.253 317.589 299.253
320.005 214.015 449.955 214.015 449.955 299.186 320.005 299.186
320.274 213.671 452.131 213.671 452.131 297.916 320.274 297.916
321.867 213.570 455.122 213.570 455.122 297.091 321.867 297.091
321.144 213.244 455.745 213.244 455.745 296.483 321.144 296.483
322.029 213.235 458.379 213.235 458.379 296.126 322.029 296.126
321.849 212.746 459.849 212.746 459.849 295.404 321.849 295.404
323.875 211.578 463.648 211.578 463.648 294.060 323.875 294.060
321.316 211.184 461.585 211.184 461.585 293.697 321.316 293.697
322.226 211.198 462.292 211.198 462.292 293.884 322.226 293.884
324.051 211.243 464.447 211.243 464.447 293.557 324.051 293.557
326.178 210.554 466.747 210.554 466.747 293.053 326.178 293.053
327.561 210.450 468.026 210.450 468.026 292.837 327.561 292.837
329.282 210.060 469.906 210.060 469.906 292.116 329.282 292.116
329.977 209.551 471.069 209.551 471.069 291.352 329.977 291.352
330.567 210.145 471.599 210.145 471.599 291.841 330.567 291.841
331.825 210.066 472.996 210.066 472.996 291.824 331.825 291.824
332.795 209.536 473.899 209.536 473.899 291.366 332.795 291.366
335.286 210.152 475.943 210.152 475.943 291.743 335.286 291.743
336.721 209.830 477.572 209.830 477.572 291.047 336.721 291.047
336.738 209.052 476.816 209.052 476.816 290.257 336.738 290.257
338.790 207.887 478.251 207.887 478.251 289.069 338.790 289.069
337.632 208.732 475.733 208.732 475.733 289.807 337.632 289.807
339.317 207.993 476.050 207.993 476.050 289.055 339.317 289.055
342.661 207.965 477.795 207.965 477.795 288.997 342.661 288.997
350.721 206.495 484.707 206.495 484.707 287.201 350.721 287.201
355.656 206.483 489.016 206.483 489.016 286.757 355.656 286.757
358.583 206.865 492.068 206.865 492.068 286.539 358.583 286.539
360.300 206.992 494.101 206.992 494.101 286.383 360.300 286.383
361.071 206.310 495.224 206.310 495.224 285.261 361.071 285.261
365.060 206.627 498.888 206.627 498.888 285.277 365.060 285.277
368.475 205.334 502.772 205.334 502.772 283.519 368.475 283.519
369.254 204.285 504.250 204.285 504.250 282.021 369.254 282.021
368.122 204.599 503.732 204.599 503.732 281.926 368.122 281.926
369.087 205.092 504.292 205.092 504.292 282.215 369.087 282.215
371.270 205.049 505.959 205.049 505.959 282.043 371.270 282.043
372.303 204.924 506.554 204.924 506.554 281.673 372.303 281.673
369.864 206.517 503.864 206.517 503.864 283.167 369.864 283.167
378.327 204.520 510.703 204.520 510.703 281.193 378.327 281.193
380.351 203.819 512.249 203.819 512.249 280.618 380.351 280.618
381.362 204.274 513.293 204.274 513.293 280.651 381.362 280.651
367.322 203.998 501.287 203.998 501.287 280.733 367.322 280.733
353.327 202.905 489.571 202.905 489.571 279.161 353.327 279.161
366.534 201.330 505.931 201.330 505.931 277.266 366.534 277.266
333.826 199.799 476.214 199.799 476.214 275.564 333.826 275.564
293.842 199.797 438.075 199.797 438.075 275.186 293.842 275.186
260.665 199.275 407.940 199.275 407.940 275.203 260.665 275.203
225.772 198.435 376.348 198.435 376.348 274.766 225.772 274.766
225.177 199.767 379.187 199.767 379.187 276.380 225.177 276.380
223.122 198.100 380.673 198.100 380.673 275.100 223.122 275.100
221.919 197.533 381.453 197.533 381.453 275.625 221.919 275.625
222.723 197.230 384.517 197.230 384.517 275.825 222.723 275.825
223.184 196.906 386.878 196.906 386.878 276.292 223.184 276.292
223.693 197.753 389.876 197.753 389.876 277.448 223.693 277.448
224.115 197.387 392.118 197.387 392.118 277.712 224.115 277.712
225.574 196.870 394.967 196.870 394.967 277.922 225.574 277.922
223.591 197.360 394.795 197.360 394.795 278.386 223.591 278.386
222.170 197.410 394.656 197.410 394.656 278.862 222.170 278.862
223.427 195.432 396.479 195.432 396.479 277.795 223.427 277.795
224.674 195.648 399.096 195.648 399.096 277.983 224.674 277.983
227.330 196.362 402.677 196.362 402.677 278.747 227.330 278.747
226.622 194.344 402.418 194.344 402.418 277.121 226.622 277.121
230.108 194.307 406.539 194.307 406.539 277.079 230.108 277.079
232.548 192.416 408.688 192.416 408.688 276.020 232.548 276.020
234.236 192.806 410.788 192.806 410.788 276.821 234.236 276.821
237.042 193.629 413.774 193.629 413.774 278.081 237.042 278.081
236.295 193.016 414.081 193.016 414.081 277.509 236.295 277.509
237.225 191.053 415.297 191.053 415.297 276.359 237.225 276.359
241.728 192.089 420.246 192.089 420.246 278.118 241.728 278.118
245.757 191.098 424.597 191.098 424.597 277.438 245.757 277.438
248.851 191.051 428.290 191.051 428.290 277.832 248.851 277.832
251.538 189.549 431.838 189.549 431.838 276.608 251.538 276.608
253.958 190.313 436.734 190.313 436.734 277.349 253.958 277.349
248.282 189.609 435.406 189.609 435.406 275.940 248.282 275.940
212.659 190.964 403.019 190.964 403.019 277.413 212.659 277.413
179.567 190.516 371.794 190.516 371.794 277.762 179.567 277.762
145.343 190.640 339.965 190.640 339.965 278.585 145.343 278.585
199.432 169.450 393.542 169.450 393.542 258.874 199.432 258.874
201.531 166.411 395.929 166.411 395.929 256.471 201.531 256.471
204.252 162.191 397.989 162.191 397.989 253.020 204.252 253.020
205.548 159.775 398.366 159.775 398.366 251.941 205.548 251.941
208.336 161.049 401.746 161.049 401.746 253.711 208.336 253.711
212.581 160.812 404.815 160.812 404.815 254.463 212.581 254.463
210.830 159.132 402.512 159.132 402.512 253.324 210.830 253.324
212.103 159.695 402.811 159.695 402.811 254.816 212.103 254.816
211.804 160.244 401.527 160.244 401.527 255.446 211.804 255.446
210.307 163.952 399.862 163.952 399.862 259.033 210.307 259.033
210.024 166.781 400.767 166.781 400.767 261.039 210.024 261.039
209.555 168.327 401.588 168.327 401.588 261.719 209.555 261.719
207.540 170.673 400.276 170.673 400.276 263.529 207.540 263.529
206.922 170.905 399.545 170.905 399.545 262.670 206.922 262.670
206.372 172.479 397.606 172.479 397.606 263.343 206.372 263.343
202.656 174.722 392.857 174.722 392.857 264.522 202.656 264.522
205.487 175.937 394.173 175.937 394.173 265.202 205.487 265.202
202.300 179.054 390.027 179.054 390.027 267.490 202.300 267.490
202.003 179.964 388.491 179.964 388.491 267.915 202.003 267.915
198.441 181.647 384.985 181.647 384.985 268.862 198.441 268.862
197.681 183.123 384.864 183.123 384.864 269.433 197.681 269.433
196.950 185.944 385.446 185.944 385.446 272.032 196.950 272.032
195.171 187.260 384.178 187.260 384.178 273.263 195.171 273.263
194.700 187.987 384.349 187.987 384.349 274.933 194.700 274.933
194.101 188.437 385.264 188.437 385.264 275.513 194.101 275.513
197.521 188.675 390.300 188.675 390.300 276.678 197.521 276.678
199.666 188.082 393.362 188.082 393.362 277.106 199.666 277.106
203.819 187.076 399.350 187.076 399.350 276.887 203.819 276.887
203.658 185.646 399.024 185.646 399.024 276.542 203.658 276.542
206.666 184.936 403.046 184.936 403.046 277.242 206.666 277.242
210.556 185.140 407.922 185.140 407.922 278.708 210.556 278.708
212.173 185.090 411.244 185.090 411.244 279.618 212.173 279.618
218.234 185.077 420.398 185.077 420.398 280.193 218.234 280.193
219.628 183.746 424.749 183.746 424.749 279.444 219.628 279.444
222.338 183.431 429.982 183.431 429.982 279.640 222.338 279.640
224.245 183.655 434.548 183.655 434.548 280.418 224.245 280.418
224.680 183.327 437.231 183.327 437.231 281.034 224.680 281.034
225.120 182.315 439.864 182.315 439.864 281.210 225.120 281.210
228.723 182.332 446.707 182.332 446.707 281.819 228.723 281.819
230.320 183.257 449.458 183.257 449.458 284.065 230.320 284.065
232.529 182.033 454.381 182.033 454.381 282.892 232.529 282.892
233.022 183.891 456.330 183.891 456.330 286.050 233.022 286.050
239.950 184.498 464.819 184.498 464.819 287.216 239.950 287.216
245.660 184.351 471.068 184.351 471.068 288.188 245.660 288.188
253.936 186.028 478.584 186.028 478.584 291.234 253.936 291.234
258.208 186.544 483.410 186.544 483.410 292.430 258.208 292.430
266.061 187.271 489.534 187.271 489.534 294.658 266.061 294.658
274.420 186.267 496.487 186.267 496.487 295.271 274.420 295.271
287.077 187.048 508.715 187.048 508.715 296.968 287.077 296.968
297.433 175.386 519.553 175.386 519.553 285.646 297.433 285.646
313.959 178.690 535.458 178.690 535.458 291.203 313.959 291.203
313.295 177.417 534.117 177.417 534.117 290.321 313.295 290.321
269.673 176.451 490.706 176.451 490.706 289.411 269.673 289.411
228.572 175.715 451.439 175.715 451.439 287.682 228.572 287.682
209.981 176.569 437.194 176.569 437.194 285.546 209.981 285.546
187.023 177.195 413.635 177.195 413.635 287.329 187.023 287.329
186.584 178.770 412.505 178.770 412.505 290.161 186.584 290.161
189.082 164.877 413.415 164.877 413.415 277.519 189.082 277.519
207.877 170.222 436.330 170.222 436.330 279.738 207.877 279.738
170.905 350.611 400.974 350.611 400.974 458.853 170.905 458.853
186.943 349.245 421.129 349.245 421.129 454.732 186.943 454.732
178.473 349.366 417.259 349.366 417.259 452.762 178.473 452.762
175.524 359.479 417.011 359.479 417.011 461.343 175.524 461.343
172.996 354.461 417.649 354.461 417.649 455.360 172.996 455.360
172.904 351.629 419.769 351.629 419.769 452.231 172.904 452.231
170.463 349.803 418.740 349.803 418.740 450.279 170.463 450.279
172.237 360.176 422.540 360.176 422.540 459.965 172.237 459.965
172.848 354.612 425.606 354.612 425.606 454.323 172.848 454.323
168.219 352.168 422.659 352.168 422.659 452.186 168.219 452.186
169.285 350.341 424.849 350.341 424.849 450.475 169.285 450.475
168.195 360.205 424.635 360.205 424.635 460.365 168.195 460.365
167.293 353.878 424.183 353.878 424.183 454.152 167.293 454.152
167.555 352.168 424.886 352.168 424.886 452.973 167.555 452.973
171.533 350.007 428.694 350.007 428.694 451.731 171.533 451.731
157.432 348.252 416.098 348.252 416.098 450.317 157.432 450.317
115.978 347.767 377.037 347.767 377.037 450.675 115.978 450.675
88.704 360.951 350.209 360.951 350.209 464.067 88.704 464.067
70.631 353.343 333.225 353.343 333.225 456.989 70.631 456.989
73.992 349.413 337.183 349.413 337.183 453.804 73.992 453.804
70.735 346.779 335.208 346.779 335.208 451.120 70.735 451.120
71.132 345.663 336.377 345.663 336.377 450.389 71.132 450.389
71.873 356.066 338.190 356.066 338.190 461.118 71.873 461.118
70.806 350.061 337.587 350.061 337.587 455.608 70.806 455.608
68.158 347.894 335.779 347.894 335.779 453.489 68.158 453.489
51.642 346.458 320.164 346.458 320.164 452.865 51.642 452.865
2.197 341.315 264.939 341.315 264.939 453.287 2.197 453.287
5.453 356.379 269.337 356.379 269.337 467.296 5.453 467.296
-26.258 347.330 234.028 347.330 234.028 459.991 -26.258 459.991
-22.556 344.173 237.485 344.173 237.485 456.963 -22.556 456.963
-14.588 340.759 245.246 340.759 245.246 453.692 -14.588 453.692
-0.198 338.902 259.606 338.902 259.606 451.858 -0.198 451.858
12.733 339.227 272.515 339.227 272.515 452.198 12.733 452.198
17.981 339.971 277.733 339.971 277.733 452.964 17.981 452.964
19.795 340.246 279.544 340.246 279.544 453.242 19.795 453.242
16.390 338.667 276.134 338.667 276.134 451.666 16.390 451.666
12.666 340.014 272.408 340.014 272.408 453.014 12.666 453.014
11.817 342.110 271.558 342.110 271.558 455.111 11.817 455.111
14.858 338.978 274.595 338.978 274.595 451.981 14.858 451.981
19.842 334.289 279.576 334.289 279.576 447.293 19.842 447.293
24.873 328.499 284.598 328.499 284.598 441.511 24.873 441.511
25.989 322.262 285.710 322.262 285.710 435.278 25.989 435.278
25.699 315.504 285.419 315.504 285.419 428.521 25.699 428.521
26.907 311.405 286.623 311.405 286.623 424.426 26.907 424.426
20.640 174.762 273.482 174.762 273.482 291.298 20.640 291.298
18.178 174.715 264.806 174.715 264.806 294.800 18.178 294.800
32.579 173.851 275.187 173.851 275.187 295.899 32.579 295.899
47.601 174.147 289.639 174.147 289.639 296.459 47.601 296.459
60.317 160.142 297.389 160.142 297.389 283.872 60.317 283.872
85.116 162.493 320.466 162.493 320.466 286.778 85.116 286.778
70.921 166.281 304.812 166.281 304.812 290.867 70.921 290.867
77.390 169.377 309.786 169.377 309.786 293.732 77.390 293.732
81.904 171.862 313.826 171.862 313.826 296.251 81.904 296.251
90.359 172.291 320.603 172.291 320.603 296.966 90.359 296.966
114.914 171.525 344.037 171.525 344.037 296.890 114.914 296.890
121.857 170.546 350.583 170.546 350.583 296.068 121.857 296.068
133.990 170.542 362.304 170.542 362.304 296.233 133.990 296.233
124.487 170.142 352.610 170.142 352.610 295.877 124.487 295.877
139.066 170.116 367.179 170.116 367.179 295.856 139.066 295.856
154.770 169.604 382.877 169.604 382.877 295.348 154.770 295.348
250.701 154.672 477.627 154.672 477.627 280.280 250.701 280.280
252.626 160.199 477.598 160.199 477.598 286.511 252.626 286.511
257.353 166.361 480.705 166.361 480.705 292.885 257.353 292.885
264.176 170.728 485.148 170.728 485.148 297.998 264.176 297.998
272.496 156.091 491.309 156.091 491.309 283.115 272.496 283.115
249.874 156.278 468.176 156.278 468.176 282.970 249.874 282.970
