556.000 236.000 583.000 236.000 583.000 300.000 556.000 300.000
557.960 229.321 584.425 229.321 584.425 294.343 557.960 294.343
556.289 228.173 582.540 228.173 582.540 293.816 556.289 293.816
554.344 229.626 580.627 229.626 580.627 295.281 554.344 295.281
552.366 227.552 578.374 227.552 578.374 293.699 552.366 293.699
551.667 227.250 577.547 227.250 577.547 293.568 551.667 293.568
549.192 224.431 575.133 224.431 575.133 290.995 549.192 290.995
550.393 226.358 576.129 226.358 576.129 293.297 550.393 293.297
547.370 223.270 573.038 223.270 573.038 290.032 547.370 290.032
548.359 222.210 573.966 222.210 573.966 289.114 548.359 289.114
546.504 221.923 572.147 221.923 572.147 288.658 546.504 288.658
545.840 222.545 571.495 222.545 571.495 289.187 545.840 289.187
543.304 217.435 568.869 217.435 568.869 284.011 543.304 284.011
543.030 221.742 568.645 221.742 568.645 287.684 543.030 287.684
540.780 217.324 566.291 217.324 566.291 283.029 540.780 283.029
540.715 218.408 566.082 218.408 566.082 283.928 540.715 283.928
539.985 215.752 565.243 215.752 565.243 281.045 539.985 281.045
538.429 215.856 563.600 215.856 563.600 281.022 538.429 281.022
537.819 215.514 562.926 215.514 562.926 280.681 537.819 280.681
537.792 214.451 562.745 214.451 562.745 279.676 537.792 279.676
536.600 213.545 561.496 213.545 561.496 278.569 536.600 278.569
534.884 212.777 559.862 212.777 559.862 277.294 534.884 277.294
534.442 211.020 559.352 211.020 559.352 275.444 534.442 275.444
533.329 211.864 558.485 211.864 558.485 275.585 533.329 275.585
532.139 209.430 557.276 209.430 557.276 272.831 532.139 272.831
531.513 211.038 556.655 211.038 556.655 274.007 531.513 274.007
530.096 207.865 555.104 207.865 555.104 270.436 530.096 270.436
529.553 211.093 554.532 211.093 554.532 273.492 529.553 273.492
527.938 206.069 552.683 206.069 552.683 268.415 527.938 268.415
527.989 207.592 552.608 207.592 552.608 269.547 527.989 269.547
527.898 206.441 552.358 206.441 552.358 268.343 527.898 268.343
526.089 206.048 550.605 206.048 550.605 267.436 526.089 267.436
524.776 203.437 548.911 203.437 548.911 264.846 524.776 264.846
494.261 202.498 519.072 202.498 519.072 262.887 494.261 262.887
453.783 202.930 478.620 202.930 478.620 263.013 453.783 263.013
442.210 201.937 467.116 201.937 467.116 261.653 442.210 261.653
427.657 202.910 452.782 202.910 452.782 261.971 427.657 261.971
425.037 205.168 450.008 205.168 450.008 264.081 425.037 264.081
422.286 204.787 447.079 204.787 447.079 262.911 422.286 262.911
425.006 202.986 449.348 202.986 449.348 260.923 425.006 260.923
421.752 201.967 445.700 201.967 445.700 259.607 421.752 259.607
419.519 201.280 443.198 201.280 443.198 258.880 419.519 258.880
419.379 199.453 442.783 199.453 442.783 257.063 419.379 257.063
417.680 200.395 440.981 200.395 440.981 257.538 417.680 257.538
416.108 197.965 439.370 197.965 439.370 255.119 416.108 255.119
414.244 202.216 437.320 202.216 437.320 258.435 414.244 258.435
415.135 195.154 438.095 195.154 438.095 251.290 415.135 251.290
411.722 200.006 434.788 200.006 434.788 255.323 411.722 255.323
409.214 195.205 432.152 195.205 432.152 250.384 409.214 250.384
408.796 198.120 431.458 198.120 431.458 253.077 408.796 253.077
407.226 196.026 429.692 196.026 429.692 250.615 407.226 250.615
404.694 196.829 427.185 196.829 427.185 250.740 404.694 250.740
402.033 196.854 424.228 196.854 424.228 250.337 402.033 250.337
401.483 195.360 423.472 195.360 423.472 248.317 401.483 248.317
397.806 195.544 419.742 195.544 419.742 247.888 397.806 247.888
396.659 195.413 418.234 195.413 418.234 247.474 396.659 247.474
394.165 196.324 415.558 196.324 415.558 248.013 394.165 248.013
390.523 191.925 411.912 191.925 411.912 243.443 390.523 243.443
388.444 195.769 409.766 195.769 409.766 246.880 388.444 246.880
385.169 192.440 406.708 192.440 406.708 243.031 385.169 243.031
383.286 193.844 404.795 193.844 404.795 244.165 383.286 244.165
379.459 192.846 400.991 192.846 400.991 242.514 379.459 242.514
376.702 193.027 398.121 193.027 398.121 242.489 376.702 242.489
373.902 191.684 395.172 191.684 395.172 240.798 373.902 240.798
372.101 192.142 393.324 192.142 393.324 240.603 372.101 240.603
368.258 192.704 389.334 192.704 389.334 240.993 368.258 240.993
365.759 191.168 386.785 191.168 386.785 238.991 365.759 238.991
363.000 192.882 383.965 192.882 383.965 240.590 363.000 240.590
359.318 190.917 380.452 190.917 380.452 238.517 359.318 238.517
355.519 191.390 376.598 191.390 376.598 238.629 355.519 238.629
351.937 190.268 373.247 190.268 373.247 237.321 351.937 237.321
348.107 190.643 369.438 190.643 369.438 237.533 348.107 237.533
345.445 189.844 366.664 189.844 366.664 236.689 345.445 236.689
339.057 190.349 360.218 190.349 360.218 237.068 339.057 237.068
336.224 189.318 357.142 189.318 357.142 235.802 336.224 235.802
334.040 189.627 354.996 189.627 354.996 235.815 334.040 235.815
327.994 188.846 348.869 188.846 348.869 235.078 327.994 235.078
321.867 188.606 342.797 188.606 342.797 234.513 321.867 234.513
319.188 188.545 339.975 188.545 339.975 234.204 319.188 234.204
313.345 188.875 334.088 188.875 334.088 234.229 313.345 234.229
307.739 189.192 328.412 189.192 328.412 234.285 307.739 234.285
305.787 188.298 326.430 188.298 326.430 232.980 305.787 232.980
300.173 188.496 321.265 188.496 321.265 232.358 300.173 232.358
298.372 188.541 319.739 188.541 319.739 232.183 298.372 232.183
292.763 186.398 314.158 186.398 314.158 230.108 292.763 230.108
286.208 187.034 307.718 187.034 307.718 230.441 286.208 230.441
280.793 186.463 302.166 186.463 302.166 230.046 280.793 230.046
276.017 186.745 297.477 186.745 297.477 230.394 276.017 230.394
270.908 186.284 292.488 186.284 292.488 229.667 270.908 229.667
265.574 185.936 287.227 185.936 287.227 229.441 265.574 229.441
259.986 185.769 281.419 185.769 281.419 229.183 259.986 229.183
254.789 186.386 276.054 186.386 276.054 229.634 254.789 229.634
253.170 185.221 274.202 185.221 274.202 228.395 253.170 228.395
247.915 186.825 269.041 186.825 269.041 229.808 247.915 229.808
242.960 186.565 264.193 186.565 264.193 229.229 242.960 229.229
237.699 186.805 258.905 186.805 258.905 229.206 237.699 229.206
228.285 186.311 249.659 186.311 249.659 228.521 228.285 228.521
223.181 186.423 244.582 186.423 244.582 228.552 223.181 228.552
214.395 184.705 235.874 184.705 235.874 226.584 214.395 226.584
209.508 184.215 231.221 184.215 231.221 225.779 209.508 225.779
205.003 183.746 226.551 183.746 226.551 225.553 205.003 225.553
200.721 183.430 222.202 183.430 222.202 225.095 200.721 225.095
195.538 182.638 216.931 182.638 216.931 224.196 195.538 224.196
190.665 182.345 211.936 182.345 211.936 224.083 190.665 224.083
185.770 182.034 207.115 182.034 207.115 223.664 185.770 223.664
177.412 181.366 198.842 181.366 198.842 222.883 177.412 222.883
172.923 182.690 194.473 182.690 194.473 224.039 172.923 224.039
168.311 181.665 189.966 181.665 189.966 222.952 168.311 222.952
159.512 181.697 180.998 181.697 180.998 223.040 159.512 223.040
154.931 180.973 176.326 180.973 176.326 222.595 154.931 222.595
150.403 180.550 171.737 180.550 171.737 222.204 150.403 222.204
142.456 180.769 163.974 180.769 163.974 222.091 142.456 222.091
138.106 180.447 159.517 180.447 159.517 221.741 138.106 221.741
133.973 180.323 155.209 180.323 155.209 221.770 133.973 221.770
