146.000 209.000 176.000 209.000 176.000 307.000 146.000 307.000
148.766 205.401 178.993 205.401 178.993 303.418 148.766 303.418
147.622 208.166 177.859 208.166 177.859 306.169 147.622 306.169
147.493 207.668 177.748 207.668 177.748 305.676 147.493 305.676
147.704 204.785 178.095 204.785 178.095 302.581 147.704 302.581
147.708 207.872 178.180 207.872 178.180 305.379 147.708 305.379
147.482 205.147 178.103 205.147 178.103 302.497 147.482 302.497
147.594 207.187 178.268 207.187 178.268 304.431 147.594 304.431
147.620 206.987 178.219 206.987 178.219 304.497 147.620 304.497
147.595 208.060 178.257 208.060 178.257 305.393 147.595 305.393
147.624 206.845 178.494 206.845 178.494 303.820 147.624 303.820
147.677 206.849 178.379 206.849 178.379 303.959 147.677 303.959
147.829 206.760 178.270 206.760 178.270 304.195 147.829 304.195
147.802 207.730 178.197 207.730 178.197 304.994 147.802 304.994
148.020 205.650 178.255 205.650 178.255 303.120 148.020 303.120
147.316 208.359 177.571 208.359 177.571 305.503 147.316 305.503
148.210 206.365 178.570 206.365 178.570 303.495 148.210 303.495
147.420 208.334 177.670 208.334 177.670 305.461 147.420 305.461
148.331 207.433 178.804 207.433 178.804 304.506 148.331 304.506
148.539 206.670 178.832 206.670 178.832 303.922 148.539 303.922
147.554 208.043 177.930 208.043 177.930 305.317 147.554 305.317
147.886 206.636 178.374 206.636 178.374 303.866 147.886 303.866
147.542 207.056 177.873 207.056 177.873 304.666 147.542 304.666
147.999 207.278 178.666 207.278 178.666 304.524 147.999 304.524
147.661 208.027 178.379 208.027 178.379 305.156 147.661 305.156
147.524 206.097 178.358 206.097 178.358 303.176 147.524 303.176
147.563 208.680 178.449 208.680 178.449 305.462 147.563 305.462
148.048 206.479 179.179 206.479 179.179 303.031 148.048 303.031
147.254 208.372 178.476 208.372 178.476 304.694 147.254 304.694
147.876 206.157 179.068 206.157 179.068 302.638 147.876 302.638
147.411 208.210 178.567 208.210 178.567 304.773 147.411 304.773
147.583 206.741 178.566 206.741 178.566 303.617 147.583 303.617
147.477 209.926 178.460 209.926 178.460 306.748 147.477 306.748
147.999 205.064 178.825 205.064 178.825 302.492 147.999 302.492
147.286 208.235 178.010 208.235 178.010 305.665 147.286 305.665
147.490 205.884 178.317 205.884 178.317 303.293 147.490 303.293
147.602 206.628 178.442 206.628 178.442 304.353 147.602 304.353
147.557 206.187 178.504 206.187 178.504 303.886 147.557 303.886
147.895 207.798 179.080 207.798 179.080 305.028 147.895 305.028
147.900 204.215 178.937 204.215 178.937 301.655 147.900 301.655
147.715 208.203 178.626 208.203 178.626 305.471 147.715 305.471
148.619 205.691 179.605 205.691 179.605 302.645 148.619 302.645
147.516 209.338 178.330 209.338 178.330 306.339 147.516 306.339
147.859 205.642 178.835 205.642 178.835 302.418 147.859 302.418
147.094 208.868 178.011 208.868 178.011 305.812 147.094 305.812
147.657 205.396 178.676 205.396 178.676 302.321 147.657 302.321
147.689 208.295 178.658 208.295 178.658 305.194 147.689 305.194
147.912 206.950 178.876 206.950 178.876 303.668 147.912 303.668
147.618 207.056 178.697 207.056 178.697 303.303 147.618 303.303
147.601 206.751 178.381 206.751 178.381 303.511 147.601 303.511
147.355 206.098 178.108 206.098 178.108 303.019 147.355 303.019
148.418 207.520 179.048 207.520 179.048 304.563 148.418 304.563
148.264 204.515 178.853 204.515 178.853 301.635 148.264 301.635
147.722 208.061 178.151 208.061 178.151 305.187 147.722 305.187
148.338 205.506 178.716 205.506 178.716 302.663 148.338 302.663
147.703 208.728 178.029 208.728 178.029 305.594 147.703 305.594
148.012 207.182 178.430 207.182 178.430 303.706 148.012 303.706
148.122 208.865 178.616 208.865 178.616 304.916 148.122 304.916
148.148 207.643 178.492 207.643 178.492 303.697 148.148 303.697
148.095 207.421 178.422 207.421 178.422 303.461 148.095 303.461
148.802 207.610 179.052 207.610 179.052 303.711 148.802 303.711
147.635 206.262 177.834 206.262 177.834 302.430 147.635 302.430
147.929 209.668 178.152 209.668 178.152 305.648 147.929 305.648
147.791 206.163 178.178 206.163 178.178 301.943 147.791 301.943
147.712 209.950 178.089 209.950 178.089 305.742 147.712 305.742
148.588 205.460 178.912 205.460 178.912 301.414 148.588 301.414
147.584 207.714 177.953 207.714 177.953 303.756 147.584 303.756
147.806 207.696 178.167 207.696 178.167 303.711 147.806 303.711
148.302 207.515 178.536 207.515 178.536 303.650 148.302 303.650
147.765 206.866 178.152 206.866 178.152 302.843 147.765 302.843
148.628 206.893 178.946 206.893 178.946 302.847 148.628 302.847
148.137 207.736 178.193 207.736 178.193 304.194 148.137 304.194
148.505 206.126 178.659 206.126 178.659 302.679 148.505 302.679
148.644 208.077 178.870 208.077 178.870 304.328 148.644 304.328
147.951 208.043 178.511 208.043 178.511 303.786 147.951 303.786
148.380 208.636 178.937 208.636 178.937 304.498 148.380 304.498
148.153 207.074 178.710 207.074 178.710 303.162 148.153 303.162
147.889 207.572 178.281 207.572 178.281 303.760 147.889 303.760
148.686 209.335 178.914 209.335 178.914 305.380 148.686 305.380
147.517 208.213 177.738 208.213 177.738 304.044 147.517 304.044
147.586 208.913 177.665 208.913 177.665 304.996 147.586 304.996
147.178 208.911 177.470 208.911 177.470 304.376 147.178 304.376
146.922 208.416 177.346 208.416 177.346 303.821 146.922 303.821
148.162 209.564 178.844 209.564 178.844 304.859 148.162 304.859
146.640 212.889 177.344 212.889 177.344 308.145 146.640 308.145
146.775 213.506 177.814 213.506 177.814 307.842 146.775 307.842
145.388 217.142 176.411 217.142 176.411 311.474 145.388 311.474
143.778 225.846 175.113 225.846 175.113 319.810 143.778 319.810
142.391 228.391 173.975 228.391 173.975 321.860 142.391 321.860
141.106 230.917 173.022 230.917 173.022 323.587 141.106 323.587
140.851 226.965 173.000 226.965 173.000 318.989 140.851 318.989
140.840 229.049 173.041 229.049 173.041 320.491 140.840 320.491
140.523 224.360 172.752 224.360 172.752 315.520 140.523 315.520
140.706 225.856 173.077 225.856 173.077 316.820 140.706 316.820
140.424 226.432 172.905 226.432 172.905 316.808 140.424 316.808
139.718 222.409 172.235 222.409 172.235 312.858 139.718 312.858
139.609 223.969 172.335 223.969 172.335 313.902 139.609 313.902
139.790 225.602 172.238 225.602 172.238 315.502 139.790 315.502
140.457 222.506 172.594 222.506 172.594 312.057 140.457 312.057
140.791 225.389 172.779 225.389 172.779 314.407 140.791 314.407
140.770 227.810 172.520 227.810 172.520 317.045 140.770 317.045
141.113 225.773 172.976 225.773 172.976 314.264 141.113 314.264
141.197 227.553 172.887 227.553 172.887 315.586 141.197 315.586
141.015 224.339 172.771 224.339 172.771 311.698 141.015 311.698
140.620 225.606 172.351 225.606 172.351 312.797 140.620 312.797
140.062 223.730 171.769 223.730 171.769 310.632 140.062 310.632
139.804 222.613 171.570 222.613 171.570 309.422 139.804 309.422
139.676 223.924 171.412 223.924 171.412 310.682 139.676 310.682
139.770 222.740 171.469 222.740 171.469 309.409 139.770 309.409
140.131 219.942 171.754 219.942 171.754 306.728 140.131 306.728
140.413 221.966 171.892 221.966 171.892 308.951 140.413 308.951
140.557 223.523 172.099 223.523 172.099 310.168 140.557 310.168
146.971 222.011 178.996 222.011 178.996 307.376 146.971 307.376
146.816 224.816 178.396 224.816 178.396 310.027 146.816 310.027
146.901 223.336 178.389 223.336 178.389 307.994 146.901 307.994
146.392 233.236 177.509 233.236 177.509 317.499 146.392 317.499
146.754 236.405 177.452 236.405 177.452 320.500 146.754 320.500
147.482 238.771 177.825 238.771 177.825 322.483 147.482 322.483
147.975 241.901 178.176 241.901 178.176 324.901 147.975 324.901
154.905 243.267 185.519 243.267 185.519 324.889 154.905 324.889
154.858 245.311 185.831 245.311 185.831 325.715 154.858 325.715
154.843 244.734 186.287 244.734 186.287 323.464 154.843 323.464
149.235 246.920 180.403 246.920 180.403 325.314 149.235 325.314
150.013 246.159 180.912 246.159 180.912 324.198 150.013 324.198
151.006 245.506 181.631 245.506 181.631 323.235 151.006 323.235
151.972 246.868 182.069 246.868 182.069 324.655 151.972 324.655
157.932 249.532 187.747 249.532 187.747 326.215 157.932 326.215
157.027 249.851 186.443 249.851 186.443 325.807 157.027 325.807
156.480 250.075 186.186 250.075 186.186 324.716 156.480 324.716
156.063 249.986 185.911 249.986 185.911 323.668 156.063 323.668
156.320 249.419 186.117 249.419 186.117 322.604 156.320 322.604
156.523 249.948 186.223 249.948 186.223 322.785 156.523 322.785
157.031 251.646 186.575 251.646 186.575 324.059 157.031 324.059
156.643 251.078 186.188 251.078 186.188 322.828 156.643 322.828
155.734 251.636 185.442 251.636 185.442 322.679 155.734 322.679
155.299 251.359 184.964 251.359 184.964 322.009 155.299 322.009
155.342 252.568 184.928 252.568 184.928 322.705 155.342 322.705
155.433 252.973 184.914 252.973 184.914 322.709 155.433 322.709
154.903 253.324 184.291 253.324 184.291 322.474 154.903 322.474
155.244 253.766 184.338 253.766 184.338 322.534 155.244 322.534
155.456 252.842 184.244 252.842 184.244 321.527 155.456 321.527
156.034 254.660 184.653 254.660 184.653 323.083 156.034 323.083
156.023 254.300 184.431 254.300 184.431 322.508 156.023 322.508
159.842 253.772 188.387 253.772 188.387 321.308 159.842 321.308
158.570 254.656 186.969 254.656 186.969 321.850 158.570 321.850
157.739 255.528 185.964 255.528 185.964 322.484 157.739 322.484
157.418 255.364 185.462 255.364 185.462 322.083 157.418 322.083
156.992 256.280 184.883 256.280 184.883 322.733 156.992 322.733
156.914 256.187 184.665 256.187 184.665 322.659 156.914 322.659
156.516 256.269 184.154 256.269 184.154 322.726 156.516 322.726
155.746 255.383 183.505 255.383 183.505 321.522 155.746 321.522
155.589 255.109 183.337 255.109 183.337 321.105 155.589 321.105
159.820 255.405 187.288 255.405 187.288 321.171 159.820 321.171
153.912 255.474 181.468 255.474 181.468 321.082 153.912 321.082
158.745 255.861 186.258 255.861 186.258 321.122 158.745 321.122
158.527 255.962 185.928 255.962 185.928 321.004 158.527 321.004
158.273 255.504 185.522 255.504 185.522 320.492 158.273 320.492
157.961 256.281 185.077 256.281 185.077 321.274 157.961 321.274
157.693 256.507 184.321 256.507 184.321 322.189 157.693 322.189
157.374 256.909 183.964 256.909 183.964 322.691 157.374 322.691
157.148 256.675 183.747 256.675 183.747 322.554 157.148 322.554
157.082 255.711 183.706 255.711 183.706 321.562 157.082 321.562
185.378 228.733 212.122 228.733 212.122 294.764 185.378 294.764
185.853 229.850 211.882 229.850 211.882 296.988 185.853 296.988
185.007 228.327 211.242 228.327 211.242 295.398 185.007 295.398
184.767 226.561 211.014 226.561 211.014 293.797 184.767 293.797
183.415 225.914 209.733 225.914 209.733 293.138 183.415 293.138
182.685 224.985 209.032 224.985 209.032 292.154 182.685 292.154
181.893 224.502 208.191 224.502 208.191 291.735 181.893 291.735
182.611 228.023 208.292 228.023 208.292 296.119 182.611 296.119
183.149 226.525 208.989 226.525 208.989 294.872 183.149 294.872
183.705 229.497 209.241 229.497 209.241 298.640 183.705 298.640
183.428 234.565 209.082 234.565 209.082 303.745 183.428 303.745
182.544 233.306 208.283 233.306 208.283 302.926 182.544 302.926
183.026 231.973 208.635 231.973 208.635 302.207 183.026 302.207
182.838 224.520 208.142 224.520 208.142 295.723 182.838 295.723
182.544 219.002 208.088 219.002 208.088 290.151 182.544 290.151
182.264 215.108 208.202 215.108 208.202 285.609 182.264 285.609
181.959 215.324 208.214 215.324 208.214 285.437 181.959 285.437
181.704 214.405 208.273 214.405 208.273 284.414 181.704 284.414
181.107 215.071 207.817 215.071 207.817 284.691 181.107 284.691
180.619 214.833 207.478 214.833 207.478 284.137 180.619 284.137
180.190 214.728 207.186 214.728 207.186 283.556 180.190 283.556
180.228 214.119 207.296 214.119 207.296 282.578 180.228 282.578
180.168 214.387 207.216 214.387 207.216 282.576 180.168 282.576
179.902 213.848 206.962 213.848 206.962 281.711 179.902 281.711
178.624 213.091 205.632 213.091 205.632 280.914 178.624 280.914
177.496 214.380 204.444 214.380 204.444 281.997 177.496 281.997
177.258 215.090 203.945 215.090 203.945 282.756 177.258 282.756
176.496 214.834 202.981 214.834 202.981 282.461 176.496 282.461
175.018 214.400 201.330 214.400 201.330 282.223 175.018 282.223
173.349 214.293 199.773 214.293 199.773 281.886 173.349 281.886
171.610 211.757 198.174 211.757 198.174 279.156 171.610 279.156
170.626 213.285 197.154 213.285 197.154 280.211 170.626 280.211
170.208 213.393 196.672 213.393 196.672 280.345 170.208 280.345
169.336 212.686 195.834 212.686 195.834 279.623 169.336 279.623
168.156 213.000 194.654 213.000 194.654 279.902 168.156 279.902
166.966 212.295 193.339 212.295 193.339 279.733 166.966 279.733
165.734 210.903 192.086 210.903 192.086 278.792 165.734 278.792
163.961 209.938 190.280 209.938 190.280 278.165 163.961 278.165
161.968 208.048 188.285 208.048 188.285 276.834 161.968 276.834
159.088 208.173 185.633 208.173 185.633 277.203 159.088 277.203
157.284 208.859 183.941 208.859 183.941 278.281 157.284 278.281
154.920 208.747 181.692 208.747 181.692 278.288 154.920 278.288
153.554 207.767 180.547 207.767 180.547 277.707 153.554 277.707
152.953 208.423 179.981 208.423 179.981 278.801 152.953 278.801
150.923 208.166 177.891 208.166 177.891 279.120 150.923 279.120
149.728 208.987 176.703 208.987 176.703 280.666 149.728 280.666
148.473 208.258 175.618 208.258 175.618 280.665 148.473 280.665
147.642 207.893 174.588 207.893 174.588 281.311 147.642 281.311
146.869 208.797 173.776 208.797 173.776 283.408 146.869 283.408
146.592 208.599 173.412 208.599 173.412 284.164 146.592 284.164
146.958 209.788 173.682 209.788 173.682 286.268 146.958 286.268
147.193 211.680 174.101 211.680 174.101 288.779 147.193 288.779
145.786 211.362 172.756 211.362 172.756 289.034 145.786 289.034
144.899 211.577 171.993 211.577 171.993 289.604 144.899 289.604
145.433 205.733 172.445 205.733 172.445 284.504 145.433 284.504
146.145 207.612 173.125 207.612 173.125 286.624 146.145 286.624
145.707 209.404 172.967 209.404 172.967 288.453 145.707 288.453
145.986 209.828 173.181 209.828 173.181 289.130 145.986 289.130
145.379 210.026 172.819 210.026 172.819 289.316 145.379 289.316
144.924 210.231 172.447 210.231 172.447 289.715 144.924 289.715
145.461 210.278 172.475 210.278 172.475 290.996 145.461 290.996
145.697 211.109 172.937 211.109 172.937 292.076 145.697 292.076
145.794 210.933 173.158 210.933 173.158 292.116 145.794 292.116
145.442 210.514 172.620 210.514 172.620 292.411 145.442 292.411
145.537 210.053 172.848 210.053 172.848 292.293 145.537 292.293
145.790 210.584 173.381 210.584 173.381 292.716 145.790 292.716
146.327 209.572 174.119 209.572 174.119 291.637 146.327 291.637
145.850 208.736 173.905 208.736 173.905 290.649 145.850 290.649
145.922 209.648 174.087 209.648 174.087 291.794 145.922 291.794
146.078 208.423 174.232 208.423 174.232 290.774 146.078 290.774
145.740 207.952 173.834 207.952 173.834 290.897 145.740 290.897
145.887 208.090 174.105 208.090 174.105 291.001 145.887 291.001
145.815 209.142 174.103 209.142 174.103 291.854 145.815 291.854
145.394 209.438 173.855 209.438 173.855 292.036 145.394 292.036
144.935 209.100 173.662 209.100 173.662 291.798 144.935 291.798
144.446 208.300 173.346 208.300 173.346 291.295 144.446 291.295
144.199 208.241 173.365 208.241 173.365 291.211 144.199 291.211
143.852 207.474 173.167 207.474 173.167 290.590 143.852 290.590
143.721 208.085 173.086 208.085 173.086 291.471 143.721 291.471
143.332 207.791 173.094 207.791 173.094 290.973 143.332 290.973
143.409 208.649 173.426 208.649 173.426 291.502 143.409 291.502
143.255 207.713 173.561 207.713 173.561 290.583 143.255 290.583
143.283 208.306 173.793 208.306 173.793 291.050 143.283 291.050
142.268 208.442 172.873 208.442 172.873 291.442 142.268 291.442
141.156 208.144 171.868 208.144 171.868 291.367 141.156 291.367
140.764 208.752 171.536 208.752 171.536 292.117 140.764 292.117
139.990 208.937 170.936 208.937 170.936 292.273 139.990 292.273
140.552 208.744 171.591 208.744 171.591 292.110 140.552 292.110
140.792 208.711 171.878 208.711 171.878 292.131 140.792 292.131
140.769 209.524 171.895 209.524 171.895 292.897 140.769 292.897
145.784 208.668 177.420 208.668 177.420 291.745 145.784 291.745
143.779 208.070 175.589 208.070 175.589 291.100 143.779 291.100
142.046 208.819 173.874 208.819 173.874 291.898 142.046 291.898
141.310 207.668 173.026 207.668 173.026 291.209 141.310 291.209
141.617 206.084 172.577 206.084 172.577 290.851 141.617 290.851
142.447 207.085 172.620 207.085 172.620 293.110 142.447 293.110
143.762 207.040 174.003 207.040 174.003 292.693 143.762 292.693
145.202 206.487 175.277 206.487 175.277 291.934 145.202 291.934
145.433 207.929 175.716 207.929 175.716 292.817 145.433 292.817
146.472 208.344 176.408 208.344 176.408 293.511 146.472 293.511
147.308 208.460 176.946 208.460 176.946 293.792 147.308 293.792
147.675 208.203 177.135 208.203 177.135 293.535 147.675 293.535
147.720 207.033 177.168 207.033 177.168 292.467 147.720 292.467
147.237 206.301 176.562 206.301 176.562 292.170 147.237 292.170
147.140 207.486 176.620 207.486 176.620 292.873 147.140 292.873
147.152 206.574 176.525 206.574 176.525 292.445 147.152 292.445
146.827 207.400 176.175 207.400 176.175 293.406 146.827 293.406
147.242 207.580 176.586 207.580 176.586 293.471 147.242 293.471
146.762 206.949 176.144 206.949 176.144 293.187 146.762 293.187
146.841 207.013 176.075 207.013 176.075 293.545 146.841 293.545
146.591 207.398 175.949 207.398 175.949 293.621 146.591 293.621
146.384 206.138 176.019 206.138 176.019 292.095 146.384 292.095
146.205 206.132 176.135 206.132 176.135 291.862 146.205 291.862
145.772 205.984 175.907 205.984 175.907 291.932 145.772 291.932
144.698 205.628 175.052 205.628 175.052 291.634 144.698 291.634
144.618 207.038 174.928 207.038 174.928 293.466 144.618 293.466
143.565 206.326 174.245 206.326 174.245 292.775 143.565 292.775
142.402 205.520 173.283 205.520 173.283 292.307 142.402 292.307
141.374 205.688 172.684 205.688 172.684 292.404 141.374 292.404
141.048 205.935 172.210 205.935 172.210 293.208 141.048 293.208
141.236 205.735 172.201 205.735 172.201 293.247 141.236 293.247
140.898 207.192 171.866 207.192 171.866 294.521 140.898 294.521
140.698 207.320 171.876 207.320 171.876 294.245 140.698 294.245
140.823 206.977 172.002 206.977 172.002 294.171 140.823 294.171
140.793 207.472 171.978 207.472 171.978 294.725 140.793 294.725
140.896 207.816 172.034 207.816 172.034 295.318 140.896 295.318
140.969 205.635 171.824 205.635 171.824 293.823 140.969 293.823
141.333 205.959 171.888 205.959 171.888 294.837 141.333 294.837
142.193 204.962 172.673 204.962 172.673 294.145 142.193 294.145
141.876 203.221 172.228 203.221 172.228 292.655 141.876 292.655
141.736 204.695 172.040 204.695 172.040 294.199 141.736 294.199
141.617 202.688 172.069 202.688 172.069 292.232 141.617 292.232
141.138 204.049 171.533 204.049 171.533 294.043 141.138 294.043
141.682 204.427 171.820 204.427 171.820 294.386 141.682 294.386
141.700 203.997 171.873 203.997 171.873 294.268 141.700 294.268
142.469 203.727 172.535 203.727 172.535 293.839 142.469 293.839
142.463 204.829 172.434 204.829 172.434 294.877 142.463 294.877
142.605 205.767 172.724 205.767 172.724 295.899 142.605 295.899
142.128 205.562 172.216 205.562 172.216 295.627 142.128 295.627
141.978 203.895 172.112 203.895 172.112 294.151 141.978 294.151
142.152 204.019 172.284 204.019 172.284 293.966 142.152 293.966
142.241 202.922 172.453 202.922 172.453 292.790 142.241 292.790
141.620 201.803 171.818 201.803 171.818 292.084 141.620 292.084
141.488 203.340 171.684 203.340 171.684 293.303 141.488 293.303
140.792 202.683 171.090 202.683 171.090 292.148 140.792 292.148
140.708 201.691 171.009 201.691 171.009 291.313 140.708 291.313
140.246 202.035 170.374 202.035 170.374 291.908 140.246 291.908
140.004 201.371 170.298 201.371 170.298 291.105 140.004 291.105
139.603 200.939 169.891 200.939 169.891 290.617 139.603 290.617
139.247 200.502 169.565 200.502 169.565 290.309 139.247 290.309
138.923 201.551 169.133 201.551 169.133 291.410 138.923 291.410
138.951 200.660 169.138 200.660 169.138 290.671 138.951 290.671
138.452 199.554 168.536 199.554 168.536 289.843 138.452 289.843
137.503 201.525 167.748 201.525 167.748 291.695 137.503 291.695
136.173 200.964 166.309 200.964 166.309 291.208 136.173 291.208
134.862 201.017 164.848 201.017 164.848 291.086 134.862 291.086
134.015 200.380 164.008 200.380 164.008 290.354 134.015 290.354
133.135 199.654 163.073 199.654 163.073 289.567 133.135 289.567
132.757 202.205 162.759 202.205 162.759 291.939 132.757 291.939
131.756 203.251 161.827 203.251 161.827 293.206 131.756 293.206
130.557 203.452 160.496 203.452 160.496 293.932 130.557 293.932
129.377 204.008 159.643 204.008 159.643 294.435 129.377 294.435
127.957 202.770 158.647 202.770 158.647 293.140 127.957 293.140
127.409 205.125 157.921 205.125 157.921 295.547 127.409 295.547
125.857 205.532 156.371 205.532 156.371 296.083 125.857 296.083
124.252 205.006 155.018 205.006 155.018 295.439 124.252 295.439
122.894 204.441 153.514 204.441 153.514 295.409 122.894 295.409
121.643 204.194 151.979 204.194 151.979 295.711 121.643 295.711
120.539 204.204 150.813 204.204 150.813 295.872 120.539 295.872
120.617 204.419 150.759 204.419 150.759 296.612 120.617 296.612
121.002 203.356 151.015 203.356 151.015 296.358 121.002 296.358
121.881 203.537 151.773 203.537 151.773 297.253 121.881 297.253
122.512 202.501 152.547 202.501 152.547 296.605 122.512 296.605
123.010 200.515 153.255 200.515 153.255 295.348 123.010 295.348
122.838 202.713 152.909 202.713 152.909 297.952 122.838 297.952
123.548 204.137 153.754 204.137 153.754 299.020 123.548 299.020
129.378 201.350 159.575 201.350 159.575 296.614 129.378 296.614
129.874 202.731 160.077 202.731 160.077 298.088 129.874 298.088
131.047 201.490 161.322 201.490 161.322 296.942 131.047 296.942
131.476 201.352 161.813 201.352 161.813 296.673 131.476 296.673
132.776 200.754 163.095 200.754 163.095 295.787 132.776 295.787
138.127 201.592 168.748 201.592 168.748 296.256 138.127 296.256
137.687 202.851 168.253 202.851 168.253 297.442 137.687 297.442
136.982 205.664 167.668 205.664 167.668 299.858 136.982 299.858
136.425 204.588 167.236 204.588 167.236 298.508 136.425 298.508
137.261 204.160 168.042 204.160 168.042 297.981 137.261 297.981
138.713 204.647 169.339 204.647 169.339 298.467 138.713 298.467
140.201 205.287 170.830 205.287 170.830 298.881 140.201 298.881
142.611 204.902 172.954 204.902 172.954 298.362 142.611 298.362
144.334 203.696 174.760 203.696 174.760 296.754 144.334 296.754
146.430 203.886 176.993 203.886 176.993 296.093 146.430 296.093
145.818 204.385 176.319 204.385 176.319 296.209 145.818 296.209
147.366 204.997 177.586 204.997 177.586 296.684 147.366 296.684
147.147 204.209 177.382 204.209 177.382 295.652 147.147 295.652
147.253 203.372 177.432 203.372 177.432 294.723 147.253 294.723
147.821 204.244 177.792 204.244 177.792 295.471 147.821 295.471
147.927 205.733 177.707 205.733 177.707 296.596 147.927 296.596
147.916 203.388 177.673 203.388 177.673 293.862 147.916 293.862
148.267 204.279 177.947 204.279 177.947 294.514 148.267 294.514
148.378 204.730 177.968 204.730 177.968 294.814 148.378 294.814
148.530 205.420 178.080 205.420 178.080 295.245 148.530 295.245
148.042 206.215 177.881 206.215 177.881 295.214 148.042 295.214
146.907 209.638 176.972 209.638 176.972 298.022 146.907 298.022
145.709 210.633 175.980 210.633 175.980 298.435 145.709 298.435
143.974 210.550 174.442 210.550 174.442 298.051 143.974 298.051
144.010 210.241 174.204 210.241 174.204 297.868 144.010 297.868
144.059 210.344 174.253 210.344 174.253 297.876 144.059 297.876
150.781 209.500 181.044 209.500 181.044 296.624 150.781 296.624
150.695 209.294 180.894 209.294 180.894 296.247 150.695 296.247
150.585 210.825 181.591 210.825 181.591 296.217 150.585 296.217
150.521 211.394 182.163 211.394 182.163 295.254 150.521 295.254
156.700 213.659 188.765 213.659 188.765 295.594 156.700 295.594
155.832 215.892 188.064 215.892 188.064 296.733 155.832 296.733
154.561 218.193 187.105 218.193 187.105 297.486 154.561 297.486
152.804 225.889 186.229 225.889 186.229 303.085 152.804 303.085
151.753 226.452 185.702 226.452 185.702 301.989 151.753 301.989
150.814 226.104 184.923 226.104 184.923 301.054 150.814 301.054
150.250 232.065 184.206 232.065 184.206 307.267 150.250 307.267
149.604 232.319 183.253 232.319 183.253 307.852 149.604 307.852
148.648 231.842 182.203 231.842 182.203 307.562 148.648 307.562
148.188 238.771 181.734 238.771 181.734 314.655 148.188 314.655
148.466 239.073 182.027 239.073 182.027 315.003 148.466 315.003
148.300 240.330 181.864 240.330 181.864 316.257 148.300 316.257
146.920 241.218 180.582 241.218 180.582 317.035 146.920 317.035
152.957 240.988 186.657 240.988 186.657 316.696 152.957 316.696
159.162 240.198 192.914 240.198 192.914 315.784 159.162 315.784
158.429 241.550 194.397 241.550 194.397 314.546 158.429 314.546
157.852 243.831 193.752 243.831 193.752 316.538 157.852 316.538
150.804 249.396 186.300 249.396 186.300 322.203 150.804 322.203
151.098 253.180 185.726 253.180 185.726 326.432 151.098 326.432
146.425 250.382 180.530 250.382 180.530 323.965 146.425 323.965
148.220 249.897 181.976 249.897 181.976 324.095 148.220 324.095
148.638 249.431 182.344 249.431 182.344 323.542 148.638 323.542
144.277 250.823 177.120 250.823 177.120 325.908 144.277 325.908
145.951 251.638 178.169 251.638 178.169 327.523 145.951 327.523
147.331 248.379 179.200 248.379 179.200 324.413 147.331 324.413
148.327 250.621 179.846 250.621 179.846 326.881 148.327 326.881
148.492 252.300 179.692 252.300 179.692 328.678 148.492 328.678
149.206 249.427 180.267 249.427 180.267 325.748 149.206 325.748
144.796 248.589 175.801 248.589 175.801 324.860 144.796 324.860
146.388 250.762 177.247 250.762 177.247 327.266 146.388 327.266
147.767 249.376 178.455 249.376 178.455 326.069 147.767 326.069
148.119 251.027 178.581 251.027 178.581 327.999 148.119 327.999
149.023 248.890 179.541 248.890 179.541 325.436 149.023 325.436
144.383 250.124 174.653 250.124 174.653 327.008 144.383 327.008
150.525 252.261 181.374 252.261 181.374 328.012 150.525 328.012
146.309 249.387 177.049 249.387 177.049 325.095 146.309 325.095
147.273 249.970 177.586 249.970 177.586 326.228 147.273 326.228
148.236 249.981 178.288 249.981 178.288 326.574 148.236 326.574
148.923 251.524 178.923 251.524 178.923 327.739 148.923 327.739
149.299 249.026 179.357 249.026 179.357 325.036 149.299 325.036
149.060 250.998 179.033 250.998 179.033 326.801 149.060 326.801
149.447 251.742 179.268 251.742 179.268 327.521 149.447 327.521
150.225 249.772 180.091 249.772 180.091 325.373 150.225 325.373
145.922 251.253 175.588 251.253 175.588 326.885 145.922 326.885
147.294 252.954 176.919 252.954 176.919 328.760 147.294 328.760
148.320 249.547 177.900 249.547 177.900 325.313 148.320 325.313
148.898 251.042 178.280 251.042 178.280 326.913 148.898 326.913
149.026 251.221 178.356 251.221 178.356 327.252 149.026 327.252
149.683 251.246 179.010 251.246 179.010 326.887 149.683 326.887
149.902 252.020 179.185 252.020 179.185 327.233 149.902 327.233
150.046 252.193 179.286 252.193 179.286 326.935 150.046 326.935
150.244 252.340 179.468 252.340 179.468 327.062 150.244 327.062
150.277 252.617 179.597 252.617 179.597 327.025 150.277 327.025
150.422 251.059 180.247 251.059 180.247 324.720 150.422 324.720
146.215 252.017 175.730 252.017 175.730 326.195 146.215 326.195
148.143 250.525 177.576 250.525 177.576 324.870 148.143 324.870
148.671 251.781 177.911 251.781 177.911 326.086 148.671 326.086
149.262 252.749 178.377 252.749 178.377 327.227 149.262 327.227
149.992 251.019 179.186 251.019 179.186 325.257 149.992 325.257
149.625 252.428 178.673 252.428 178.673 326.746 149.625 326.746
149.932 253.548 178.863 253.548 178.863 327.641 149.932 327.641
150.335 251.106 179.812 251.106 179.812 324.466 150.335 324.466
146.069 252.520 175.249 252.520 175.249 326.219 146.069 326.219
147.773 253.410 176.869 253.410 176.869 327.234 147.773 327.234
148.398 250.109 177.529 250.109 177.529 323.862 148.398 323.862
148.870 251.281 177.865 251.281 177.865 325.128 148.870 325.128
149.079 252.471 178.066 252.471 178.066 326.224 149.079 326.224
148.712 253.231 177.528 253.231 177.528 327.082 148.712 327.082
149.337 250.811 178.336 250.811 178.336 324.443 149.337 324.443
144.834 250.909 173.722 250.909 173.722 324.765 144.834 324.765
146.883 252.338 175.943 252.338 175.943 325.866 146.883 325.866
147.951 251.644 176.961 251.644 176.961 325.235 147.951 325.235
149.131 251.722 178.075 251.722 178.075 325.113 149.131 325.113
149.889 252.236 178.774 252.236 178.774 325.272 149.889 325.272
150.882 253.454 179.594 253.454 179.594 326.153 150.882 326.153
151.249 252.444 179.912 252.444 179.912 324.682 151.249 324.682
151.749 252.337 180.547 252.337 180.547 324.133 151.749 324.133
151.977 252.903 180.723 252.903 180.723 324.395 151.977 324.395
147.614 253.252 176.235 253.252 176.235 324.778 147.614 324.778
148.974 253.178 177.360 253.178 177.360 324.611 148.974 324.611
149.949 252.723 178.226 252.723 178.226 323.812 149.949 323.812
150.686 253.101 178.919 253.101 178.919 323.878 150.686 323.878
151.315 254.517 179.629 254.517 179.629 324.765 151.315 324.765
151.466 254.271 179.678 254.271 179.678 324.095 151.466 324.095
151.701 254.709 179.759 254.709 179.759 324.351 151.701 324.351
147.398 253.600 175.309 253.600 175.309 323.148 147.398 323.148
148.125 256.348 175.821 256.348 175.821 325.874 148.125 325.874
148.960 255.254 176.622 255.254 176.622 324.301 148.960 324.301
149.659 255.337 177.198 255.337 177.198 324.075 149.659 324.075
150.023 255.591 177.471 255.591 177.471 324.259 150.023 324.259
150.353 254.834 177.691 254.834 177.691 323.120 150.353 323.120
151.029 255.720 178.400 255.720 178.400 323.722 151.029 323.722
150.706 257.515 177.972 257.515 177.972 325.242 150.706 325.242
151.029 256.024 178.187 256.024 178.187 323.668 151.029 323.668
151.199 255.690 178.395 255.690 178.395 322.964 151.199 322.964
151.400 255.595 178.619 255.595 178.619 322.649 151.400 322.649
151.054 257.630 178.031 257.630 178.031 324.514 151.054 324.514
150.701 256.611 177.560 256.611 177.560 323.352 150.701 323.352
150.496 255.547 177.314 255.547 177.314 322.316 150.496 322.316
151.132 256.090 177.808 256.090 177.808 322.956 151.132 322.956
150.362 257.112 176.813 257.112 176.813 324.054 150.362 324.054
150.183 256.436 176.716 256.436 176.716 323.088 150.183 323.088
150.632 255.581 177.085 255.581 177.085 322.088 150.632 322.088
150.126 256.444 176.519 256.444 176.519 322.816 150.126 322.816
150.719 256.226 176.997 256.226 176.997 322.436 150.719 322.436
150.936 256.290 177.209 256.290 177.209 322.326 150.936 322.326
151.398 256.235 177.544 256.235 177.544 322.426 151.398 322.426
151.543 255.461 177.741 255.461 177.741 321.532 151.543 321.532
151.014 257.443 177.183 257.443 177.183 323.265 151.014 323.265
150.824 256.268 176.948 256.268 176.948 322.051 150.824 322.051
150.307 257.765 176.384 257.765 176.384 323.413 150.307 323.413
150.017 257.078 176.239 257.078 176.239 322.553 150.017 322.553
150.662 257.228 176.745 257.228 176.745 322.781 150.662 322.781
150.595 257.520 176.778 257.520 176.778 322.726 150.595 322.726
150.810 256.562 177.637 256.562 177.637 320.785 150.810 320.785
150.363 257.943 177.002 257.943 177.002 322.160 150.363 322.160
150.584 257.134 176.954 257.134 176.954 321.517 150.584 321.517
150.961 256.800 177.221 256.800 177.221 321.252 150.961 321.252
150.537 259.360 176.688 259.360 176.688 323.784 150.537 323.784
150.445 258.416 176.497 258.416 176.497 322.725 150.445 322.725
150.770 257.984 176.831 257.984 176.831 322.255 150.770 322.255
150.643 257.215 177.223 257.215 177.223 320.819 150.643 320.819
150.091 258.759 176.655 258.759 176.655 322.166 150.091 322.166
150.170 257.624 176.479 257.624 176.479 321.004 150.170 321.004
149.818 258.402 175.991 258.402 175.991 321.882 149.818 321.882
150.105 257.738 176.139 257.738 176.139 321.261 150.105 321.261
149.515 258.818 175.380 258.818 175.380 322.433 149.515 322.433
149.331 259.853 175.151 259.853 175.151 323.362 149.331 323.362
149.930 259.581 175.805 259.581 175.805 322.938 149.930 322.938
149.895 258.395 175.731 258.395 175.731 321.762 149.895 321.762
150.110 258.078 175.888 258.078 175.888 321.572 150.110 321.572
150.497 256.884 176.291 256.884 176.291 320.554 150.497 320.554
151.229 256.875 176.973 256.875 176.973 320.843 151.229 320.843
150.738 259.283 176.359 259.283 176.359 323.226 150.738 323.226
150.944 257.202 176.505 257.202 176.505 321.120 150.944 321.120
150.667 258.855 176.194 258.855 176.194 322.621 150.667 322.621
150.761 258.486 176.817 258.486 176.817 321.569 150.761 321.569
150.304 258.204 176.406 258.204 176.406 321.224 150.304 321.224
149.786 259.967 175.777 259.967 175.777 322.799 149.786 322.799
150.111 259.788 176.388 259.788 176.388 322.009 150.111 322.009
150.256 259.355 176.876 259.355 176.876 321.266 150.256 321.266
150.256 258.472 177.224 258.472 177.224 319.833 150.256 319.833
150.412 257.965 177.602 257.965 177.602 319.117 150.412 319.117
149.836 260.283 176.974 260.283 176.974 321.408 149.836 321.408
149.721 258.888 177.084 258.888 177.084 319.693 149.721 319.693
150.213 258.319 177.337 258.319 177.337 319.424 150.213 319.424
149.957 260.269 177.123 260.269 177.123 321.368 149.957 321.368
150.166 259.217 177.424 259.217 177.424 320.134 150.166 320.134
149.915 260.311 177.091 260.311 177.091 321.180 149.915 321.180
149.679 257.975 176.941 257.975 176.941 318.736 149.679 318.736
149.615 260.781 176.718 260.781 176.718 321.620 149.615 321.620
149.718 260.282 176.929 260.282 176.929 320.878 149.718 320.878
149.738 260.303 176.951 260.303 176.951 320.696 149.738 320.696
149.782 259.223 177.029 259.223 177.029 319.494 149.782 319.494
149.213 260.478 176.407 260.478 176.407 320.689 149.213 320.689
148.890 262.229 175.930 262.229 175.930 322.389 148.890 322.389
149.151 260.709 176.222 260.709 176.222 320.824 149.151 320.824
149.547 259.951 176.621 259.951 176.621 320.224 149.547 320.224
148.879 261.146 175.762 261.146 175.762 321.188 148.879 321.188
149.441 260.407 176.453 260.407 176.453 320.410 149.441 320.410
149.242 260.398 176.323 260.398 176.323 320.469 149.242 320.469
149.597 260.097 176.656 260.097 176.656 320.255 149.597 320.255
149.787 259.235 176.971 259.235 176.971 319.336 149.787 319.336
149.165 260.488 176.327 260.488 176.327 320.538 149.165 320.538
149.549 259.755 176.577 259.755 176.577 319.990 149.549 319.990
149.170 261.595 176.034 261.595 176.034 321.862 149.170 321.862
149.586 260.377 176.294 260.377 176.294 320.815 149.586 320.815
148.816 262.297 175.620 262.297 175.620 322.229 148.816 322.229
149.209 261.017 176.193 261.017 176.193 320.728 149.209 320.728
149.722 260.005 176.631 260.005 176.631 319.810 149.722 319.810
149.358 260.763 176.254 260.763 176.254 320.570 149.358 320.570
149.517 259.939 176.433 259.939 176.433 319.610 149.517 319.610
149.328 261.788 176.045 261.788 176.045 321.459 149.328 321.459
150.095 261.092 176.876 261.092 176.876 320.580 150.095 320.580
149.272 261.439 176.002 261.439 176.002 320.701 149.272 320.701
149.598 260.795 176.270 260.795 176.270 320.016 149.598 320.016
149.374 262.823 175.925 262.823 175.925 322.010 149.374 322.010
150.084 261.456 176.460 261.456 176.460 320.539 150.084 320.539
149.758 260.174 176.083 260.174 176.083 319.162 149.758 319.162
149.168 262.233 175.632 262.233 175.632 321.179 149.168 321.179
149.656 260.718 176.104 260.718 176.104 319.770 149.656 319.770
149.260 262.614 175.588 262.614 175.588 321.324 149.260 321.324
150.205 260.798 176.551 260.798 176.551 319.296 150.205 319.296
150.030 262.767 176.491 262.767 176.491 320.983 150.030 320.983
149.960 261.641 176.432 261.641 176.432 319.953 149.960 319.953
150.165 260.596 176.778 260.596 176.778 318.958 150.165 318.958
149.748 262.447 176.331 262.447 176.331 320.534 149.748 320.534
150.090 261.409 176.578 261.409 176.578 319.570 150.090 319.570
150.223 260.390 176.791 260.390 176.791 318.530 150.223 318.530
149.826 262.606 176.167 262.606 176.167 320.940 149.826 320.940
150.038 261.265 176.431 261.265 176.431 319.443 150.038 319.443
150.209 260.136 176.632 260.136 176.632 318.424 150.209 318.424
149.858 261.994 176.108 261.994 176.108 320.386 149.858 320.386
149.991 261.050 176.300 261.050 176.300 319.284 149.991 319.284
149.489 262.790 175.784 262.790 175.784 320.781 149.489 320.781
150.038 262.052 176.516 262.052 176.516 319.896 150.038 319.896
150.349 261.480 176.810 261.480 176.810 319.302 150.349 319.302
150.660 261.072 176.952 261.072 176.952 319.165 150.660 319.165
151.069 260.861 177.497 260.861 177.497 318.688 151.069 318.688
151.025 261.350 177.478 261.350 177.478 319.283 151.025 319.283
150.975 260.932 177.456 260.932 177.456 318.677 150.975 318.677
150.275 262.509 176.659 262.509 176.659 320.172 150.275 320.172
150.482 261.623 176.811 261.623 176.811 319.415 150.482 319.415
150.894 261.420 177.182 261.420 177.182 319.349 150.894 319.349
151.196 260.745 177.519 260.745 177.519 318.730 151.196 318.730
150.360 262.452 176.760 262.452 176.760 320.344 150.360 320.344
150.242 261.443 176.760 261.443 176.760 319.391 150.242 319.391
149.720 263.514 176.143 263.514 176.143 321.343 149.720 321.343
150.133 262.173 176.591 262.173 176.591 319.956 150.133 319.956
150.315 261.477 176.707 261.477 176.707 319.329 150.315 319.329
150.746 261.350 176.946 261.350 176.946 319.493 150.746 319.493
150.893 261.551 177.129 261.551 177.129 319.849 150.893 319.849
150.984 260.817 177.235 260.817 177.235 319.098 150.984 319.098
150.819 260.090 177.351 260.090 177.351 318.303 150.819 318.303
150.107 262.651 176.620 262.651 176.620 320.959 150.107 320.959
150.811 261.459 177.179 261.459 177.179 319.784 150.811 319.784
151.221 261.304 177.543 261.304 177.543 319.567 151.221 319.567
151.242 260.566 177.659 260.566 177.659 318.703 151.242 318.703
151.406 260.879 177.843 260.879 177.843 319.166 151.406 319.166
151.298 260.422 177.871 260.422 177.871 318.747 151.298 318.747
151.242 260.027 177.891 260.027 177.891 318.388 151.242 318.388
150.672 262.221 177.166 262.221 177.166 320.648 150.672 320.648
150.318 260.671 176.916 260.671 176.916 319.214 150.318 319.214
151.019 260.531 177.653 260.531 177.653 319.044 151.019 319.044
150.160 262.002 176.791 262.002 176.791 320.381 150.160 320.381
150.290 261.216 177.053 261.216 177.053 319.548 150.290 319.548
149.983 262.526 176.503 262.526 176.503 320.960 149.983 320.960
150.199 261.822 176.752 261.822 176.752 320.081 150.199 320.081
150.174 261.943 176.716 261.943 176.716 320.308 150.174 320.308
150.520 260.831 177.154 260.831 177.154 319.326 150.520 319.326
149.912 262.660 176.530 262.660 176.530 320.918 149.912 320.918
150.256 261.600 176.802 261.600 176.802 319.769 150.256 319.769
150.750 260.842 177.169 260.842 177.169 319.162 150.750 319.162
149.946 262.860 176.347 262.860 176.347 321.036 149.946 321.036
149.824 262.368 176.268 262.368 176.268 320.554 149.824 320.554
150.082 261.347 176.534 261.347 176.534 319.469 150.082 319.469
150.132 261.558 176.657 261.558 176.657 319.629 150.132 319.629
149.525 262.914 176.088 262.914 176.088 320.710 149.525 320.710
150.242 261.946 177.089 261.946 177.089 319.359 150.242 319.359
150.383 262.187 177.163 262.187 177.163 319.620 150.383 319.620
150.367 262.010 177.063 262.010 177.063 319.559 150.367 319.559
150.523 262.124 177.168 262.124 177.168 319.681 150.523 319.681
146.389 263.806 172.785 263.806 172.785 321.412 146.389 321.412
147.600 262.084 173.726 262.084 173.726 319.957 147.600 319.957
148.676 262.285 174.781 262.285 174.781 319.931 148.676 319.931
149.488 261.776 175.793 261.776 175.793 319.246 149.488 319.246
149.447 263.790 175.671 263.790 175.671 321.114 149.447 321.114
150.036 262.758 176.102 262.758 176.102 320.216 150.036 320.216
149.403 264.393 175.426 264.393 175.426 321.643 149.403 321.643
149.764 262.577 175.783 262.577 175.783 319.654 149.764 319.654
150.058 262.339 176.239 262.339 176.239 319.297 150.058 319.297
150.613 261.947 176.764 261.947 176.764 318.891 150.613 318.891
150.556 262.052 176.907 262.052 176.907 318.857 150.556 318.857
150.556 261.570 177.037 261.570 177.037 318.285 150.556 318.285
150.021 263.916 176.361 263.916 176.361 320.582 150.021 320.582
150.398 262.856 176.756 262.856 176.756 319.504 150.398 319.504
150.253 261.373 176.641 261.373 176.641 318.078 150.253 318.078
150.478 261.793 176.745 261.793 176.745 318.710 150.478 318.710
150.642 262.392 176.899 262.392 176.899 319.306 150.642 319.306
150.661 262.114 176.842 262.114 176.842 319.129 150.661 319.129
151.159 261.827 177.317 261.827 177.317 318.809 151.159 318.809
150.648 264.607 176.713 264.607 176.713 321.592 150.648 321.592
150.478 262.955 176.509 262.955 176.509 319.960 150.478 319.960
150.459 261.863 176.484 261.863 176.484 318.837 150.459 318.837
150.141 264.394 176.095 264.394 176.095 321.321 150.141 321.321
150.130 262.948 176.058 262.948 176.058 319.828 150.130 319.828
150.539 262.153 176.243 262.153 176.243 319.313 150.539 319.313
150.539 261.870 176.373 261.870 176.373 318.947 150.539 318.947
150.848 261.052 176.651 261.052 176.651 318.186 150.848 318.186
151.012 260.856 177.009 260.856 177.009 317.975 151.012 317.975
150.303 262.612 176.320 262.612 176.320 319.867 150.303 319.867
150.631 261.665 176.565 261.665 176.565 319.217 150.631 319.217
150.855 261.348 176.695 261.348 176.695 319.018 150.855 319.018
151.036 260.910 176.924 260.910 176.924 318.703 151.036 318.703
150.303 262.471 176.216 262.471 176.216 320.084 150.303 320.084
150.069 261.661 176.034 261.661 176.034 319.171 150.069 319.171
150.461 261.443 176.342 261.443 176.342 319.020 150.461 319.020
150.929 260.678 176.837 260.678 176.837 318.401 150.929 318.401
150.284 262.681 176.226 262.681 176.226 320.318 150.284 320.318
149.776 261.173 175.766 261.173 175.766 318.966 149.776 318.966
150.068 260.215 176.164 260.215 176.164 318.230 150.068 318.230
150.152 262.065 176.113 262.065 176.113 320.297 150.152 320.297
150.172 260.905 176.143 260.905 176.143 319.143 150.172 319.143
150.713 258.328 176.494 258.328 176.494 316.976 150.713 316.976
150.390 261.185 176.075 261.185 176.075 320.021 150.390 320.021
150.100 258.666 175.803 258.666 175.803 317.742 150.100 317.742
149.578 260.792 175.422 260.792 175.422 319.729 149.578 319.729
150.032 260.127 175.900 260.127 175.900 319.091 150.032 319.091
149.480 261.943 175.381 261.943 175.381 320.941 149.480 320.941
149.776 259.925 175.558 259.925 175.558 319.307 149.776 319.307
149.073 260.569 174.955 260.569 174.955 320.017 149.073 320.017
148.894 261.779 174.965 261.779 174.965 321.001 148.894 321.001
148.887 259.675 175.059 259.675 175.059 318.968 148.887 318.968
149.180 258.129 175.467 258.129 175.467 317.559 149.180 317.559
149.087 260.227 175.529 260.227 175.529 319.672 149.087 319.672
149.277 258.689 175.856 258.689 175.856 318.226 149.277 318.226
149.719 260.152 176.275 260.152 176.275 320.027 149.719 320.027
149.985 258.760 176.570 258.760 176.570 318.646 149.985 318.646
149.761 260.164 176.348 260.164 176.348 320.086 149.761 320.086
150.021 258.297 176.671 258.297 176.671 318.212 150.021 318.212
150.214 260.324 176.829 260.324 176.829 320.310 150.214 320.310
150.243 260.765 176.828 260.765 176.828 320.741 150.243 320.741
149.862 262.730 176.436 262.730 176.436 322.698 149.862 322.698
149.689 260.489 176.254 260.489 176.254 320.515 149.689 320.515
149.422 261.626 175.771 261.626 175.771 321.971 149.422 321.971
149.788 260.253 176.125 260.253 176.125 320.666 149.788 320.666
149.736 259.223 176.092 259.223 176.092 319.728 149.736 319.728
149.441 260.209 175.462 260.209 175.462 321.224 149.441 321.224
152.519 259.607 179.951 259.607 179.951 319.103 152.519 319.103
147.623 260.693 174.891 260.693 174.891 320.477 147.623 320.477
147.837 262.230 175.016 262.230 175.016 322.222 147.837 322.222
148.363 259.484 175.276 259.484 175.276 319.923 148.363 319.923
148.589 260.810 175.330 260.810 175.330 321.442 148.589 321.442
149.184 259.081 175.909 259.081 175.909 319.921 149.184 319.921
148.997 261.692 175.684 261.692 175.684 322.490 148.997 322.490
149.114 260.342 175.738 260.342 175.738 321.241 149.114 321.241
148.795 262.109 175.370 262.109 175.370 322.994 148.795 322.994
148.582 259.607 175.044 259.607 175.044 320.660 148.582 320.660
148.681 261.106 174.824 261.106 174.824 322.518 148.681 322.518
148.810 262.536 174.995 262.536 174.995 324.042 148.810 324.042
149.026 260.802 175.265 260.802 175.265 322.162 149.026 322.162
148.713 262.160 174.535 262.160 174.535 324.080 148.713 324.080
149.388 260.131 175.208 260.131 175.208 322.081 149.388 322.081
148.882 262.528 174.467 262.528 174.467 324.749 148.882 324.749
149.553 261.170 175.127 261.170 175.127 323.417 149.553 323.417
149.819 259.819 175.494 259.819 175.494 321.923 149.819 321.923
150.705 259.685 176.429 259.685 176.429 321.780 150.705 321.780
149.336 220.385 174.789 220.385 174.789 283.570 149.336 283.570
149.024 215.108 174.066 215.108 174.066 279.304 149.024 279.304
152.345 213.544 177.466 213.544 177.466 278.060 152.345 278.060
150.905 213.159 175.932 213.159 175.932 278.016 150.905 278.016
149.869 212.868 174.505 212.868 174.505 278.708 149.869 278.708
149.774 212.762 174.093 212.762 174.093 279.505 149.774 279.505
149.657 212.438 173.912 212.438 173.912 279.691 149.657 279.691
149.521 212.348 173.774 212.348 173.774 280.153 149.521 280.153
149.936 213.199 174.200 213.199 174.200 281.298 149.936 281.298
149.750 212.752 173.867 212.752 173.867 281.218 149.750 281.218
149.408 214.013 173.508 214.013 173.508 282.602 149.408 282.602
148.617 213.837 172.791 213.837 172.791 282.570 148.617 282.570
148.180 215.084 172.420 215.084 172.420 283.758 148.180 283.758
147.520 213.755 171.978 213.755 171.978 282.363 147.520 282.363
147.776 213.941 172.138 213.941 172.138 282.787 147.776 282.787
147.122 214.006 171.617 214.006 171.617 282.835 147.122 282.835
147.316 214.497 171.744 214.497 171.744 283.294 147.316 283.294
147.719 215.402 171.940 215.402 171.940 284.466 147.719 284.466
147.907 214.681 172.058 214.681 172.058 284.021 147.907 284.021
147.703 214.342 171.835 214.342 171.835 283.786 147.703 283.786
148.065 213.986 172.228 213.986 172.228 283.537 148.065 283.537
148.151 213.456 172.180 213.456 172.180 283.130 148.151 283.130
148.146 213.149 172.222 213.149 172.222 282.970 148.146 282.970
148.754 212.306 173.009 212.306 173.009 282.021 148.754 282.021
148.897 211.921 173.193 211.921 173.193 281.917 148.897 281.917
149.416 211.991 173.711 211.991 173.711 282.356 149.416 282.356
149.368 211.174 173.851 211.174 173.851 281.614 149.368 281.614
149.871 211.644 174.401 211.644 174.401 282.394 149.871 282.394
149.672 211.555 174.240 211.555 174.240 282.471 149.672 282.471
150.079 211.850 174.736 211.850 174.736 283.081 150.079 283.081
150.303 210.087 175.122 210.087 175.122 281.599 150.303 281.599
150.892 211.891 175.959 211.891 175.959 283.477 150.892 283.477
150.464 211.249 175.803 211.249 175.803 282.931 150.464 282.931
150.537 211.647 176.098 211.647 176.098 283.514 150.537 283.514
150.241 211.884 175.731 211.884 175.731 284.343 150.241 284.343
149.812 210.995 175.154 210.995 175.154 283.858 149.812 283.858
149.591 212.604 175.058 212.604 175.058 285.694 149.591 285.694
149.218 211.816 174.542 211.816 174.542 285.426 149.218 285.426
148.856 211.744 174.381 211.744 174.381 285.578 148.856 285.578
149.497 211.838 175.124 211.838 175.124 285.500 149.497 285.500
149.141 211.755 174.549 211.755 174.549 285.182 149.141 285.182
149.259 213.397 174.519 213.397 174.519 286.887 149.259 286.887
149.026 213.654 174.257 213.654 174.257 287.197 149.026 287.197
148.692 214.563 174.025 214.563 174.025 288.048 148.692 288.048
148.496 214.471 173.795 214.471 173.795 288.198 148.496 288.198
148.690 213.333 173.884 213.333 173.884 287.329 148.690 287.329
149.306 213.654 174.481 213.654 174.481 287.506 149.306 287.506
154.683 212.950 179.996 212.950 179.996 286.606 154.683 286.606
153.890 212.373 179.232 212.373 179.232 285.833 153.890 285.833
153.399 211.603 178.691 211.603 178.691 285.182 153.399 285.182
151.980 210.786 177.321 210.786 177.321 284.531 151.980 284.531
150.710 209.703 176.242 209.703 176.242 283.606 150.710 283.606
150.110 208.713 175.802 208.713 175.802 282.447 150.110 282.447
149.608 209.599 175.051 209.599 175.051 283.442 149.608 283.442
148.549 209.434 174.082 209.434 174.082 283.233 148.549 283.233
148.310 208.925 173.843 208.925 173.843 282.799 148.310 282.799
148.131 209.781 173.719 209.781 173.719 283.514 148.131 283.514
147.891 209.334 173.343 209.334 173.343 282.905 147.891 282.905
147.652 209.921 173.048 209.921 173.048 283.442 147.652 283.442
147.640 210.786 172.904 210.786 172.904 284.434 147.640 284.434
147.806 211.800 173.076 211.800 173.076 285.418 147.806 285.418
147.602 211.152 172.989 211.152 172.989 284.576 147.602 284.576
147.592 211.203 172.847 211.203 172.847 284.659 147.592 284.659
147.833 211.527 173.085 211.527 173.085 284.925 147.833 284.925
147.806 211.967 173.211 211.967 173.211 285.155 147.806 285.155
147.785 211.277 173.204 211.277 173.204 284.334 147.785 284.334
147.723 212.254 173.288 212.254 173.288 285.141 147.723 285.141
147.709 212.026 173.254 212.026 173.254 284.660 147.709 284.660
147.894 212.000 173.400 212.000 173.400 284.533 147.894 284.533
147.814 212.761 173.323 212.761 173.323 285.061 147.814 285.061
147.495 213.073 172.990 213.073 172.990 285.353 147.495 285.353
147.201 213.920 172.881 213.920 172.881 285.929 147.201 285.929
147.199 214.000 172.834 214.000 172.834 285.969 147.199 285.969
147.653 214.922 173.254 214.922 173.254 286.798 147.653 286.798
148.325 215.305 173.879 215.305 173.879 287.107 148.325 287.107
148.556 215.121 174.128 215.121 174.128 286.787 148.556 286.787
148.447 215.192 174.046 215.192 174.046 286.676 148.447 286.676
148.093 213.925 173.402 213.925 173.402 285.899 148.093 285.899
148.183 213.001 173.267 213.001 173.267 285.346 148.183 285.346
148.467 213.196 173.708 213.196 173.708 285.243 148.467 285.243
149.103 213.163 174.479 213.163 174.479 284.813 149.103 284.813
149.311 212.290 174.769 212.290 174.769 283.839 149.311 283.839
149.138 211.350 174.518 211.350 174.518 282.865 149.138 282.865
149.477 209.974 174.939 209.974 174.939 281.242 149.477 281.242
149.570 210.826 175.015 210.826 175.015 281.953 149.570 281.953
149.724 210.964 175.158 210.964 175.158 282.026 149.724 282.026
149.769 211.257 175.357 211.257 175.357 281.977 149.769 281.977
149.175 210.954 174.696 210.954 174.696 281.668 149.175 281.668
149.233 210.957 174.648 210.957 174.648 281.528 149.233 281.528
149.521 210.014 174.881 210.014 174.881 280.483 149.521 280.483
149.810 210.226 175.122 210.226 175.122 280.623 149.810 280.623
149.911 210.958 175.259 210.958 175.259 281.129 149.911 281.129
150.126 211.400 175.485 211.400 175.485 281.336 150.126 281.336
150.324 211.107 175.512 211.107 175.512 281.050 150.324 281.050
150.439 211.575 175.646 211.575 175.646 281.322 150.439 281.322
150.186 210.827 175.253 210.827 175.253 280.675 150.186 280.675
150.732 210.603 175.691 210.603 175.691 280.200 150.732 280.200
151.148 211.916 175.969 211.916 175.969 281.334 151.148 281.334
151.113 211.096 175.839 211.096 175.839 280.470 151.113 280.470
151.404 211.237 176.028 211.237 176.028 280.419 151.404 280.419
151.695 210.111 176.076 210.111 176.076 279.520 151.695 279.520
151.653 211.581 176.054 211.581 176.054 280.708 151.653 280.708
151.503 211.594 175.780 211.594 175.780 280.579 151.503 280.579
151.444 212.510 175.530 212.510 175.530 281.705 151.444 281.705
151.224 213.220 175.329 213.220 175.329 282.238 151.224 282.238
150.828 214.107 174.946 214.107 174.946 282.817 150.828 282.817
149.939 214.177 173.841 214.177 173.841 283.185 149.939 283.185
149.377 214.489 173.285 214.489 173.285 283.545 149.377 283.545
148.437 214.097 172.531 214.097 172.531 282.881 148.437 282.881
147.951 214.656 172.176 214.656 172.176 283.183 147.951 283.183
147.493 213.447 171.479 213.447 171.479 282.333 147.493 282.333
147.517 213.870 171.489 213.870 171.489 282.592 147.517 282.592
147.179 213.858 170.955 213.858 170.955 282.767 147.179 282.767
147.513 213.639 171.065 213.639 171.065 282.737 147.513 282.737
148.062 213.980 171.466 213.980 171.466 283.276 148.062 283.276
147.737 215.128 171.138 215.128 171.138 284.107 147.737 284.107
147.872 216.164 171.126 216.164 171.126 285.130 147.872 285.130
147.719 215.692 170.995 215.692 170.995 284.719 147.719 284.719
147.409 215.177 170.756 215.177 170.756 284.107 147.409 284.107
147.732 216.634 170.948 216.634 170.948 285.543 147.732 285.543
147.489 216.234 170.607 216.234 170.607 285.516 147.489 285.516
147.470 215.772 170.577 215.772 170.577 285.174 147.470 285.174
147.891 215.370 170.813 215.370 170.813 285.220 147.891 285.220
148.100 214.735 170.970 214.735 170.970 284.832 148.100 284.832
148.381 214.697 171.250 214.697 171.250 284.901 148.381 284.901
148.954 213.656 171.812 213.656 171.812 284.048 148.954 284.048
148.851 213.494 171.915 213.494 171.915 283.733 148.851 283.733
148.874 213.146 171.941 213.146 171.941 283.430 148.874 283.430
149.152 213.213 172.356 213.213 172.356 283.343 149.152 283.343
149.502 212.814 172.689 212.814 172.689 282.933 149.502 282.933
149.401 213.378 172.490 213.378 172.490 283.473 149.401 283.473
149.104 212.745 172.185 212.745 172.185 283.100 149.104 283.100
149.329 212.808 172.429 212.808 172.429 283.284 149.329 283.284
149.505 212.733 172.709 212.733 172.709 283.239 149.505 283.239
149.178 212.423 172.479 212.423 172.479 282.949 149.178 282.949
149.220 212.001 172.518 212.001 172.518 282.704 149.220 282.704
149.433 211.952 172.665 211.952 172.665 282.915 149.433 282.915
149.472 211.971 172.765 211.971 172.765 283.055 149.472 283.055
149.285 211.472 172.699 211.472 172.699 282.552 149.285 282.552
149.935 211.329 173.233 211.329 173.233 282.806 149.935 282.806
149.951 210.893 173.339 210.893 173.339 282.301 149.951 282.301
149.691 210.337 172.940 210.337 172.940 282.060 149.691 282.060
149.937 210.785 173.097 210.785 173.097 282.607 149.937 282.607
149.461 210.570 172.739 210.570 172.739 282.314 149.461 282.314
149.853 211.642 173.093 211.642 173.093 283.380 149.853 283.380
149.881 211.792 173.243 211.792 173.243 283.211 149.881 283.211
149.591 210.523 172.988 210.523 172.988 281.871 149.591 281.871
150.007 211.584 173.211 211.584 173.211 283.250 150.007 283.250
149.376 211.067 172.679 211.067 172.679 282.648 149.376 282.648
149.638 210.776 172.917 210.776 172.917 282.675 149.638 282.675
149.587 210.482 172.940 210.482 172.940 282.558 149.587 282.558
149.304 209.992 172.726 209.992 172.726 282.143 149.304 282.143
149.910 210.631 173.287 210.631 173.287 283.066 149.910 283.066
149.428 209.721 172.971 209.721 172.971 282.076 149.428 282.076
149.887 210.424 173.373 210.424 173.373 282.911 149.887 282.911
149.064 209.395 172.743 209.395 172.743 281.781 149.064 281.781
149.712 211.684 173.224 211.684 173.224 284.290 149.712 284.290
149.245 211.107 172.751 211.107 172.751 283.847 149.245 283.847
149.667 211.625 173.320 211.625 173.320 284.120 149.667 284.120
149.056 211.281 172.742 211.281 172.742 283.718 149.056 283.718
148.705 211.416 172.405 211.416 172.405 284.073 148.705 284.073
149.393 212.264 173.031 212.264 173.031 285.110 149.393 285.110
148.572 212.171 172.515 212.171 172.515 284.758 148.572 284.758
148.717 212.864 172.534 212.864 172.534 285.545 148.717 285.545
148.385 214.234 171.844 214.234 171.844 287.310 148.385 287.310
147.779 216.454 171.275 216.454 171.275 289.438 147.779 289.438
147.710 218.898 171.193 218.898 171.193 292.176 147.710 292.176
153.218 221.536 176.955 221.536 176.955 295.798 153.218 295.798
152.888 221.779 176.802 221.779 176.802 297.013 152.888 297.013
145.501 222.495 170.115 222.495 170.115 297.259 145.501 297.259
144.187 225.391 169.534 225.391 169.534 299.366 144.187 299.366
136.620 223.834 162.005 223.834 162.005 298.228 136.620 298.228
134.791 229.271 160.135 229.271 160.135 304.016 134.791 304.016
126.305 231.183 151.469 231.183 151.469 306.918 126.305 306.918
123.595 230.240 148.666 230.240 148.666 306.369 123.595 306.369
121.000 230.430 146.212 230.430 146.212 306.806 121.000 306.806
112.970 231.176 138.430 231.176 138.430 307.862 112.970 307.862
106.971 231.542 132.184 231.542 132.184 309.278 106.971 309.278
80.448 253.459 105.271 253.459 105.271 332.203 80.448 332.203
74.330 260.399 99.159 260.399 99.159 339.670 74.330 339.670
67.684 261.423 92.632 261.423 92.632 340.613 67.684 340.613
68.794 265.390 93.495 265.390 93.495 344.618 68.794 344.618
70.008 266.840 94.673 266.840 94.673 345.600 70.008 345.600
70.835 257.639 95.327 257.639 95.327 337.145 70.835 337.145
77.667 261.958 102.123 261.958 102.123 341.874 77.667 341.874
78.504 259.662 102.911 259.662 102.911 340.026 78.504 340.026
78.776 264.264 103.376 264.264 103.376 344.575 78.776 344.575
78.791 266.011 103.643 266.011 103.643 346.417 78.791 346.417
78.951 272.498 104.159 272.498 104.159 352.400 78.951 352.400
84.231 272.054 109.715 272.054 109.715 351.475 84.231 351.475
83.735 273.241 109.486 273.241 109.486 351.932 83.735 351.932
83.511 273.510 109.393 273.510 109.393 351.702 83.511 351.702
89.099 274.360 115.069 274.360 115.069 352.247 89.099 352.247
88.411 275.422 114.644 275.422 114.644 352.497 88.411 352.497
88.293 277.106 114.642 277.106 114.642 353.703 88.293 353.703
88.458 278.266 114.943 278.266 114.943 354.357 88.458 354.357
89.045 280.308 115.612 280.308 115.612 355.733 89.045 355.733
95.268 282.696 121.672 282.696 121.672 357.844 95.268 357.844
96.396 284.380 122.751 284.380 122.751 358.779 96.396 358.779
97.766 284.284 123.819 284.284 123.819 358.507 97.766 358.507
98.643 284.033 124.431 284.033 124.431 358.089 98.643 358.089
104.982 283.324 130.430 283.324 130.430 357.695 104.982 357.695
104.474 283.790 129.755 283.790 129.755 358.658 104.474 358.658
103.467 286.467 128.644 286.467 128.644 361.440 103.467 361.440
103.914 287.908 128.947 287.908 128.947 363.131 103.914 363.131
104.886 289.083 129.852 289.083 129.852 363.951 104.886 363.951
105.754 289.248 130.607 289.248 130.607 364.494 105.754 364.494
106.928 290.329 131.566 290.329 131.566 365.670 106.928 365.670
107.939 291.784 132.548 291.784 132.548 367.200 107.939 367.200
109.305 292.694 133.867 292.694 133.867 368.314 109.305 368.314
110.667 292.534 135.195 292.534 135.195 368.140 110.667 368.140
111.802 293.316 136.235 293.316 136.235 369.135 111.802 369.135
117.527 295.395 142.147 295.395 142.147 371.081 117.527 371.081
117.953 296.483 142.508 296.483 142.508 372.329 117.953 372.329
119.015 298.325 143.418 298.325 143.418 374.306 119.015 374.306
120.299 299.202 144.551 299.202 144.551 375.379 120.299 375.379
121.829 299.962 145.950 299.962 145.950 376.121 121.829 376.121
123.324 300.862 147.265 300.862 147.265 377.336 123.324 377.336
124.615 300.471 148.718 300.471 148.718 377.097 124.615 377.097
125.793 301.590 150.004 301.590 150.004 378.335 125.793 378.335
127.029 303.801 151.130 303.801 151.130 381.319 127.029 381.319
128.113 304.983 152.280 304.983 152.280 382.993 128.113 382.993
129.379 306.135 153.717 306.135 153.717 384.547 129.379 384.547
135.366 307.212 159.833 307.212 159.833 386.470 135.366 386.470
135.049 309.443 159.633 309.443 159.633 389.616 135.049 389.616
134.848 309.171 159.602 309.171 159.602 390.085 134.848 390.085
135.001 310.315 160.076 310.315 160.076 391.333 135.001 391.333
136.078 311.590 161.484 311.590 161.484 392.414 136.078 392.414
137.330 312.604 162.847 312.604 162.847 393.586 137.330 393.586
138.502 314.705 164.311 314.705 164.311 395.659 138.502 395.659
140.518 316.634 166.298 316.634 166.298 397.419 140.518 397.419
142.046 317.901 167.883 317.901 167.883 398.577 142.046 398.577
144.310 320.143 169.971 320.143 169.971 400.718 144.310 400.718
145.583 319.691 171.141 319.691 171.141 400.555 145.583 400.555
146.703 320.529 172.161 320.529 172.161 402.032 146.703 402.032
147.896 322.030 173.241 322.030 173.241 404.120 147.896 404.120
148.637 323.234 174.110 323.234 174.110 405.903 148.637 405.903
149.716 323.548 175.180 323.548 175.180 407.108 149.716 407.108
150.752 324.802 176.191 324.802 176.191 409.035 150.752 409.035
152.001 327.025 177.570 327.025 177.570 411.783 152.001 411.783
152.828 327.872 178.561 327.872 178.561 412.893 152.828 412.893
154.064 330.125 179.846 330.125 179.846 414.950 154.064 414.950
160.415 331.716 186.490 331.716 186.490 416.428 160.415 416.428
160.981 334.119 187.422 334.119 187.422 418.338 160.981 418.338
161.553 336.884 188.161 336.884 188.161 420.781 161.553 420.781
162.386 339.399 189.134 339.399 189.134 422.924 162.386 422.924
163.630 341.980 190.244 341.980 190.244 425.773 163.630 425.773
165.125 342.706 191.679 342.706 191.679 426.498 165.125 426.498
166.991 343.570 193.113 343.570 193.113 427.830 166.991 427.830
168.254 343.803 194.247 343.803 194.247 428.007 168.254 428.007
169.652 345.231 195.422 345.231 195.422 430.014 169.652 430.014
170.976 346.680 196.552 346.680 196.552 432.534 170.976 432.534
177.479 347.862 202.866 347.862 202.866 435.211 177.479 435.211
177.391 349.376 202.856 349.376 202.856 437.448 177.391 437.448
177.854 350.941 203.756 350.941 203.756 439.207 177.854 439.207
178.882 352.929 205.050 352.929 205.050 441.253 178.882 441.253
180.047 353.436 206.344 353.436 206.344 441.930 180.047 441.930
181.351 354.476 207.905 354.476 207.905 442.758 181.351 442.758
182.326 354.917 209.236 354.917 209.236 443.107 182.326 443.107
183.556 356.036 210.511 356.036 210.511 444.223 183.556 444.223
190.274 359.306 217.361 359.306 217.361 448.125 190.274 448.125
190.428 360.561 217.811 360.561 217.811 449.636 190.428 449.636
191.965 364.332 219.355 364.332 219.355 453.513 191.965 453.513
198.961 365.336 226.472 365.336 226.472 454.524 198.961 454.524
199.645 366.327 227.182 366.327 227.182 455.339 199.645 455.339
200.643 365.915 228.208 365.915 228.208 454.835 200.643 454.835
206.909 370.745 234.531 370.745 234.531 460.577 206.909 460.577
205.877 369.877 233.656 369.877 233.656 460.533 205.877 460.533
206.218 371.350 234.036 371.350 234.036 462.277 206.218 462.277
212.739 372.621 240.399 372.621 240.399 464.094 212.739 464.094
212.160 372.723 239.886 372.723 239.886 464.332 212.160 464.332
212.673 375.543 240.660 375.543 240.660 466.913 212.673 466.913
213.174 376.813 241.522 376.813 241.522 467.691 213.174 467.691
213.917 379.353 242.558 379.353 242.558 468.865 213.917 468.865
214.582 378.528 243.326 378.528 243.326 466.851 214.582 466.851
215.265 378.199 244.142 378.199 244.142 465.190 215.265 465.190
221.647 386.461 251.180 386.461 251.180 471.431 221.647 471.431
220.897 390.471 250.810 390.471 250.810 473.610 220.897 473.610
226.915 396.035 257.347 396.035 257.347 477.425 226.915 477.425
233.319 391.448 263.845 391.448 263.845 471.690 233.319 471.690
234.971 394.817 265.416 394.817 265.416 474.212 234.971 474.212
235.846 395.295 265.990 395.295 265.990 474.049 235.846 474.049
236.033 396.703 265.891 396.703 265.891 475.214 236.033 475.214
207.613 402.807 237.688 402.807 237.688 479.505 207.613 479.505
206.703 404.247 236.999 404.247 236.999 478.766 206.703 478.766
205.534 405.812 235.876 405.812 235.876 478.477 205.534 478.477
199.035 404.281 230.502 404.281 230.502 474.622 199.035 474.622
197.970 404.134 228.852 404.134 228.852 474.087 197.970 474.087
191.379 402.324 221.995 402.324 221.995 471.361 191.379 471.361
185.333 401.229 215.429 401.229 215.429 469.929 185.333 469.929
183.992 402.129 214.540 402.129 214.540 469.559 183.992 469.559
177.525 401.322 208.299 401.322 208.299 468.209 177.525 468.209
176.464 400.398 207.290 400.398 207.290 467.307 176.464 467.307
171.074 398.336 201.785 398.336 201.785 465.643 171.074 465.643
171.176 396.504 201.871 396.504 201.871 464.034 171.176 464.034
170.386 397.015 200.982 397.015 200.982 464.790 170.386 464.790
165.040 395.675 194.984 395.675 194.984 464.367 165.040 464.367
164.866 395.285 194.265 395.285 194.265 464.714 164.866 464.714
160.559 393.761 189.180 393.761 189.180 463.967 160.559 463.967
160.179 393.587 188.910 393.587 188.910 463.913 160.179 463.913
155.872 391.222 183.982 391.222 183.982 462.705 155.872 462.705
149.458 395.545 177.537 395.545 177.537 467.339 149.458 467.339
149.666 395.483 177.637 395.483 177.637 467.554 149.666 467.554
149.976 391.248 177.843 391.248 177.843 463.904 149.976 463.904
144.041 393.836 171.849 393.836 171.849 466.725 144.041 466.725
136.882 395.127 164.572 395.127 164.572 468.217 136.882 468.217
130.269 393.137 157.521 393.137 157.521 466.633 130.269 466.633
123.378 385.722 150.270 385.722 150.270 460.020 123.378 460.020
122.617 384.806 148.813 384.806 148.813 460.666 122.617 460.666
120.557 384.795 146.552 384.795 146.552 461.701 120.557 461.701
119.163 383.925 145.176 383.925 145.176 461.461 119.163 461.461
118.025 384.170 143.670 384.170 143.670 462.677 118.025 462.677
110.886 384.155 136.475 384.155 136.475 462.933 110.886 462.933
110.343 385.645 135.764 385.645 135.764 464.893 110.343 464.893
128.893 392.516 154.856 392.516 154.856 471.171 128.893 471.171
127.929 388.948 154.530 388.948 154.530 466.990 127.929 466.990
127.399 387.055 154.321 387.055 154.321 465.289 127.399 465.289
127.203 385.011 154.481 385.011 154.481 462.991 127.203 462.991
126.572 384.121 153.909 384.121 153.909 462.088 126.572 462.088
124.991 381.818 152.199 381.818 152.199 460.462 124.991 460.462
123.231 383.428 150.247 383.428 150.247 462.361 123.231 462.361
121.258 381.779 148.189 381.779 148.189 461.100 121.258 461.100
119.251 378.724 146.131 378.724 146.131 458.493 119.251 458.493
117.925 377.898 145.024 377.898 145.024 457.873 117.925 457.873
116.579 376.202 143.854 376.202 143.854 456.532 116.579 456.532
115.190 372.156 142.586 372.156 142.586 453.440 115.190 453.440
113.388 369.938 140.927 369.938 140.927 451.875 113.388 451.875
111.030 366.692 139.271 366.692 139.271 447.868 111.030 447.868
109.317 366.421 138.190 366.421 138.190 447.018 109.317 447.018
101.942 371.202 130.702 371.202 130.702 453.025 101.942 453.025
95.657 372.600 124.398 372.600 124.398 455.890 95.657 455.890
96.162 370.336 125.186 370.336 125.186 454.321 96.162 454.321
89.750 372.013 118.772 372.013 118.772 456.934 89.750 456.934
96.739 362.645 125.817 362.645 125.817 448.445 96.739 448.445
90.059 365.920 119.066 365.920 119.066 452.795 90.059 452.795
90.683 357.413 119.726 357.413 119.726 445.176 90.683 445.176
91.366 355.796 120.473 355.796 120.473 444.321 91.366 444.321
91.651 353.703 120.845 353.703 120.845 442.858 91.651 442.858
91.214 353.707 120.469 353.707 120.469 443.128 91.214 443.128
91.083 352.213 120.424 352.213 120.424 441.960 91.083 441.960
90.856 351.782 120.211 351.782 120.211 441.593 90.856 441.593
