568.000 230.000 593.000 230.000 593.000 306.000 568.000 306.000
571.767 226.930 596.449 226.930 596.449 303.121 571.767 303.121
569.708 227.818 594.306 227.818 594.306 304.364 569.708 304.364
566.973 227.382 591.708 227.382 591.708 303.796 566.973 303.796
565.505 227.208 590.203 227.208 590.203 304.098 565.505 304.098
562.677 227.549 587.570 227.549 587.570 304.240 562.677 304.240
561.140 226.988 586.068 226.988 586.068 303.359 561.140 303.359
558.897 225.747 584.011 225.747 584.011 301.972 558.897 301.972
556.298 228.273 581.620 228.273 581.620 304.158 556.298 304.158
554.226 225.224 579.618 225.224 579.618 301.225 554.226 301.225
550.457 228.172 575.946 228.172 575.946 304.172 550.457 304.172
548.066 225.792 573.440 225.792 573.440 302.116 548.066 302.116
544.979 225.137 570.148 225.137 570.148 301.744 544.979 301.744
542.747 224.859 567.880 224.859 567.880 301.755 542.747 301.755
542.114 224.635 567.126 224.635 567.126 301.578 542.114 301.578
540.832 226.224 565.711 226.224 565.711 303.374 540.832 303.374
539.070 225.030 563.964 225.030 563.964 302.265 539.070 302.265
537.244 225.554 562.302 225.554 562.302 302.238 537.244 302.238
534.986 225.469 559.689 225.469 559.689 302.290 534.986 302.290
532.132 223.794 556.723 223.794 556.723 301.216 532.132 301.216
530.567 225.835 554.971 225.835 554.971 303.630 530.567 303.630
528.020 223.201 552.294 223.201 552.294 301.328 528.020 301.328
526.722 223.342 550.810 223.342 550.810 301.593 526.722 301.593
525.992 223.693 550.026 223.693 550.026 301.993 525.992 301.993
522.844 223.105 547.048 223.105 547.048 300.907 522.844 300.907
521.516 223.962 545.479 223.962 545.479 301.714 521.516 301.714
519.067 223.136 543.056 223.136 543.056 300.673 519.067 300.673
516.589 225.800 540.912 225.800 540.912 302.245 516.589 302.245
515.102 222.553 539.477 222.553 539.477 298.405 515.102 298.405
512.466 224.044 536.696 224.044 536.696 299.568 512.466 299.568
510.294 221.927 534.386 221.927 534.386 297.294 510.294 297.294
507.743 224.657 531.649 224.657 531.649 299.740 507.743 299.740
505.025 222.245 529.036 222.245 529.036 297.104 505.025 297.104
503.457 223.273 527.409 223.273 527.409 298.041 503.457 298.041
501.919 222.995 525.586 222.995 525.586 297.885 501.919 297.885
500.702 223.425 524.142 223.425 524.142 298.690 500.702 298.690
498.676 224.005 522.144 224.005 522.144 299.216 498.676 299.216
496.559 222.629 519.932 222.629 519.932 297.916 496.559 297.916
494.089 221.721 517.559 221.721 517.559 296.673 494.089 296.673
491.672 221.398 515.439 221.398 515.439 296.107 491.672 296.107
489.656 220.594 513.199 220.594 513.199 295.616 489.656 295.616
487.944 220.056 511.299 220.056 511.299 295.425 487.944 295.425
486.273 221.112 509.479 221.112 509.479 296.724 486.273 296.724
484.668 219.151 507.896 219.151 507.896 294.965 484.668 294.965
481.792 221.604 505.176 221.604 505.176 297.731 481.792 297.731
479.555 219.963 502.968 219.963 502.968 296.532 479.555 296.532
477.666 220.504 501.108 220.504 501.108 297.376 477.666 297.376
474.733 218.178 498.392 218.178 498.392 294.801 474.733 294.801
472.967 219.371 496.741 219.371 496.741 295.525 472.967 295.525
470.286 218.440 494.345 218.440 494.345 294.391 470.286 294.391
468.330 219.786 492.234 219.786 492.234 296.185 468.330 296.185
466.805 217.987 490.436 217.987 490.436 294.256 466.805 294.256
465.488 217.973 489.020 217.973 489.020 294.192 465.488 294.192
463.988 218.856 487.463 218.856 487.463 295.278 463.988 295.278
461.953 218.627 485.449 218.627 485.449 295.275 461.953 295.275
460.125 218.487 483.679 218.487 483.679 294.963 460.125 294.963
457.440 216.723 480.780 216.723 480.780 293.335 457.440 293.335
455.560 218.998 478.689 218.998 478.689 295.644 455.560 295.644
452.909 216.450 475.812 216.450 475.812 292.923 452.909 292.923
452.043 217.280 475.039 217.280 475.039 293.220 452.043 293.220
451.213 217.971 473.940 217.971 473.940 293.834 451.213 293.834
448.922 216.456 472.080 216.456 472.080 291.582 448.922 291.582
446.696 216.335 469.963 216.335 469.963 291.307 446.696 291.307
444.556 217.918 468.042 217.918 468.042 292.647 444.556 292.647
442.515 217.345 465.760 217.345 465.760 292.207 442.515 292.207
440.242 217.094 463.450 217.094 463.450 291.569 440.242 291.569
437.857 217.756 461.006 217.756 461.006 291.974 437.857 291.974
435.808 216.785 458.848 216.785 458.848 290.864 435.808 290.864
433.754 217.079 456.656 217.079 456.656 291.021 433.754 291.021
431.025 217.145 453.802 217.145 453.802 291.179 431.025 291.179
429.187 215.159 452.026 215.159 452.026 288.848 429.187 288.848
426.861 217.221 449.846 217.221 449.846 290.782 426.861 290.782
425.368 215.153 448.176 215.153 448.176 288.739 425.368 288.739
423.813 217.323 446.806 217.323 446.806 290.845 423.813 290.845
421.526 215.025 444.386 215.025 444.386 289.204 421.526 289.204
420.210 216.829 442.987 216.829 442.987 291.400 420.210 291.400
417.074 215.863 440.050 215.863 440.050 290.155 417.074 290.155
415.438 216.501 438.391 216.501 438.391 290.570 415.438 290.570
413.359 215.683 436.266 215.683 436.266 289.551 413.359 289.551
411.635 215.683 434.547 215.683 434.547 289.527 411.635 289.527
410.454 215.883 433.382 215.883 433.382 289.515 410.454 289.515
407.774 216.402 430.521 216.402 430.521 290.306 407.774 290.306
404.947 214.936 427.624 214.936 427.624 288.724 404.947 288.724
402.809 214.863 425.638 214.863 425.638 288.289 402.809 288.289
401.233 216.126 424.170 216.126 424.170 289.502 401.233 289.502
398.740 214.464 421.756 214.464 421.756 287.701 398.740 287.701
397.094 217.080 419.758 217.080 419.758 290.199 397.094 290.199
395.468 215.662 418.163 215.662 418.163 288.590 395.468 288.590
393.079 214.324 415.538 214.324 415.538 287.337 393.079 287.337
391.209 214.604 413.401 214.604 413.401 287.801 391.209 287.801
389.876 215.196 412.108 215.196 412.108 288.084 389.876 288.084
386.945 213.381 409.175 213.381 409.175 286.686 386.945 286.686
385.047 214.527 407.502 214.527 407.502 287.936 385.047 287.936
382.567 213.182 405.324 213.182 405.324 286.674 382.567 286.674
381.408 213.920 403.980 213.920 403.980 287.952 381.408 287.952
379.526 212.392 401.986 212.392 401.986 287.072 379.526 287.072
376.765 214.493 399.377 214.493 399.377 288.895 376.765 288.895
375.691 214.410 398.435 214.410 398.435 288.274 375.691 288.274
373.361 213.630 396.150 213.630 396.150 287.178 373.361 287.178
371.953 213.687 394.821 213.687 394.821 286.981 371.953 286.981
371.299 214.353 394.203 214.353 394.203 287.376 371.299 287.376
368.564 213.593 391.279 213.593 391.279 286.766 368.564 286.766
367.132 212.907 389.944 212.907 389.944 285.961 367.132 285.961
365.167 213.166 388.005 213.166 388.005 285.773 365.167 285.773
363.707 211.565 386.729 211.565 386.729 284.093 363.707 284.093
362.037 213.230 384.743 213.230 384.743 285.779 362.037 285.779
360.806 212.412 383.211 212.412 383.211 285.024 360.806 285.024
359.837 213.746 381.941 213.746 381.941 286.192 359.837 286.192
356.866 212.810 378.912 212.810 378.912 285.027 356.866 285.027
355.680 212.153 377.854 212.153 377.854 284.132 355.680 284.132
354.302 211.735 376.628 211.735 376.628 283.654 354.302 283.654
352.066 211.266 374.522 211.266 374.522 283.677 352.066 283.677
350.048 211.092 372.586 211.092 372.586 283.476 350.048 283.476
348.341 210.609 370.825 210.609 370.825 283.356 348.341 283.356
347.033 211.168 369.448 211.168 369.448 284.210 347.033 284.210
346.101 210.901 368.446 210.901 368.446 284.306 346.101 284.306
343.937 211.452 366.339 211.452 366.339 284.937 343.937 284.937
341.512 210.166 363.818 210.166 363.818 283.617 341.512 283.617
340.819 211.136 362.902 211.136 362.902 284.483 340.819 284.483
339.254 209.266 361.339 209.266 361.339 282.544 339.254 282.544
339.056 210.373 360.771 210.373 360.771 283.924 339.056 283.924
337.660 208.932 359.257 208.932 359.257 282.822 337.660 282.822
336.325 208.824 357.955 208.824 357.955 282.634 336.325 282.634
334.814 208.367 356.375 208.367 356.375 282.408 334.814 282.408
332.703 208.359 354.250 208.359 354.250 282.274 332.703 282.274
331.850 208.714 353.111 208.714 353.111 282.931 331.850 282.931
330.309 208.137 351.752 208.137 351.752 281.890 330.309 281.890
329.302 209.479 350.768 209.479 350.768 283.144 329.302 283.144
327.798 208.288 349.323 208.288 349.323 281.754 327.798 281.754
325.917 208.273 347.404 208.273 347.404 281.580 325.917 281.580
324.653 208.213 345.904 208.213 345.904 281.832 324.653 281.832
323.313 207.100 344.339 207.100 344.339 280.939 323.313 280.939
321.938 206.208 342.746 206.208 342.746 280.449 321.938 280.449
321.270 206.180 341.959 206.180 341.959 280.797 321.270 280.797
320.406 205.094 341.135 205.094 341.135 279.807 320.406 279.807
320.375 205.526 340.977 205.526 340.977 280.476 320.375 280.476
319.823 205.378 340.344 205.378 340.344 280.555 319.823 280.555
318.798 206.226 339.435 206.226 339.435 280.986 318.798 280.986
317.038 204.771 337.842 204.771 337.842 279.223 317.038 279.223
315.729 207.590 336.543 207.590 336.543 281.590 315.729 281.590
315.177 205.974 335.904 205.974 335.904 279.733 315.177 279.733
314.095 204.021 334.754 204.021 334.754 277.719 314.095 277.719
313.254 205.435 333.821 205.435 333.821 278.870 313.254 278.870
311.635 203.795 331.924 203.795 331.924 277.519 311.635 277.519
311.120 205.018 331.165 205.018 331.165 278.695 311.120 278.695
310.402 204.011 330.226 204.011 330.226 277.984 310.402 277.984
309.590 204.671 329.416 204.671 329.416 278.468 309.590 278.468
308.197 204.577 328.001 204.577 328.001 278.212 308.197 278.212
306.190 203.061 326.167 203.061 326.167 276.525 306.190 276.525
304.982 205.055 324.822 205.055 324.822 278.672 304.982 278.672
304.649 203.479 324.220 203.479 324.220 277.791 304.649 277.791
302.827 202.497 322.397 202.497 322.397 276.984 302.827 276.984
302.022 202.013 321.569 202.013 321.569 276.388 302.022 276.388
301.546 203.419 321.053 203.419 321.053 277.757 301.546 277.757
300.156 201.463 319.572 201.463 319.572 275.699 300.156 275.699
300.826 202.996 320.304 202.996 320.304 276.820 300.826 276.820
299.343 202.023 318.771 202.023 318.771 276.076 299.343 276.076
298.667 203.701 318.140 203.701 318.140 277.392 298.667 277.392
297.048 201.695 316.401 201.695 316.401 275.475 297.048 275.475
295.807 202.494 315.237 202.494 315.237 275.830 295.807 275.830
295.652 203.883 315.090 203.883 315.090 276.907 295.652 276.907
294.281 201.445 313.666 201.445 313.666 274.269 294.281 274.269
292.905 201.110 312.304 201.110 312.304 273.513 292.905 273.513
292.803 201.783 312.041 201.783 312.041 274.032 292.803 274.032
291.080 202.185 310.325 202.185 310.325 274.180 291.080 274.180
289.835 201.947 308.995 201.947 308.995 273.747 289.835 273.747
289.028 201.262 308.185 201.262 308.185 272.979 289.028 272.979
288.529 201.774 307.611 201.774 307.611 273.329 288.529 273.329
286.823 201.485 305.906 201.485 305.906 272.946 286.823 272.946
285.539 200.355 304.724 200.355 304.724 271.772 285.539 271.772
284.552 199.765 303.672 199.765 303.672 271.431 284.552 271.431
283.933 199.909 302.985 199.909 302.985 271.724 283.933 271.724
282.869 198.286 301.905 198.286 301.905 270.499 282.869 270.499
282.328 198.947 301.406 198.947 301.406 271.406 282.328 271.406
281.510 198.233 300.778 198.233 300.778 270.510 281.510 270.510
280.104 199.509 299.222 199.509 299.222 271.693 280.104 271.693
279.798 199.530 299.041 199.530 299.041 271.422 279.798 271.422
278.412 199.319 297.438 199.319 297.438 271.096 278.412 271.096
277.195 198.577 296.094 198.577 296.094 270.441 277.195 270.441
277.452 199.762 296.283 199.762 296.283 271.664 277.452 271.664
276.595 199.168 295.286 199.168 295.286 271.032 276.595 271.032
275.489 198.807 294.115 198.807 294.115 270.578 275.489 270.578
274.428 197.231 293.018 197.231 293.018 268.944 274.428 268.944
273.215 196.613 291.669 196.613 291.669 268.230 273.215 268.230
272.335 197.688 290.587 197.688 290.587 269.078 272.335 269.078
272.025 197.243 290.136 197.243 290.136 268.582 272.025 268.582
270.553 197.612 288.617 197.612 288.617 268.704 270.553 268.704
269.821 197.640 287.852 197.640 287.852 268.603 269.821 268.603
269.209 197.401 287.295 197.401 287.295 268.210 269.209 268.210
267.055 196.790 285.334 196.790 285.334 267.337 267.055 267.337
265.722 196.565 283.901 196.565 283.901 267.407 265.722 267.407
264.671 195.336 282.770 195.336 282.770 266.536 264.671 266.536
263.285 195.665 281.291 195.665 281.291 267.222 263.285 267.222
263.478 195.393 281.367 195.393 281.367 267.225 263.478 267.225
262.364 194.842 280.457 194.842 280.457 266.541 262.364 266.541
261.366 195.107 279.494 195.107 279.494 266.476 261.366 266.476
260.608 195.948 278.722 195.948 278.722 267.101 260.608 267.101
259.819 196.789 277.938 196.789 277.938 267.285 259.819 267.285
258.500 196.338 276.715 196.338 276.715 266.267 258.500 266.267
257.460 196.841 275.692 196.841 275.692 266.563 257.460 266.563
257.349 196.355 275.513 196.355 275.513 266.211 257.349 266.211
256.013 194.559 274.191 194.559 274.191 264.438 256.013 264.438
255.760 194.522 273.855 194.522 273.855 264.165 255.760 264.165
254.962 193.931 273.024 193.931 273.024 263.321 254.962 263.321
254.150 194.462 272.329 194.462 272.329 263.723 254.150 263.723
252.755 194.303 270.954 194.303 270.954 263.358 252.755 263.358
251.689 193.871 269.997 193.871 269.997 262.664 251.689 262.664
250.851 194.704 269.212 194.704 269.212 263.206 250.851 263.206
249.396 194.406 267.603 194.406 267.603 263.224 249.396 263.224
247.902 193.540 265.958 193.540 265.958 262.558 247.902 262.558
246.770 194.449 264.848 194.449 264.848 263.355 246.770 263.355
245.587 193.297 263.615 193.297 263.615 262.433 245.587 262.433
244.781 194.574 262.727 194.574 262.727 263.700 244.781 263.700
243.825 193.702 261.945 193.702 261.945 262.523 243.825 262.523
243.440 193.103 261.507 193.103 261.507 261.757 243.440 261.757
242.500 193.511 260.669 193.511 260.669 261.541 242.500 261.541
241.748 194.128 259.938 194.128 259.938 261.731 241.748 261.731
240.930 194.393 259.120 194.393 259.120 261.711 240.930 261.711
240.084 194.329 258.224 194.329 258.224 261.116 240.084 261.116
239.604 195.157 257.797 195.157 257.797 261.492 239.604 261.492
238.573 193.695 256.820 193.695 256.820 259.544 238.573 259.544
237.493 192.815 255.615 192.815 255.615 258.624 237.493 258.624
236.654 192.808 254.783 192.808 254.783 258.215 236.654 258.215
235.734 192.417 253.649 192.417 253.649 257.598 235.734 257.598
234.600 192.798 252.357 192.798 252.357 257.777 234.600 257.777
234.177 192.078 251.719 192.078 251.719 256.944 234.177 256.944
233.366 193.283 250.817 193.283 250.817 257.921 233.366 257.921
232.603 193.273 249.939 193.273 249.939 257.708 232.603 257.708
231.239 192.872 248.497 192.872 248.497 257.314 231.239 257.314
230.477 192.511 247.824 192.511 247.824 256.589 230.477 256.589
229.312 193.144 246.719 193.144 246.719 256.906 229.312 256.906
228.245 192.042 245.575 192.042 245.575 255.904 228.245 255.904
227.251 191.638 244.558 191.638 244.558 255.500 227.251 255.500
226.162 190.776 243.556 190.776 243.556 254.228 226.162 254.228
225.742 191.399 243.070 191.399 243.070 254.183 225.742 254.183
225.400 191.686 242.752 191.686 242.752 253.829 225.400 253.829
224.894 192.501 242.209 192.501 242.209 254.198 224.894 254.198
224.508 193.103 241.753 193.103 241.753 254.583 224.508 254.583
223.187 192.120 240.425 192.120 240.425 253.358 223.187 253.358
222.949 193.541 240.319 193.541 240.319 254.364 222.949 254.364
222.771 192.626 240.224 192.626 240.224 253.131 222.771 253.131
222.232 191.905 239.647 191.905 239.647 252.217 222.232 252.217
221.845 191.825 239.283 191.825 239.283 251.816 221.845 251.816
221.261 191.271 238.564 191.271 238.564 251.049 221.261 251.049
220.735 191.044 237.915 191.044 237.915 250.615 220.735 250.615
220.166 190.933 237.211 190.933 237.211 250.485 220.166 250.485
219.791 192.358 236.805 192.358 236.805 251.584 219.791 251.584
219.386 192.616 236.333 192.616 236.333 251.881 219.386 251.881
218.714 192.630 235.542 192.630 235.542 251.818 218.714 251.818
217.899 191.842 234.672 191.842 234.672 251.309 217.899 251.309
217.159 191.710 234.137 191.710 234.137 251.152 217.159 251.152
215.943 190.762 233.124 190.762 233.124 250.240 215.943 250.240
215.349 191.113 232.658 191.113 232.658 250.550 215.349 250.550
215.072 190.422 232.609 190.422 232.609 249.654 215.072 249.654
214.134 190.046 231.793 190.046 231.793 249.146 214.134 249.146
214.038 190.067 231.680 190.067 231.680 248.762 214.038 248.762
214.228 190.654 231.877 190.654 231.877 249.218 214.228 249.218
213.911 190.408 231.527 190.408 231.527 248.991 213.911 248.991
213.315 190.507 231.000 190.507 231.000 248.901 213.315 248.901
212.446 190.453 230.126 190.453 230.126 248.786 212.446 248.786
212.216 190.687 229.992 190.687 229.992 248.940 212.216 248.940
211.711 189.716 229.372 189.716 229.372 248.157 211.711 248.157
211.506 189.230 229.070 189.230 229.070 247.850 211.506 247.850
210.895 189.055 228.378 189.055 228.378 247.980 210.895 247.980
211.389 189.069 228.698 189.069 228.698 248.173 211.389 248.173
211.030 188.410 228.244 188.410 228.244 247.707 211.030 247.707
210.122 188.580 227.321 188.580 227.321 248.118 210.122 248.118
209.638 189.121 226.841 189.121 226.841 248.565 209.638 248.565
208.723 189.129 225.941 189.129 225.941 248.781 208.723 248.781
207.647 189.148 224.952 189.148 224.952 248.963 207.647 248.963
207.768 188.330 225.094 188.330 225.094 248.327 207.768 248.327
207.781 187.738 225.026 187.738 225.026 248.197 207.781 248.197
207.073 187.672 224.403 187.672 224.403 248.556 207.073 248.556
206.243 187.107 223.652 187.107 223.652 248.039 206.243 248.039
205.846 187.202 223.358 187.202 223.358 248.157 205.846 248.157
205.881 187.298 223.439 187.298 223.439 248.193 205.881 248.193
205.587 187.167 223.190 187.167 223.190 248.125 205.587 248.125
205.241 187.914 222.963 187.914 222.963 248.814 205.241 248.814
205.121 186.476 222.775 186.476 222.775 247.596 205.121 247.596
204.669 186.723 222.502 186.723 222.502 247.924 204.669 247.924
204.749 187.146 222.671 187.146 222.671 248.084 204.749 248.084
204.892 185.414 222.744 185.414 222.744 246.725 204.892 246.725
204.366 185.918 222.115 185.918 222.115 247.664 204.366 247.664
204.022 185.276 221.701 185.276 221.701 247.219 204.022 247.219
204.136 184.487 221.722 184.487 221.722 246.565 204.136 246.565
203.604 185.417 221.243 185.417 221.243 247.713 203.604 247.713
203.095 185.432 220.762 185.432 220.762 247.718 203.095 247.718
202.569 184.757 220.298 184.757 220.298 247.089 202.569 247.089
202.091 184.585 219.914 184.585 219.914 246.784 202.091 246.784
201.157 183.176 219.044 183.176 219.044 245.408 201.157 245.408
200.192 183.930 218.023 183.930 218.023 246.260 200.192 246.260
199.519 184.119 217.344 184.119 217.344 246.387 199.519 246.387
199.326 184.225 217.098 184.225 217.098 246.488 199.326 246.488
199.214 183.969 216.980 183.969 216.980 246.180 199.214 246.180
199.032 184.098 216.836 184.098 216.836 246.238 199.032 246.238
198.804 183.429 216.680 183.429 216.680 245.390 198.804 245.390
198.493 183.414 216.348 183.414 216.348 245.257 198.493 245.257
198.102 183.803 216.001 183.803 216.001 245.343 198.102 245.343
197.531 183.530 215.567 183.530 215.567 245.000 197.531 245.000
197.498 183.554 215.576 183.554 215.576 244.682 197.498 244.682
197.531 183.872 215.433 183.872 215.433 245.011 197.531 245.011
197.332 182.740 215.190 182.740 215.190 244.024 197.332 244.024
197.347 182.722 215.021 182.722 215.021 244.339 197.347 244.339
197.161 182.771 214.771 182.771 214.771 244.569 197.161 244.569
196.434 182.022 214.050 182.022 214.050 243.957 196.434 243.957
196.265 183.033 213.896 183.033 213.896 244.960 196.265 244.960
195.370 182.362 212.878 182.362 212.878 244.610 195.370 244.610
195.519 181.965 213.080 181.965 213.080 243.746 195.519 243.746
194.586 181.734 211.982 181.734 211.982 243.667 194.586 243.667
193.898 181.106 211.214 181.106 211.214 243.155 193.898 243.155
193.648 181.011 210.756 181.011 210.756 242.958 193.648 242.958
193.175 181.778 210.331 181.778 210.331 243.707 193.175 243.707
192.698 180.421 209.758 180.421 209.758 242.955 192.698 242.955
192.368 181.527 209.377 181.527 209.377 244.294 192.368 244.294
192.558 181.128 209.470 181.128 209.470 243.959 192.558 243.959
192.440 181.004 209.425 181.004 209.425 243.497 192.440 243.497
192.176 181.300 209.140 181.300 209.140 243.568 192.176 243.568
191.664 180.937 208.751 180.937 208.751 243.031 191.664 243.031
191.951 180.678 208.991 180.678 208.991 242.621 191.951 242.621
191.510 180.731 208.601 180.731 208.601 242.482 191.510 242.482
191.634 180.690 208.638 180.690 208.638 242.314 191.634 242.314
191.193 180.267 208.148 180.267 208.148 241.928 191.193 241.928
190.973 178.725 207.956 178.725 207.956 240.134 190.973 240.134
190.715 179.509 207.608 179.509 207.608 240.837 190.715 240.837
190.538 179.534 207.433 179.534 207.433 240.683 190.538 240.683
190.154 180.011 207.001 180.011 207.001 241.138 190.154 241.138
189.505 179.979 206.305 179.979 206.305 240.969 189.505 240.969
189.446 179.353 206.248 179.353 206.248 240.385 189.446 240.385
188.932 179.065 205.860 179.065 205.860 239.709 188.932 239.709
187.992 177.673 205.137 177.673 205.137 237.798 187.992 237.798
187.615 178.473 204.680 178.473 204.680 238.565 187.615 238.565
187.523 178.028 204.521 178.028 204.521 238.401 187.523 238.401
187.028 178.509 204.037 178.509 204.037 239.017 187.028 239.017
186.656 177.301 203.720 177.301 203.720 237.928 186.656 237.928
186.417 177.102 203.521 177.102 203.521 237.582 186.417 237.582
186.597 177.194 203.714 177.194 203.714 237.552 186.597 237.552
186.182 177.289 203.392 177.289 203.392 237.688 186.182 237.688
185.877 176.337 203.112 176.337 203.112 236.856 185.877 236.856
185.625 176.729 202.735 176.729 202.735 237.439 185.625 237.439
185.340 175.568 202.315 175.568 202.315 236.542 185.340 236.542
185.011 175.229 201.966 175.229 201.966 236.169 185.011 236.169
185.141 175.859 201.963 175.859 201.963 236.927 185.141 236.927
185.017 174.777 201.722 174.777 201.722 235.839 185.017 235.839
184.959 174.737 201.508 174.737 201.508 236.035 184.959 236.035
184.519 175.308 200.984 175.308 200.984 236.650 184.519 236.650
184.456 176.110 200.749 176.110 200.749 237.591 184.456 237.591
183.963 176.201 200.321 176.201 200.321 237.456 183.963 237.456
183.177 176.186 199.699 176.186 199.699 236.994 183.177 236.994
182.539 174.823 199.070 174.823 199.070 235.516 182.539 235.516
182.002 175.565 198.579 175.565 198.579 236.195 182.002 236.195
182.233 173.716 198.709 173.716 198.709 234.420 182.233 234.420
182.054 174.787 198.542 174.787 198.542 235.765 182.054 235.765
181.585 174.613 198.131 174.613 198.131 235.650 181.585 235.650
181.070 174.691 197.792 174.691 197.792 235.598 181.070 235.598
180.883 173.635 197.736 173.635 197.736 234.609 180.883 234.609
180.418 173.981 197.433 173.981 197.433 235.254 180.418 235.254
180.140 173.692 197.278 173.692 197.278 235.153 180.140 235.153
179.971 173.103 197.180 173.103 197.180 234.516 179.971 234.516
179.960 172.678 197.092 172.678 197.092 234.377 179.960 234.377
179.958 171.746 197.016 171.746 197.016 233.896 179.958 233.896
179.903 170.878 196.950 170.878 196.950 233.393 179.903 233.393
179.817 171.317 196.746 171.317 196.746 234.288 179.817 234.288
179.434 170.645 196.279 170.645 196.279 233.946 179.434 233.946
178.970 169.996 195.706 169.996 195.706 233.776 178.970 233.776
178.967 170.154 195.602 170.154 195.602 234.215 178.967 234.215
178.794 170.977 195.386 170.977 195.386 235.239 178.794 235.239
177.554 171.111 194.328 171.111 194.328 235.145 177.554 235.145
177.084 170.058 194.026 170.058 194.026 234.213 177.084 234.213
176.542 170.175 193.592 170.175 193.592 234.494 176.542 234.494
175.616 170.620 192.810 170.620 192.810 234.989 175.616 234.989
174.694 170.074 192.048 170.074 192.048 234.325 174.694 234.325
174.094 169.844 191.428 169.844 191.428 234.444 174.094 234.444
173.761 170.715 191.218 170.715 191.218 235.216 173.761 235.216
173.110 169.774 190.765 169.774 190.765 234.165 173.110 234.165
172.718 169.742 190.561 169.742 190.561 233.932 172.718 233.932
172.164 169.987 190.121 169.987 190.121 233.826 172.164 233.826
171.665 171.404 189.634 171.404 189.634 234.873 171.665 234.873
170.954 171.715 188.941 171.715 188.941 234.753 170.954 234.753
170.469 172.541 188.611 172.541 188.611 235.071 170.469 235.071
170.023 172.531 188.313 172.531 188.313 234.633 170.023 234.633
168.938 172.519 187.551 172.519 187.551 233.815 168.938 233.815
168.051 172.461 186.696 172.461 186.696 233.527 168.051 233.527
166.946 172.687 185.383 172.687 185.383 233.790 166.946 233.790
166.212 172.291 184.577 172.291 184.577 233.225 166.212 233.225
164.946 173.717 183.211 173.717 183.211 234.444 164.946 234.444
164.011 172.015 182.263 172.015 182.263 232.475 164.011 232.475
163.599 172.783 181.798 172.783 181.798 232.918 163.599 232.918
163.137 173.454 181.222 173.454 181.222 233.380 163.137 233.380
162.104 173.328 180.372 173.328 180.372 232.683 162.104 232.683
161.080 172.841 179.309 172.841 179.309 232.019 161.080 232.019
160.045 172.821 178.345 172.821 178.345 231.867 160.045 231.867
159.109 173.097 177.313 173.097 177.313 232.324 159.109 232.324
157.961 172.521 176.248 172.521 176.248 231.693 157.961 231.693
156.925 172.539 175.298 172.539 175.298 231.507 156.925 231.507
156.021 172.151 174.501 172.151 174.501 230.703 156.021 230.703
155.331 173.437 173.823 173.437 173.823 231.714 155.331 231.714
154.493 173.863 173.029 173.863 173.029 231.743 154.493 231.743
153.295 173.432 171.845 173.432 171.845 230.883 153.295 230.883
152.217 173.137 170.606 173.137 170.606 230.729 152.217 230.729
151.059 173.456 169.409 173.456 169.409 230.920 151.059 230.920
150.518 174.505 168.482 174.505 168.482 232.422 150.518 232.422
149.799 174.067 167.535 174.067 167.535 232.378 149.799 232.378
149.717 172.240 167.207 172.240 167.207 230.647 149.717 230.647
153.875 172.202 171.797 172.202 171.797 229.800 153.875 229.800
157.939 171.607 176.442 171.607 176.442 228.269 157.939 228.269
156.611 171.800 175.560 171.800 175.560 228.148 156.611 228.148
155.769 171.054 175.193 171.054 175.193 227.080 155.769 227.080
154.381 170.780 173.969 170.780 173.969 226.805 154.381 226.805
152.924 171.027 172.544 171.027 172.544 227.332 152.924 227.332
143.015 171.366 162.193 171.366 162.193 228.543 143.015 228.543
146.674 169.420 166.013 169.420 166.013 226.254 146.674 226.254
146.052 169.115 165.677 169.115 165.677 225.182 146.052 225.182
145.826 170.257 165.432 170.257 165.432 226.324 145.826 226.324
149.761 171.261 169.132 171.261 169.132 227.550 149.761 227.550
149.145 171.145 168.298 171.145 168.298 227.749 149.145 227.749
148.134 170.484 167.096 170.484 167.096 227.474 148.134 227.474
147.496 171.469 166.521 171.469 166.521 228.000 147.496 228.000
147.325 170.821 165.932 170.821 165.932 228.064 147.325 228.064
146.835 170.376 165.280 170.376 165.280 227.734 146.835 227.734
146.445 168.849 165.259 168.849 165.259 224.975 146.445 224.975
145.669 170.462 164.659 170.462 164.659 225.842 145.669 225.842
144.660 171.638 163.814 171.638 163.814 226.714 144.660 226.714
143.868 169.148 163.168 169.148 163.168 223.455 143.868 223.455
142.874 170.073 162.205 170.073 162.205 223.827 142.874 223.827
141.994 167.941 161.504 167.941 161.504 220.619 141.994 220.619
137.734 166.987 157.318 166.987 157.318 218.393 137.734 218.393
137.483 165.528 157.169 165.528 157.169 215.756 137.483 215.756
136.772 167.999 156.429 167.999 156.429 217.405 136.772 217.405
132.756 166.697 152.440 166.697 152.440 215.290 132.756 215.290
133.007 169.221 152.546 169.221 152.546 217.085 133.007 217.085
133.191 167.858 152.565 167.858 152.565 214.867 133.191 214.867
134.018 167.361 153.229 167.361 153.229 213.813 134.018 213.813
129.980 169.748 149.139 169.748 149.139 215.553 129.980 215.553
130.375 168.479 149.258 168.479 149.258 213.717 130.375 213.717
130.404 170.208 149.103 170.208 149.103 215.294 130.404 215.294
130.638 167.949 148.887 167.949 148.887 212.801 130.638 212.801
126.436 170.100 144.629 170.100 144.629 214.463 126.436 214.463
126.405 168.532 144.414 168.532 144.414 212.635 126.405 212.635
125.862 170.607 143.826 170.607 143.826 214.309 125.862 214.309
125.701 169.641 143.556 169.641 143.556 213.053 125.701 213.053
124.799 172.818 142.712 172.818 142.712 215.665 124.799 215.665
123.995 171.901 141.826 171.901 141.826 214.248 123.995 214.248
123.672 171.416 141.445 171.416 141.445 213.384 123.672 213.384
123.093 170.317 140.823 170.317 140.823 211.939 123.093 211.939
122.447 172.769 139.996 172.769 139.996 214.376 122.447 214.376
119.125 171.386 136.557 171.386 136.557 212.965 119.125 212.965
119.298 170.868 136.576 170.868 136.576 212.369 119.298 212.369
116.422 173.343 133.542 173.343 133.542 214.939 116.422 214.939
116.678 172.319 133.766 172.319 133.766 213.865 116.678 213.865
116.644 174.644 133.701 174.644 133.701 216.148 116.644 216.148
116.369 173.284 133.502 173.284 133.502 214.705 116.369 214.705
113.102 172.757 130.166 172.757 130.166 214.172 113.102 214.172
109.803 175.753 126.746 175.753 126.746 217.255 109.803 217.255
110.318 171.298 127.150 171.298 127.150 212.782 110.318 212.782
110.455 173.856 127.252 173.856 127.252 215.426 110.455 215.426
89.402 196.860 106.168 196.860 106.168 238.617 89.402 238.617
89.715 199.798 106.613 199.798 106.613 241.700 89.715 241.700
90.160 199.409 107.199 199.409 107.199 241.420 90.160 241.420
90.347 199.626 107.534 199.626 107.534 241.659 90.347 241.659
87.782 199.359 104.920 199.359 104.920 241.519 87.782 241.519
88.582 199.099 105.791 199.099 105.791 241.243 88.582 241.243
89.068 199.301 106.373 199.301 106.373 241.533 89.068 241.533
89.535 199.134 106.937 199.134 106.937 241.544 89.535 241.544
86.857 198.951 104.312 198.951 104.312 241.399 86.857 241.399
87.734 198.470 105.164 198.470 105.164 240.989 87.734 240.989
88.377 198.979 105.781 198.979 105.781 241.847 88.377 241.847
89.150 198.494 106.546 198.494 106.546 241.505 89.150 241.505
89.499 198.364 107.033 198.364 107.033 241.565 89.499 241.565
86.922 198.952 104.406 198.952 104.406 242.072 86.922 242.072
87.819 199.057 105.345 199.057 105.345 242.312 87.819 242.312
88.503 198.321 106.096 198.321 106.096 241.706 88.503 241.706
89.162 197.445 106.799 197.445 106.799 241.129 89.162 241.129
89.604 197.444 107.252 197.444 107.252 241.358 89.604 241.358
89.931 197.443 107.586 197.443 107.586 241.632 89.931 241.632
87.084 197.142 104.645 197.142 104.645 241.548 87.084 241.548
87.873 197.000 105.317 197.000 105.317 241.760 87.873 241.760
88.438 196.758 105.865 196.758 105.865 241.618 88.438 241.618
89.168 199.316 106.703 199.316 106.703 244.147 89.168 244.147
82.054 171.686 99.417 171.686 99.417 217.395 82.054 217.395
81.675 168.351 98.985 168.351 98.985 214.512 81.675 214.512
80.816 167.268 97.976 167.268 97.976 214.097 80.816 214.097
79.844 166.083 96.937 166.083 96.937 213.794 79.844 213.794
79.505 165.808 96.494 165.808 96.494 214.209 79.505 214.209
78.484 164.766 95.562 164.766 95.562 213.832 78.484 213.832
77.514 164.131 94.751 164.131 94.751 213.744 77.514 213.744
76.969 164.068 94.247 164.068 94.247 214.183 76.969 214.183
76.354 163.810 93.782 163.810 93.782 214.270 76.354 214.270
75.479 162.678 92.875 162.678 92.875 213.566 75.479 213.566
74.559 162.919 92.003 162.919 92.003 214.558 74.559 214.558
73.712 161.916 91.215 161.916 91.215 214.194 73.712 214.194
73.109 161.574 90.740 161.574 90.740 214.404 73.109 214.404
72.309 160.498 90.071 160.498 90.071 213.974 72.309 213.974
71.758 159.822 89.656 159.822 89.656 213.783 71.758 213.783
71.449 160.761 89.506 160.761 89.506 214.746 71.449 214.746
71.597 161.668 89.772 161.668 89.772 215.754 71.597 215.754
71.907 162.128 90.219 162.128 90.219 216.382 71.907 216.382
71.979 161.103 90.449 161.103 90.449 215.624 71.979 215.624
71.406 160.575 89.791 160.575 89.791 215.564 71.406 215.564
71.340 160.637 89.694 160.637 89.694 216.175 71.340 216.175
70.867 159.601 89.286 159.601 89.286 215.540 70.867 215.540
70.611 160.069 89.218 160.069 89.218 215.819 70.611 215.819
70.158 159.527 88.927 159.527 88.927 215.423 70.158 215.423
70.137 159.703 89.050 159.703 89.050 215.476 70.137 215.476
69.751 159.393 88.715 159.393 88.715 215.408 69.751 215.408
68.585 159.853 87.725 159.853 87.725 215.821 68.585 215.821
68.465 158.905 87.604 158.905 87.604 215.038 68.465 215.038
68.171 159.335 87.327 159.335 87.327 215.310 68.171 215.310
67.533 158.899 86.707 158.899 86.707 214.771 67.533 214.771
67.237 159.695 86.468 159.695 86.468 215.496 67.237 215.496
66.948 159.016 86.135 159.016 86.135 215.081 66.948 215.081
66.528 158.998 85.819 158.998 85.819 215.115 66.528 215.115
66.392 159.430 85.628 159.430 85.628 215.938 66.392 215.938
65.750 159.129 85.052 159.129 85.052 215.718 65.750 215.718
65.490 157.822 84.735 157.822 84.735 214.756 65.490 214.756
65.179 158.146 84.426 158.146 84.426 215.308 65.179 215.308
64.516 158.053 83.733 158.053 83.733 215.363 64.516 215.363
64.395 157.601 83.559 157.601 83.559 215.026 64.395 215.026
64.114 158.973 83.383 158.973 83.383 216.111 64.114 216.111
63.291 157.706 82.781 157.706 82.781 214.792 63.291 214.792
62.577 158.515 82.124 158.515 82.124 215.200 62.577 215.200
62.202 157.591 81.570 157.591 81.570 214.297 62.202 214.297
61.302 158.002 80.629 158.002 80.629 214.517 61.302 214.517
60.715 157.807 79.749 157.807 79.749 214.452 60.715 214.452
60.111 157.857 78.781 157.857 78.781 214.394 60.111 214.394
59.074 157.589 77.503 157.589 77.503 214.134 59.074 214.134
58.573 159.631 76.743 159.631 76.743 216.050 58.573 216.050
57.734 158.470 75.751 158.470 75.751 214.731 57.734 214.731
57.449 158.410 75.195 158.410 75.195 214.588 57.449 214.588
56.895 157.792 74.544 157.792 74.544 213.916 56.895 213.916
56.265 157.526 73.818 157.526 73.818 213.603 56.265 213.603
56.201 157.853 73.706 157.853 73.706 213.634 56.201 213.634
56.291 158.195 73.807 158.195 73.807 213.757 56.291 213.757
55.673 157.731 73.287 157.731 73.287 212.818 55.673 212.818
54.849 158.697 72.615 158.697 72.615 213.292 54.849 213.292
54.895 158.110 72.670 158.110 72.670 212.248 54.895 212.248
54.498 158.205 72.224 158.205 72.224 211.980 54.498 211.980
54.155 158.481 71.836 158.481 71.836 212.049 54.155 212.049
54.022 158.874 71.586 158.874 71.586 212.421 54.022 212.421
53.865 159.081 71.451 159.081 71.451 212.623 53.865 212.623
53.163 158.830 70.790 158.830 70.790 212.232 53.163 212.232
52.605 158.474 70.130 158.474 70.130 211.948 52.605 211.948
52.504 158.603 69.820 158.603 69.820 212.159 52.504 212.159
52.340 158.548 69.394 158.548 69.394 212.127 52.340 212.127
51.912 158.480 68.724 158.480 68.724 212.012 51.912 212.012
51.396 158.890 68.206 158.890 68.206 212.217 51.396 212.217
50.545 159.951 67.334 159.951 67.334 212.994 50.545 212.994
50.135 159.595 66.967 159.595 66.967 212.216 50.135 212.216
49.627 159.274 66.509 159.274 66.509 211.682 49.627 211.682
48.975 158.505 65.636 158.505 65.636 210.992 48.975 210.992
48.670 158.821 65.398 158.821 65.398 211.058 48.670 211.058
48.448 157.740 65.251 157.740 65.251 209.653 48.448 209.653
48.173 157.929 65.099 157.929 65.099 209.385 48.173 209.385
48.241 159.822 65.036 159.822 65.036 211.069 48.241 211.069
48.071 158.750 64.869 158.750 64.869 209.702 48.071 209.702
47.653 159.550 64.512 159.550 64.512 209.987 47.653 209.987
47.026 159.929 63.829 159.929 63.829 210.071 47.026 210.071
46.749 159.678 63.502 159.678 63.502 209.474 46.749 209.474
46.553 159.793 63.255 159.793 63.255 209.285 46.553 209.285
46.273 159.266 62.925 159.266 62.925 208.503 46.273 208.503
45.850 158.986 62.412 158.986 62.412 208.299 45.850 208.299
45.882 158.708 62.267 158.708 62.267 207.989 45.882 207.989
45.442 159.250 61.677 159.250 61.677 208.408 45.442 208.408
44.830 160.971 61.038 160.971 61.038 209.776 44.830 209.776
44.460 159.659 60.649 159.659 60.649 208.275 44.460 208.275
43.862 160.188 60.099 160.188 60.099 208.672 43.862 208.672
43.283 159.970 59.532 159.970 59.532 208.116 43.283 208.116
42.506 159.797 58.764 159.797 58.764 208.008 42.506 208.008
41.836 158.476 57.874 158.476 57.874 206.955 41.836 206.955
41.494 158.756 57.279 158.756 57.279 207.363 41.494 207.363
41.017 158.401 56.678 158.401 56.678 207.016 41.017 207.016
40.580 158.269 56.121 158.269 56.121 206.966 40.580 206.966
40.349 158.114 55.766 158.114 55.766 206.719 40.349 206.719
40.215 158.469 55.477 158.469 55.477 206.973 40.215 206.973
39.928 158.360 55.092 158.360 55.092 206.897 39.928 206.897
39.625 158.210 54.771 158.210 54.771 206.717 39.625 206.717
39.139 157.574 54.196 157.574 54.196 206.142 39.139 206.142
39.123 157.563 54.121 157.563 54.121 206.199 39.123 206.199
38.513 157.208 53.511 157.208 53.511 205.598 38.513 205.598
38.212 156.453 53.199 156.453 53.199 204.779 38.212 204.779
37.831 157.213 52.731 157.213 52.731 205.588 37.831 205.588
37.253 157.190 52.139 157.190 52.139 205.717 37.253 205.717
36.587 157.831 51.492 157.831 51.492 206.342 36.587 206.342
33.009 154.379 48.045 154.379 48.045 202.481 33.009 202.481
33.325 155.216 48.311 155.216 48.311 202.959 33.325 202.959
32.964 157.079 47.925 157.079 47.925 205.124 32.964 205.124
32.615 156.832 47.476 156.832 47.476 204.896 32.615 204.896
32.221 156.193 47.004 156.193 47.004 204.388 32.221 204.388
31.845 156.510 47.045 156.510 47.045 204.026 31.845 204.026
31.600 157.940 46.546 157.940 46.546 206.031 31.600 206.031
31.251 156.949 46.162 156.949 46.162 205.164 31.251 205.164
30.810 156.229 45.630 156.229 45.630 204.393 30.810 204.393
30.858 156.629 45.565 156.629 45.565 204.646 30.858 204.646
30.757 153.191 45.470 153.191 45.470 200.852 30.757 200.852
30.100 158.055 44.705 158.055 44.705 206.135 30.100 206.135
29.658 156.860 44.256 156.860 44.256 205.211 29.658 205.211
29.484 155.894 44.079 155.894 44.079 204.195 29.484 204.195
28.973 157.005 43.485 157.005 43.485 205.934 28.973 205.934
28.504 155.849 43.031 155.849 43.031 205.073 28.504 205.073
27.870 157.191 42.406 157.191 42.406 207.027 27.870 207.027
27.086 157.248 41.832 157.248 41.832 207.528 27.086 207.528
26.635 156.258 41.438 156.258 41.438 206.726 26.635 206.726
25.955 157.759 40.741 157.759 40.741 208.892 25.955 208.892
21.956 158.418 36.879 158.418 36.879 210.592 21.956 210.592
21.802 157.564 36.816 157.564 36.816 210.719 21.802 210.719
21.582 157.049 36.765 157.049 36.765 211.287 21.582 211.287
21.331 155.769 36.647 155.769 36.647 211.008 21.331 211.008
21.274 154.878 36.751 154.878 36.751 210.997 21.274 210.997
21.032 154.584 36.541 154.584 36.541 211.457 21.032 211.457
20.670 154.719 36.219 154.719 36.219 212.082 20.670 212.082
20.478 154.076 36.071 154.076 36.071 212.263 20.478 212.263
19.788 153.499 35.494 153.499 35.494 212.363 19.788 212.363
19.817 154.018 35.506 154.018 35.506 213.454 19.817 213.454
19.292 153.151 35.009 153.151 35.009 213.248 19.292 213.248
18.635 152.748 34.504 152.748 34.504 213.341 18.635 213.341
17.856 152.489 33.934 152.489 33.934 213.345 17.856 213.345
17.800 152.741 34.118 152.741 34.118 213.968 17.800 213.968
17.155 151.171 33.721 151.171 33.721 212.964 17.155 212.964
17.048 151.734 33.782 151.734 33.782 213.896 17.048 213.896
16.484 151.854 33.739 151.854 33.739 213.775 16.484 213.775
15.841 151.825 33.213 151.825 33.213 214.021 15.841 214.021
15.747 153.255 33.604 153.255 33.604 215.038 15.747 215.038
15.222 153.479 33.226 153.479 33.226 215.368 15.222 215.368
14.404 153.142 32.503 153.142 32.503 215.258 14.404 215.258
13.563 151.078 31.964 151.078 31.964 213.456 13.563 213.456
12.776 151.527 31.714 151.527 31.714 213.607 12.776 213.607
16.965 151.677 36.768 151.677 36.768 212.881 16.965 212.881
15.854 153.019 36.404 153.019 36.404 213.748 15.854 213.748
14.685 154.240 35.743 154.240 35.743 214.667 14.685 214.667
13.350 151.643 34.892 151.643 34.892 211.782 13.350 211.782
11.991 152.190 33.844 152.190 33.844 212.130 11.991 212.130
6.246 149.758 28.137 149.758 28.137 210.013 6.246 210.013
5.676 148.833 27.584 148.833 27.584 209.267 5.676 209.267
5.146 148.833 27.075 148.833 27.075 209.267 5.146 209.267
4.205 148.573 26.168 148.573 26.168 209.052 4.205 209.052
3.516 147.878 25.431 147.878 25.431 208.344 3.516 208.344
12.491 149.403 34.357 149.403 34.357 209.554 12.491 209.554
2.011 148.581 23.689 148.581 23.689 209.100 2.011 209.100
11.365 151.111 33.138 151.111 33.138 211.247 11.365 211.247
11.064 152.113 32.794 152.113 32.794 212.225 11.064 212.225
11.323 152.108 32.885 152.108 32.885 212.317 11.323 212.317
11.429 151.561 32.781 151.561 32.781 212.029 11.429 212.029
11.552 151.365 32.828 151.365 32.828 211.876 11.552 211.876
