147.000 83.000 189.000 83.000 189.000 193.000 147.000 193.000
150.091 83.361 191.498 83.361 191.498 193.641 150.091 193.641
154.569 85.945 195.952 85.945 195.952 195.900 154.569 195.900
166.512 90.443 208.169 90.443 208.169 199.769 166.512 199.769
177.381 90.691 219.469 90.691 219.469 199.328 177.381 199.328
187.153 89.003 229.306 89.003 229.306 197.412 187.153 197.412
196.334 86.882 238.866 86.882 238.866 194.474 196.334 194.474
206.046 87.468 248.891 87.468 248.891 194.540 206.046 194.540
207.819 87.996 250.807 87.996 250.807 194.575 207.819 194.575
216.796 92.045 259.874 92.045 259.874 198.651 216.796 198.651
224.929 102.029 267.905 102.029 267.905 209.317 224.929 209.317
232.711 103.279 275.454 103.279 275.454 211.177 232.711 211.177
232.442 110.262 275.143 110.262 275.143 219.136 232.442 219.136
234.606 109.246 277.210 109.246 277.210 218.838 234.606 218.838
242.547 107.467 285.382 107.467 285.382 217.273 242.547 217.273
244.552 107.519 287.766 107.519 287.766 217.506 244.552 217.506
253.259 106.934 296.922 106.934 296.922 217.475 253.259 217.475
257.886 107.264 301.769 107.264 301.769 217.722 257.886 217.722
261.900 107.706 305.562 107.706 305.562 218.228 261.900 218.228
265.841 108.353 309.845 108.353 309.845 218.603 265.841 218.603
269.454 109.106 313.647 109.106 313.647 219.256 269.454 219.256
273.099 111.729 317.452 111.729 317.452 221.985 273.099 221.985
284.068 113.514 329.358 113.514 329.358 223.234 284.068 223.234
293.819 115.688 339.317 115.688 339.317 226.447 293.819 226.447
302.525 107.644 347.813 107.644 347.813 219.529 302.525 219.529
303.166 110.315 348.855 110.315 348.855 222.831 303.166 222.831
305.612 111.740 351.468 111.740 351.468 224.991 305.612 224.991
309.165 111.747 354.685 111.747 354.685 226.140 309.165 226.140
312.949 110.497 358.543 110.497 358.543 225.282 312.949 225.282
317.449 111.684 363.071 111.684 363.071 226.640 317.449 226.640
328.466 115.033 374.345 115.033 374.345 230.090 328.466 230.090
331.100 116.206 377.138 116.206 377.138 231.555 331.100 231.555
334.668 116.432 380.942 116.432 380.942 232.106 334.668 232.106
338.876 115.263 384.948 115.263 384.948 231.308 338.876 231.308
343.763 115.828 390.004 115.828 390.004 231.547 343.763 231.547
348.215 117.135 394.740 117.135 394.740 232.131 348.215 232.131
352.741 117.070 399.584 117.070 399.584 231.227 352.741 231.227
364.834 119.584 411.860 119.584 411.860 233.514 364.834 233.514
376.029 119.396 423.005 119.396 423.005 233.705 376.029 233.705
377.857 121.616 425.293 121.616 425.293 235.440 377.857 235.440
381.479 120.770 428.771 120.770 428.771 234.898 381.479 234.898
384.717 121.798 432.171 121.798 432.171 235.211 384.717 235.211
394.833 123.153 442.158 123.153 442.158 236.342 394.833 236.342
398.062 124.668 444.990 124.668 444.990 237.774 398.062 237.774
407.904 127.449 454.381 127.449 454.381 240.831 407.904 240.831
410.543 127.312 456.734 127.312 456.734 240.644 410.543 240.644
413.484 127.976 459.519 127.976 459.519 240.543 413.484 240.543
424.018 130.681 469.968 130.681 469.968 243.150 424.018 243.150
426.439 132.250 472.337 132.250 472.337 244.279 426.439 244.279
436.424 135.093 482.115 135.093 482.115 247.172 436.424 247.172
439.515 135.308 484.833 135.308 484.833 247.606 439.515 247.606
443.121 135.093 488.711 135.093 488.711 246.445 443.121 246.445
453.567 137.073 499.338 137.073 499.338 247.694 453.567 247.694
463.454 139.214 509.646 139.214 509.646 248.785 463.454 248.785
473.477 140.245 520.390 140.245 520.390 248.430 473.477 248.430
475.315 143.269 522.385 143.269 522.385 250.659 475.315 250.659
486.294 147.771 532.545 147.771 532.545 256.446 486.294 256.446
496.820 152.196 542.460 152.196 542.460 262.252 496.820 262.252
498.823 154.830 544.124 154.830 544.124 265.857 498.823 265.857
501.713 167.130 546.637 167.130 546.637 279.364 501.713 279.364
512.459 171.725 557.577 171.725 557.577 285.241 512.459 285.241
514.505 175.291 559.849 175.291 559.849 289.585 514.505 289.585
524.646 179.473 570.126 179.473 570.126 295.352 524.646 295.352
525.805 183.793 571.617 183.793 571.617 300.600 525.805 300.600
536.253 189.325 581.849 189.325 581.849 308.559 536.253 308.559
537.082 193.934 583.042 193.934 583.042 314.422 537.082 314.422
539.354 198.832 585.836 198.832 585.836 320.160 539.354 320.160
542.395 202.495 588.942 202.495 588.942 325.389 542.395 325.389
552.545 207.277 599.646 207.277 599.646 331.545 552.545 331.545
553.527 210.594 601.538 210.594 601.538 335.503 553.527 335.503
556.022 212.197 603.811 212.197 603.811 338.804 556.022 338.804
558.630 204.385 606.585 204.385 606.585 332.496 558.630 332.496
560.591 198.227 608.253 198.227 608.253 327.413 560.591 327.413
562.422 203.675 609.705 203.675 609.705 334.835 562.422 334.835
564.045 198.450 611.423 198.450 611.423 330.150 564.045 330.150
565.688 203.452 613.367 203.452 613.367 335.420 565.688 335.420
575.530 211.601 622.675 211.601 622.675 346.099 575.530 346.099
575.048 217.354 621.897 217.354 621.897 354.403 575.048 354.403
574.675 222.502 622.069 222.502 622.069 360.875 574.675 360.875
574.283 224.967 621.465 224.967 621.465 365.232 574.283 365.232
574.805 223.519 621.624 223.519 621.624 366.043 574.805 366.043
575.161 226.210 622.138 226.210 622.138 370.418 575.161 370.418
575.970 228.320 622.921 228.320 622.921 374.767 575.970 374.767
576.522 229.773 623.416 229.773 623.416 378.185 576.522 378.185
578.199 232.414 624.919 232.414 624.919 382.877 578.199 382.877
579.272 232.019 625.988 232.019 625.988 383.778 579.272 383.778
581.257 232.205 628.008 232.205 628.008 385.435 581.257 385.435
582.387 231.882 628.874 231.882 628.874 386.866 582.387 386.866
582.775 233.543 629.623 233.543 629.623 389.984 582.775 389.984
581.083 235.572 628.523 235.572 628.523 393.243 581.083 393.243
577.802 237.662 624.929 237.662 624.929 397.658 577.802 397.658
572.942 240.230 621.350 240.230 621.350 399.967 572.942 399.967
558.011 244.161 608.293 244.161 608.293 402.929 558.011 402.929
555.762 252.518 607.052 252.518 607.052 411.585 555.762 411.585
553.995 260.612 606.136 260.612 606.136 420.086 553.995 420.086
552.250 263.055 604.646 263.055 604.646 423.832 552.250 423.832
549.675 265.696 602.348 265.696 602.348 428.308 549.675 428.308
547.455 266.599 599.978 266.599 599.978 432.010 547.455 432.010
545.522 268.207 597.927 268.207 597.927 436.536 545.522 436.536
