268.000 198.000 303.000 198.000 303.000 293.000 268.000 293.000
267.329 197.845 302.537 197.845 302.537 293.385 267.329 293.385
267.777 197.397 302.509 197.397 302.509 294.214 267.777 294.214
267.965 197.103 302.265 197.103 302.265 295.105 267.965 295.105
268.706 197.031 302.849 197.031 302.849 295.874 268.706 295.874
268.938 197.124 302.844 197.124 302.844 296.665 268.938 296.665
268.190 194.785 302.165 194.785 302.165 294.714 268.190 294.714
268.787 196.715 302.983 196.715 302.983 296.600 268.787 296.600
268.655 194.613 302.879 194.613 302.879 294.474 268.655 294.474
269.215 195.821 303.473 195.821 303.473 295.744 269.215 295.744
268.162 192.104 302.435 192.104 302.435 291.598 268.162 291.598
269.789 194.888 304.224 194.888 304.224 294.371 269.789 294.371
268.310 192.024 302.667 192.024 302.667 291.051 268.310 291.051
269.890 194.328 304.311 194.328 304.311 293.521 269.890 293.521
269.404 191.792 303.860 191.792 303.860 290.571 269.404 290.571
269.283 193.775 303.738 193.775 303.738 292.537 269.283 292.537
269.468 191.912 303.825 191.912 303.825 290.760 269.468 290.760
269.555 193.820 304.050 193.820 304.050 292.560 269.555 292.560
268.660 193.035 303.135 193.035 303.135 291.423 268.660 291.423
270.707 193.172 305.170 193.172 305.170 291.732 270.707 291.732
269.403 192.245 303.838 192.245 303.838 290.893 269.403 290.893
269.581 192.016 304.011 192.016 304.011 290.659 269.581 290.659
268.944 190.053 303.210 190.053 303.210 289.024 268.944 289.024
269.257 190.940 303.497 190.940 303.497 289.727 269.257 289.727
268.893 189.958 302.973 189.958 302.973 288.740 268.893 288.740
269.528 188.978 303.536 188.978 303.536 287.849 269.528 287.849
268.850 189.823 302.735 189.823 302.735 288.713 268.850 288.713
269.175 187.297 303.033 187.297 303.033 286.053 269.175 286.053
269.619 189.847 303.504 189.847 303.504 288.594 269.619 288.594
268.853 187.470 302.521 187.470 302.521 286.255 268.853 286.255
268.983 189.253 302.667 189.253 302.667 287.866 268.983 287.866
269.826 188.428 303.542 188.428 303.542 286.700 269.826 286.700
270.218 188.535 303.982 188.535 303.982 286.678 270.218 286.678
269.538 189.237 303.559 189.237 303.559 286.880 269.538 286.880
270.265 187.732 304.130 187.732 304.130 285.414 270.265 285.414
271.055 188.238 305.114 188.238 305.114 285.630 271.055 285.630
270.397 187.040 304.445 187.040 304.445 284.246 270.397 284.246
271.576 185.524 305.565 185.524 305.565 282.705 271.576 282.705
271.375 187.111 305.330 187.111 305.330 284.409 271.375 284.409
271.659 183.898 305.415 183.898 305.415 281.399 271.659 281.399
271.648 188.385 305.678 188.385 305.678 285.099 271.648 285.099
271.724 185.606 305.564 185.606 305.564 281.757 271.724 281.757
271.711 187.602 305.590 187.602 305.590 283.371 271.711 283.371
271.782 185.952 305.638 185.952 305.638 281.624 271.782 281.624
271.206 187.822 304.851 187.822 304.851 283.418 271.206 283.418
271.193 185.401 304.598 185.401 304.598 281.084 271.193 281.084
271.358 186.217 304.623 186.217 304.623 282.237 271.358 282.237
271.416 186.427 304.710 186.427 304.710 282.529 271.416 282.529
271.480 185.491 304.844 185.491 304.844 281.021 271.480 281.021
270.825 185.164 304.063 185.164 304.063 280.760 270.825 280.760
271.072 185.832 304.134 185.832 304.134 281.514 271.072 281.514
271.195 183.364 304.094 183.364 304.094 278.945 271.195 278.945
271.046 185.195 303.888 185.195 303.888 280.790 271.046 280.790
271.011 181.177 303.542 181.177 303.542 276.947 271.011 276.947
271.522 184.275 303.949 184.275 303.949 280.382 271.522 280.382
270.987 181.823 303.173 181.823 303.173 278.254 270.987 278.254
271.567 183.630 303.809 183.630 303.809 279.584 271.567 279.584
271.456 183.226 303.670 183.226 303.670 279.224 271.456 279.224
271.831 182.326 304.008 182.326 304.008 278.217 271.831 278.217
271.695 185.064 303.854 185.064 303.854 280.846 271.695 280.846
271.229 181.951 303.464 181.951 303.464 276.930 271.229 276.930
272.312 183.766 304.468 183.766 304.468 278.697 272.312 278.697
271.458 180.979 303.602 180.979 303.602 276.008 271.458 276.008
272.519 180.953 304.747 180.953 304.747 275.995 272.519 275.995
272.852 181.190 305.107 181.190 305.107 276.261 272.852 276.261
272.136 180.545 304.415 180.545 304.415 275.285 272.136 275.285
271.867 178.302 304.151 178.302 304.151 273.029 271.867 273.029
272.915 180.181 305.305 180.181 305.305 274.676 272.915 274.676
272.494 179.146 304.838 179.146 304.838 273.686 272.494 273.686
273.051 180.226 305.394 180.226 305.394 274.527 273.051 274.527
272.572 181.678 304.986 181.678 304.986 275.678 272.572 275.678
271.736 180.873 304.118 180.873 304.118 274.264 271.736 274.264
272.469 180.499 304.705 180.499 304.705 274.031 272.469 274.031
272.227 180.434 304.451 180.434 304.451 273.593 272.227 273.593
271.361 179.469 303.753 179.469 303.753 271.856 271.361 271.856
271.332 180.293 303.650 180.293 303.650 272.491 271.332 272.491
271.161 179.333 303.216 179.333 303.216 271.875 271.161 271.875
271.331 177.118 303.322 177.118 303.322 269.747 271.331 269.747
271.381 178.744 303.162 178.744 303.162 271.443 271.381 271.443
270.908 176.207 302.610 176.207 302.610 268.714 270.908 268.714
270.891 176.098 302.483 176.098 302.483 268.909 270.891 268.909
270.087 176.256 301.784 176.256 301.784 268.674 270.087 268.674
270.561 178.119 302.233 178.119 302.233 270.378 270.561 270.378
269.987 176.794 301.786 176.794 301.786 268.342 269.987 268.342
269.890 178.077 301.678 178.077 301.678 269.674 269.890 269.674
270.508 176.714 302.357 176.714 302.357 267.962 270.508 267.962
270.098 176.337 302.095 176.337 302.095 267.374 270.098 267.374
269.651 177.009 301.802 177.009 301.802 268.065 269.651 268.065
269.132 173.794 301.405 173.794 301.405 264.781 269.132 264.781
269.131 173.727 301.710 173.727 301.710 264.471 269.131 264.471
269.629 173.046 302.394 173.046 302.394 263.974 269.629 263.974
269.007 173.383 302.175 173.383 302.175 264.105 269.007 264.105
268.529 172.689 301.864 172.689 301.864 263.386 268.529 263.386
267.994 173.374 301.386 173.374 301.386 264.274 267.994 264.274
267.600 173.846 300.982 173.846 300.982 264.525 267.600 264.525
267.207 174.908 300.712 174.908 300.712 265.913 267.207 265.913
267.281 174.814 300.891 174.814 300.891 265.243 267.281 265.243
266.746 177.145 300.428 177.145 300.428 266.845 266.746 266.845
265.890 173.601 299.416 173.601 299.416 262.955 265.890 262.955
265.558 173.198 298.832 173.198 298.832 262.787 265.558 262.787
264.049 172.938 297.072 172.938 297.072 262.824 264.049 262.824
265.991 172.248 298.685 172.248 298.685 262.403 265.991 262.403
264.432 171.388 296.981 171.388 296.981 261.443 264.432 261.443
264.050 170.503 296.466 170.503 296.466 260.634 264.050 260.634
265.217 170.696 297.627 170.696 297.627 260.905 265.217 260.905
263.860 169.954 296.204 169.954 296.204 260.093 263.860 260.093
264.035 172.672 296.346 172.672 296.346 262.629 264.035 262.629
264.536 171.571 296.803 171.571 296.803 260.818 264.536 260.818
263.846 171.918 295.974 171.918 295.974 261.082 263.846 261.082
263.850 171.882 296.067 171.882 296.067 260.461 263.850 260.461
263.617 171.573 295.717 171.573 295.717 259.716 263.617 259.716
263.237 170.657 295.532 170.657 295.532 258.057 263.237 258.057
262.761 169.951 295.088 169.951 295.088 257.511 262.761 257.511
263.329 169.140 295.379 169.140 295.379 257.431 263.329 257.431
262.653 167.113 294.508 167.113 294.508 255.693 262.653 255.693
262.579 167.561 294.369 167.561 294.369 256.563 262.579 256.563
262.216 166.538 294.193 166.538 294.193 255.460 262.216 255.460
261.517 168.467 293.443 168.467 293.443 257.366 261.517 257.366
261.023 167.928 292.982 167.928 292.982 256.863 261.023 256.863
260.243 170.386 292.381 170.386 292.381 258.632 260.243 258.632
260.418 168.430 292.529 168.430 292.529 256.203 260.418 256.203
258.483 170.079 290.891 170.079 290.891 257.062 258.483 257.062
258.151 169.234 290.360 169.234 290.360 256.416 258.151 256.416
258.799 168.413 290.491 168.413 290.491 255.953 258.799 255.953
258.460 166.739 289.840 166.739 289.840 254.201 258.460 254.201
257.942 166.355 289.057 166.355 289.057 254.113 257.942 254.113
256.999 165.172 287.693 165.172 287.693 253.241 256.999 253.241
257.656 165.137 288.141 165.137 288.141 253.354 257.656 253.354
256.440 166.017 286.833 166.017 286.833 253.952 256.440 253.952
256.261 164.414 286.476 164.414 286.476 252.138 256.261 252.138
256.584 165.707 286.799 165.707 286.799 253.210 256.584 253.210
255.583 165.142 285.790 165.142 285.790 252.382 255.583 252.382
254.941 165.846 285.236 165.846 285.236 252.922 254.941 252.922
254.197 163.485 284.307 163.485 284.307 250.640 254.197 250.640
254.102 164.885 284.261 164.885 284.261 252.004 254.102 252.004
252.920 163.822 283.069 163.822 283.069 250.382 252.920 250.382
253.455 163.423 283.554 163.423 283.554 250.109 253.455 250.109
252.379 162.920 282.425 162.920 282.425 249.902 252.379 249.902
252.021 161.925 282.027 161.925 282.027 249.508 252.021 249.508
251.380 163.032 281.397 163.032 281.397 250.741 251.380 250.741
250.770 161.207 280.998 161.207 280.998 248.939 250.770 248.939
250.013 162.536 280.491 162.536 280.491 250.193 250.013 250.193
248.938 162.299 279.567 162.299 279.567 250.059 248.938 250.059
248.507 161.633 279.353 161.633 279.353 249.529 248.507 249.529
247.625 162.518 278.718 162.518 278.718 250.022 247.625 250.022
247.493 162.566 278.597 162.566 278.597 249.820 247.493 249.820
246.676 162.033 277.911 162.033 277.911 248.502 246.676 248.502
246.110 162.694 277.207 162.694 277.207 249.003 246.110 249.003
246.099 159.275 276.979 159.275 276.979 245.425 246.099 245.425
245.563 161.585 276.297 161.585 276.297 247.265 245.563 247.265
244.336 158.778 274.891 158.778 274.891 244.245 244.336 244.245
244.237 158.776 274.607 158.776 274.607 244.340 244.237 244.340
243.902 159.932 274.309 159.932 274.309 244.775 243.902 244.775
242.984 160.287 273.368 160.287 273.368 244.385 242.984 244.385
242.844 158.914 273.185 158.914 273.185 242.578 242.844 242.578
242.593 160.686 273.063 160.686 273.063 243.999 242.593 243.999
241.727 160.448 272.239 160.448 272.239 243.376 241.727 243.376
241.369 160.178 271.707 160.178 271.707 243.092 241.369 243.092
240.662 160.081 271.105 160.081 271.105 242.552 240.662 242.552
240.089 159.124 270.552 159.124 270.552 241.126 240.089 241.126
240.102 159.738 270.607 159.738 270.607 241.637 240.102 241.637
239.427 158.106 269.831 158.106 269.831 239.891 239.427 239.891
239.395 158.596 269.757 158.596 269.757 240.812 239.395 240.812
238.695 157.684 268.999 157.684 268.999 240.066 238.695 240.066
238.295 158.293 268.525 158.293 268.525 241.029 238.295 241.029
237.912 158.369 268.251 158.369 268.251 241.283 237.912 241.283
236.799 158.715 267.112 158.715 267.112 241.816 236.799 241.816
236.692 156.858 266.798 156.858 266.798 240.493 236.692 240.493
236.816 158.540 266.898 158.540 266.898 241.864 236.816 241.864
236.885 157.553 266.810 157.553 266.810 240.769 236.885 240.769
236.166 157.519 265.976 157.519 265.976 240.554 236.166 240.554
236.657 155.991 266.024 155.991 266.024 239.281 236.657 239.281
235.846 155.868 265.109 155.868 265.109 238.716 235.846 238.716
235.534 155.553 264.574 155.553 264.574 238.129 235.534 238.129
235.630 155.136 264.545 155.136 264.545 237.778 235.630 237.778
235.290 155.022 264.177 155.022 264.177 237.181 235.290 237.181
234.909 155.583 263.873 155.583 263.873 237.553 234.909 237.553
235.515 155.390 264.398 155.390 264.398 237.189 235.515 237.189
235.565 155.506 264.576 155.506 264.576 237.270 235.565 237.270
235.465 155.726 264.480 155.726 264.480 237.124 235.465 237.124
234.972 155.829 263.958 155.829 263.958 237.392 234.972 237.392
234.926 155.075 264.139 155.075 264.139 236.208 234.926 236.208
234.750 154.826 264.089 154.826 264.089 235.724 234.750 235.724
235.161 152.652 264.397 152.652 264.397 233.442 235.161 233.442
234.838 153.435 263.993 153.435 263.993 234.204 234.838 234.204
235.165 151.173 264.203 151.173 264.203 231.933 235.165 231.933
234.307 152.303 263.523 152.303 263.523 233.380 234.307 233.380
234.283 151.466 263.537 151.466 263.537 232.992 234.283 232.992
234.315 151.498 263.497 151.498 263.497 233.285 234.315 233.285
233.979 152.138 263.288 152.138 263.288 234.418 233.979 234.418
233.836 150.046 263.058 150.046 263.058 232.479 233.836 232.479
233.918 151.052 263.051 151.052 263.051 233.695 233.918 233.695
233.632 151.391 262.741 151.391 262.741 233.892 233.632 233.892
233.717 151.416 262.688 151.416 262.688 234.005 233.717 234.005
233.527 150.844 262.563 150.844 262.563 233.083 233.527 233.083
233.740 150.018 262.753 150.018 262.753 231.889 233.740 231.889
233.801 149.455 262.810 149.455 262.810 231.255 233.801 231.255
233.670 148.645 262.618 148.645 262.618 230.496 233.670 230.496
233.758 148.702 262.526 148.702 262.526 230.625 233.758 230.625
233.513 148.713 262.412 148.713 262.412 230.516 233.513 230.516
233.016 148.512 261.997 148.512 261.997 230.143 233.016 230.143
232.548 148.668 261.642 148.668 261.642 230.276 232.548 230.276
232.987 148.892 262.269 148.892 262.269 230.317 232.987 230.317
233.060 148.922 262.454 148.922 262.454 230.226 233.060 230.226
233.087 149.070 262.485 149.070 262.485 229.954 233.087 229.954
233.338 149.430 262.815 149.430 262.815 229.807 233.338 229.807
233.332 147.655 262.680 147.655 262.680 227.774 233.332 227.774
233.684 147.727 263.016 147.727 263.016 227.588 233.684 227.588
233.597 147.051 262.918 147.051 262.918 226.857 233.597 226.857
233.161 147.545 262.427 147.545 262.427 227.305 233.161 227.305
232.970 145.989 262.300 145.989 262.300 225.716 232.970 225.716
233.194 145.913 262.425 145.913 262.425 225.685 233.194 225.685
232.438 145.947 261.633 145.947 261.633 225.768 232.438 225.768
232.717 145.612 261.761 145.612 261.761 225.829 232.717 225.829
232.431 146.735 261.468 146.735 261.468 227.033 232.431 227.033
231.655 148.595 260.638 148.595 260.638 228.729 231.655 228.729
232.384 146.679 261.303 146.679 261.303 226.782 232.384 226.782
231.888 147.471 260.850 147.471 260.850 227.150 231.888 227.150
231.927 146.718 260.900 146.718 260.900 226.419 231.927 226.419
231.546 146.159 260.460 146.159 260.460 225.413 231.546 225.413
231.387 145.663 260.207 145.663 260.207 224.731 231.387 224.731
231.187 144.998 259.701 144.998 259.701 224.488 231.187 224.488
231.662 143.568 260.040 143.568 260.040 222.917 231.662 222.917
230.845 144.288 259.103 144.288 259.103 223.199 230.845 223.199
230.597 144.020 258.932 144.020 258.932 222.820 230.597 222.820
230.866 143.611 259.233 143.611 259.233 222.356 230.866 222.356
230.578 145.815 259.126 145.815 259.126 224.397 230.578 224.397
230.633 144.711 259.238 144.711 259.238 222.955 230.633 222.955
230.245 145.652 258.882 145.652 258.882 223.922 230.245 223.922
229.735 144.502 258.309 144.502 258.309 222.527 229.735 222.527
229.989 144.075 258.806 144.075 258.806 221.561 229.989 221.561
230.229 144.005 259.125 144.005 259.125 221.218 230.229 221.218
229.909 143.787 258.770 143.787 258.770 221.031 229.909 221.031
229.859 142.740 258.521 142.740 258.521 220.142 229.859 220.142
229.950 142.013 258.614 142.013 258.614 219.307 229.950 219.307
229.442 140.896 258.038 140.896 258.038 218.494 229.442 218.494
229.171 141.359 257.759 141.359 257.759 219.254 229.171 219.254
228.752 141.204 257.409 141.204 257.409 218.992 228.752 218.992
228.261 142.262 256.874 142.262 256.874 220.008 228.261 220.008
228.444 140.127 257.159 140.127 257.159 217.669 228.444 217.669
228.347 142.065 256.970 142.065 256.970 219.777 228.347 219.777
227.593 142.144 256.060 142.144 256.060 219.297 227.593 219.297
227.449 141.639 255.833 141.639 255.833 218.925 227.449 218.925
226.741 139.942 255.038 139.942 255.038 217.281 226.741 217.281
226.462 139.539 254.585 139.539 254.585 217.112 226.462 217.112
226.463 138.604 254.291 138.604 254.291 216.536 226.463 216.536
225.965 138.328 253.664 138.328 253.664 216.319 225.965 216.319
225.840 137.370 253.345 137.370 253.345 215.771 225.840 215.771
225.596 137.823 253.064 137.823 253.064 216.330 225.596 216.330
225.598 138.582 253.032 138.582 253.032 217.202 225.598 217.202
224.841 139.143 252.248 139.143 252.248 217.397 224.841 217.397
225.311 137.944 252.732 137.944 252.732 216.498 225.311 216.498
225.145 138.865 252.496 138.865 252.496 217.256 225.145 217.256
225.488 136.612 252.792 136.612 252.792 214.827 225.488 214.827
224.691 137.282 251.974 137.282 251.974 215.238 224.691 215.238
224.566 136.135 251.922 136.135 251.922 213.949 224.566 213.949
224.569 136.492 251.940 136.492 251.940 214.296 224.569 214.296
224.572 135.851 251.926 135.851 251.926 213.842 224.572 213.842
224.398 135.081 251.720 135.081 251.720 212.969 224.398 212.969
224.127 135.430 251.396 135.430 251.396 213.648 224.127 213.648
223.286 136.916 250.523 136.916 250.523 214.993 223.286 214.993
223.498 135.188 250.587 135.188 250.587 213.516 223.498 213.516
222.831 137.016 249.945 137.016 249.945 215.187 222.831 215.187
222.716 136.054 249.866 136.054 249.866 214.214 222.716 214.214
222.772 138.080 249.955 138.080 249.955 215.696 222.772 215.696
221.542 138.182 248.992 138.182 248.992 214.987 221.542 214.987
221.141 135.797 248.722 135.797 248.722 212.145 221.141 212.145
220.537 137.167 248.121 137.167 248.121 213.134 220.537 213.134
220.745 134.315 248.367 134.315 248.367 210.448 220.745 210.448
220.645 134.683 248.619 134.683 248.619 210.515 220.645 210.515
220.157 134.671 248.355 134.671 248.355 210.213 220.157 210.213
220.320 132.502 248.485 132.502 248.485 208.128 220.320 208.128
219.713 134.809 247.947 134.809 247.947 210.507 219.713 210.507
219.349 133.116 247.469 133.116 247.469 208.977 219.349 208.977
219.395 134.726 247.675 134.726 247.675 210.239 219.395 210.239
219.091 135.352 247.295 135.352 247.295 210.702 219.091 210.702
218.369 134.970 246.631 134.970 246.631 210.261 218.369 210.261
218.446 135.237 246.763 135.237 246.763 210.396 218.446 210.396
218.408 134.587 246.888 134.587 246.888 209.519 218.408 209.519
218.367 133.498 246.858 133.498 246.858 208.224 218.367 208.224
218.664 133.310 247.097 133.310 247.097 207.880 218.664 207.880
218.476 133.107 246.989 133.107 246.989 207.739 218.476 207.739
218.482 132.007 247.045 132.007 247.045 206.714 218.482 206.714
217.408 132.470 245.955 132.470 245.955 207.766 217.408 207.766
204.818 128.214 233.559 128.214 233.559 204.325 204.818 204.325
198.337 129.074 227.111 129.074 227.111 206.379 198.337 206.379
189.775 131.192 218.738 131.192 218.738 208.880 189.775 208.880
181.909 131.351 211.216 131.351 211.216 209.569 181.909 209.569
172.498 132.749 202.095 132.749 202.095 211.042 172.498 211.042
164.490 131.727 194.138 131.727 194.138 209.957 164.490 209.957
155.416 132.076 184.968 132.076 184.968 210.214 155.416 210.214
142.913 127.478 172.668 127.478 172.668 206.060 142.913 206.060
136.603 129.299 166.307 129.299 166.307 208.663 136.603 208.663
128.053 129.589 157.852 129.589 157.852 209.011 128.053 209.011
120.272 129.794 150.346 129.794 150.346 209.238 120.272 209.238
110.466 130.822 140.331 130.822 140.331 209.821 110.466 209.821
106.969 130.475 136.667 130.475 136.667 209.298 106.969 209.298
115.172 130.358 144.990 130.358 144.990 209.173 115.172 209.173
122.846 129.162 152.709 129.162 152.709 208.338 122.846 208.338
132.281 130.442 162.210 130.442 162.210 209.850 132.281 209.850
139.437 124.280 169.612 124.280 169.612 203.804 139.437 203.804
148.644 127.832 179.089 127.832 179.089 207.278 148.644 207.278
157.700 127.025 188.289 127.025 188.289 206.540 157.700 206.540
165.834 127.990 196.236 127.990 196.236 207.437 165.834 207.437
174.431 127.832 205.452 127.832 205.452 206.654 174.431 206.654
183.380 125.956 214.110 125.956 214.110 204.708 183.380 204.708
191.354 125.268 222.186 125.268 222.186 204.476 191.354 204.476
200.135 124.019 231.097 124.019 231.097 203.804 200.135 203.804
209.160 123.722 240.204 123.722 240.204 203.466 209.160 203.466
214.994 124.794 245.804 124.794 245.804 204.440 214.994 204.440
207.499 124.294 238.398 124.294 238.398 204.251 207.499 204.251
199.230 124.265 230.296 124.265 230.296 204.389 199.230 204.389
190.567 125.338 221.714 125.338 221.714 204.983 190.567 204.983
181.455 125.474 212.736 125.474 212.736 205.052 181.455 205.052
173.118 121.390 204.388 121.390 204.388 200.838 173.118 200.838
164.484 124.713 195.603 124.713 195.603 204.223 164.484 204.223
155.867 126.014 186.909 126.014 186.909 205.378 155.867 205.378
147.274 121.767 178.440 121.767 178.440 201.198 147.274 201.198
138.034 123.710 169.085 123.710 169.085 202.986 138.034 202.986
129.590 124.394 160.558 124.394 160.558 203.828 129.590 203.828
121.253 124.595 152.211 124.595 152.211 203.632 121.253 203.632
111.957 125.147 142.770 125.147 142.770 203.899 111.957 203.899
109.209 125.659 139.594 125.659 139.594 204.244 109.209 204.244
110.555 125.893 140.915 125.893 140.915 204.431 110.555 204.431
118.810 126.382 149.174 126.382 149.174 204.871 118.810 204.871
132.347 128.568 162.451 128.568 162.451 207.368 132.347 207.368
139.758 122.376 169.842 122.376 169.842 201.007 139.758 201.007
147.561 122.686 177.620 122.686 177.620 201.160 147.561 201.160
160.119 121.979 190.183 121.979 190.183 200.309 160.119 200.309
166.307 122.851 196.385 122.851 196.385 200.409 166.307 200.409
174.219 118.391 204.401 118.391 204.401 195.765 174.219 195.765
182.640 118.779 212.826 118.779 212.826 196.052 182.640 196.052
191.166 120.192 221.305 120.192 221.305 197.165 191.166 197.165
199.450 119.449 229.571 119.449 229.571 196.376 199.450 196.376
212.207 124.236 242.183 124.236 242.183 201.272 212.207 201.272
214.155 119.906 243.936 119.906 243.936 196.895 214.155 196.895
209.722 119.942 239.212 119.942 239.212 197.283 209.722 197.283
203.602 120.074 232.959 120.074 232.959 197.585 203.602 197.585
195.994 120.846 225.453 120.846 225.453 198.187 195.994 198.187
183.976 121.138 213.438 121.138 213.438 198.534 183.976 198.534
176.386 122.578 205.693 122.578 205.693 199.565 176.386 199.565
168.422 121.981 197.737 121.981 197.737 198.606 168.422 198.606
160.457 118.624 189.634 118.624 189.634 195.289 160.457 195.289
148.504 119.238 177.783 119.238 177.783 195.806 148.504 195.806
141.140 120.554 170.466 120.554 170.466 197.228 141.140 197.228
133.968 116.388 163.131 116.388 163.131 193.604 133.968 193.604
125.511 120.548 154.673 120.548 154.673 197.902 125.511 197.902
113.635 120.568 142.721 120.568 142.721 197.990 113.635 197.990
107.786 121.223 136.585 121.223 136.585 198.414 107.786 198.414
113.725 116.893 142.281 116.893 142.281 194.592 113.725 194.592
120.967 119.124 149.476 119.124 149.476 196.758 120.967 196.758
133.594 119.259 161.919 119.259 161.919 196.913 133.594 196.913
139.554 120.290 167.818 120.290 167.818 198.116 139.554 198.116
146.392 117.257 175.034 117.257 175.034 195.146 146.392 195.146
158.473 118.166 187.228 118.166 187.228 196.076 158.473 196.076
164.855 119.277 193.530 119.277 193.530 197.038 164.855 197.038
172.988 118.246 201.633 118.246 201.633 196.099 172.988 196.099
180.638 117.407 209.588 117.407 209.588 195.189 180.638 195.189
189.472 117.416 218.404 117.416 218.404 194.980 189.472 194.980
197.861 116.470 226.948 116.470 226.948 193.991 197.861 193.991
206.489 117.639 236.002 117.639 236.002 194.776 206.489 194.776
215.378 117.860 244.573 117.860 244.573 194.294 215.378 194.294
210.677 118.630 239.932 118.630 239.932 195.304 210.677 195.304
204.329 118.697 233.115 118.697 233.115 195.672 204.329 195.672
196.059 118.626 224.823 118.626 224.823 195.332 196.059 195.332
184.378 114.911 213.248 114.911 213.248 191.747 184.378 191.747
177.016 117.007 206.098 117.007 206.098 193.399 177.016 193.399
165.592 114.063 194.615 114.063 194.615 190.368 165.592 190.368
159.265 115.998 188.251 115.998 188.251 192.151 159.265 192.151
151.845 118.297 181.015 118.297 181.015 193.960 151.845 193.960
139.994 115.104 169.151 115.104 169.151 190.612 139.994 190.612
133.387 117.230 162.194 117.230 162.194 193.192 133.387 193.192
125.719 119.449 154.629 119.449 154.629 194.924 125.719 194.924
113.602 115.846 142.564 115.846 142.564 191.442 113.602 191.442
107.496 118.686 136.210 118.686 136.210 193.713 107.496 193.713
108.138 119.303 136.707 119.303 136.707 194.113 108.138 194.113
115.505 115.993 143.790 115.993 143.790 190.698 115.505 190.698
127.114 112.962 155.611 112.962 155.611 187.224 127.114 187.224
134.418 116.600 162.912 116.600 162.912 190.635 134.418 190.635
141.715 113.261 170.400 113.261 170.400 187.187 141.715 187.187
149.449 115.256 178.198 115.256 178.198 189.420 149.449 189.420
157.623 116.479 186.496 116.479 186.496 190.319 157.623 190.319
169.233 116.695 198.130 116.695 198.130 190.468 169.233 190.468
175.654 113.048 204.671 113.048 204.671 186.811 175.654 186.811
187.224 114.747 216.223 114.747 216.223 188.148 187.224 188.148
193.589 111.988 222.710 111.988 222.710 184.958 193.589 184.958
200.710 113.656 230.139 113.656 230.139 186.424 200.710 186.424
208.743 114.864 238.625 114.864 238.625 187.635 208.743 187.635
210.291 114.949 240.125 114.949 240.125 187.852 210.291 187.852
203.906 110.289 233.670 110.289 233.670 183.531 203.906 183.531
195.854 112.553 225.754 112.553 225.754 185.829 195.854 185.829
188.010 113.158 217.830 113.158 217.830 186.046 188.010 186.046
175.452 114.759 205.568 114.759 205.568 187.679 175.452 187.679
168.526 110.462 198.619 110.462 198.619 183.425 168.526 183.425
160.815 113.855 190.773 113.855 190.773 186.694 160.815 186.694
148.643 114.732 178.925 114.732 178.925 187.724 148.643 187.724
142.032 115.952 172.308 115.952 172.308 189.133 142.032 189.133
134.568 116.971 164.890 116.971 164.890 190.419 134.568 190.419
127.420 113.271 157.540 113.271 157.540 187.277 127.420 187.277
115.323 110.092 145.528 110.092 145.528 184.425 115.323 184.425
108.548 113.076 138.657 113.076 138.657 187.901 108.548 187.901
106.774 115.042 136.955 115.042 136.955 190.440 106.774 190.440
113.208 110.613 143.410 110.613 143.410 186.245 113.208 186.245
120.749 107.399 150.954 107.399 150.954 183.104 120.749 183.104
129.281 109.586 159.564 109.586 159.564 185.567 129.281 185.567
137.307 111.386 167.724 111.386 167.724 187.684 137.307 187.684
146.031 108.453 176.622 108.453 176.622 184.438 146.031 184.438
158.690 110.470 189.247 110.470 189.247 186.436 158.690 186.436
165.760 111.441 196.215 111.441 196.215 187.373 165.760 187.373
173.543 106.916 204.248 106.916 204.248 182.382 173.543 182.382
181.679 108.439 212.350 108.439 212.350 183.902 181.679 183.902
194.117 110.109 224.669 110.109 224.669 185.609 194.117 185.609
201.210 111.064 231.769 111.064 231.769 186.231 201.210 186.231
208.729 107.671 239.212 107.671 239.212 182.913 208.729 182.913
215.543 110.929 245.492 110.929 245.492 186.526 215.543 186.526
208.780 111.688 238.788 111.688 238.788 187.015 208.780 187.015
201.336 107.376 231.261 107.376 231.261 182.925 201.336 182.925
193.636 110.267 223.341 110.267 223.341 185.724 193.636 185.724
185.594 110.818 215.330 110.818 215.330 186.532 185.594 186.532
173.267 110.572 203.116 110.572 203.116 186.148 173.267 186.148
166.719 112.348 196.234 112.348 196.234 188.134 166.719 188.134
159.144 111.701 188.776 111.701 188.776 187.292 159.144 187.292
151.479 106.969 181.122 106.969 181.122 182.005 151.479 182.005
143.462 109.751 173.088 109.751 173.088 185.017 143.462 185.017
136.204 111.525 165.792 111.525 165.792 186.902 136.204 186.902
124.133 111.456 153.586 111.456 153.586 186.571 124.133 186.571
116.480 107.849 145.866 107.849 145.866 183.194 116.480 183.194
109.997 111.233 138.981 111.233 138.981 186.865 109.997 186.865
115.995 106.482 145.151 106.482 145.151 182.518 115.995 182.518
123.618 108.194 152.670 108.194 152.670 184.232 123.618 184.232
132.403 108.433 161.289 108.433 161.289 184.805 132.403 184.805
140.071 103.792 168.871 103.792 168.871 180.277 140.071 180.277
152.368 106.715 181.176 106.715 181.176 182.840 152.368 182.840
160.003 109.078 188.785 109.078 188.785 185.361 160.003 185.361
167.077 110.156 195.976 110.156 195.976 186.552 167.077 186.552
178.752 107.443 208.103 107.443 208.103 183.474 178.752 183.474
186.626 108.708 215.947 108.708 215.947 184.417 186.626 184.417
193.771 105.495 223.056 105.495 223.056 181.218 193.771 181.218
205.709 106.858 234.853 106.858 234.853 182.205 205.709 182.205
213.057 109.443 242.216 109.443 242.216 184.362 213.057 184.362
220.616 107.640 249.413 107.640 249.413 182.482 220.616 182.482
215.394 106.171 243.871 106.171 243.871 181.210 215.394 181.210
208.532 106.674 237.096 106.674 237.096 181.488 208.532 181.488
200.194 107.040 228.746 107.040 228.746 181.833 200.194 181.833
192.126 107.890 220.797 107.890 220.797 182.674 192.126 182.674
184.148 109.582 212.777 109.582 212.777 184.222 184.148 184.222
175.703 110.011 204.201 110.011 204.201 184.787 175.703 184.787
167.796 106.324 196.552 106.324 196.552 180.799 167.796 180.799
155.368 108.233 184.032 108.233 184.032 182.909 155.368 182.909
148.139 109.713 176.815 109.713 176.815 184.611 148.139 184.611
140.671 109.368 169.166 109.368 169.166 184.801 140.671 184.801
132.971 105.732 161.569 105.732 161.569 181.105 132.971 181.105
125.392 107.083 153.973 107.083 153.973 182.920 125.392 182.920
117.327 108.578 145.581 108.578 145.581 184.397 117.327 184.397
117.362 104.679 145.609 104.679 145.609 180.660 117.362 180.660
125.360 106.895 153.639 106.895 153.639 183.186 125.360 183.186
138.019 102.616 166.256 102.616 166.256 179.116 138.019 179.116
144.489 105.922 172.649 105.922 172.649 182.397 144.489 182.397
152.499 102.438 180.680 102.438 180.680 178.997 152.499 178.997
164.544 105.156 192.760 105.156 192.760 181.508 164.544 181.508
171.300 108.046 199.625 108.046 199.625 184.149 171.300 184.149
178.554 103.700 207.326 103.700 207.326 179.331 178.554 179.331
191.075 105.517 219.767 105.517 219.767 180.875 191.075 180.875
198.359 107.347 226.817 107.347 226.817 182.433 198.359 182.433
205.805 103.580 234.287 103.580 234.287 178.645 205.805 178.645
213.646 99.097 242.126 99.097 242.126 173.969 213.646 173.969
222.197 102.164 251.065 102.164 251.065 176.018 222.197 176.018
221.876 103.677 250.628 103.677 250.628 177.781 221.876 177.781
214.872 104.725 243.345 104.725 243.345 179.595 214.872 179.595
207.112 105.469 235.509 105.469 235.509 180.565 207.112 180.565
198.807 106.229 227.475 106.229 227.475 181.490 198.807 181.490
190.955 101.721 219.550 101.721 219.550 176.986 190.955 176.986
182.313 104.102 211.113 104.102 211.113 178.979 182.313 178.979
174.424 100.459 203.498 100.459 203.498 175.184 174.424 175.184
165.898 102.400 195.168 102.400 195.168 177.304 165.898 177.304
153.287 103.720 182.412 103.720 182.412 179.176 153.287 179.176
146.046 105.108 174.985 105.108 174.985 180.201 146.046 180.201
137.937 100.906 166.831 100.906 166.831 176.163 137.937 176.163
129.742 102.237 158.799 102.237 158.799 177.553 129.742 177.553
121.564 102.501 150.628 102.501 150.628 177.517 121.564 177.517
120.970 102.798 150.023 102.798 150.023 177.719 120.970 177.719
127.940 103.473 157.053 103.473 157.053 178.578 127.940 178.578
139.692 103.097 168.737 103.097 168.737 178.466 139.692 178.466
145.900 101.792 174.954 101.792 174.954 177.469 145.900 177.469
154.226 102.637 183.381 102.637 183.381 178.367 154.226 178.367
166.240 103.060 195.426 103.060 195.426 178.908 166.240 178.908
172.911 102.535 201.970 102.535 201.970 178.202 172.911 178.202
180.834 101.716 209.688 101.716 209.688 177.220 180.834 177.220
188.752 96.102 217.561 96.102 217.561 171.621 188.752 171.621
200.639 97.946 229.308 97.946 229.308 173.373 200.639 173.373
207.730 99.762 236.452 99.762 236.452 174.988 207.730 174.988
215.060 95.616 243.847 95.616 243.847 170.917 215.060 170.917
227.223 98.421 256.201 98.421 256.201 173.034 227.223 173.034
226.877 98.284 255.589 98.284 255.589 172.748 226.877 172.748
220.053 98.489 248.786 98.489 248.786 173.002 220.053 173.002
212.653 98.767 241.252 98.767 241.252 173.476 212.653 173.476
204.895 98.850 233.455 98.850 233.455 173.673 204.895 173.673
197.230 94.328 225.990 94.328 225.990 169.049 197.230 169.049
184.732 96.720 213.412 96.720 213.412 171.140 184.732 171.140
177.658 98.121 206.262 98.121 206.262 172.252 177.658 172.252
170.626 99.244 199.192 99.244 199.192 173.147 170.626 173.147
158.351 94.576 186.795 94.576 186.795 168.478 158.351 168.478
151.715 96.506 180.111 96.506 180.111 169.854 151.715 169.854
144.980 98.200 173.533 98.200 173.533 171.482 144.980 171.482
137.434 98.806 166.437 98.806 166.437 171.124 137.434 171.124
124.174 99.798 153.089 99.798 153.089 172.157 124.174 172.157
123.403 98.790 152.118 98.790 152.118 171.247 123.403 171.247
130.197 98.978 158.606 98.978 158.606 172.072 130.197 172.072
138.043 100.223 166.322 100.223 166.322 173.237 138.043 173.237
149.650 95.767 177.651 95.767 177.651 168.922 149.650 168.922
155.886 96.480 183.834 96.480 183.834 169.916 155.886 169.916
167.570 97.470 195.547 97.470 195.547 170.726 167.570 170.726
173.954 99.160 201.838 99.160 201.838 172.242 173.954 172.242
180.781 95.261 208.699 95.261 208.699 168.295 180.781 168.295
192.483 96.245 220.408 96.245 220.408 168.998 192.483 168.998
199.642 96.917 227.410 96.917 227.410 169.364 199.642 169.364
206.912 97.785 234.444 97.785 234.444 170.230 206.912 170.230
218.784 93.089 246.229 93.089 246.229 165.672 218.784 165.672
225.946 94.002 253.549 94.002 253.549 166.413 225.946 166.413
231.520 94.881 259.025 94.881 259.025 166.644 231.520 166.644
230.740 95.491 257.885 95.491 257.885 166.690 230.740 166.690
230.936 95.907 257.770 95.907 257.770 166.260 230.936 166.260
232.425 96.380 258.922 96.380 258.922 165.999 232.425 165.999
232.020 96.921 258.307 96.921 258.307 165.677 232.020 165.677
232.284 97.809 258.363 97.809 258.363 165.716 232.284 165.716
232.422 97.182 258.224 97.182 258.224 164.737 232.422 164.737
232.790 97.510 258.300 97.510 258.300 164.507 232.790 164.507
233.309 97.529 258.567 97.529 258.567 164.206 233.309 164.206
233.061 98.013 258.095 98.013 258.095 164.345 233.061 164.345
232.839 97.298 257.692 97.298 257.692 163.400 232.839 163.400
233.855 96.269 258.288 96.269 258.288 162.396 233.855 162.396
233.991 96.193 258.050 96.193 258.050 162.902 233.991 162.902
234.177 96.543 258.200 96.543 258.200 162.972 234.177 162.972
234.802 96.200 258.497 96.200 258.497 162.687 234.802 162.687
234.621 97.313 258.209 97.313 258.209 163.677 234.621 163.677
234.929 97.624 258.451 97.624 258.451 163.490 234.929 163.490
235.256 98.219 258.765 98.219 258.765 163.452 235.256 163.452
235.334 99.619 258.701 99.619 258.701 164.464 235.334 164.464
235.200 97.899 258.484 97.899 258.484 162.343 235.200 162.343
235.451 97.927 258.597 97.927 258.597 162.253 235.451 162.253
235.480 97.190 258.477 97.190 258.477 161.695 235.480 161.695
235.457 96.343 258.331 96.343 258.331 160.704 235.457 160.704
235.845 96.345 258.744 96.345 258.744 160.572 235.845 160.572
235.576 95.348 258.366 95.348 258.366 159.238 235.576 159.238
235.599 95.483 258.346 95.483 258.346 159.514 235.599 159.514
236.025 96.670 258.871 96.670 258.871 160.292 236.025 160.292
