513.000 159.000 538.000 159.000 538.000 245.000 513.000 245.000
513.693 150.853 539.352 150.853 539.352 235.713 513.693 235.713
513.210 155.155 539.186 155.155 539.186 238.644 513.210 238.644
512.164 153.797 538.611 153.797 538.611 236.010 512.164 236.010
510.981 155.840 537.925 155.840 537.925 236.414 510.981 236.414
508.431 153.368 535.589 153.368 535.589 233.141 508.431 233.141
506.707 153.734 533.657 153.734 533.657 233.134 506.707 233.134
504.694 155.468 531.333 155.468 531.333 234.776 504.694 234.776
501.948 154.971 528.601 154.971 528.601 233.928 501.948 233.928
500.208 154.854 527.121 154.854 527.121 233.136 500.208 233.136
497.424 154.754 524.587 154.754 524.587 232.474 497.424 232.474
495.355 154.243 522.836 154.243 522.836 231.247 495.355 231.247
492.564 155.192 520.096 155.192 520.096 232.364 492.564 232.364
489.816 156.418 517.400 156.418 517.400 233.743 489.816 233.743
487.778 154.338 515.294 154.338 515.294 231.931 487.778 231.931
485.577 154.988 513.400 154.988 513.400 232.023 485.577 232.023
485.620 158.297 512.731 158.297 512.731 235.715 485.620 235.715
485.561 162.136 512.193 162.136 512.193 239.871 485.561 239.871
491.226 159.748 518.026 159.748 518.026 237.159 491.226 237.159
509.880 158.664 537.516 158.664 537.516 233.914 509.880 233.914
509.547 161.120 537.139 161.120 537.139 235.614 509.547 235.614
509.776 157.249 536.837 157.249 536.837 231.495 509.776 231.495
509.109 160.802 537.078 160.802 537.078 233.127 509.109 233.127
509.571 163.143 537.169 163.143 537.169 234.714 509.571 234.714
509.992 164.777 537.244 164.777 537.244 235.784 509.992 235.784
510.462 163.070 537.198 163.070 537.198 233.677 510.462 233.677
510.173 161.804 537.623 161.804 537.623 230.662 510.173 230.662
509.991 160.778 537.628 160.778 537.628 228.725 509.991 228.725
510.245 164.181 537.971 164.181 537.971 231.253 510.245 231.253
509.589 163.544 537.617 163.544 537.617 229.253 509.589 229.253
509.936 167.744 538.064 167.744 538.064 232.434 509.936 232.434
515.472 165.216 543.424 165.216 543.424 229.371 515.472 229.371
514.995 166.222 542.632 166.222 542.632 229.702 514.995 229.702
525.403 170.692 553.075 170.692 553.075 233.308 525.403 233.308
524.711 172.322 552.414 172.322 552.414 234.499 524.711 234.499
524.572 173.615 552.200 173.615 552.200 235.469 524.572 235.469
524.348 171.335 551.834 171.335 551.834 232.704 524.348 232.704
523.940 169.138 551.280 169.138 551.280 230.088 523.940 230.088
523.868 172.119 551.040 172.119 551.040 232.578 523.868 232.578
517.897 173.489 544.837 173.489 544.837 233.682 517.897 233.682
511.786 170.288 538.796 170.288 538.796 229.845 511.786 229.845
517.288 171.354 544.069 171.354 544.069 230.821 517.288 230.821
516.668 172.783 543.525 172.783 543.525 231.386 516.668 231.386
516.155 170.130 542.959 170.130 542.959 228.340 516.155 228.340
515.561 167.633 542.255 167.633 542.255 225.236 515.561 225.236
520.484 171.287 547.033 171.287 547.033 228.654 520.484 228.654
525.489 174.587 551.732 174.587 551.732 232.063 525.489 232.063
524.919 176.668 551.061 176.668 551.061 233.836 524.919 233.836
519.455 173.192 545.519 173.192 545.519 230.063 519.455 230.063
519.030 174.606 545.057 174.606 545.057 231.063 519.030 231.063
513.226 175.636 539.191 175.636 539.191 231.715 513.226 231.715
518.253 172.041 544.082 172.041 544.082 227.876 518.253 227.876
523.100 174.687 548.823 174.687 548.823 230.550 523.100 230.550
522.518 176.339 548.291 176.339 548.291 231.804 522.518 231.804
522.305 174.105 547.935 174.105 547.935 229.236 522.305 229.236
522.618 175.995 548.121 175.995 548.121 230.767 522.618 230.767
522.402 174.472 547.709 174.472 547.709 229.079 522.402 229.079
526.590 177.023 551.730 177.023 551.730 231.500 526.590 231.500
526.164 179.270 550.997 179.270 550.997 233.917 526.164 233.917
526.095 177.258 550.552 177.258 550.552 232.486 526.095 232.486
525.258 175.917 549.919 175.917 549.919 230.574 525.258 230.574
524.943 177.609 549.537 177.609 549.537 232.019 524.943 232.019
524.455 175.019 548.924 175.019 548.924 229.245 524.455 229.245
523.821 176.843 548.277 176.843 548.277 230.985 523.821 230.985
527.959 178.880 552.276 178.880 552.276 233.194 527.959 233.194
527.607 176.830 551.659 176.830 551.659 231.331 527.607 231.331
527.085 178.705 551.113 178.705 551.113 232.998 527.085 232.998
526.508 176.633 550.565 176.633 550.565 230.534 526.508 230.534
525.901 176.506 550.097 176.506 550.097 230.111 525.901 230.111
525.598 175.256 549.853 175.256 549.853 228.697 525.598 228.697
525.612 177.209 549.543 177.209 549.543 230.851 525.612 230.851
525.165 176.300 548.916 176.300 548.916 230.012 525.165 230.012
524.858 177.741 548.639 177.741 548.639 231.186 524.858 231.186
524.511 179.993 548.341 179.993 548.341 232.827 524.511 232.827
529.190 181.282 552.579 181.282 552.579 234.667 529.190 234.667
528.094 179.505 551.553 179.505 551.553 232.702 528.094 232.702
527.603 177.599 550.928 177.599 550.928 230.810 527.603 230.810
527.015 179.158 550.301 179.158 550.301 232.394 527.015 232.394
526.722 181.652 550.066 181.652 550.066 234.425 526.722 234.425
526.314 179.007 549.743 179.007 549.743 231.473 526.314 231.473
526.019 177.354 549.457 177.354 549.457 229.657 526.019 229.657
525.565 179.722 549.011 179.722 549.011 232.102 525.565 232.102
525.393 181.250 548.813 181.250 548.813 233.318 525.393 233.318
525.084 179.481 548.398 179.481 548.398 231.574 525.084 231.574
524.955 181.227 548.136 181.227 548.136 233.044 524.955 233.044
528.931 179.424 552.021 179.424 552.021 231.208 528.931 231.208
528.166 181.434 551.137 181.434 551.137 233.182 528.166 233.182
527.845 179.137 550.662 179.137 550.662 231.076 527.845 231.076
527.690 180.262 550.517 180.262 550.517 232.162 527.690 232.162
527.168 178.122 549.990 178.122 549.990 229.840 527.168 229.840
526.528 180.534 549.397 180.534 549.397 232.130 526.528 232.130
526.137 178.560 549.167 178.560 549.167 229.715 526.137 229.715
525.712 180.781 548.517 180.781 548.517 232.112 525.712 232.112
525.218 178.890 548.065 178.890 548.065 229.973 525.218 229.973
524.648 176.809 547.653 176.809 547.653 227.572 524.648 227.572
528.686 180.300 551.599 180.300 551.599 231.033 528.686 231.033
528.070 178.483 550.868 178.483 550.868 229.328 528.070 229.328
527.344 181.818 550.106 181.818 550.106 232.535 527.344 232.535
526.853 179.491 549.570 179.491 549.570 230.008 526.853 230.008
526.800 177.134 549.336 177.134 549.336 227.621 526.800 227.621
526.385 175.972 548.818 175.972 548.818 226.544 526.385 226.544
526.082 179.321 548.468 179.321 548.468 229.776 526.082 229.776
525.719 181.208 548.165 181.208 548.165 231.503 525.719 231.503
525.135 179.535 547.657 179.535 547.657 229.705 525.135 229.705
524.688 176.773 547.239 176.773 547.239 226.872 524.688 226.872
524.682 178.424 547.150 178.424 547.150 228.588 524.682 228.588
524.218 179.969 546.672 179.969 546.672 230.242 524.218 230.242
528.622 181.904 550.796 181.904 550.796 232.622 528.622 232.622
528.226 180.237 550.462 180.237 550.462 230.728 528.226 230.728
527.799 178.266 549.894 178.266 549.894 229.062 527.799 229.062
527.370 180.988 549.515 180.988 549.515 231.742 527.370 231.742
527.007 179.325 549.160 179.325 549.160 229.987 527.007 229.987
526.611 181.174 548.798 181.174 548.798 231.714 526.611 231.714
526.308 179.067 548.482 179.067 548.482 229.781 526.308 229.781
525.891 177.080 548.052 177.080 548.052 227.764 525.891 227.764
525.444 178.773 547.621 178.773 547.621 229.525 525.444 229.525
525.349 181.367 547.472 181.367 547.472 231.895 525.349 231.895
529.706 182.314 551.670 182.314 551.670 233.201 529.706 233.201
529.083 180.248 550.972 180.248 550.972 231.349 529.083 231.349
529.056 181.927 550.896 181.927 550.896 233.137 529.056 233.137
528.531 179.911 550.288 179.911 550.288 231.313 528.531 231.313
528.040 178.418 550.007 178.418 550.007 229.290 528.040 229.290
527.367 177.210 549.509 177.210 549.509 227.856 527.367 227.856
526.950 179.432 549.091 179.432 549.091 230.345 526.950 230.345
526.408 177.931 548.732 177.931 548.732 228.494 526.408 228.494
530.105 180.660 552.481 180.660 552.481 231.037 530.105 231.037
529.315 183.428 551.545 183.428 551.545 233.961 529.315 233.961
529.118 181.644 551.216 181.644 551.216 232.115 529.118 232.115
528.950 180.079 550.847 180.079 550.847 230.552 528.950 230.552
528.744 178.754 550.774 178.754 550.774 228.950 528.744 228.950
528.317 181.882 550.305 181.882 550.305 231.903 528.317 231.903
527.872 179.704 549.804 179.704 549.804 229.747 527.872 229.747
527.492 177.628 549.567 177.628 549.567 227.582 527.492 227.582
527.125 179.618 549.084 179.618 549.084 229.693 527.125 229.693
526.906 182.291 548.896 182.291 548.896 232.247 526.906 232.247
526.827 179.979 548.921 179.979 548.921 229.733 526.827 229.733
526.702 181.627 548.811 181.627 548.811 231.120 526.702 231.120
526.234 180.086 548.339 180.086 548.339 229.559 526.234 229.559
530.325 185.047 552.206 185.047 552.206 234.844 530.325 234.844
529.578 182.882 551.437 182.882 551.437 232.745 529.578 232.745
528.759 182.060 550.506 182.060 550.506 231.977 528.759 231.977
528.244 179.603 549.848 179.603 549.848 229.772 528.244 229.772
528.514 181.273 549.979 181.273 549.979 231.493 528.514 231.493
528.207 178.644 549.678 178.644 549.678 228.878 528.207 228.878
527.580 181.094 549.189 181.094 549.189 231.091 527.580 231.091
527.120 179.439 548.986 179.439 548.986 229.019 527.120 229.019
526.804 178.795 548.871 178.795 548.871 228.106 526.804 228.106
526.619 178.191 548.661 178.191 548.661 227.487 526.619 227.487
526.644 179.807 548.676 179.807 548.676 229.300 526.644 229.300
526.798 182.394 548.527 182.394 548.527 232.065 526.798 232.065
526.512 180.052 548.468 180.052 548.468 229.504 526.512 229.504
526.354 181.938 548.211 181.938 548.211 231.558 526.354 231.558
525.942 178.889 547.818 178.889 547.818 228.419 525.942 228.419
525.438 181.297 547.523 181.297 547.523 230.470 525.438 230.470
525.056 183.252 547.235 183.252 547.235 232.347 525.056 232.347
524.960 179.960 547.037 179.960 547.037 229.154 524.960 229.154
529.005 178.217 550.954 178.217 550.954 227.488 529.005 227.488
528.885 185.140 550.473 185.140 550.473 235.030 528.885 235.030
528.596 186.507 550.168 186.507 550.168 236.290 528.596 236.290
528.635 183.073 550.150 183.073 550.150 233.045 528.635 233.045
528.021 181.597 549.620 181.597 549.620 231.527 528.021 231.527
527.526 183.314 549.189 183.314 549.189 232.946 527.526 232.946
531.315 184.728 552.960 184.728 552.960 234.308 531.315 234.308
530.622 182.656 552.169 182.656 552.169 232.438 530.622 232.438
529.909 184.952 551.529 184.952 551.529 234.536 529.909 234.536
529.566 186.150 551.135 186.150 551.135 235.637 529.566 235.637
529.730 183.997 550.877 183.997 550.877 233.846 529.730 233.846
529.663 181.810 550.819 181.810 550.819 231.724 529.663 231.724
529.390 183.546 550.569 183.546 550.569 233.184 529.390 233.184
529.508 185.392 550.562 185.392 550.562 235.121 529.508 235.121
529.279 183.270 550.379 183.270 550.379 233.002 529.279 233.002
528.607 181.345 549.788 181.345 549.788 231.134 528.607 231.134
528.245 179.047 549.406 179.047 549.406 228.882 528.245 228.882
527.757 177.265 549.097 177.265 549.097 227.097 527.757 227.097
527.383 179.926 548.832 179.926 548.832 229.696 527.383 229.696
527.194 178.333 548.682 178.333 548.682 228.273 527.194 228.273
526.883 182.143 548.481 182.143 548.481 231.722 526.883 231.722
530.545 185.015 552.034 185.015 552.034 234.509 530.545 234.509
530.221 186.088 551.625 186.088 551.625 235.649 530.221 235.649
529.630 183.990 550.765 183.990 550.765 233.728 529.630 233.728
529.429 181.625 550.504 181.625 550.504 231.505 529.429 231.505
528.864 183.049 549.943 183.049 549.943 233.054 528.864 233.054
528.639 184.877 549.687 184.877 549.687 234.789 528.639 234.789
532.500 186.632 553.626 186.632 553.626 236.251 532.500 236.251
531.890 187.890 552.940 187.890 552.940 237.500 531.890 237.500
531.215 185.033 552.204 185.033 552.204 234.797 531.215 234.797
530.454 186.138 551.524 186.138 551.524 235.607 530.454 235.607
529.721 184.744 550.798 184.744 550.798 233.945 529.721 233.945
529.417 182.330 550.387 182.330 550.387 231.695 529.417 231.695
529.252 180.392 550.127 180.392 550.127 229.904 529.252 229.904
532.914 186.253 553.854 186.253 553.854 235.536 532.914 235.536
532.271 183.866 553.095 183.866 553.095 233.397 532.271 233.397
531.464 185.860 552.387 185.860 552.387 235.308 531.464 235.308
530.552 184.077 551.499 184.077 551.499 233.513 530.552 233.513
529.784 182.218 550.673 182.218 550.673 231.817 529.784 231.817
529.581 184.114 550.446 184.114 550.446 233.766 529.581 233.766
529.709 182.202 550.421 182.202 550.421 232.371 529.709 232.371
529.352 183.459 550.076 183.459 550.076 233.658 529.352 233.658
529.265 184.969 550.045 184.969 550.045 234.941 529.265 234.941
529.028 182.212 549.861 182.212 549.861 232.138 529.028 232.138
528.602 184.353 549.448 184.353 549.448 234.340 528.602 234.340
532.390 186.205 553.240 186.205 553.240 236.291 532.390 236.291
527.598 183.907 548.566 183.907 548.566 233.842 527.598 233.842
531.318 185.775 552.243 185.775 552.243 235.745 531.318 235.745
530.513 183.918 551.562 183.918 551.562 233.367 530.513 233.367
530.290 185.695 551.294 185.695 551.294 234.907 530.290 234.907
529.989 183.445 550.880 183.445 550.880 232.931 529.989 232.931
529.770 184.773 550.566 184.773 550.566 234.418 529.770 234.418
529.395 182.909 550.185 182.909 550.185 232.462 529.395 232.462
528.920 181.137 549.816 181.137 549.816 230.382 528.920 230.382
528.345 178.760 549.273 178.760 549.273 228.116 528.345 228.116
527.668 181.357 548.827 181.357 548.827 230.518 527.668 230.518
527.222 179.258 548.459 179.258 548.459 228.270 527.222 228.270
527.091 181.477 548.465 181.477 548.465 230.031 527.091 230.031
526.816 179.781 548.219 179.781 548.219 228.064 526.816 228.064
530.778 185.531 551.897 185.531 551.897 234.172 530.778 234.172
530.244 187.298 551.316 187.298 551.316 235.790 530.244 235.790
529.683 184.983 550.694 184.983 550.694 233.454 529.683 233.454
529.851 186.237 550.660 186.237 550.660 234.772 529.851 234.772
529.809 183.829 550.562 183.829 550.562 232.419 529.809 232.419
529.504 185.242 550.314 185.242 550.314 233.548 529.504 233.548
529.459 186.403 550.233 186.403 550.233 234.652 529.459 234.652
529.073 183.865 549.826 183.865 549.826 232.322 529.073 232.322
532.810 185.485 553.348 185.485 553.348 234.185 532.810 234.185
532.425 186.720 552.795 186.720 552.795 235.729 532.425 235.729
531.638 184.796 552.027 184.796 552.027 233.834 531.638 233.834
531.229 185.963 551.556 185.963 551.556 235.037 531.229 235.037
530.985 183.627 551.230 183.627 551.230 232.882 530.985 232.882
530.566 185.753 550.779 185.753 550.779 235.039 530.566 235.039
530.392 187.519 550.661 187.519 550.661 236.778 530.392 236.778
530.045 185.633 550.481 185.633 550.481 234.565 530.045 234.565
529.783 187.298 550.224 187.298 550.224 236.042 529.783 236.042
529.226 185.193 549.608 185.193 549.608 234.018 529.226 234.018
529.167 185.889 549.520 185.889 549.520 234.748 529.167 234.748
528.933 183.568 549.494 183.568 549.494 232.084 528.933 232.084
528.975 184.853 549.432 184.853 549.432 233.352 528.975 233.352
532.399 186.184 552.868 186.184 552.868 234.806 532.399 234.806
531.362 184.539 551.897 184.539 551.897 233.245 531.362 233.245
531.249 185.009 551.480 185.009 551.480 234.258 531.249 234.258
530.470 186.097 550.829 186.097 550.829 235.186 530.470 235.186
530.294 187.852 550.477 187.852 550.477 237.003 530.294 237.003
530.195 185.446 550.432 185.446 550.432 234.597 530.195 234.597
529.860 187.308 550.194 187.308 550.194 236.186 529.860 236.186
529.326 185.259 549.783 185.259 549.783 234.165 529.326 234.165
528.885 178.658 549.387 178.658 549.387 227.711 528.885 227.711
528.575 180.723 549.092 180.723 549.092 230.044 528.575 230.044
528.760 186.053 549.242 186.053 549.242 235.629 528.760 235.629
532.463 186.679 552.972 186.679 552.972 236.321 532.463 236.321
531.612 184.434 552.174 184.434 552.174 234.214 531.612 234.214
531.114 185.744 551.771 185.744 551.771 235.369 531.114 235.369
530.484 183.805 551.222 183.805 551.222 233.648 530.484 233.648
530.077 182.443 550.927 182.443 550.927 232.041 530.077 232.041
525.284 179.569 546.261 179.569 546.261 228.944 525.284 228.944
529.633 185.326 550.364 185.326 550.364 234.890 529.633 234.890
529.307 182.794 550.140 182.794 550.140 232.453 529.307 232.453
528.855 180.692 549.776 180.692 549.776 229.986 528.855 229.986
528.653 183.369 549.589 183.369 549.589 232.490 528.653 232.490
528.498 184.568 549.375 184.568 549.375 233.779 528.498 233.779
532.180 185.985 552.895 185.985 552.895 235.418 532.180 235.418
531.444 188.320 552.201 188.320 552.201 237.789 531.444 237.789
531.081 185.785 551.726 185.785 551.726 235.398 531.081 235.398
530.513 184.368 551.238 184.368 551.238 234.014 530.513 234.014
530.293 182.115 551.148 182.115 551.148 231.745 530.293 231.745
530.216 183.303 550.983 183.303 550.983 233.184 530.216 233.184
529.608 181.263 550.366 181.263 550.366 231.391 529.608 231.391
529.102 180.108 550.025 180.108 550.025 230.062 529.102 230.062
528.759 182.661 549.523 182.661 549.523 232.759 528.759 232.759
528.391 180.699 549.305 180.699 549.305 230.673 528.391 230.673
528.010 178.578 549.072 178.578 549.072 228.513 528.010 228.513
527.011 177.257 548.421 177.257 548.421 226.891 527.011 226.891
526.586 179.099 548.067 179.099 548.067 228.546 526.586 228.546
526.501 180.914 547.963 180.914 547.963 230.230 526.501 230.230
529.882 184.053 551.420 184.053 551.420 233.246 529.882 233.246
529.784 185.961 551.044 185.961 551.044 235.401 529.784 235.401
529.522 183.493 550.709 183.493 550.709 233.169 529.522 233.169
529.027 182.080 550.229 182.080 550.229 231.841 529.027 231.841
529.132 183.838 550.206 183.838 550.206 233.682 529.132 233.682
528.818 181.884 549.869 181.884 549.869 231.833 528.818 231.833
528.099 179.674 549.161 179.674 549.161 229.613 528.099 229.613
527.797 181.989 548.999 181.989 548.999 231.787 527.797 231.787
527.401 180.815 548.687 180.815 548.687 230.281 527.401 230.281
526.933 178.706 548.261 178.706 548.261 228.223 526.933 228.223
526.594 178.166 548.035 178.166 548.035 227.691 526.594 227.691
526.242 180.580 547.760 180.580 547.760 230.086 526.242 230.086
525.995 177.723 547.608 177.723 547.608 227.290 525.995 227.290
530.224 184.454 551.641 184.454 551.641 234.431 530.224 234.431
529.829 181.777 551.220 181.777 551.220 231.776 529.829 231.776
529.151 180.702 550.481 180.702 550.481 230.850 529.151 230.850
528.721 179.499 550.097 179.499 550.097 229.299 528.721 229.299
528.173 181.479 549.571 181.479 549.571 231.196 528.173 231.196
528.096 183.200 549.438 183.200 549.438 233.250 528.096 233.250
527.889 180.677 549.217 180.677 549.217 230.875 527.889 230.875
527.125 178.076 548.773 178.076 548.773 227.916 527.125 227.916
527.065 179.590 548.745 179.590 548.745 229.544 527.065 229.544
527.100 178.635 548.859 178.635 548.859 228.375 527.100 228.375
526.527 178.012 548.368 178.012 548.368 227.718 526.527 227.718
526.628 180.194 548.520 180.194 548.520 229.715 526.628 229.715
526.630 182.084 548.551 182.084 548.551 231.382 526.630 231.382
530.406 184.846 552.178 184.846 552.178 234.320 530.406 234.320
529.865 182.472 551.578 182.472 551.578 232.035 529.865 232.035
529.750 183.877 551.286 183.877 551.286 233.628 529.750 233.628
529.157 181.417 550.658 181.417 550.658 231.296 529.157 231.296
528.815 183.720 550.283 183.720 550.283 233.796 528.815 233.796
528.472 181.054 549.945 181.054 549.945 231.086 528.472 231.086
528.023 178.897 549.616 178.897 549.616 228.872 528.023 228.872
527.412 180.451 549.070 180.451 549.070 230.302 527.412 230.302
526.857 178.119 548.455 178.119 548.455 227.769 526.857 227.769
530.477 180.963 552.042 180.963 552.042 230.688 530.477 230.688
529.891 183.562 551.359 183.562 551.359 233.212 529.891 233.212
529.357 182.178 550.888 182.178 550.888 231.787 529.357 231.787
528.970 183.962 550.321 183.962 550.321 233.868 528.970 233.868
532.947 185.408 554.284 185.408 554.284 235.339 532.947 235.339
528.029 183.345 549.287 183.345 549.287 233.210 528.029 233.210
527.932 181.450 549.331 181.450 549.331 231.065 527.932 231.065
527.117 179.914 548.670 179.914 548.670 229.353 527.117 229.353
531.007 182.557 552.733 182.557 552.733 232.006 531.007 232.006
530.588 184.596 552.219 184.596 552.219 234.194 530.588 234.194
530.095 182.677 551.811 182.677 551.811 232.299 530.095 232.299
529.344 181.812 551.039 181.812 551.039 231.252 529.344 231.252
529.263 183.680 550.738 183.680 550.738 233.278 529.263 233.278
528.844 181.481 550.394 181.481 550.394 230.972 528.844 230.972
528.665 179.257 550.245 179.257 550.245 228.683 528.665 228.683
527.980 177.222 549.534 177.222 549.534 226.745 527.980 226.745
527.725 180.227 549.305 180.227 549.305 229.395 527.725 229.395
527.569 182.321 549.179 182.321 549.179 231.590 527.569 231.590
527.757 184.108 549.090 184.108 549.090 233.500 527.757 233.500
527.671 181.129 549.072 181.129 549.072 230.527 527.671 230.527
527.219 179.392 548.672 179.392 548.672 228.797 527.219 228.797
530.830 182.046 552.243 182.046 552.243 231.432 530.830 231.432
530.302 183.520 551.687 183.520 551.687 232.782 530.302 232.782
529.717 182.608 551.148 182.608 551.148 231.966 529.717 231.966
529.052 184.473 550.497 184.473 550.497 233.779 529.052 233.779
529.382 185.763 550.672 185.763 550.672 235.117 529.382 235.117
529.286 183.274 550.386 183.274 550.386 232.664 529.286 232.664
529.021 181.577 550.241 181.577 550.241 230.937 529.021 230.937
528.374 180.001 549.711 180.001 549.711 229.262 528.374 229.262
528.298 183.154 549.486 183.154 549.486 232.358 528.298 232.358
527.844 181.597 549.134 181.597 549.134 230.517 527.844 230.517
531.821 187.036 552.961 187.036 552.961 235.974 531.821 235.974
531.032 185.057 552.057 185.057 552.057 234.230 531.032 234.230
530.711 183.279 551.733 183.279 551.733 232.685 530.711 232.685
529.912 182.308 551.079 182.308 551.079 231.670 529.912 231.670
529.544 184.387 550.576 184.387 550.576 233.963 529.544 233.963
529.101 181.876 550.152 181.876 550.152 231.621 529.101 231.621
528.967 180.002 549.887 180.002 549.887 229.915 528.967 229.915
528.842 182.322 550.020 182.322 550.020 232.079 528.842 232.079
528.901 180.903 550.117 180.903 550.117 230.661 528.901 230.661
528.285 180.050 549.589 180.050 549.589 229.701 528.285 229.701
528.079 181.678 549.264 181.678 549.264 231.526 528.079 231.526
527.684 180.579 548.874 180.579 548.874 230.584 527.684 230.584
527.137 178.905 548.459 178.905 548.459 228.817 527.137 228.817
527.064 182.512 548.557 182.512 548.557 231.996 527.064 231.996
526.912 180.513 548.354 180.513 548.354 229.912 526.912 229.912
530.877 182.471 552.219 182.471 552.219 232.036 530.877 232.036
530.368 183.823 551.540 183.823 551.540 233.594 530.368 233.594
530.114 184.241 551.112 184.241 551.112 234.252 530.114 234.252
529.918 181.777 550.820 181.777 550.820 232.020 529.918 232.020
529.568 183.341 550.437 183.341 550.437 233.705 529.568 233.705
533.261 185.849 554.201 185.849 554.201 236.142 533.261 236.142
528.560 183.353 549.564 183.353 549.564 233.416 528.560 233.416
532.409 184.871 553.440 184.871 553.440 235.066 532.409 235.066
531.182 183.687 552.341 183.687 552.341 233.540 531.182 233.540
530.706 184.633 551.806 184.633 551.806 234.785 530.706 234.785
530.034 185.411 551.059 185.411 551.059 235.637 530.034 235.637
529.802 183.183 550.824 183.183 550.824 233.523 529.802 233.523
529.570 184.867 550.588 184.867 550.588 234.953 529.570 234.953
529.144 182.000 550.287 182.000 550.287 231.976 529.144 231.976
528.897 179.957 550.023 179.957 550.023 230.011 528.897 230.011
528.505 182.156 549.635 182.156 549.635 232.076 528.505 232.076
528.090 183.171 549.138 183.171 549.138 233.178 528.090 233.178
531.637 185.814 552.668 185.814 552.668 235.797 531.637 235.797
530.805 183.881 551.879 183.881 551.879 233.964 530.805 233.964
530.179 185.180 551.306 185.180 551.306 235.062 530.179 235.062
530.132 186.432 551.121 186.432 551.121 236.557 530.132 236.557
529.867 183.926 550.806 183.926 550.806 234.195 529.867 234.195
529.794 185.247 550.668 185.247 550.668 235.647 529.794 235.647
529.064 182.506 550.027 182.506 550.027 232.881 529.064 232.881
528.898 180.419 549.910 180.419 549.910 230.623 528.898 230.623
528.321 179.302 549.498 179.302 549.498 229.344 528.321 229.344
528.094 181.163 549.223 181.163 549.223 231.081 528.094 231.081
527.971 182.828 549.127 182.828 549.127 232.607 527.971 232.607
527.444 181.207 548.776 181.207 548.776 230.679 527.444 230.679
527.012 183.329 548.498 183.329 548.498 232.589 527.012 232.589
526.777 181.977 548.355 181.977 548.355 231.012 526.777 231.012
530.386 183.912 551.798 183.912 551.798 233.225 530.386 233.225
529.703 181.455 551.081 181.455 551.081 230.947 529.703 230.947
528.982 184.948 550.349 184.948 550.349 234.240 528.982 234.240
528.586 182.176 549.915 182.176 549.915 231.358 528.586 231.358
528.104 180.778 549.384 180.778 549.384 230.065 528.104 230.065
527.891 182.793 549.130 182.793 549.130 232.071 527.891 232.071
531.276 181.774 552.623 181.774 552.623 230.972 531.276 230.972
530.841 180.557 551.991 180.557 551.991 230.112 530.841 230.112
530.330 185.967 551.453 185.967 551.453 235.470 530.330 235.470
529.866 183.825 550.828 183.825 550.828 233.709 529.866 233.709
529.960 184.529 550.798 184.529 550.798 234.572 529.960 234.572
529.597 182.373 550.444 182.373 550.444 232.503 529.597 232.503
529.094 180.523 550.159 180.523 550.159 230.563 529.094 230.563
528.486 178.370 549.508 178.370 549.508 228.480 528.486 228.480
527.628 177.299 548.778 177.299 548.778 227.479 527.628 227.479
527.312 183.570 548.527 183.570 548.527 233.722 527.312 233.722
527.115 181.326 548.544 181.326 548.544 231.308 527.115 231.308
526.748 179.876 548.246 179.876 548.246 229.485 526.748 229.485
526.415 181.932 547.887 181.932 547.887 231.456 526.415 231.456
530.318 183.915 551.715 183.915 551.715 233.507 530.318 233.507
529.918 181.223 551.220 181.223 551.220 231.028 529.918 231.028
529.491 184.342 550.646 184.342 550.646 234.094 529.491 234.094
529.427 185.319 550.519 185.319 550.519 235.040 529.427 235.040
529.224 183.216 550.399 183.216 550.399 232.799 529.224 232.799
528.454 182.207 549.801 182.207 549.801 231.536 528.454 231.536
528.139 184.495 549.406 184.495 549.406 234.029 528.139 234.029
528.200 185.827 549.372 185.827 549.372 235.461 528.200 235.461
527.900 183.817 549.150 183.817 549.150 233.345 527.900 233.345
527.839 184.574 549.013 184.574 549.013 234.235 527.839 234.235
527.841 183.115 549.043 183.115 549.043 232.844 527.841 232.844
527.202 182.007 548.519 182.007 548.519 231.631 527.202 231.631
527.007 178.944 548.264 178.944 548.264 228.675 527.007 228.675
526.488 176.817 547.898 176.817 547.898 226.320 526.488 226.320
525.980 174.726 547.647 174.726 547.647 224.109 525.980 224.109
525.294 177.840 547.157 177.840 547.157 226.905 525.294 226.905
529.579 184.019 551.064 184.019 551.064 233.685 529.579 233.685
529.201 181.737 550.722 181.737 550.722 231.395 529.201 231.395
528.789 184.383 550.267 184.383 550.267 233.947 528.789 233.947
528.758 185.730 550.075 185.730 550.075 235.253 528.758 235.253
528.463 183.282 549.922 183.282 549.922 232.805 528.463 232.805
528.039 181.032 549.425 181.032 549.425 230.937 528.039 230.937
523.053 178.807 544.510 178.807 544.510 228.768 523.053 228.768
527.509 182.091 548.977 182.091 548.977 232.064 527.509 232.064
527.039 180.376 548.624 180.376 548.624 230.380 527.039 230.380
526.849 178.463 548.649 178.463 548.649 227.933 526.849 227.933
526.351 181.358 548.313 181.358 548.313 230.395 526.351 230.395
526.041 183.577 547.796 183.577 547.796 232.788 526.041 232.788
525.544 181.288 547.380 181.288 547.380 230.270 525.544 230.270
525.170 179.348 547.139 179.348 547.139 228.208 525.170 228.208
529.003 181.628 550.766 181.628 550.766 230.752 529.003 230.752
528.372 180.090 550.119 180.090 550.119 229.222 528.372 229.222
528.133 178.719 549.848 178.719 549.848 228.007 528.133 228.007
527.721 180.744 549.386 180.744 549.386 230.289 527.721 230.289
527.396 178.862 549.008 178.862 549.008 228.625 527.396 228.625
526.909 181.227 548.553 181.227 548.553 231.071 526.909 231.071
527.050 182.891 548.602 182.891 548.602 232.830 527.050 232.830
526.942 181.171 548.677 181.171 548.677 230.890 526.942 230.890
531.114 187.272 552.580 187.272 552.580 237.448 531.114 237.448
530.535 185.136 551.958 185.136 551.958 235.334 530.535 235.334
529.987 182.801 551.450 182.801 551.450 232.887 529.987 232.887
529.160 181.395 550.863 181.395 550.863 231.361 529.160 231.361
528.422 179.800 550.188 179.800 550.188 229.865 528.422 229.865
528.077 181.520 549.723 181.520 549.723 231.922 528.077 231.922
527.250 180.064 549.100 180.064 549.100 230.285 527.250 230.285
526.489 178.437 548.569 178.437 548.569 228.281 526.489 228.281
526.051 181.028 548.216 181.028 548.216 230.846 526.051 230.846
525.587 180.500 547.751 180.500 547.751 229.925 525.587 229.925
525.246 180.811 547.269 180.811 547.269 230.369 525.246 230.369
529.351 178.976 551.356 178.976 551.356 228.616 529.351 228.616
529.032 180.797 550.877 180.797 550.877 230.638 529.032 230.638
528.748 178.489 550.444 178.489 550.444 228.565 528.748 228.565
528.134 181.813 549.731 181.813 549.731 232.060 528.134 232.060
527.959 183.241 549.599 183.241 549.599 233.460 527.959 233.460
527.333 182.018 549.182 182.018 549.182 232.019 527.333 232.019
527.240 179.614 549.045 179.614 549.045 229.475 527.240 229.475
531.206 184.885 552.733 184.885 552.733 235.143 531.206 235.143
530.974 185.771 552.352 185.771 552.352 236.205 530.974 236.205
530.189 182.874 551.492 182.874 551.492 233.459 530.189 233.459
529.392 181.497 550.851 181.497 550.851 231.874 529.392 231.874
528.714 179.748 550.294 179.748 550.294 229.778 528.714 229.778
528.174 177.644 549.933 177.644 549.933 227.443 528.174 227.443
528.027 180.310 549.815 180.310 549.815 230.107 528.027 230.107
527.979 182.990 549.823 182.990 549.823 232.841 527.979 232.841
527.594 180.699 549.393 180.699 549.393 230.740 527.594 230.740
527.142 174.440 548.959 174.440 548.959 224.321 527.142 224.321
526.712 177.383 548.601 177.383 548.601 227.062 526.712 227.062
526.446 180.051 548.371 180.051 548.371 229.535 526.446 229.535
530.237 183.029 552.131 183.029 552.131 232.502 530.237 232.502
525.334 181.189 547.164 181.189 547.164 230.615 525.334 230.615
525.021 178.683 546.902 178.683 546.902 227.976 525.021 227.976
524.838 176.766 546.757 176.766 546.757 226.142 524.838 226.142
528.749 179.654 550.662 179.654 550.662 229.044 528.749 229.044
528.563 182.800 550.339 182.800 550.339 232.276 528.563 232.276
528.093 181.493 549.950 181.493 549.950 230.862 528.093 230.862
527.968 183.315 549.764 183.315 549.764 232.768 527.968 232.768
527.406 181.419 549.297 181.419 549.297 230.824 527.406 230.824
527.069 179.755 549.076 179.755 549.076 229.117 527.069 229.117
530.818 182.547 552.664 182.547 552.664 232.245 530.818 232.245
530.013 181.224 551.684 181.224 551.684 231.068 530.013 231.068
525.142 178.915 546.863 178.915 546.863 228.722 525.142 228.722
528.946 182.277 550.699 182.277 550.699 232.072 528.946 232.072
528.675 180.543 550.467 180.543 550.467 230.285 528.675 230.285
528.099 178.525 549.872 178.525 549.872 228.237 528.099 228.237
527.406 178.214 549.390 178.214 549.390 227.404 527.406 227.404
526.791 181.252 548.833 181.252 548.833 230.210 526.791 230.210
526.404 179.948 548.459 179.948 548.459 228.817 526.404 228.817
526.471 182.282 548.424 182.282 548.424 231.286 526.471 231.286
526.032 179.524 547.888 179.524 547.888 228.721 526.032 228.721
529.823 182.676 551.666 182.676 551.666 231.772 529.823 231.772
525.182 179.957 546.984 179.957 546.984 229.277 525.182 229.277
529.174 182.760 550.762 182.760 550.762 232.369 529.174 232.369
528.669 180.944 550.196 180.944 550.196 230.566 528.669 230.566
528.042 179.012 549.610 179.012 549.610 228.679 528.042 228.679
527.674 182.193 549.475 182.193 549.475 231.503 527.674 231.503
527.361 180.681 549.102 180.681 549.102 229.865 527.361 229.865
527.121 178.260 548.829 178.260 548.829 227.757 527.121 227.757
527.130 179.734 548.836 179.734 548.836 229.259 527.130 229.259
527.312 182.188 548.833 182.188 548.833 232.019 527.312 232.019
526.900 179.614 548.244 179.614 548.244 229.966 526.900 229.966
530.646 181.907 551.882 181.907 551.882 232.542 530.646 232.542
530.024 184.324 551.197 184.324 551.197 234.998 530.024 234.998
529.181 182.079 550.452 182.079 550.452 232.819 529.181 232.819
528.427 180.160 549.969 180.160 549.969 230.630 528.427 230.630
528.050 182.533 549.682 182.533 549.682 232.828 528.050 232.828
527.620 180.734 549.502 180.734 549.502 230.616 527.620 230.616
527.397 182.107 549.274 182.107 549.274 231.905 527.397 231.905
527.663 184.156 549.432 184.156 549.432 234.035 527.663 234.035
527.228 180.844 548.894 180.844 548.894 230.998 527.228 230.998
527.425 182.414 548.988 182.414 548.988 232.475 527.425 232.475
527.280 179.535 548.809 179.535 548.809 229.539 527.280 229.539
526.973 177.758 548.517 177.758 548.517 227.532 526.973 227.532
526.797 179.702 548.323 179.702 548.323 229.592 526.797 229.592
526.165 177.760 547.720 177.760 547.720 227.492 526.165 227.492
525.733 180.248 547.307 180.248 547.307 230.021 525.733 230.021
529.465 178.668 551.046 178.668 551.046 228.431 529.465 228.431
528.836 181.841 550.416 181.841 550.416 231.764 528.836 231.764
528.338 179.624 549.783 179.624 549.783 230.002 528.338 230.002
528.116 177.297 549.568 177.297 549.568 227.974 528.116 227.974
527.353 179.906 548.960 179.906 548.960 230.411 527.353 230.411
526.995 177.144 548.614 177.144 548.614 227.775 526.995 227.775
526.534 179.768 548.264 179.768 548.264 230.211 526.534 230.211
526.206 177.671 547.884 177.671 547.884 228.056 526.206 228.056
525.735 179.348 547.585 179.348 547.585 229.522 525.735 229.522
529.734 182.005 551.549 182.005 551.549 232.227 529.734 232.227
529.659 184.097 551.303 184.097 551.303 234.321 529.659 234.321
529.248 181.582 550.872 181.582 550.872 231.926 529.248 231.926
529.235 182.312 550.679 182.312 550.679 232.905 529.235 232.905
528.857 181.373 550.320 181.373 550.320 232.132 528.857 232.132
528.352 179.731 550.014 179.731 550.014 230.261 528.352 230.261
528.079 180.874 549.704 180.874 549.704 231.443 528.079 231.443
527.709 179.513 549.580 179.513 549.580 229.818 527.709 229.818
527.342 181.887 549.282 181.887 549.282 232.191 527.342 232.191
526.686 179.665 548.631 179.665 548.631 230.151 526.686 230.151
530.495 181.970 552.479 181.970 552.479 232.575 530.495 232.575
525.528 179.937 547.509 179.937 547.509 230.522 525.528 230.522
529.093 182.017 550.917 182.017 550.917 232.867 529.093 232.867
528.426 180.313 550.343 180.313 550.343 231.060 528.426 231.060
527.893 178.540 549.845 178.540 549.845 229.343 527.893 229.343
527.127 180.450 549.162 180.450 549.162 231.049 527.127 231.049
526.582 178.496 548.681 178.496 548.681 228.902 526.582 228.902
530.144 181.086 552.180 181.086 552.180 231.515 530.144 231.515
529.259 178.828 551.352 178.828 551.352 229.332 529.259 229.332
528.456 182.095 550.586 182.095 550.586 232.663 528.456 232.663
528.195 180.550 550.225 180.550 550.225 231.292 528.195 231.292
527.774 182.813 549.747 182.813 549.747 233.677 527.774 233.677
527.197 181.467 549.300 181.467 549.300 232.147 527.197 232.147
531.075 183.804 553.005 183.804 553.005 234.614 531.075 234.614
530.203 181.326 552.117 181.326 552.117 232.252 530.203 232.252
529.628 183.133 551.540 183.133 551.540 234.092 529.628 234.092
528.977 181.698 551.066 181.698 551.066 232.478 528.977 232.478
528.715 183.076 550.787 183.076 550.787 233.792 528.715 233.792
528.022 181.568 550.186 181.568 550.186 232.204 528.022 232.204
527.437 179.123 549.640 179.123 549.640 229.608 527.437 229.608
527.025 181.577 549.225 181.577 549.225 231.948 527.025 231.948
530.963 183.773 552.926 183.773 552.926 234.258 530.963 234.258
530.413 181.438 552.265 181.438 552.265 232.041 530.413 232.041
529.772 179.741 551.674 179.741 551.674 230.423 529.772 230.423
529.188 181.855 551.023 181.855 551.023 232.730 529.188 232.730
528.504 180.147 550.250 180.147 550.250 231.262 528.504 231.262
528.103 182.072 549.835 182.072 549.835 233.083 528.103 233.083
527.807 179.368 549.559 179.368 549.559 230.252 527.807 230.252
527.612 180.874 549.519 180.874 549.519 231.740 527.612 231.740
526.675 178.797 548.771 178.797 548.771 229.487 526.675 229.487
526.225 181.338 548.475 181.338 548.475 231.746 526.225 231.746
525.653 179.187 548.054 179.187 548.054 229.456 525.653 229.456
525.199 181.384 547.532 181.384 547.532 231.732 525.199 231.732
529.387 184.271 551.720 184.271 551.720 234.533 529.387 234.533
524.330 181.223 546.669 181.223 546.669 231.539 524.330 231.539
528.328 180.135 550.501 180.135 550.501 230.424 528.328 230.424
528.044 181.558 550.154 181.558 550.154 232.053 528.044 232.053
527.469 179.491 549.615 179.491 549.615 229.909 527.469 229.909
526.940 176.734 549.126 176.734 549.126 227.180 526.940 227.180
526.475 175.467 548.703 175.467 548.703 225.759 526.475 225.759
525.665 178.131 547.968 178.131 547.968 228.243 525.665 228.243
529.191 181.270 551.544 181.270 551.544 231.152 529.191 231.152
528.975 182.476 550.926 182.476 550.926 232.865 528.975 232.865
528.587 180.623 550.478 180.623 550.478 230.872 528.587 230.872
528.134 178.013 549.925 178.013 549.925 228.612 528.134 228.612
527.385 181.271 549.370 181.271 549.370 231.599 527.385 231.599
531.122 184.530 553.125 184.530 553.125 234.499 531.122 234.499
530.985 185.504 552.744 185.504 552.744 235.741 530.985 235.741
530.240 183.117 552.074 183.117 552.074 233.288 530.240 233.288
529.273 181.926 551.151 181.926 551.151 232.150 529.273 232.150
529.238 183.510 550.934 183.510 550.934 233.928 529.238 233.928
528.833 185.852 550.579 185.852 550.579 236.120 528.833 236.120
