206.000 161.000 244.000 161.000 244.000 225.000 206.000 225.000
205.158 160.259 243.168 160.259 243.168 224.574 205.158 224.574
204.357 160.218 242.380 160.218 242.380 225.100 204.357 225.100
203.956 159.974 241.899 159.974 241.899 225.400 203.956 225.400
203.855 160.271 241.532 160.271 241.532 226.417 203.855 226.417
203.853 159.828 241.413 159.828 241.413 226.412 203.853 226.412
203.282 159.191 240.722 159.191 240.722 226.371 203.282 226.371
203.251 158.460 240.327 158.460 240.327 226.388 203.251 226.388
203.029 158.162 239.762 158.162 239.762 226.694 203.029 226.694
203.320 156.747 239.913 156.747 239.913 225.747 203.320 225.747
202.822 156.129 239.151 156.129 239.151 225.734 202.822 225.734
202.670 155.482 238.810 155.482 238.810 225.644 202.670 225.644
202.265 155.708 238.301 155.708 238.301 226.318 202.265 226.318
201.973 155.084 237.800 155.084 237.800 226.206 201.973 226.206
202.101 155.608 237.821 155.608 237.821 226.897 202.101 226.897
202.122 154.411 237.881 154.411 237.881 225.877 202.122 225.877
202.419 155.840 238.115 155.840 238.115 227.748 202.419 227.748
202.101 154.976 237.895 154.976 237.895 227.002 202.101 227.002
201.606 155.205 237.366 155.205 237.366 227.477 201.606 227.477
201.620 154.354 237.329 154.354 237.329 226.626 201.620 226.626
201.464 153.967 237.199 153.967 237.199 226.236 201.464 226.236
201.166 153.945 236.751 153.945 236.751 226.328 201.166 226.328
201.470 153.267 236.833 153.267 236.833 226.093 201.470 226.093
201.165 153.860 236.476 153.860 236.476 226.708 201.165 226.708
200.927 153.751 236.164 153.751 236.164 226.847 200.927 226.847
200.809 154.018 236.080 154.018 236.080 227.327 200.809 227.327
200.638 152.266 235.969 152.266 235.969 225.869 200.638 225.869
200.246 153.504 235.895 153.504 235.895 227.073 200.246 227.073
200.598 154.349 236.398 154.349 236.398 227.856 200.598 227.856
201.054 156.276 237.108 156.276 237.108 229.579 201.054 229.579
201.932 158.380 238.012 158.380 238.012 231.370 201.932 231.370
202.871 158.414 238.918 158.414 238.918 231.242 202.871 231.242
203.914 159.178 239.626 159.178 239.626 232.072 203.914 232.072
204.275 161.491 239.656 161.491 239.656 234.244 204.275 234.244
204.520 161.741 239.740 161.741 239.740 234.052 204.520 234.052
205.691 160.142 240.617 160.142 240.617 232.360 205.691 232.360
206.083 159.478 240.871 159.478 240.871 231.243 206.083 231.243
206.859 158.575 241.405 158.575 241.405 230.234 206.859 230.234
207.441 158.987 241.736 158.987 241.736 230.459 207.441 230.459
208.415 158.685 242.351 158.685 242.351 230.318 208.415 230.318
209.058 159.473 242.819 159.473 242.819 231.200 209.058 231.200
209.523 160.258 243.020 160.258 243.020 232.157 209.523 232.157
209.494 159.254 242.752 159.254 242.752 231.197 209.494 231.197
210.327 159.298 243.250 159.298 243.250 231.349 210.327 231.349
210.838 160.099 243.477 160.099 243.477 232.126 210.838 232.126
211.319 160.556 243.963 160.556 243.963 232.323 211.319 232.323
211.677 160.064 244.521 160.064 244.521 231.387 211.677 231.387
212.065 160.429 244.968 160.429 244.968 231.410 212.065 231.410
212.925 160.012 245.794 160.012 245.794 230.832 212.925 230.832
213.192 159.529 246.004 159.529 246.004 230.017 213.192 230.017
213.840 160.646 246.620 160.646 246.620 231.052 213.840 231.052
214.609 160.892 247.485 160.892 247.485 231.126 214.609 231.126
214.694 161.586 247.749 161.586 247.749 231.758 214.694 231.758
215.657 161.321 249.024 161.321 249.024 231.604 215.657 231.604
216.216 161.454 249.745 161.454 249.745 231.815 216.216 231.815
217.633 160.447 251.383 160.447 251.383 230.609 217.633 230.609
218.204 161.193 252.049 161.193 252.049 231.564 218.204 231.564
219.610 161.483 253.720 161.483 253.720 231.811 219.610 231.811
220.514 161.562 254.818 161.562 254.818 231.836 220.514 231.836
221.768 160.730 256.347 160.730 256.347 231.021 221.768 231.021
222.838 161.066 257.548 161.066 257.548 231.341 222.838 231.341
223.484 161.155 258.335 161.155 258.335 231.537 223.484 231.537
224.200 160.854 259.121 160.854 259.121 231.264 224.200 231.264
224.429 161.146 259.546 161.146 259.546 231.743 224.429 231.743
224.492 161.421 259.705 161.421 259.705 232.350 224.492 232.350
224.332 161.075 259.888 161.075 259.888 232.205 224.332 232.205
224.112 161.075 259.925 161.075 259.925 232.243 224.112 232.243
223.464 162.312 259.719 162.312 259.719 233.309 223.464 233.309
222.406 162.533 258.973 162.533 258.973 233.529 222.406 233.529
221.917 162.201 258.657 162.201 258.657 233.181 221.917 233.181
220.799 162.060 257.750 162.060 257.750 233.189 220.799 233.189
220.046 161.466 257.252 161.466 257.252 232.491 220.046 232.491
218.826 160.155 256.208 160.155 256.208 231.062 218.826 231.062
217.595 159.630 255.155 159.630 255.155 230.396 217.595 230.396
216.592 159.036 254.156 159.036 254.156 229.327 216.592 229.327
216.406 161.364 253.477 161.364 253.477 231.665 216.406 231.665
211.476 163.351 248.933 163.351 248.933 233.042 211.476 233.042
211.715 163.741 249.510 163.741 249.510 233.091 211.715 233.091
210.845 165.284 249.291 165.284 249.291 233.838 210.845 233.838
210.291 163.972 248.996 163.972 248.996 231.879 210.291 231.879
209.987 162.508 248.370 162.508 248.370 230.665 209.987 230.665
209.252 162.201 247.007 162.201 247.007 230.766 209.252 230.766
205.165 164.069 242.879 164.069 242.879 232.796 205.165 232.796
206.149 164.309 244.149 164.309 244.149 233.214 206.149 233.214
205.452 163.691 244.071 163.691 244.071 232.467 205.452 232.467
205.058 164.487 244.002 164.487 244.002 233.362 205.058 233.362
204.660 163.802 244.217 163.802 244.217 232.391 204.660 232.391
203.743 164.002 243.571 164.002 243.571 232.555 203.743 232.555
204.137 163.681 243.911 163.681 243.911 232.495 204.137 232.495
203.434 164.780 243.443 164.780 243.443 233.671 203.434 233.671
203.543 164.396 243.454 164.396 243.454 233.522 203.543 233.522
204.013 165.088 243.928 165.088 243.928 234.146 204.013 234.146
204.206 163.983 244.209 163.983 244.209 233.093 204.206 233.093
204.701 163.666 244.823 163.666 244.823 232.897 204.701 232.897
205.581 163.640 245.690 163.640 245.690 233.057 205.581 233.057
205.371 164.223 245.890 164.223 245.890 233.304 205.371 233.304
204.620 164.283 245.389 164.283 245.389 233.238 204.620 233.238
205.133 164.388 245.890 164.388 245.890 233.541 205.133 233.541
205.671 164.484 246.143 164.484 246.143 234.151 205.671 234.151
206.199 163.722 246.731 163.722 246.731 233.745 206.199 233.745
206.227 164.547 246.915 164.547 246.915 234.460 206.227 234.460
207.156 165.164 247.590 165.164 247.590 235.527 207.156 235.527
208.327 165.140 248.630 165.140 248.630 235.972 208.327 235.972
209.870 164.441 250.412 164.441 250.412 235.351 209.870 235.351
211.041 162.982 251.858 162.982 251.858 233.832 211.041 233.832
211.447 164.154 252.330 164.154 252.330 234.961 211.447 234.961
212.410 164.107 253.535 164.107 253.535 234.856 212.410 234.856
213.048 164.521 254.528 164.521 254.528 234.957 213.048 234.957
214.370 164.727 255.736 164.727 255.736 235.024 214.370 235.024
215.588 164.509 257.169 164.509 257.169 234.498 215.588 234.498
216.251 165.037 258.382 165.037 258.382 234.635 216.251 234.635
215.831 166.208 258.551 166.208 258.551 235.413 215.831 235.413
215.576 166.931 258.662 166.931 258.662 235.923 215.576 235.923
216.278 166.103 259.272 166.103 259.272 235.286 216.278 235.286
216.047 165.609 259.328 165.609 259.328 234.689 216.047 234.689
216.517 165.890 259.896 165.890 259.896 234.907 216.517 234.907
216.615 166.988 259.945 166.988 259.945 236.288 216.615 236.288
215.844 167.555 259.283 167.555 259.283 236.952 215.844 236.952
215.764 166.324 259.168 166.324 259.168 235.860 215.764 235.860
215.489 165.601 258.728 165.601 258.728 235.408 215.489 235.408
215.765 165.941 258.666 165.941 258.666 235.873 215.765 235.873
215.547 166.637 258.345 166.637 258.345 236.601 215.547 236.601
215.540 165.080 258.593 165.080 258.593 234.597 215.540 234.597
215.272 165.691 258.331 165.691 258.331 234.862 215.272 234.862
215.303 165.627 258.084 165.627 258.084 234.885 215.303 234.885
215.231 164.935 258.076 164.935 258.076 234.011 215.231 234.011
214.359 164.851 257.035 164.851 257.035 233.784 214.359 233.784
214.261 164.457 256.632 164.457 256.632 233.555 214.261 233.555
214.068 164.504 256.197 164.504 256.197 233.917 214.068 233.917
213.866 164.305 255.970 164.305 255.970 233.660 213.866 233.660
213.442 163.676 255.579 163.676 255.579 232.957 213.442 232.957
212.901 163.187 254.742 163.187 254.742 232.566 212.901 232.566
212.652 162.878 254.038 162.878 254.038 232.497 212.652 232.497
212.555 162.536 253.606 162.536 253.606 232.138 212.555 232.138
212.689 162.917 253.435 162.917 253.435 232.447 212.689 232.447
212.733 163.037 253.360 163.037 253.360 232.358 212.733 232.358
213.040 163.687 253.669 163.687 253.669 232.793 213.040 232.793
213.441 162.748 254.101 162.748 254.101 231.637 213.441 231.637
212.985 163.030 253.813 163.030 253.813 231.610 212.985 231.610
213.107 163.124 253.899 163.124 253.899 231.545 213.107 231.545
213.047 163.499 253.848 163.499 253.848 231.737 213.047 231.737
213.002 163.532 253.718 163.532 253.718 231.624 213.002 231.624
213.175 163.921 253.707 163.921 253.707 232.012 213.175 232.012
213.704 163.202 254.214 163.202 254.214 231.173 213.704 231.173
213.516 163.704 254.157 163.704 254.157 231.501 213.516 231.501
213.286 162.682 253.935 162.682 253.935 230.346 213.286 230.346
213.451 162.749 253.621 162.749 253.621 230.648 213.451 230.648
213.531 163.983 253.400 163.983 253.400 231.817 213.531 231.817
213.826 162.561 253.651 162.561 253.651 230.312 213.826 230.312
213.534 162.010 253.416 162.010 253.416 229.417 213.534 229.417
213.856 161.929 253.566 161.929 253.566 229.203 213.856 229.203
213.787 162.310 253.527 162.310 253.527 229.497 213.787 229.497
213.677 162.079 253.470 162.079 253.470 228.987 213.677 228.987
214.080 162.262 253.743 162.262 253.743 228.922 214.080 228.922
214.222 162.887 253.911 162.887 253.911 229.294 214.222 229.294
214.259 163.550 253.889 163.550 253.889 229.877 214.259 229.877
214.476 162.759 254.222 162.759 254.222 228.900 214.476 228.900
214.275 162.441 254.253 162.441 254.253 228.298 214.275 228.298
214.219 163.598 253.971 163.598 253.971 229.660 214.219 229.660
214.171 163.430 254.076 163.430 254.076 229.249 214.171 229.249
214.203 165.054 254.150 165.054 254.150 230.839 214.203 230.839
214.612 163.938 254.616 163.938 254.616 229.649 214.612 229.649
214.292 164.570 254.261 164.570 254.261 230.175 214.292 230.175
214.487 163.706 254.569 163.706 254.569 229.176 214.487 229.176
214.518 164.703 254.378 164.703 254.378 230.010 214.518 230.010
214.622 165.043 254.439 165.043 254.439 230.284 214.622 230.284
214.702 165.887 254.500 165.887 254.500 230.963 214.702 230.963
214.635 163.991 254.370 163.991 254.370 229.163 214.635 229.163
214.418 165.021 254.166 165.021 254.166 230.169 214.418 230.169
214.522 164.622 254.397 164.622 254.397 229.675 214.522 229.675
214.305 166.347 254.033 166.347 254.033 231.464 214.305 231.464
214.373 163.820 254.199 163.820 254.199 228.790 214.373 228.790
214.105 165.811 253.691 165.811 253.691 230.854 214.105 230.854
214.288 163.433 253.874 163.433 253.874 228.249 214.288 228.249
213.689 164.762 253.161 164.762 253.161 229.393 213.689 229.393
213.911 165.819 253.181 165.819 253.181 230.630 213.911 230.630
214.143 165.432 253.585 165.432 253.585 230.118 214.143 230.118
213.870 165.805 253.402 165.805 253.402 230.452 213.870 230.452
214.378 164.731 253.735 164.731 253.735 229.389 214.378 229.389
213.679 165.175 253.059 165.175 253.059 229.572 213.679 229.572
214.146 165.193 253.563 165.193 253.563 229.441 214.146 229.441
213.436 164.393 252.911 164.393 252.911 228.308 213.436 228.308
213.032 165.477 252.323 165.477 252.323 229.644 213.032 229.644
213.402 165.189 252.377 165.189 252.377 229.466 213.402 229.466
212.985 163.888 251.985 163.888 251.985 227.869 212.985 227.869
212.970 164.821 251.870 164.821 251.870 228.589 212.970 228.589
213.255 165.015 252.024 165.015 252.024 228.600 213.255 228.600
213.332 165.516 251.945 165.516 251.945 229.053 213.332 229.053
213.930 165.791 252.222 165.791 252.222 229.613 213.930 229.613
214.274 164.529 252.623 164.529 252.623 228.217 214.274 228.217
214.854 166.161 253.105 166.161 253.105 229.880 214.854 229.880
215.332 165.456 253.844 165.456 253.844 228.976 215.332 228.976
215.957 166.709 254.352 166.709 254.352 230.369 215.957 230.369
216.658 165.598 255.194 165.598 255.194 229.328 216.658 229.328
216.820 165.596 255.408 165.596 255.408 229.261 216.820 229.261
217.357 166.120 255.898 166.120 255.898 229.835 217.357 229.835
217.994 166.190 256.723 166.190 256.723 229.664 217.994 229.664
218.681 164.966 257.388 164.966 257.388 228.503 218.681 228.503
219.527 165.888 258.289 165.888 258.289 229.525 219.527 229.525
220.130 166.162 259.003 166.162 259.003 229.618 220.130 229.618
220.532 166.095 259.445 166.095 259.445 229.262 220.532 229.262
220.593 166.261 259.519 166.261 259.519 229.207 220.593 229.207
220.722 167.110 259.730 167.110 259.730 230.159 220.722 230.159
220.283 167.465 259.485 167.465 259.485 230.404 220.283 230.404
219.490 169.238 258.921 169.238 258.921 232.157 219.490 232.157
218.980 169.418 258.335 169.418 258.335 232.607 218.980 232.607
219.091 169.483 258.612 169.483 258.612 232.906 219.091 232.906
218.547 169.163 258.061 169.163 258.061 232.876 218.547 232.876
218.310 169.206 257.597 169.206 257.597 233.258 218.310 233.258
218.826 168.222 258.007 168.222 258.007 232.759 218.826 232.759
218.349 169.258 257.594 169.258 257.594 233.828 218.349 233.828
218.402 168.290 257.525 168.290 257.525 233.257 218.402 233.257
218.341 168.400 257.781 168.400 257.781 233.174 218.341 233.174
218.401 169.870 258.013 169.870 258.013 234.710 218.401 234.710
218.465 169.310 258.156 169.310 258.156 234.179 218.465 234.179
218.243 168.896 257.865 168.896 257.865 233.822 218.243 233.822
218.229 167.916 257.624 167.916 257.624 233.235 218.229 233.235
217.869 167.567 257.312 167.567 257.312 233.167 217.869 233.167
218.291 168.016 257.767 168.016 257.767 233.646 218.291 233.646
218.216 168.289 257.719 168.289 257.719 233.959 218.216 233.959
218.286 169.020 257.750 169.020 257.750 234.858 218.286 234.858
218.282 168.015 257.790 168.015 257.790 234.212 218.282 234.212
217.937 167.759 257.423 167.759 257.423 234.261 217.937 234.261
217.908 166.434 257.547 166.434 257.547 232.964 217.908 232.964
218.337 168.472 257.905 168.472 257.905 235.077 218.337 235.077
218.009 168.130 257.865 168.130 257.865 234.649 218.009 234.649
218.317 168.323 258.111 168.323 258.111 235.059 218.317 235.059
218.321 168.497 258.056 168.497 258.056 235.469 218.321 235.469
218.776 167.224 258.531 167.224 258.531 234.444 218.776 234.444
218.939 167.085 258.744 167.085 258.744 234.418 218.939 234.418
218.834 168.033 258.857 168.033 258.857 235.393 218.834 235.393
218.789 168.014 258.891 168.014 258.891 235.403 218.789 235.403
218.498 167.956 258.830 167.956 258.830 235.224 218.498 235.224
218.334 168.831 258.660 168.831 258.660 236.251 218.334 236.251
218.398 167.270 259.030 167.270 259.030 234.853 218.398 234.853
218.707 165.935 259.173 165.935 259.173 233.779 218.707 233.779
218.351 167.332 258.792 167.332 258.792 235.181 218.351 235.181
218.738 166.995 259.227 166.995 259.227 234.864 218.738 234.864
218.394 167.671 258.860 167.671 258.860 235.787 218.394 235.787
218.090 166.317 258.542 166.317 258.542 234.669 218.090 234.669
218.315 166.858 258.771 166.858 258.771 235.412 218.315 235.412
218.037 166.965 258.812 166.965 258.812 235.221 218.037 235.221
218.086 166.989 258.692 166.989 258.692 235.330 218.086 235.330
218.590 167.140 259.045 167.140 259.045 235.496 218.590 235.496
218.497 167.701 259.011 167.701 259.011 235.883 218.497 235.883
218.331 166.353 258.790 166.353 258.790 234.788 218.331 234.788
218.110 167.011 258.722 167.011 258.722 235.543 218.110 235.543
218.185 166.501 258.666 166.501 258.666 235.400 218.185 235.400
217.700 167.292 258.449 167.292 258.449 236.113 217.700 236.113
218.082 166.595 258.763 166.595 258.763 235.642 218.082 235.642
218.566 166.478 259.146 166.478 259.146 235.711 218.566 235.711
218.632 165.891 259.262 165.891 259.262 235.006 218.632 235.006
218.461 166.001 259.385 166.001 259.385 235.024 218.461 235.024
217.855 167.233 258.946 167.233 258.946 236.372 217.855 236.372
217.778 166.683 258.801 166.683 258.801 235.913 217.778 235.913
217.653 166.444 258.631 166.444 258.631 235.762 217.653 235.762
217.687 167.095 258.666 167.095 258.666 236.545 217.687 236.545
218.377 165.766 259.202 165.766 259.202 235.481 218.377 235.481
218.540 165.382 259.399 165.382 259.399 235.103 218.540 235.103
218.357 166.843 259.187 166.843 259.187 236.554 218.357 236.554
218.192 165.422 259.238 165.422 259.238 235.026 218.192 235.026
217.887 166.465 258.980 166.465 258.980 236.055 217.887 236.055
217.847 166.662 259.051 166.662 259.051 236.248 217.847 236.248
218.070 166.271 259.405 166.271 259.405 235.770 218.070 235.770
218.457 165.867 259.541 165.867 259.541 235.585 218.457 235.585
218.293 166.632 259.564 166.632 259.564 236.184 218.293 236.184
218.629 166.320 259.839 166.320 259.839 235.932 218.629 235.932
218.183 166.633 259.261 166.633 259.261 236.308 218.183 236.308
218.242 166.590 259.399 166.590 259.399 236.265 218.242 236.265
218.344 166.707 259.607 166.707 259.607 236.334 218.344 236.334
218.322 166.509 259.673 166.509 259.673 236.064 218.322 236.064
218.507 166.737 259.864 166.737 259.864 236.453 218.507 236.453
218.426 166.047 259.715 166.047 259.715 235.830 218.426 235.830
218.595 166.854 259.809 166.854 259.809 236.490 218.595 236.490
218.844 166.525 260.134 166.525 260.134 236.072 218.844 236.072
218.537 166.777 259.665 166.777 259.665 236.241 218.537 236.241
218.910 167.257 260.039 167.257 260.039 236.499 218.910 236.499
218.829 166.777 259.997 166.777 259.997 235.551 218.829 235.551
219.050 166.876 260.070 166.876 260.070 235.424 219.050 235.424
218.647 166.798 259.424 166.798 259.424 234.966 218.647 234.966
219.230 166.532 259.756 166.532 259.756 234.473 219.230 234.473
219.330 167.831 259.492 167.831 259.492 235.543 219.330 235.543
219.812 167.106 259.699 167.106 259.699 234.636 219.812 234.636
220.184 167.279 259.670 167.279 259.670 234.924 220.184 234.924
220.255 167.758 259.606 167.758 259.606 234.893 220.255 234.893
220.476 167.058 259.673 167.058 259.673 233.920 220.476 233.920
220.473 167.394 259.536 167.394 259.536 234.252 220.473 234.252
220.655 167.325 259.758 167.325 259.758 233.914 220.655 233.914
221.064 168.252 259.895 168.252 259.895 234.917 221.064 234.917
220.939 167.586 259.704 167.586 259.704 234.216 220.939 234.216
221.409 168.013 260.267 168.013 260.267 234.249 221.409 234.249
221.872 167.864 260.758 167.864 260.758 233.897 221.872 233.897
222.614 167.417 261.388 167.417 261.388 233.357 222.614 233.357
223.453 167.659 262.187 167.659 262.187 233.357 223.453 233.357
224.550 167.304 263.157 167.304 263.157 232.949 224.550 232.949
225.394 167.933 263.724 167.933 263.724 233.600 225.394 233.600
225.845 166.875 264.213 166.875 264.213 232.331 225.845 232.331
226.612 166.719 264.953 166.719 264.953 232.062 226.612 232.062
227.505 166.401 265.768 166.401 265.768 231.572 227.505 231.572
228.410 167.042 266.473 167.042 266.473 232.164 228.410 232.164
229.496 167.070 267.676 167.070 267.676 232.094 229.496 232.094
231.141 166.811 269.459 166.811 269.459 231.709 231.141 231.709
232.238 167.441 270.687 167.441 270.687 232.276 232.238 232.276
233.213 166.560 271.727 166.560 271.727 231.419 233.213 231.419
234.578 166.520 272.950 166.520 272.950 231.584 234.578 231.584
235.539 166.495 273.952 166.495 273.952 231.577 235.539 231.577
237.322 164.573 275.821 164.573 275.821 229.794 237.322 229.794
238.455 164.817 276.988 164.817 276.988 230.210 238.455 230.210
239.460 163.158 277.835 163.158 277.835 228.670 239.460 228.670
239.904 164.239 278.290 164.239 278.290 229.776 239.904 229.776
241.309 163.705 279.728 163.705 279.728 229.438 241.309 229.438
242.378 162.852 280.888 162.852 280.888 228.605 242.378 228.605
243.840 162.032 282.297 162.032 282.297 227.630 243.840 227.630
243.780 162.140 282.256 162.140 282.256 227.640 243.780 227.640
243.831 162.204 282.321 162.204 282.321 227.465 243.831 227.465
243.953 162.766 282.603 162.766 282.603 227.716 243.953 227.716
244.137 162.522 282.821 162.522 282.821 227.160 244.137 227.160
244.316 163.826 283.062 163.826 283.062 228.294 244.316 228.294
243.899 163.523 282.846 163.523 282.846 227.676 243.899 227.676
243.262 163.282 282.310 163.282 282.310 227.243 243.262 227.243
238.848 162.909 277.820 162.909 277.820 226.922 238.848 226.922
239.783 162.857 278.777 162.857 278.777 226.919 239.783 226.919
240.261 162.745 279.278 162.745 279.278 226.777 240.261 226.777
240.139 165.119 279.619 165.119 279.619 229.088 240.139 229.088
239.760 164.207 279.357 164.207 279.357 228.181 239.760 228.181
239.119 163.450 278.827 163.450 278.827 227.417 239.119 227.417
234.342 163.924 273.902 163.924 273.902 227.977 234.342 227.977
235.497 164.606 275.110 164.606 275.110 228.651 235.497 228.651
236.459 165.496 276.162 165.496 276.162 229.365 236.459 229.365
236.936 165.091 276.641 165.091 276.641 228.952 236.936 228.952
236.934 164.772 276.702 164.772 276.702 228.736 236.934 228.736
237.235 164.523 277.062 164.523 277.062 228.510 237.235 228.510
237.374 163.648 277.240 163.648 277.240 227.671 237.374 227.671
237.922 163.593 277.721 163.593 277.721 227.655 237.922 227.655
238.034 164.036 277.883 164.036 277.883 228.115 238.034 228.115
238.744 163.754 278.474 163.754 278.474 227.971 238.744 227.971
239.064 164.383 279.152 164.383 279.152 228.259 239.064 228.259
239.156 164.358 279.344 164.358 279.344 228.315 239.156 228.315
240.022 163.013 280.377 163.013 280.377 227.094 240.022 227.094
241.167 163.730 281.627 163.730 281.627 227.919 241.167 227.919
242.200 162.814 282.757 162.814 282.757 226.885 242.200 226.885
242.840 163.097 283.585 163.097 283.585 226.993 242.840 226.993
243.331 163.042 284.272 163.042 284.272 226.665 243.331 226.665
243.804 163.718 284.562 163.718 284.562 227.319 243.804 227.319
244.413 163.088 285.170 163.088 285.170 226.616 244.413 226.616
245.774 163.944 286.433 163.944 286.433 227.314 245.774 227.314
246.499 163.677 286.855 163.677 286.855 227.303 246.499 227.303
247.548 162.704 287.781 162.704 287.781 226.310 247.548 226.310
248.280 162.641 288.444 162.641 288.444 226.169 248.280 226.169
250.121 165.477 290.053 165.477 290.053 229.260 250.121 229.260
252.021 168.699 291.876 168.699 291.876 232.738 252.021 232.738
253.047 165.533 292.837 165.533 292.837 229.741 253.047 229.741
254.198 167.125 293.914 167.125 293.914 231.724 254.198 231.724
254.398 165.329 294.044 165.329 294.044 230.097 254.398 230.097
255.752 167.715 295.327 167.715 295.327 232.638 255.752 232.638
256.677 166.605 296.496 166.605 296.496 231.185 256.677 231.185
258.474 168.173 298.417 168.173 298.417 232.826 258.474 232.826
258.409 167.317 299.445 167.317 299.445 230.350 258.409 230.350
259.584 170.346 300.421 170.346 300.421 233.752 259.584 233.752
255.175 168.546 295.775 168.546 295.775 232.351 255.175 232.351
257.061 166.586 297.537 166.586 297.537 230.412 257.061 230.412
259.162 168.159 299.390 168.159 299.390 232.358 259.162 232.358
259.239 167.184 299.349 167.184 299.349 231.466 259.239 231.466
259.490 166.485 299.391 166.485 299.391 230.841 259.490 230.841
255.129 163.493 294.704 163.493 294.704 228.035 255.129 228.035
255.651 163.198 295.145 163.198 295.145 227.648 255.651 227.648
257.363 165.674 296.613 165.674 296.613 230.289 257.363 230.289
257.790 164.889 297.010 164.889 297.010 229.364 257.790 229.364
257.304 164.649 296.621 164.649 296.621 228.963 257.304 228.963
257.359 164.659 296.567 164.659 296.567 228.953 257.359 228.953
257.122 164.410 296.246 164.410 296.246 228.757 257.122 228.757
251.395 158.406 290.408 158.406 290.408 222.525 251.395 222.525
253.000 162.271 292.015 162.271 292.015 226.456 253.000 226.456
253.555 161.681 292.429 161.681 292.429 225.853 253.555 225.853
253.904 160.716 292.735 160.716 292.735 224.708 253.904 224.708
253.932 160.375 292.574 160.375 292.574 224.355 253.932 224.355
255.464 163.120 294.039 163.120 294.039 227.349 255.464 227.349
256.387 162.699 294.838 162.699 294.838 226.883 256.387 226.883
257.411 162.723 295.677 162.723 295.677 226.872 257.411 226.872
258.738 162.057 296.955 162.057 296.955 226.133 258.738 226.133
263.661 162.530 302.224 162.530 302.224 226.048 263.661 226.048
263.112 161.080 301.533 161.080 301.533 224.599 263.112 224.599
267.824 159.852 306.072 159.852 306.072 223.558 267.824 223.558
271.549 150.101 311.534 150.101 311.534 211.188 271.549 211.188
274.990 152.713 316.593 152.713 316.593 211.526 274.990 211.526
274.048 153.844 316.882 153.844 316.882 211.046 274.048 211.046
277.441 151.341 321.292 151.341 321.292 206.866 277.441 206.866
276.610 153.966 321.144 153.966 321.144 208.354 276.610 208.354
280.037 154.151 325.182 154.151 325.182 207.861 280.037 207.861
279.214 154.486 324.621 154.486 324.621 207.818 279.214 207.818
279.024 155.092 324.834 155.092 324.834 207.834 279.024 207.834
278.772 155.054 324.809 155.054 324.809 207.628 278.772 207.628
278.661 155.031 324.871 155.031 324.871 207.250 278.661 207.250
278.890 155.447 325.115 155.447 325.115 207.437 278.890 207.437
279.246 155.199 325.553 155.199 325.553 206.948 279.246 206.948
279.211 154.715 325.461 154.715 325.461 206.307 279.211 206.307
279.306 154.482 325.550 154.482 325.550 205.844 279.306 205.844
277.981 151.752 323.961 151.752 323.961 202.751 277.981 202.751
277.869 149.512 323.609 149.512 323.609 200.135 277.869 200.135
278.158 151.245 323.479 151.245 323.479 201.972 278.158 201.972
281.542 151.291 326.817 151.291 326.817 201.933 281.542 201.933
280.237 150.145 325.405 150.145 325.405 200.507 280.237 200.507
279.660 150.705 324.619 150.705 324.619 200.919 279.660 200.919
279.624 151.248 324.462 151.248 324.462 201.141 279.624 201.141
282.729 151.714 327.416 151.714 327.416 201.392 282.729 201.392
281.898 151.469 326.545 151.469 326.545 200.811 281.898 200.811
284.750 151.569 329.339 151.569 329.339 200.626 284.750 200.626
283.833 151.196 328.352 151.196 328.352 200.113 283.833 200.113
286.929 151.689 331.452 151.689 331.452 200.243 286.929 200.243
288.725 151.728 333.408 151.728 333.408 199.908 288.725 199.908
286.764 150.546 331.480 150.546 331.480 198.683 286.764 198.683
289.750 150.469 334.489 150.469 334.489 198.308 289.750 198.308
288.087 150.292 332.867 150.292 332.867 197.850 288.087 197.850
290.707 150.038 335.542 150.038 335.542 197.292 290.707 197.292
288.136 151.198 333.149 151.198 333.149 198.097 288.136 198.097
286.988 150.388 331.896 150.388 331.896 197.127 286.988 197.127
285.146 150.160 330.163 150.160 330.163 196.684 285.146 196.684
283.763 149.967 328.720 149.967 328.720 196.362 283.763 196.362
281.986 149.576 326.757 149.576 326.757 195.905 281.986 195.905
279.566 149.532 324.047 149.532 324.047 195.951 279.566 195.951
277.430 148.739 321.645 148.739 321.645 195.311 277.430 195.311
275.631 149.155 319.682 149.155 319.682 195.615 275.631 195.615
273.911 147.204 317.575 147.204 317.575 193.498 273.911 193.498
271.037 148.089 314.581 148.089 314.581 194.227 271.037 194.227
269.090 147.889 312.307 147.889 312.307 194.252 269.090 194.252
267.710 145.773 310.645 145.773 310.645 192.115 267.710 192.115
266.354 146.676 308.977 146.676 308.977 192.920 266.354 192.920
264.956 146.237 307.488 146.237 307.488 192.518 264.956 192.518
263.853 145.632 306.193 145.632 306.193 191.934 263.853 191.934
262.388 146.300 304.584 146.300 304.584 192.535 262.388 192.535
261.315 146.069 303.444 146.069 303.444 192.413 261.315 192.413
260.122 145.629 302.132 145.629 302.132 192.045 260.122 192.045
262.180 145.256 304.097 145.256 304.097 191.662 262.180 191.662
259.625 145.383 301.366 145.383 301.366 191.960 259.625 191.960
256.822 145.486 298.439 145.486 298.439 192.287 256.822 192.287
255.180 144.589 296.599 144.589 296.599 191.570 255.180 191.570
252.932 143.930 294.077 143.930 294.077 191.198 252.932 191.198
251.794 144.682 292.995 144.682 292.995 191.992 251.794 191.992
249.645 143.494 290.778 143.494 290.778 190.941 249.645 190.941
247.863 143.547 289.044 143.547 289.044 190.987 247.863 190.987
246.643 143.457 287.759 143.457 287.759 190.959 246.643 190.959
244.151 142.890 285.251 142.890 285.251 190.560 244.151 190.560
241.908 143.661 282.957 143.661 282.957 191.273 241.908 191.273
239.119 144.107 280.211 144.107 280.211 191.720 239.119 191.720
235.867 145.202 277.014 145.202 277.014 192.782 235.867 192.782
229.719 145.799 270.580 145.799 270.580 193.572 229.719 193.572
228.528 146.297 269.277 146.297 269.277 193.871 228.528 193.871
227.116 147.181 268.037 147.181 268.037 194.476 227.116 194.476
226.453 147.083 267.624 147.083 267.624 194.162 226.453 194.162
224.954 146.941 266.321 146.941 266.321 193.925 224.954 193.925
223.958 147.948 265.480 147.948 265.480 194.995 223.958 194.995
222.913 148.753 264.472 148.753 264.472 195.755 222.913 195.755
221.492 149.167 262.935 149.167 262.935 196.460 221.492 196.460
219.886 150.161 261.242 150.161 261.242 197.468 219.886 197.468
