414.000 141.000 428.000 141.000 428.000 163.000 414.000 163.000
412.854 141.258 427.188 141.258 427.188 162.917 412.854 162.917
411.891 141.548 426.441 141.548 426.441 163.027 411.891 163.027
411.154 141.787 425.953 141.787 425.953 163.226 411.154 163.226
410.212 141.749 425.150 141.749 425.150 163.134 410.212 163.134
409.521 141.898 424.494 141.898 424.494 163.273 409.521 163.273
408.771 142.325 423.917 142.325 423.917 163.530 408.771 163.530
407.890 141.942 423.184 141.942 423.184 163.078 407.890 163.078
407.110 142.185 422.349 142.185 422.349 163.342 407.110 163.342
406.522 142.887 421.776 142.887 421.776 163.889 406.522 163.889
405.579 143.084 420.802 143.084 420.802 164.041 405.579 164.041
404.770 143.295 420.149 143.295 420.149 164.027 404.770 164.027
404.592 143.119 419.926 143.119 419.926 163.798 404.592 163.798
403.658 143.454 418.831 143.454 418.831 164.199 403.658 164.199
403.515 143.678 418.621 143.678 418.621 164.400 403.515 164.400
403.257 143.852 418.334 143.852 418.334 164.554 403.257 164.554
402.673 143.956 417.577 143.956 417.577 164.860 402.673 164.860
401.781 144.312 416.752 144.312 416.752 165.147 401.781 165.147
399.307 144.113 414.369 144.113 414.369 164.811 399.307 164.811
399.119 144.411 414.160 144.411 414.160 165.141 399.119 165.141
398.194 144.526 413.265 144.526 413.265 165.149 398.194 165.149
397.922 145.329 412.977 145.329 412.977 165.851 397.922 165.851
397.842 145.894 412.911 145.894 412.911 166.182 397.842 166.182
397.400 146.322 412.425 146.322 412.425 166.755 397.400 166.755
397.247 148.052 412.202 148.052 412.202 168.485 397.247 168.485
395.313 147.472 410.133 147.472 410.133 168.065 395.313 168.065
394.990 147.588 409.971 147.588 409.971 167.997 394.990 167.997
392.725 147.881 407.793 147.881 407.793 168.213 392.725 168.213
392.596 147.924 407.700 147.924 407.700 168.368 392.596 168.368
392.399 147.865 407.402 147.865 407.402 168.415 392.399 168.415
390.287 147.991 405.354 147.991 405.354 168.553 390.287 168.553
389.959 148.123 405.091 148.123 405.091 168.626 389.959 168.626
387.778 147.230 402.241 147.230 402.241 168.625 387.778 168.625
387.743 147.228 401.468 147.228 401.468 169.533 387.743 169.533
387.376 147.313 400.637 147.313 400.637 170.248 387.376 170.248
387.129 147.072 399.956 147.072 399.956 170.380 387.129 170.380
386.867 146.465 399.260 146.465 399.260 170.282 386.867 170.282
386.696 146.459 398.931 146.459 398.931 170.549 386.696 170.549
382.180 152.535 394.310 152.535 394.310 176.942 382.180 176.942
380.082 154.110 391.977 154.110 391.977 179.090 380.082 179.090
377.688 153.115 389.472 153.115 389.472 178.395 377.688 178.395
377.369 151.780 389.152 151.780 389.152 177.136 377.369 177.136
378.999 150.410 390.741 150.410 390.741 175.944 378.999 175.944
379.064 151.199 390.775 151.199 390.775 176.939 379.064 176.939
376.821 148.731 388.563 148.731 388.563 174.473 376.821 174.473
378.984 149.936 390.773 149.936 390.773 175.758 378.984 175.758
376.309 150.678 388.140 150.678 388.140 176.578 376.309 176.578
373.819 149.986 385.625 149.986 385.625 175.869 373.819 175.869
373.461 148.560 385.214 148.560 385.214 174.553 373.461 174.553
371.264 148.527 382.968 148.527 382.968 174.575 371.264 174.575
370.910 148.598 382.665 148.598 382.665 174.586 370.910 174.586
370.445 148.381 382.307 148.381 382.307 174.279 370.445 174.279
367.977 147.991 379.890 147.991 379.890 173.826 367.977 173.826
368.075 148.301 380.001 148.301 380.001 174.039 368.075 174.039
367.426 148.243 379.441 148.243 379.441 173.967 367.426 173.967
366.832 149.446 378.934 149.446 378.934 175.137 366.832 175.137
366.406 150.292 378.571 150.292 378.571 175.950 366.406 175.950
365.334 151.591 377.559 151.591 377.559 177.359 365.334 177.359
364.386 151.034 376.565 151.034 376.565 176.725 364.386 176.725
363.674 152.529 375.875 152.529 375.875 178.227 363.674 178.227
360.636 151.873 372.934 151.873 372.934 177.358 360.636 177.358
360.571 151.823 372.876 151.823 372.876 177.066 360.571 177.066
359.999 150.498 372.214 150.498 372.214 175.793 359.999 175.793
357.132 154.590 369.325 154.590 369.325 179.726 357.132 179.726
354.429 154.574 366.769 154.574 366.769 179.569 354.429 179.569
353.852 154.397 366.191 154.397 366.191 179.389 353.852 179.389
353.452 154.013 365.664 154.013 365.664 179.040 353.452 179.040
350.661 154.276 362.798 154.276 362.798 179.433 350.661 179.433
350.197 155.894 362.320 155.894 362.320 180.947 350.197 180.947
349.974 159.825 362.124 159.825 362.124 184.637 349.974 184.637
347.240 159.149 359.459 159.149 359.459 183.829 347.240 183.829
344.673 158.361 356.910 158.361 356.910 183.024 344.673 183.024
344.380 157.628 356.631 157.628 356.631 182.272 344.380 182.272
343.884 157.323 356.199 157.323 356.199 182.084 343.884 182.084
341.239 159.478 353.539 159.478 353.539 184.267 341.239 184.267
341.111 159.768 353.551 159.768 353.551 184.349 341.111 184.349
340.646 159.475 353.008 159.475 353.008 183.995 340.646 183.995
339.863 159.617 352.132 159.617 352.132 184.176 339.863 184.176
336.969 159.936 349.418 159.936 349.418 184.428 336.969 184.428
334.576 159.631 346.986 159.631 346.986 184.287 334.576 184.287
334.209 160.460 346.543 160.460 346.543 185.249 334.209 185.249
333.656 160.458 345.977 160.458 345.977 185.318 333.656 185.318
330.977 160.717 343.285 160.717 343.285 185.720 330.977 185.720
330.467 160.693 342.814 160.693 342.814 185.736 330.467 185.736
329.931 161.163 342.326 161.163 342.326 186.265 329.931 186.265
327.330 161.393 339.770 161.393 339.770 186.671 327.330 186.671
326.469 162.256 339.011 162.256 339.011 187.535 326.469 187.535
325.740 162.448 338.309 162.448 338.309 187.761 325.740 187.761
324.922 162.333 337.508 162.333 337.508 187.692 324.922 187.692
322.367 163.185 334.990 163.185 334.990 188.728 322.367 188.728
321.834 163.163 334.572 163.163 334.572 188.638 321.834 188.638
321.363 163.237 334.098 163.237 334.098 188.745 321.363 188.745
320.525 163.229 333.383 163.229 333.383 188.580 320.525 188.580
319.997 163.339 332.797 163.339 332.797 188.826 319.997 188.826
319.083 163.158 331.717 163.158 331.717 188.905 319.083 188.905
318.300 164.233 330.878 164.233 330.878 190.078 318.300 190.078
317.276 164.427 329.936 164.427 329.936 190.182 317.276 190.182
316.386 165.211 329.159 165.211 329.159 190.881 316.386 190.881
315.400 165.250 328.157 165.250 328.157 190.844 315.400 190.844
314.551 165.256 327.390 165.256 327.390 190.676 314.551 190.676
313.564 165.483 326.427 165.483 326.427 190.891 313.564 190.891
312.950 165.789 325.788 165.789 325.788 191.215 312.950 191.215
312.079 165.744 324.849 165.744 324.849 191.336 312.079 191.336
311.271 166.305 324.019 166.305 324.019 192.054 311.271 192.054
310.377 165.657 323.202 165.657 323.202 191.327 310.377 191.327
309.482 166.265 322.427 166.265 322.427 191.899 309.482 191.899
308.269 166.420 321.162 166.420 321.162 192.299 308.269 192.299
307.580 166.177 320.467 166.177 320.467 192.066 307.580 192.066
304.882 167.310 317.808 167.310 317.808 193.413 304.882 193.413
304.372 167.861 317.384 167.861 317.384 194.055 304.372 194.055
303.450 167.924 316.541 167.924 316.541 194.032 303.450 194.032
302.625 167.778 315.850 167.778 315.850 193.632 302.625 193.632
301.898 167.545 315.045 167.545 315.045 193.519 301.898 193.519
300.654 168.201 313.802 168.201 313.802 194.422 300.654 194.422
299.430 168.008 312.606 168.008 312.606 194.227 299.430 194.227
298.484 168.942 311.770 168.942 311.770 195.135 298.484 195.135
297.785 169.443 311.147 169.443 311.147 195.870 297.785 195.870
297.090 168.883 310.481 168.883 310.481 195.419 297.090 195.419
295.918 170.030 309.432 170.030 309.432 196.635 295.918 196.635
294.927 169.689 308.511 169.689 308.511 196.447 294.927 196.447
293.887 170.014 307.533 170.014 307.533 196.877 293.887 196.877
292.896 170.482 306.477 170.482 306.477 197.580 292.896 197.580
292.009 170.396 305.667 170.396 305.667 197.647 292.009 197.647
291.071 170.186 304.691 170.186 304.691 197.641 291.071 197.641
290.115 170.171 303.763 170.171 303.763 197.724 290.115 197.724
289.247 171.048 302.985 171.048 302.985 198.506 289.247 198.506
288.170 171.237 302.084 171.237 302.084 198.746 288.170 198.746
287.216 171.474 301.273 171.474 301.273 199.171 287.216 199.171
286.483 172.011 300.600 172.011 300.600 199.727 286.483 199.727
285.713 171.866 299.810 171.866 299.810 199.604 285.713 199.604
284.602 171.771 298.591 171.771 298.591 199.857 284.602 199.857
283.535 171.694 297.509 171.694 297.509 199.825 283.535 199.825
283.005 172.362 296.993 172.362 296.993 200.613 283.005 200.613
282.404 172.439 296.518 172.439 296.518 200.609 282.404 200.609
281.463 172.916 295.580 172.916 295.580 201.310 281.463 201.310
280.517 173.517 294.724 173.517 294.724 202.076 280.517 202.076
279.311 173.159 293.629 173.159 293.629 201.665 279.311 201.665
278.319 174.163 292.550 174.163 292.550 202.827 278.319 202.827
277.273 173.846 291.642 173.846 291.642 202.472 277.273 202.472
276.253 174.701 290.635 174.701 290.635 203.279 276.253 203.279
275.433 174.959 289.945 174.959 289.945 203.484 275.433 203.484
274.325 174.988 288.942 174.988 288.942 203.495 274.325 203.495
273.306 175.598 287.977 175.598 287.977 204.143 273.306 204.143
272.652 176.983 287.270 176.983 287.270 205.561 272.652 205.561
271.781 175.800 286.229 175.800 286.229 204.566 271.781 204.566
270.931 177.136 285.436 177.136 285.436 206.013 270.931 206.013
269.861 177.373 284.279 177.373 284.279 206.378 269.861 206.378
269.160 177.099 283.436 177.099 283.436 206.355 269.160 206.355
268.320 178.096 282.618 178.096 282.618 207.329 268.320 207.329
267.205 178.185 281.513 178.185 281.513 207.359 267.205 207.359
266.174 178.663 280.506 178.663 280.506 207.694 266.174 207.694
264.886 178.361 279.135 178.361 279.135 207.566 264.886 207.566
264.216 179.105 278.511 179.105 278.511 208.349 264.216 208.349
263.201 179.597 277.365 179.597 277.365 208.972 263.201 208.972
261.978 179.853 275.970 179.853 275.970 209.368 261.978 209.368
261.429 180.297 275.408 180.297 275.408 209.890 261.429 209.890
260.420 181.004 274.438 181.004 274.438 210.541 260.420 210.541
259.636 181.262 273.524 181.262 273.524 210.854 259.636 210.854
258.821 181.487 272.813 181.487 272.813 211.106 258.821 211.106
257.542 181.325 271.572 181.325 271.572 210.881 257.542 210.881
256.437 182.738 270.590 182.738 270.590 212.257 256.437 212.257
255.422 182.424 269.457 182.424 269.457 212.137 255.422 212.137
254.891 182.558 268.936 182.558 268.936 212.215 254.891 212.215
254.195 183.242 268.190 183.242 268.190 212.798 254.195 212.798
253.258 184.561 267.320 184.561 267.320 214.041 253.258 214.041
252.471 184.311 266.442 184.311 266.442 213.790 252.471 213.790
251.726 184.812 265.474 184.812 265.474 214.479 251.726 214.479
250.872 185.427 264.520 185.427 264.520 215.079 250.872 215.079
250.381 185.662 263.890 185.662 263.890 215.487 250.381 215.487
249.403 186.949 262.883 186.949 262.883 216.769 249.403 216.769
248.409 188.020 261.840 188.020 261.840 217.898 248.409 217.898
247.994 188.702 261.365 188.702 261.365 218.493 247.994 218.493
247.659 187.947 260.975 187.947 260.975 217.847 247.659 217.847
246.901 188.405 260.243 188.405 260.243 218.072 246.901 218.072
245.930 189.455 259.237 189.455 259.237 218.989 245.930 218.989
245.372 190.182 258.680 190.182 258.680 219.665 245.372 219.665
244.749 190.133 257.991 190.133 257.991 219.592 244.749 219.592
243.981 190.644 257.350 190.644 257.350 220.046 243.981 220.046
243.188 191.130 256.525 191.130 256.525 220.531 243.188 220.531
242.528 191.203 255.984 191.203 255.984 220.638 242.528 220.638
241.938 192.305 255.527 192.305 255.527 221.631 241.938 221.631
241.083 192.690 254.567 192.690 254.567 222.117 241.083 222.117
240.441 193.151 253.856 193.151 253.856 222.770 240.441 222.770
239.310 193.118 252.843 193.118 252.843 222.641 239.310 222.641
238.547 193.671 252.069 193.671 252.069 223.093 238.547 223.093
237.829 195.055 251.520 195.055 251.520 224.297 237.829 224.297
236.757 195.463 250.421 195.463 250.421 224.737 236.757 224.737
235.958 194.719 249.583 194.719 249.583 224.051 235.958 224.051
235.236 195.576 248.856 195.576 248.856 224.991 235.236 224.991
234.845 195.736 248.320 195.736 248.320 225.222 234.845 225.222
234.122 196.309 247.625 196.309 247.625 225.845 234.122 225.845
233.699 196.918 247.343 196.918 247.343 226.264 233.699 226.264
233.077 197.097 246.745 197.097 246.745 226.633 233.077 226.633
232.199 197.844 245.716 197.844 245.716 227.518 232.199 227.518
231.536 197.991 245.032 197.991 245.032 227.790 231.536 227.790
230.832 198.469 244.270 198.469 244.270 228.284 230.832 228.284
230.237 199.223 243.705 199.223 243.705 229.067 230.237 229.067
229.506 199.589 243.201 199.589 243.201 229.226 229.506 229.226
228.754 200.255 242.363 200.255 242.363 230.051 228.754 230.051
227.845 200.426 241.406 200.426 241.406 230.360 227.845 230.360
227.158 200.549 240.617 200.549 240.617 230.751 227.158 230.751
226.619 201.173 240.098 201.173 240.098 231.477 226.619 231.477
226.241 200.667 239.662 200.667 239.662 231.243 226.241 231.243
225.809 201.145 239.274 201.145 239.274 231.636 225.809 231.636
225.730 201.900 239.124 201.900 239.124 232.563 225.730 232.563
225.208 201.718 238.578 201.718 238.578 232.540 225.208 232.540
224.838 202.599 238.264 202.599 238.264 233.339 224.838 233.339
224.568 202.593 238.012 202.593 238.012 233.405 224.568 233.405
224.014 203.388 237.548 203.388 237.548 234.084 224.014 234.084
224.177 203.905 237.731 203.905 237.731 234.715 224.177 234.715
223.869 204.093 237.557 204.093 237.557 234.851 223.869 234.851
223.727 204.522 237.370 204.522 237.370 235.306 223.727 235.306
223.862 204.432 237.486 204.432 237.486 235.221 223.862 235.221
223.930 205.181 237.626 205.181 237.626 235.890 223.930 235.890
223.852 206.214 237.542 206.214 237.542 236.976 223.852 236.976
223.765 205.690 237.401 205.690 237.401 236.425 223.765 236.425
223.698 205.707 237.354 205.707 237.354 236.478 223.698 236.478
223.905 206.336 237.542 206.336 237.542 237.097 223.905 237.097
226.217 205.385 239.743 205.385 239.743 236.081 226.217 236.081
225.422 206.463 238.940 206.463 238.940 237.138 225.422 237.138
225.225 206.700 238.643 206.700 238.643 237.390 225.225 237.390
224.989 208.039 238.400 208.039 238.400 238.637 224.989 238.637
224.785 209.326 238.195 209.326 238.195 239.800 224.785 239.800
224.619 209.940 237.980 209.940 237.980 240.407 224.619 240.407
224.570 211.096 237.860 211.096 237.860 241.659 224.570 241.659
224.436 211.919 237.780 211.919 237.780 242.282 224.436 242.282
224.311 212.696 237.694 212.696 237.694 243.029 224.311 243.029
224.294 213.471 237.670 213.471 237.670 243.902 224.294 243.902
224.302 211.684 237.685 211.684 237.685 242.111 224.302 242.111
224.111 212.886 237.430 212.886 237.430 243.437 224.111 243.437
224.055 214.240 237.344 214.240 237.344 244.862 224.055 244.862
224.044 213.721 237.198 213.721 237.198 244.328 224.044 244.328
224.110 214.859 237.237 214.859 237.237 245.536 224.110 245.536
224.100 213.376 237.228 213.376 237.228 244.010 224.100 244.010
224.181 214.698 237.380 214.698 237.380 245.092 224.181 245.092
224.236 215.920 237.480 215.920 237.480 246.273 224.236 246.273
224.227 216.747 237.515 216.747 237.515 247.257 224.227 247.257
223.862 218.344 237.232 218.344 237.232 248.967 223.862 248.967
223.138 219.065 236.429 219.065 236.429 249.887 223.138 249.887
222.896 219.824 236.292 219.824 236.292 250.714 222.896 250.714
222.533 219.476 235.967 219.476 235.967 250.403 222.533 250.403
222.392 220.598 235.886 220.598 235.886 251.312 222.392 251.312
222.327 221.248 235.778 221.248 235.778 252.050 222.327 252.050
221.927 221.652 235.328 221.652 235.328 252.545 221.927 252.545
221.332 221.706 234.741 221.706 234.741 252.527 221.332 252.527
220.926 222.394 234.275 222.394 234.275 253.294 220.926 253.294
220.667 222.638 233.898 222.638 233.898 253.539 220.667 253.539
220.152 223.349 233.458 223.349 233.458 254.094 220.152 254.094
219.360 224.231 232.702 224.231 232.702 254.824 219.360 254.824
218.843 225.445 232.180 225.445 232.180 255.879 218.843 255.879
218.378 224.150 231.741 224.150 231.741 254.459 218.378 254.459
218.044 225.170 231.409 225.170 231.409 255.294 218.044 255.294
217.912 223.624 231.377 223.624 231.377 253.474 217.912 253.474
217.570 225.700 231.080 225.700 231.080 255.426 217.570 255.426
216.845 226.773 230.381 226.773 230.381 256.416 216.845 256.416
216.339 226.666 229.936 226.666 229.936 256.192 216.339 256.192
216.002 227.046 229.793 227.046 229.793 256.350 216.002 256.350
215.503 225.152 229.393 225.152 229.393 254.364 215.503 254.364
215.040 225.886 228.896 225.886 228.896 254.954 215.040 254.954
214.427 226.969 228.132 226.969 228.132 256.176 214.427 256.176
214.223 225.476 227.807 225.476 227.807 254.811 214.223 254.811
213.967 226.350 227.420 226.350 227.420 255.865 213.967 255.865
213.290 227.649 226.731 227.649 226.731 257.169 213.290 257.169
212.788 225.614 226.166 225.614 226.166 255.122 212.788 255.122
201.931 224.943 215.300 224.943 215.300 254.481 201.931 254.481
201.860 224.407 215.223 224.407 215.223 253.993 201.860 253.993
196.984 225.582 210.485 225.582 210.485 254.918 196.984 254.918
197.110 226.960 210.654 226.960 210.654 256.212 197.110 256.212
197.057 226.186 210.632 226.186 210.632 255.210 197.057 255.210
197.087 225.125 210.672 225.125 210.672 253.997 197.087 253.997
197.127 226.155 210.770 226.155 210.770 254.801 197.127 254.801
194.741 226.930 208.406 226.930 208.406 255.503 194.741 255.503
192.539 228.203 206.130 228.203 206.130 256.718 192.539 256.718
192.733 228.801 206.314 228.801 206.314 257.309 192.733 257.309
192.849 230.209 206.313 230.209 206.313 258.850 192.849 258.850
190.352 231.175 203.934 231.175 203.934 259.645 190.352 259.645
190.529 229.862 204.120 229.862 204.120 258.352 190.529 258.352
190.673 232.930 204.177 232.930 204.177 261.522 190.673 261.522
190.967 233.648 204.322 233.648 204.322 262.445 190.967 262.445
190.983 239.348 204.397 239.348 204.397 268.134 190.983 268.134
190.531 239.750 204.072 239.750 204.072 268.498 190.531 268.498
187.338 239.817 200.902 239.817 200.902 268.522 187.338 268.522
187.032 240.177 200.566 240.177 200.566 268.900 187.032 268.900
181.815 242.693 195.105 242.693 195.105 271.712 181.815 271.712
181.760 240.616 195.015 240.616 195.015 269.688 181.760 269.688
181.683 236.690 194.859 236.690 194.859 265.894 181.683 265.894
181.626 238.664 194.780 238.664 194.780 267.902 181.626 267.902
181.462 240.352 194.531 240.352 194.531 269.693 181.462 269.693
181.309 246.554 194.268 246.554 194.268 275.999 181.309 275.999
181.358 248.049 194.282 248.049 194.282 277.616 181.358 277.616
181.445 249.271 194.141 249.271 194.141 279.204 181.445 279.204
181.623 248.162 194.245 248.162 194.245 278.188 181.623 278.188
184.181 251.978 196.673 251.978 196.673 282.149 184.181 282.149
184.006 253.111 196.462 253.111 196.462 283.339 184.006 283.339
183.667 251.035 196.103 251.035 196.103 281.282 183.667 281.282
183.468 251.355 195.899 251.355 195.899 281.603 183.468 281.603
183.318 249.849 195.835 249.849 195.835 279.952 183.318 279.952
183.336 248.325 195.912 248.325 195.912 278.326 183.336 278.326
183.495 249.704 196.113 249.704 196.113 279.648 183.495 279.648
186.058 250.567 198.689 250.567 198.689 280.479 186.058 280.479
185.899 250.844 198.517 250.844 198.517 280.759 185.899 280.759
188.225 251.909 200.818 251.909 200.818 281.832 188.225 281.832
188.162 253.303 200.759 253.303 200.759 283.217 188.162 283.217
188.238 251.357 200.798 251.357 200.798 281.276 188.238 281.276
188.297 252.287 200.864 252.287 200.864 282.190 188.297 282.190
187.989 253.126 200.562 253.126 200.562 283.023 187.989 283.023
187.898 254.900 200.429 254.900 200.429 284.820 187.898 284.820
187.882 256.118 200.355 256.118 200.355 286.059 187.882 286.059
190.226 254.661 202.661 254.661 202.661 284.633 190.226 284.633
187.384 256.205 199.795 256.205 199.795 286.223 187.384 286.223
184.204 255.609 196.700 255.609 196.700 285.526 184.204 285.526
183.621 256.797 196.168 256.797 196.168 286.646 183.621 286.646
180.456 257.831 193.018 257.831 193.018 287.691 180.456 287.691
182.644 256.403 195.225 256.403 195.225 286.256 182.644 286.256
182.214 258.051 194.811 258.051 194.811 287.905 182.214 287.905
181.993 259.368 194.628 259.368 194.628 289.183 181.993 289.183
181.945 259.988 194.600 259.988 194.600 289.849 181.945 289.849
184.342 260.732 197.001 260.732 197.001 290.608 184.342 290.608
168.328 269.399 180.991 269.399 180.991 299.359 168.328 299.359
165.909 265.712 178.607 265.712 178.607 295.642 165.909 295.642
166.136 267.030 178.732 267.030 178.732 297.144 166.136 297.144
166.329 265.829 178.932 265.829 178.932 296.052 166.329 296.052
166.642 267.166 179.284 267.166 179.284 297.507 166.642 297.507
169.303 268.528 181.984 268.528 181.984 298.953 169.303 298.953
166.828 269.534 179.446 269.534 179.446 300.090 166.828 300.090
167.123 270.748 179.622 270.748 179.622 301.515 167.123 301.515
167.419 271.402 179.801 271.402 179.801 302.440 167.419 302.440
167.591 269.814 179.906 269.814 179.906 301.012 167.591 301.012
167.798 268.644 180.174 268.644 180.174 299.869 167.798 299.869
167.975 269.701 180.429 269.701 180.429 300.960 167.975 300.960
168.056 268.471 180.547 268.471 180.547 299.726 168.056 299.726
168.121 267.308 180.660 267.308 180.660 298.543 168.121 298.543
167.969 269.075 180.621 269.075 180.621 300.222 167.969 300.222
167.977 270.941 180.742 270.941 180.742 302.002 167.977 302.002
170.716 272.049 183.515 272.049 183.515 303.062 170.716 303.062
176.074 272.818 188.908 272.818 188.908 303.790 176.074 303.790
175.829 273.364 188.706 273.364 188.706 304.252 175.829 304.252
173.033 274.865 185.954 274.865 185.954 305.719 173.033 305.719
175.664 272.938 188.594 272.938 188.594 303.735 175.664 303.735
175.491 273.873 188.438 273.873 188.438 304.645 175.491 304.645
178.036 272.119 191.025 272.119 191.025 302.876 178.036 302.876
177.932 273.533 190.967 273.533 190.967 304.321 177.932 304.321
175.417 275.358 188.481 275.358 188.481 306.183 175.417 306.183
175.497 276.991 188.587 276.991 188.587 307.941 175.497 307.941
178.010 280.362 191.116 280.362 191.116 311.356 178.010 311.356
175.446 279.219 188.571 279.219 188.571 310.224 175.446 310.224
178.144 277.702 191.183 277.702 191.183 308.828 178.144 308.828
175.429 276.308 188.478 276.308 188.478 307.415 175.429 307.415
178.238 277.642 191.287 277.642 191.287 308.765 178.238 308.765
178.204 272.876 191.242 272.876 191.242 304.027 178.204 304.027
178.153 273.909 191.037 273.909 191.037 305.346 178.153 305.346
174.995 277.937 187.978 277.937 187.978 309.291 174.995 309.291
180.631 276.548 193.639 276.548 193.639 307.864 180.631 307.864
177.512 278.242 190.542 278.242 190.542 309.524 177.512 309.524
180.227 275.675 193.261 275.675 193.261 306.936 180.227 306.936
179.967 277.102 193.035 277.102 193.035 308.344 179.967 308.344
182.842 277.828 195.871 277.828 195.871 309.121 182.842 309.121
182.799 279.023 195.834 279.023 195.834 310.320 182.799 310.320
182.695 277.013 195.753 277.013 195.753 308.301 182.695 308.301
182.647 278.025 195.698 278.025 195.698 309.336 182.647 309.336
179.788 278.607 192.889 278.607 192.889 309.869 179.788 309.869
185.395 277.252 198.374 277.252 198.374 308.723 185.395 308.723
188.587 281.045 201.402 281.045 201.402 312.726 188.587 312.726
188.693 281.953 201.447 281.953 201.447 313.731 188.693 313.731
188.806 282.170 201.521 282.170 201.521 314.003 188.806 314.003
188.836 278.787 201.475 278.787 201.475 310.690 188.836 310.690
188.922 278.294 201.533 278.294 201.533 310.225 188.922 310.225
183.425 276.675 196.068 276.675 196.068 308.556 183.425 308.556
183.300 277.933 195.834 277.933 195.834 309.903 183.300 309.903
180.621 279.092 193.237 279.092 193.237 310.933 180.621 310.933
183.330 277.295 195.857 277.295 195.857 309.159 183.330 309.159
183.447 277.404 195.945 277.404 195.945 309.280 183.447 309.280
183.761 278.003 196.249 278.003 196.249 309.888 183.761 309.888
186.660 281.372 199.106 281.372 199.106 313.287 186.660 313.287
186.520 285.327 199.119 285.327 199.119 317.140 186.520 317.140
186.674 283.394 199.215 283.394 199.215 315.246 186.674 315.246
186.583 284.682 199.187 284.682 199.187 316.493 186.583 316.493
183.849 286.256 196.609 286.256 196.609 317.972 183.849 317.972
183.988 285.570 196.846 285.570 196.846 317.177 183.988 317.177
186.797 284.515 199.703 284.515 199.703 316.086 186.797 316.086
189.591 285.444 202.516 285.444 202.516 316.980 189.591 316.980
186.812 287.118 199.759 287.118 199.759 318.642 186.812 318.642
186.859 291.812 199.819 291.812 199.819 323.374 186.859 323.374
189.809 293.134 202.777 293.134 202.777 324.751 189.809 324.751
192.978 296.629 205.970 296.629 205.970 328.275 192.978 328.275
190.413 294.585 203.365 294.585 203.365 326.331 190.413 326.331
190.578 295.563 203.529 295.563 203.529 327.314 190.578 327.314
190.922 290.872 203.880 290.872 203.880 322.617 190.922 322.617
185.324 288.999 198.332 288.999 198.332 320.706 185.324 320.706
185.493 286.865 198.532 286.865 198.532 318.548 185.493 318.548
188.376 290.316 201.463 290.316 201.463 321.920 188.376 321.920
191.121 291.744 204.267 291.744 204.267 323.323 191.121 323.323
196.766 295.551 209.935 295.551 209.935 327.095 196.766 327.095
199.370 297.509 212.621 297.509 212.621 329.041 199.370 329.041
196.591 296.212 209.894 296.212 209.894 327.693 196.591 327.693
199.674 297.867 212.987 297.867 212.987 329.356 199.674 329.356
197.115 296.480 210.435 296.480 210.435 327.958 197.115 327.958
200.065 298.396 213.402 298.396 213.402 329.923 200.065 329.923
200.420 299.335 213.759 299.335 213.759 330.890 200.420 330.890
197.751 297.907 211.000 297.907 211.000 329.626 197.751 329.626
195.278 296.068 208.595 296.068 208.595 327.746 195.278 327.746
198.455 299.782 211.635 299.782 211.635 331.670 198.455 331.670
198.517 300.463 211.590 300.463 211.590 332.517 198.517 332.517
198.637 301.936 211.624 301.936 211.624 334.208 198.637 334.208
201.877 303.038 214.813 303.038 214.813 335.399 201.877 335.399
205.095 303.476 217.997 303.476 217.997 335.933 205.095 335.933
205.501 299.240 218.357 299.240 218.357 331.860 205.501 331.860
205.963 300.272 218.723 300.272 218.723 333.158 205.963 333.158
203.210 295.583 216.198 295.583 216.198 328.126 203.210 328.126
203.291 297.405 216.321 297.405 216.321 329.903 203.291 329.903
205.955 298.464 219.021 298.464 219.021 330.926 205.955 330.926
206.155 301.346 219.280 301.346 219.280 333.744 206.155 333.744
208.892 302.712 222.142 302.712 222.142 335.018 208.892 335.018
209.151 304.582 222.475 304.582 222.475 336.802 209.151 336.802
212.117 306.824 225.472 306.824 225.472 339.048 212.117 339.048
212.263 304.687 225.666 304.687 225.666 336.944 212.263 336.944
212.427 306.037 225.776 306.037 225.776 338.395 212.427 338.395
212.714 304.203 226.004 304.203 226.004 336.682 212.714 336.682
213.048 305.498 226.350 305.498 226.350 337.985 213.048 337.985
210.277 306.422 223.539 306.422 223.539 339.040 210.277 339.040
213.301 307.840 226.522 307.840 226.522 340.547 213.301 340.547
213.576 311.456 226.731 311.456 226.731 344.349 213.576 344.349
213.722 310.000 226.815 310.000 226.815 343.021 213.722 343.021
216.924 313.311 229.997 313.311 229.997 346.443 216.924 346.443
222.784 311.766 235.931 311.766 235.931 344.923 222.784 344.923
222.772 311.612 236.005 311.612 236.005 344.866 222.772 344.866
217.290 306.704 230.455 306.704 230.455 340.143 217.290 340.143
217.620 307.118 230.692 307.118 230.692 340.706 217.620 340.706
217.872 308.280 231.019 308.280 231.019 341.798 217.872 341.798
218.022 309.328 231.257 309.328 231.257 342.792 218.022 342.792
221.272 312.465 234.644 312.465 234.644 345.859 221.272 345.859
224.421 313.013 237.775 313.013 237.775 346.463 224.421 346.463
224.603 312.564 237.842 312.564 237.842 346.269 224.603 346.269
224.669 313.457 237.864 313.457 237.864 347.245 224.669 347.245
224.838 311.830 237.997 311.830 237.997 345.741 224.838 345.741
225.153 310.419 238.360 310.419 238.360 344.307 225.153 344.307
231.031 310.502 244.134 310.502 244.134 344.557 231.031 344.557
231.161 311.715 244.145 311.715 244.145 346.101 231.161 346.101
231.589 313.026 244.483 313.026 244.483 347.689 231.589 347.689
231.951 314.748 244.787 314.748 244.787 349.637 231.951 349.637
235.157 316.098 247.957 316.098 247.957 351.239 235.157 351.239
235.294 314.601 248.038 314.601 248.038 349.895 235.294 349.895
238.150 319.008 250.940 319.008 250.940 354.350 238.150 354.350
235.279 317.297 248.049 317.297 248.049 352.695 235.279 352.695
235.211 317.907 247.944 317.907 247.944 353.366 235.211 353.366
235.316 318.594 248.039 318.594 248.039 354.064 235.316 354.064
235.241 318.925 247.965 318.925 247.965 354.402 235.241 354.402
232.324 316.268 245.048 316.268 245.048 351.748 232.324 351.748
229.578 314.118 242.363 314.118 242.363 349.524 229.578 349.524
232.578 311.206 245.408 311.206 245.408 346.516 232.578 346.516
232.798 314.467 245.726 314.467 245.726 349.649 232.798 349.649
232.779 311.992 245.723 311.992 245.723 347.167 232.779 347.167
235.685 316.684 248.637 316.684 248.637 351.893 235.685 351.893
235.718 317.661 248.798 317.661 248.798 352.709 235.718 352.709
235.744 312.570 248.943 312.570 248.943 347.451 235.744 347.451
235.704 313.203 249.099 313.203 249.099 347.782 235.704 347.782
238.549 313.560 252.056 313.560 252.056 347.804 238.549 347.804
247.689 315.942 261.116 315.942 261.116 350.200 247.689 350.200
253.881 313.212 267.298 313.212 267.298 347.501 253.881 347.501
256.879 312.470 270.434 312.470 270.434 346.634 256.879 346.634
256.950 314.884 270.600 314.884 270.600 348.949 256.950 348.949
257.153 314.591 270.899 314.591 270.899 348.627 257.153 348.627
257.615 313.863 271.536 313.863 271.536 347.747 257.615 347.747
257.667 315.812 271.642 315.812 271.642 349.673 257.667 349.673
260.701 317.844 274.740 317.844 274.740 351.717 260.701 351.717
260.705 319.799 274.881 319.799 274.881 353.724 260.705 353.724
255.124 320.032 269.168 320.032 269.168 354.189 255.124 354.189
252.193 322.681 266.001 322.681 266.001 357.174 252.193 357.174
255.224 321.932 268.967 321.932 268.967 356.496 255.224 356.496
255.503 321.428 269.188 321.428 269.188 356.122 255.503 356.122
255.468 323.661 269.095 323.661 269.095 358.501 255.468 358.501
255.680 323.453 269.206 323.453 269.206 358.518 255.680 358.518
258.832 323.292 272.292 323.292 272.292 358.648 258.832 358.648
261.942 323.128 275.359 323.128 275.359 358.652 261.942 358.652
262.000 320.501 275.376 320.501 275.376 356.114 262.000 356.114
261.835 325.652 275.391 325.652 275.391 361.025 261.835 361.025
261.860 325.503 275.378 325.503 275.378 360.919 261.860 360.919
261.760 328.703 275.235 328.703 275.235 364.215 261.760 364.215
255.833 332.066 269.188 332.066 269.188 367.682 255.833 367.682
256.183 335.806 269.578 335.806 269.578 371.368 256.183 371.368
262.699 340.347 276.038 340.347 276.038 375.960 262.699 375.960
262.828 339.592 276.179 339.592 276.179 375.326 262.828 375.326
266.052 341.152 279.418 341.152 279.418 376.881 266.052 376.881
263.387 345.551 276.773 345.551 276.773 381.407 263.387 381.407
263.835 346.331 277.233 346.331 277.233 382.263 263.835 382.263
267.107 347.223 280.498 347.223 280.498 383.318 267.107 383.318
267.441 348.078 280.899 348.078 280.899 384.271 267.441 384.271
267.490 346.076 280.995 346.076 280.995 382.248 267.490 382.248
267.650 347.245 281.227 347.245 281.227 383.408 267.650 383.408
270.947 344.945 284.490 344.945 284.490 381.278 270.947 381.278
274.287 345.932 287.880 345.932 287.880 382.293 274.287 382.293
274.459 346.662 288.038 346.662 288.038 383.087 274.459 383.087
274.654 347.929 288.254 347.929 288.254 384.482 274.654 384.482
274.940 349.583 288.604 349.583 288.604 386.151 274.940 386.151
275.108 350.490 288.792 350.490 288.792 387.086 275.108 387.086
275.207 352.342 288.892 352.342 288.892 389.048 275.207 389.048
281.466 355.955 295.156 355.955 295.156 392.819 281.466 392.819
282.021 353.723 295.758 353.723 295.758 390.623 282.021 390.623
285.261 351.949 299.060 351.949 299.060 388.905 285.261 388.905
288.868 355.575 302.784 355.575 302.784 392.497 288.868 392.497
286.060 353.843 299.964 353.843 299.964 391.198 286.060 391.198
286.256 354.442 300.157 354.442 300.157 391.911 286.256 391.911
286.465 355.272 300.369 355.272 300.369 392.799 286.465 392.799
286.652 360.069 300.544 360.069 300.544 397.618 286.652 397.618
286.836 361.315 300.718 361.315 300.718 398.915 286.836 398.915
287.026 362.875 300.941 362.875 300.941 400.556 287.026 400.556
287.057 361.402 300.975 361.402 300.975 399.202 287.057 399.202
287.283 359.427 301.201 359.427 301.201 397.338 287.283 397.338
271.232 356.969 285.586 356.969 285.586 394.322 271.232 394.322
268.124 353.026 282.584 353.026 282.584 390.224 268.124 390.224
267.939 349.067 282.520 349.067 282.520 386.027 267.939 386.027
267.567 349.113 282.254 349.113 282.254 385.888 267.567 385.888
267.834 351.884 282.607 351.884 282.607 388.485 267.834 388.485
268.081 351.164 282.924 351.164 282.924 387.621 268.081 387.621
270.607 354.106 285.551 354.106 285.551 390.339 270.607 390.339
270.316 353.122 285.350 353.122 285.350 389.202 270.316 389.202
270.261 352.352 285.466 352.352 285.466 388.034 270.261 388.034
272.704 352.722 288.029 352.722 288.029 388.125 272.704 388.125
272.860 352.254 288.316 352.254 288.316 387.348 272.860 387.348
273.256 352.579 288.708 352.579 288.708 387.663 273.256 387.663
273.716 353.386 289.193 353.386 289.193 388.437 273.716 388.437
276.717 356.746 292.216 356.746 292.216 391.811 276.717 391.811
279.738 357.775 295.251 357.775 295.251 392.781 279.738 392.781
279.805 361.721 295.353 361.721 295.353 396.638 279.805 396.638
283.134 359.619 298.675 359.619 298.675 394.551 283.134 394.551
286.015 360.179 301.576 360.179 301.576 395.019 286.015 395.019
285.691 360.385 301.282 360.385 301.282 395.122 285.691 395.122
288.756 360.595 304.316 360.595 304.316 395.260 288.756 395.260
291.897 357.980 307.473 357.980 307.473 392.602 291.897 392.602
291.968 361.768 307.495 361.768 307.495 396.397 291.968 396.397
288.844 364.815 304.259 364.815 304.259 399.568 288.844 399.568
285.708 365.801 301.082 365.801 301.082 400.600 285.708 400.600
276.554 371.916 292.137 371.916 292.137 406.505 276.554 406.505
283.488 375.031 299.099 375.031 299.099 409.567 283.488 409.567
287.148 371.115 302.784 371.115 302.784 405.524 287.148 405.524
287.307 370.558 302.964 370.558 302.964 404.854 287.307 404.854
293.688 344.733 309.319 344.733 309.319 379.345 293.688 379.345
287.465 329.641 303.292 329.641 303.292 364.177 287.465 364.177
287.982 330.006 303.870 330.006 303.870 364.548 287.982 364.548
291.306 330.620 307.213 330.620 307.213 365.158 291.306 365.158
293.269 330.789 309.176 330.789 309.176 365.327 293.269 365.327
321.951 341.571 338.122 341.571 338.122 375.888 321.951 375.888
328.508 342.895 344.775 342.895 344.775 377.170 328.508 377.170
331.617 344.865 347.961 344.865 347.961 379.083 331.617 379.083
337.485 353.538 353.835 353.538 353.835 387.650 337.485 387.650
343.535 355.332 359.860 355.332 359.860 389.472 343.535 389.472
346.358 356.756 362.668 356.756 362.668 390.896 346.358 390.896
345.831 358.198 362.142 358.198 362.142 392.229 345.831 392.229
345.115 356.542 361.442 356.542 361.442 390.556 345.115 390.556
347.770 359.747 364.103 359.747 364.103 393.705 347.770 393.705
350.389 360.258 366.733 360.258 366.733 394.221 350.389 394.221
353.357 364.867 369.737 364.867 369.737 398.804 353.357 398.804
356.517 368.997 372.893 368.997 372.893 402.933 356.517 402.933
384.947 366.375 401.419 366.375 401.419 400.215 384.947 400.215
397.535 367.421 413.793 367.421 413.793 401.645 397.535 401.645
391.255 370.622 407.473 370.622 407.473 404.820 391.255 404.820
381.693 376.250 397.802 376.250 397.802 410.681 381.693 410.681
381.859 383.510 397.716 383.510 397.716 418.356 381.859 418.356
384.804 384.170 400.445 384.170 400.445 419.378 384.804 419.378
384.926 385.619 400.527 385.619 400.527 420.914 384.926 420.914
385.043 384.333 400.599 384.333 400.599 419.739 385.043 419.739
382.444 385.913 397.970 385.913 397.970 421.343 382.444 421.343
382.851 384.928 398.378 384.928 398.378 420.365 382.851 420.365
386.642 386.086 402.146 386.086 402.146 421.621 386.642 421.621
389.822 384.767 405.280 384.767 405.280 420.374 389.822 420.374
389.873 386.756 405.287 386.756 405.287 422.446 389.873 422.446
393.112 388.508 408.473 388.508 408.473 424.284 393.112 424.284
393.356 390.883 408.662 390.883 408.662 426.754 393.356 426.754
393.912 392.100 409.230 392.100 409.230 428.004 393.912 428.004
397.490 393.451 412.678 393.451 412.678 429.533 397.490 429.533
400.805 394.485 415.866 394.485 415.866 430.749 400.805 430.749
401.445 396.084 416.561 396.084 416.561 432.296 401.445 432.296
402.103 394.390 417.253 394.390 417.253 430.545 402.103 430.545
405.346 398.458 420.585 398.458 420.585 434.604 405.346 434.604
411.954 412.027 427.012 412.027 427.012 448.471 411.954 448.471
415.405 416.548 430.233 416.548 430.233 453.432 415.405 453.432
418.721 422.778 433.413 422.778 433.413 459.896 418.721 459.896
421.813 425.459 436.451 425.459 436.451 462.481 421.813 462.481
421.969 424.198 436.493 424.198 436.493 461.284 421.969 461.284
422.230 424.225 436.692 424.225 436.692 461.366 422.230 461.366
425.320 424.880 439.726 424.880 439.726 461.860 425.320 461.860
425.244 424.517 439.659 424.517 439.659 461.340 425.244 461.340
