372.000 120.000 407.000 120.000 407.000 170.000 372.000 170.000
372.198 119.805 406.629 119.805 406.629 170.162 372.198 170.162
373.416 119.239 407.819 119.239 407.819 169.639 373.416 169.639
371.476 117.986 406.012 117.986 406.012 168.569 371.476 168.569
373.337 116.392 407.636 116.392 407.636 167.464 373.337 167.464
372.162 118.466 406.932 118.466 406.932 169.380 372.162 169.380
372.256 118.671 407.089 118.671 407.089 169.544 372.256 169.544
371.730 118.284 406.545 118.284 406.545 169.289 371.730 169.289
372.371 118.142 407.398 118.142 407.398 168.875 372.371 168.875
371.634 118.243 406.697 118.243 406.697 169.069 371.634 169.069
371.803 118.780 407.168 118.780 407.168 169.416 371.803 169.416
371.393 118.288 406.717 118.288 406.717 169.000 371.393 169.000
372.131 118.423 407.503 118.423 407.503 169.099 372.131 169.099
371.681 118.225 407.139 118.225 407.139 168.736 371.681 168.736
370.918 118.555 406.525 118.555 406.525 168.885 370.918 168.885
371.977 117.565 407.477 117.565 407.477 167.962 371.977 167.962
371.808 118.748 407.419 118.748 407.419 169.010 371.808 169.010
370.653 118.514 406.277 118.514 406.277 168.572 370.653 168.572
370.974 118.748 406.812 118.748 406.812 168.663 370.974 168.663
370.496 118.746 406.449 118.746 406.449 168.311 370.496 168.311
371.318 119.140 407.346 119.140 407.346 168.500 371.318 168.500
371.034 119.058 406.989 119.058 406.989 168.605 371.034 168.605
370.865 118.715 406.827 118.715 406.827 168.123 370.865 168.123
371.403 119.172 407.297 119.172 407.297 168.625 371.403 168.625
370.757 118.859 406.620 118.859 406.620 168.362 370.757 168.362
372.481 119.815 408.519 119.815 408.519 169.222 372.481 169.222
371.522 119.147 407.332 119.147 407.332 168.759 371.522 168.759
372.251 118.810 408.296 118.810 408.296 168.390 372.251 168.390
372.433 118.198 408.457 118.198 408.457 167.708 372.433 167.708
371.441 119.644 407.401 119.644 407.401 169.205 371.441 169.205
371.856 118.026 407.806 118.026 407.806 168.076 371.856 168.076
372.101 117.088 408.119 117.088 408.119 167.099 372.101 167.099
370.953 116.356 407.169 116.356 407.169 166.403 370.953 166.403
372.007 115.960 408.308 115.960 408.308 166.084 372.007 166.084
372.583 116.449 408.867 116.449 408.867 166.800 372.583 166.800
371.478 116.544 407.694 116.544 407.694 167.140 371.478 167.140
371.149 117.109 407.443 117.109 407.443 167.784 371.149 167.784
371.124 117.398 407.676 117.398 407.676 167.961 371.124 167.961
371.405 119.655 407.875 119.655 407.875 170.350 371.405 170.350
371.373 119.362 408.051 119.362 408.051 169.847 371.373 169.847
371.315 119.413 407.924 119.413 407.924 169.753 371.315 169.753
370.916 119.573 407.520 119.573 407.520 169.839 370.916 169.839
370.390 119.602 407.077 119.602 407.077 169.726 370.390 169.726
371.283 119.945 408.010 119.945 408.010 170.049 371.283 170.049
370.747 119.482 407.103 119.482 407.103 169.761 370.747 169.761
371.344 119.367 407.699 119.367 407.699 169.735 371.344 169.735
371.059 118.765 407.311 118.765 407.311 169.180 371.059 169.180
371.459 119.720 407.882 119.720 407.882 169.989 371.459 169.989
371.689 119.128 408.094 119.128 408.094 169.314 371.689 169.314
371.346 120.586 407.725 120.586 407.725 171.060 371.346 171.060
370.865 119.617 406.736 119.617 406.736 170.418 370.865 170.418
372.140 123.022 407.849 123.022 407.849 173.586 372.140 173.586
371.967 121.665 407.366 121.665 407.366 172.034 371.967 172.034
372.213 122.887 407.336 122.887 407.336 173.237 372.213 173.237
372.359 123.678 407.005 123.678 407.005 174.091 372.359 174.091
373.353 122.656 407.469 122.656 407.469 173.073 373.353 173.073
373.194 123.100 407.133 123.100 407.133 173.665 373.194 173.665
373.533 121.349 407.396 121.349 407.396 171.734 373.533 171.734
373.343 123.335 407.181 123.335 407.181 173.655 373.343 173.655
372.910 122.095 406.685 122.095 406.685 172.247 372.910 172.247
373.161 122.708 406.784 122.708 406.784 172.940 373.161 172.940
373.847 122.196 407.361 122.196 407.361 172.402 373.847 172.402
373.573 121.954 407.101 121.954 407.101 172.211 373.573 172.211
373.805 122.701 407.285 122.701 407.285 172.915 373.805 172.915
372.960 122.433 406.362 122.433 406.362 172.499 372.960 172.499
372.473 122.530 405.927 122.530 405.927 172.329 372.473 172.329
373.142 122.976 406.594 122.976 406.594 172.511 373.142 172.511
372.944 123.258 406.172 123.258 406.172 172.521 372.944 172.521
373.388 124.123 406.487 124.123 406.487 173.124 373.388 173.124
373.056 122.925 406.053 122.925 406.053 171.813 373.056 171.813
373.100 123.650 406.107 123.650 406.107 172.328 373.100 172.328
373.611 124.205 406.591 124.205 406.591 172.659 373.611 172.659
372.793 123.218 405.623 123.218 405.623 171.347 372.793 171.347
373.838 124.259 406.672 124.259 406.672 172.190 373.838 172.190
373.337 124.033 406.232 124.033 406.232 171.876 373.337 171.876
373.454 123.246 406.434 123.246 406.434 171.002 373.454 171.002
372.738 123.802 406.277 123.802 406.277 170.818 372.738 170.818
372.814 133.686 406.730 133.686 406.730 180.275 372.814 180.275
371.838 126.563 405.729 126.563 405.729 173.146 371.838 173.146
373.602 124.010 406.883 124.010 406.883 171.045 373.602 171.045
373.618 123.089 406.678 123.089 406.678 170.617 373.618 170.617
373.813 123.769 406.575 123.769 406.575 171.663 373.813 171.663
373.801 122.963 406.603 122.963 406.603 170.907 373.801 170.907
374.262 123.670 407.075 123.670 407.075 171.611 374.262 171.611
374.338 123.468 407.160 123.468 407.160 171.473 374.338 171.473
373.641 122.723 406.581 122.723 406.581 170.773 373.641 170.773
374.201 122.529 407.199 122.529 407.199 170.596 374.201 170.596
373.029 122.990 406.052 122.990 406.052 171.271 373.029 171.271
374.284 123.031 407.111 123.031 407.111 171.546 374.284 171.546
374.297 122.300 406.975 122.300 406.975 170.939 374.297 170.939
373.718 123.289 406.186 123.289 406.186 172.223 373.718 172.223
373.574 122.261 406.040 122.261 406.040 171.281 373.574 171.281
374.317 122.557 406.747 122.557 406.747 171.747 374.317 171.747
373.778 121.971 406.192 121.971 406.192 171.252 373.778 171.252
373.692 122.846 406.077 122.846 406.077 172.209 373.692 172.209
373.751 122.032 406.155 122.032 406.155 171.311 373.751 171.311
373.753 123.137 406.050 123.137 406.050 172.515 373.753 172.515
374.330 122.368 406.606 122.368 406.606 171.808 374.330 171.808
373.576 122.717 406.054 122.717 406.054 172.165 373.576 172.165
373.607 122.088 406.024 122.088 406.024 171.408 373.607 171.408
373.431 123.066 405.958 123.066 405.958 172.230 373.431 172.230
374.087 122.367 406.738 122.367 406.738 171.478 374.087 171.478
373.465 122.532 406.163 122.532 406.163 171.808 373.465 171.808
373.440 121.974 406.109 121.974 406.109 171.329 373.440 171.329
373.855 121.658 406.361 121.658 406.361 171.275 373.855 171.275
373.825 122.717 406.700 122.717 406.700 172.228 373.825 172.228
373.563 121.863 406.366 121.863 406.366 171.410 373.563 171.410
373.920 122.218 406.900 122.218 406.900 171.629 373.920 171.629
373.798 122.570 406.859 122.570 406.859 172.150 373.798 172.150
372.314 120.566 405.470 120.566 405.470 170.153 372.314 170.153
372.846 119.837 406.271 119.837 406.271 169.241 372.846 169.241
372.433 121.137 405.900 121.137 405.900 170.594 372.433 170.594
372.444 120.775 406.204 120.775 406.204 170.105 372.444 170.105
372.422 120.620 406.365 120.620 406.365 169.919 372.422 169.919
372.207 120.864 406.217 120.864 406.217 170.405 372.207 170.405
372.279 119.985 406.350 119.985 406.350 169.660 372.279 169.660
372.893 120.295 406.933 120.295 406.933 170.202 372.893 170.202
370.349 121.557 404.970 121.557 404.970 170.702 370.349 170.702
367.067 123.979 401.207 123.979 401.207 173.708 367.067 173.708
362.328 126.180 396.260 126.180 396.260 175.976 362.328 175.976
357.561 127.622 391.274 127.622 391.274 178.022 357.561 178.022
352.888 128.922 386.388 128.922 386.388 179.118 352.888 179.118
346.736 131.524 379.532 131.524 379.532 182.308 346.736 182.308
338.743 134.086 371.716 134.086 371.716 184.765 338.743 184.765
335.729 136.515 368.748 136.515 368.748 187.284 335.729 187.284
330.589 138.621 363.516 138.621 363.516 189.320 330.589 189.320
327.826 141.850 360.952 141.850 360.952 192.450 327.826 192.450
324.026 144.468 357.174 144.468 357.174 195.051 324.026 195.051
321.410 146.869 354.433 146.869 354.433 198.169 321.410 198.169
319.027 149.074 352.130 149.074 352.130 200.585 319.027 200.585
316.956 150.651 350.041 150.651 350.041 202.468 316.956 202.468
314.763 150.925 347.734 150.925 347.734 203.078 314.763 203.078
313.924 151.803 347.190 151.803 347.190 204.028 313.924 204.028
312.337 153.266 345.806 153.266 345.806 205.661 312.337 205.661
311.573 152.789 345.275 152.789 345.275 205.484 311.573 205.484
311.490 151.784 345.252 151.784 345.252 204.760 311.490 204.760
312.275 152.950 346.399 152.950 346.399 206.252 312.275 206.252
311.313 152.208 345.471 152.208 345.471 205.681 311.313 205.681
312.743 153.870 346.941 153.870 346.941 207.641 312.743 207.641
311.550 152.563 345.658 152.563 345.658 206.737 311.550 206.737
311.461 152.169 345.532 152.169 345.532 206.679 311.461 206.679
310.560 155.681 344.300 155.681 344.300 210.459 310.560 210.459
309.431 154.673 342.848 154.673 342.848 209.686 309.431 209.686
310.051 154.893 343.365 154.893 343.365 209.579 310.051 209.579
309.018 155.915 342.149 155.915 342.149 210.265 309.018 210.265
310.964 155.596 343.978 155.596 343.978 209.818 310.964 209.818
308.997 156.370 341.827 156.370 341.827 210.516 308.997 210.516
310.898 154.815 343.758 154.815 343.758 208.690 310.898 208.690
310.366 156.662 343.075 156.662 343.075 210.124 310.366 210.124
309.668 155.532 342.332 155.532 342.332 208.870 309.668 208.870
309.662 156.926 342.295 156.926 342.295 210.003 309.662 210.003
310.282 155.002 342.228 155.002 342.228 208.133 310.282 208.133
308.051 153.222 340.904 153.222 340.904 205.145 308.051 205.145
309.463 150.906 342.269 150.906 342.269 202.647 309.463 202.647
301.921 156.704 336.499 156.704 336.499 206.522 301.921 206.522
298.943 162.984 334.852 162.984 334.852 211.167 298.943 211.167
301.741 163.543 338.265 163.543 338.265 211.023 301.741 211.023
301.305 165.093 338.727 165.093 338.727 211.883 301.305 211.883
301.085 166.601 338.835 166.601 338.835 213.252 301.085 213.252
301.841 167.162 339.760 167.162 339.760 214.001 301.841 214.001
306.161 163.435 344.313 163.435 344.313 210.230 306.161 210.230
304.737 163.575 343.001 163.575 343.001 210.355 304.737 210.355
303.944 159.176 342.322 159.176 342.322 206.216 303.944 206.216
305.261 158.291 343.222 158.291 343.222 205.743 305.261 205.743
309.188 157.833 346.239 157.833 346.239 206.065 309.188 206.065
308.117 157.579 344.414 157.579 344.414 206.291 308.117 206.291
308.605 158.418 343.956 158.418 343.956 207.885 308.605 207.885
310.426 158.377 345.673 158.377 345.673 207.758 310.426 207.758
308.859 158.423 343.777 158.423 343.777 207.741 308.859 207.741
310.492 157.442 345.249 157.442 345.249 206.938 310.492 206.938
309.772 157.117 344.191 157.117 344.191 206.766 309.772 206.766
310.839 157.762 344.957 157.762 344.957 207.482 310.839 207.482
309.204 157.797 342.819 157.797 342.819 207.715 309.204 207.715
310.379 157.926 343.516 157.926 343.516 208.295 310.379 208.295
310.028 157.643 342.669 157.643 342.669 208.279 310.028 208.279
310.067 156.973 342.343 156.973 342.343 207.635 310.067 207.635
310.934 157.483 343.062 157.483 343.062 208.161 310.934 208.161
311.098 156.928 342.885 156.928 342.885 207.862 311.098 207.862
310.734 156.872 342.349 156.872 342.349 207.887 310.734 207.887
310.634 157.498 342.046 157.498 342.046 208.810 310.634 208.810
310.783 156.483 342.066 156.483 342.066 207.996 310.783 207.996
310.334 156.530 341.542 156.530 341.542 208.280 310.334 208.280
310.625 156.030 341.807 156.030 341.807 207.971 310.625 207.971
309.946 156.382 341.304 156.382 341.304 208.492 309.946 208.492
309.778 156.293 341.240 156.293 341.240 208.524 309.778 208.524
310.016 156.070 341.569 156.070 341.569 208.478 310.016 208.478
308.829 155.843 340.510 155.843 340.510 208.525 308.829 208.525
310.407 155.870 342.127 155.870 342.127 208.582 310.407 208.582
309.338 155.925 341.059 155.925 341.059 208.814 309.338 208.814
309.788 156.074 341.496 156.074 341.496 209.288 309.788 209.288
308.920 155.611 340.714 155.611 340.714 208.836 308.920 208.836
309.189 155.702 341.193 155.702 341.193 208.831 309.189 208.831
309.085 155.458 341.303 155.458 341.303 208.488 309.085 208.488
309.514 155.873 341.856 155.873 341.856 208.697 309.514 208.697
309.331 156.540 341.583 156.540 341.583 209.491 309.331 209.491
309.380 155.577 341.656 155.577 341.656 208.496 309.380 208.496
309.405 155.209 341.587 155.209 341.587 208.220 309.405 208.220
309.217 155.176 341.581 155.176 341.581 207.810 309.217 207.810
310.221 155.802 343.038 155.802 343.038 208.346 310.221 208.346
310.066 155.348 343.209 155.348 343.209 207.573 310.066 207.573
310.387 155.684 343.454 155.684 343.454 207.987 310.387 207.987
309.627 157.048 342.677 157.048 342.677 209.359 309.627 209.359
308.858 155.650 341.640 155.650 341.640 208.052 308.858 208.052
308.673 155.702 341.294 155.702 341.294 208.108 308.673 208.108
309.525 156.141 341.979 156.141 341.979 208.622 309.525 208.622
308.719 156.967 341.167 156.967 341.167 209.279 308.719 209.279
309.669 157.720 342.198 157.720 342.198 209.857 309.669 209.857
309.095 156.018 341.561 156.018 341.561 208.108 309.095 208.108
309.023 156.334 341.417 156.334 341.417 208.403 309.023 208.403
309.509 157.132 341.930 157.132 341.930 208.991 309.509 208.991
310.449 157.270 342.929 157.270 342.929 208.889 310.449 208.889
309.784 156.878 342.386 156.878 342.386 208.331 309.784 208.331
310.539 157.252 343.263 157.252 343.263 208.677 310.539 208.677
310.741 155.895 343.302 155.895 343.302 207.691 310.741 207.691
310.839 155.564 343.512 155.564 343.512 207.566 310.839 207.566
311.400 155.563 344.030 155.563 344.030 207.821 311.400 207.821
310.404 155.478 342.901 155.478 342.901 208.236 310.404 208.236
310.301 155.871 342.886 155.871 342.886 208.599 310.301 208.599
310.660 155.455 343.243 155.455 343.243 208.209 310.660 208.209
310.455 155.375 343.226 155.375 343.226 207.984 310.455 207.984
310.314 155.092 343.221 155.092 343.221 207.675 310.314 207.675
310.600 154.841 343.398 154.841 343.398 207.495 310.600 207.495
310.501 155.018 343.244 155.018 343.244 207.807 310.501 207.807
310.161 154.992 342.809 154.992 342.809 207.931 310.161 207.931
310.071 155.467 342.618 155.467 342.618 208.706 310.071 208.706
311.371 155.523 344.006 155.523 344.006 208.826 311.371 208.826
309.725 156.185 342.280 156.185 342.280 209.572 309.725 209.572
310.651 155.712 343.217 155.712 343.217 209.051 310.651 209.051
310.135 155.601 342.470 155.601 342.470 209.244 310.135 209.244
311.092 156.619 343.602 156.619 343.602 209.987 311.092 209.987
310.194 156.086 342.841 156.086 342.841 209.140 310.194 209.140
310.311 156.543 342.911 156.543 342.911 209.547 310.311 209.547
310.046 155.932 342.855 155.932 342.855 208.557 310.046 208.557
309.526 157.253 342.193 157.253 342.193 209.645 309.526 209.645
309.014 156.769 341.840 156.769 341.840 208.813 309.014 208.813
311.162 156.469 343.802 156.469 343.802 208.438 311.162 208.438
309.700 157.552 342.281 157.552 342.281 209.097 309.700 209.097
310.207 155.963 342.804 155.963 342.804 207.248 310.207 207.248
310.110 156.471 342.604 156.471 342.604 208.020 310.110 208.020
311.127 156.729 343.792 156.729 343.792 208.164 311.127 208.164
309.786 156.705 342.358 156.705 342.358 208.337 309.786 208.337
311.095 157.621 343.785 157.621 343.785 209.158 311.095 209.158
310.303 156.377 342.911 156.377 342.911 208.051 310.303 208.051
310.535 156.704 343.098 156.704 343.098 208.501 310.535 208.501
310.435 157.454 342.903 157.454 342.903 209.387 310.435 209.387
310.627 156.465 343.155 156.465 343.155 208.235 310.627 208.235
310.020 156.779 342.403 156.779 342.403 208.830 310.020 208.830
310.316 157.010 342.738 157.010 342.738 209.018 310.316 209.018
310.889 155.970 343.097 155.970 343.097 208.112 310.889 208.112
309.387 155.688 341.485 155.688 341.485 207.815 309.387 207.815
309.975 155.131 341.961 155.131 341.961 207.244 309.975 207.244
309.804 156.222 341.670 156.222 341.670 208.298 309.804 208.298
309.519 157.224 341.784 157.224 341.784 208.761 309.519 208.761
311.148 157.811 343.470 157.811 343.470 209.070 311.148 209.070
310.370 157.153 342.417 157.153 342.417 208.434 310.370 208.434
309.358 158.080 341.677 158.080 341.677 208.943 309.358 208.943
310.339 158.030 342.221 158.030 342.221 209.106 310.339 209.106
310.549 157.817 341.966 157.817 341.966 208.865 310.549 208.865
310.388 157.076 341.334 157.076 341.334 208.278 310.388 208.278
310.946 156.887 341.500 156.887 341.500 208.161 310.946 208.161
310.478 156.900 340.723 156.900 340.723 208.234 310.478 208.234
311.597 157.487 341.587 157.487 341.587 209.124 311.597 209.124
310.861 156.043 340.546 156.043 340.546 207.763 310.861 207.763
309.526 156.715 339.066 156.715 339.066 208.406 309.526 208.406
308.116 159.369 337.381 159.369 337.381 210.992 308.116 210.992
303.836 162.050 333.140 162.050 333.140 213.323 303.836 213.323
300.112 162.527 329.436 162.527 329.436 213.635 300.112 213.635
296.940 165.301 325.806 165.301 325.806 216.860 296.940 216.860
290.399 168.537 319.008 168.537 319.008 220.436 290.399 220.436
286.869 172.183 315.385 172.183 315.385 224.076 286.869 224.076
285.898 172.618 314.297 172.618 314.297 224.587 285.898 224.587
285.278 171.819 313.421 171.819 313.421 223.760 285.278 223.760
285.144 172.209 313.177 172.209 313.177 224.275 285.144 224.275
284.991 172.485 313.217 172.485 313.217 224.294 284.991 224.294
285.194 171.958 313.346 171.958 313.346 223.775 285.194 223.775
285.390 171.257 313.387 171.257 313.387 223.165 285.390 223.165
284.939 170.656 313.117 170.656 313.117 222.457 284.939 222.457
285.580 170.052 313.857 170.052 313.857 222.288 285.580 222.288
285.585 171.152 313.614 171.152 313.614 223.992 285.585 223.992
286.265 171.730 314.457 171.730 314.457 224.580 286.265 224.580
285.889 172.237 314.006 172.237 314.006 225.175 285.889 225.175
286.537 172.898 314.799 172.898 314.799 225.760 286.537 225.760
286.310 171.954 314.565 171.954 314.565 224.634 286.310 224.634
286.806 172.765 314.963 172.765 314.963 225.682 286.806 225.682
286.630 172.350 315.046 172.350 315.046 225.077 286.630 225.077
286.982 172.995 315.204 172.995 315.204 225.956 286.982 225.956
286.189 171.840 314.473 171.840 314.473 224.674 286.189 224.674
285.771 172.527 314.014 172.527 314.014 225.315 285.771 225.315
286.440 172.354 314.657 172.354 314.657 225.170 286.440 225.170
286.223 172.865 314.202 172.865 314.202 226.059 286.223 226.059
286.127 171.640 314.087 171.640 314.087 224.708 286.127 224.708
285.827 172.111 313.814 172.111 313.814 225.147 285.827 225.147
286.556 173.172 314.607 173.172 314.607 226.091 286.556 226.091
286.151 172.074 314.249 172.074 314.249 224.940 286.151 224.940
285.687 172.378 313.823 172.378 313.823 225.231 285.687 225.231
286.198 173.430 314.388 173.430 314.388 226.141 286.198 226.141
285.938 172.677 314.238 172.677 314.238 225.409 285.938 225.409
285.874 171.757 314.175 171.757 314.175 224.470 285.874 224.470
286.330 172.266 314.586 172.266 314.586 224.980 286.330 224.980
286.168 172.420 314.433 172.420 314.433 225.057 286.168 225.057
285.951 173.455 314.166 173.455 314.166 226.101 285.951 226.101
286.082 172.192 314.327 172.192 314.327 224.768 286.082 224.768
286.460 172.951 314.674 172.951 314.674 225.636 286.460 225.636
286.307 172.331 314.500 172.331 314.500 225.084 286.307 225.084
285.780 172.536 313.985 172.536 313.985 225.292 285.780 225.292
285.831 172.509 314.059 172.509 314.059 224.975 285.831 224.975
285.993 172.292 314.129 172.292 314.129 224.652 285.993 224.652
286.208 173.486 314.101 173.486 314.101 225.898 286.208 225.898
286.800 172.805 314.605 172.805 314.605 225.226 286.800 225.226
286.952 172.422 314.693 172.422 314.693 225.092 286.952 225.092
286.412 172.422 314.236 172.422 314.236 225.085 286.412 225.085
287.009 172.281 314.800 172.281 314.800 225.117 287.009 225.117
285.947 172.368 314.017 172.368 314.017 224.927 285.947 224.927
286.097 171.138 314.265 171.138 314.265 223.756 286.097 223.756
286.158 171.032 314.235 171.032 314.235 224.107 286.158 224.107
285.953 172.298 313.809 172.298 313.809 225.632 285.953 225.632
286.355 172.250 314.455 172.250 314.455 225.357 286.355 225.357
285.969 172.678 314.214 172.678 314.214 225.714 285.969 225.714
285.613 171.409 314.195 171.409 314.195 224.137 285.613 224.137
285.104 172.433 313.731 172.433 313.731 224.936 285.104 224.936
285.420 172.748 314.159 172.748 314.159 224.930 285.420 224.930
286.119 173.114 314.863 173.114 314.863 225.375 286.119 225.375
285.119 173.236 313.866 173.236 313.866 225.124 285.119 225.124
285.356 173.211 314.136 173.211 314.136 224.929 285.356 224.929
285.245 173.052 313.904 173.052 313.904 224.741 285.245 224.741
285.411 173.275 314.023 173.275 314.023 225.004 285.411 225.004
285.054 173.014 313.844 173.014 313.844 224.461 285.054 224.461
285.397 173.027 314.093 173.027 314.093 224.523 285.397 224.523
287.785 170.308 316.157 170.308 316.157 222.227 287.785 222.227
287.722 169.420 316.360 169.420 316.360 221.071 287.722 221.071
290.019 168.220 318.779 168.220 318.779 220.199 290.019 220.199
294.653 165.643 323.675 165.643 323.675 217.476 294.653 217.476
296.416 165.281 325.712 165.281 325.712 217.332 296.416 217.332
301.528 163.242 330.777 163.242 330.777 215.535 301.528 215.535
303.360 161.396 332.534 161.396 332.534 214.010 303.360 214.010
308.339 159.240 337.444 159.240 337.444 212.014 308.339 212.014
308.898 156.932 339.363 156.932 339.363 208.518 308.898 208.518
313.557 155.045 345.407 155.045 345.407 205.547 313.557 205.547
321.175 150.561 353.734 150.561 353.734 200.576 321.175 200.576
324.019 149.982 357.125 149.982 357.125 199.426 324.019 199.426
323.863 151.252 356.946 151.252 356.946 200.737 323.863 200.737
323.842 151.616 356.867 151.616 356.867 201.498 323.842 201.498
328.373 146.130 360.818 146.130 360.818 196.714 328.373 196.714
323.240 150.638 355.268 150.638 355.268 201.734 323.240 201.734
323.334 152.927 355.246 152.927 355.246 203.887 323.334 203.887
344.314 128.776 375.666 128.776 375.666 179.998 344.314 179.998
349.020 130.180 380.178 130.180 380.178 181.372 349.020 181.372
328.168 144.594 359.525 144.594 359.525 195.493 328.168 195.493
326.128 147.721 358.036 147.721 358.036 198.474 326.128 198.474
324.813 149.133 357.039 149.133 357.039 199.825 324.813 199.825
324.042 149.262 356.576 149.262 356.576 199.908 324.042 199.908
324.659 147.784 357.203 147.784 357.203 198.627 324.659 198.627
326.199 147.031 358.703 147.031 358.703 198.057 326.199 198.057
325.834 148.353 358.524 148.353 358.524 199.143 325.834 199.143
325.103 146.832 357.783 146.832 357.783 197.861 325.103 197.861
326.090 147.592 359.139 147.592 359.139 198.234 326.090 198.234
325.906 146.032 359.035 146.032 359.035 196.939 325.906 196.939
326.348 147.457 359.604 147.457 359.604 198.684 326.348 198.684
326.030 147.271 359.254 147.271 359.254 198.929 326.030 198.929
325.716 147.351 359.071 147.351 359.071 199.123 325.716 199.123
325.040 146.487 358.519 146.487 358.519 198.344 325.040 198.344
326.536 146.868 360.092 146.868 360.092 198.988 326.536 198.988
326.339 146.786 360.096 146.786 360.096 199.029 326.339 199.029
325.946 147.345 359.769 147.345 359.769 199.671 325.946 199.671
325.720 146.617 359.551 146.617 359.551 199.225 325.720 199.225
325.762 147.106 359.815 147.106 359.815 199.685 325.762 199.685
325.056 146.881 359.056 146.881 359.056 199.614 325.056 199.614
325.455 147.166 359.656 147.166 359.656 199.793 325.455 199.793
325.049 145.939 359.321 145.939 359.321 198.681 325.049 198.681
324.854 146.041 359.106 146.041 359.106 198.873 324.854 198.873
324.887 147.217 359.348 147.217 359.348 200.001 324.887 200.001
323.571 148.243 357.903 148.243 357.903 200.659 323.571 200.659
322.888 149.006 357.111 149.006 357.111 201.220 322.888 201.220
323.987 149.270 358.311 149.270 358.311 201.157 323.987 201.157
323.989 149.033 358.080 149.033 358.080 200.575 323.989 200.575
324.599 149.609 358.584 149.609 358.584 200.881 324.599 200.881
324.465 150.172 358.318 150.172 358.318 201.159 324.465 201.159
324.666 148.737 358.397 148.737 358.397 199.382 324.666 199.382
323.768 149.509 357.450 149.509 357.450 200.142 323.768 200.142
324.713 149.882 358.406 149.882 358.406 200.351 324.713 200.351
324.546 150.064 358.138 150.064 358.138 200.272 324.546 200.272
324.820 149.910 358.316 149.910 358.316 199.952 324.820 199.952
324.826 149.531 358.203 149.531 358.203 199.470 324.826 199.470
324.243 150.481 357.665 150.481 357.665 200.316 324.243 200.316
325.071 149.943 358.393 149.943 358.393 199.809 325.071 199.809
324.758 149.782 357.960 149.782 357.960 199.469 324.758 199.469
324.943 149.970 358.143 149.970 358.143 199.528 324.943 199.528
325.001 150.105 358.162 150.105 358.162 199.679 325.001 199.679
325.219 149.840 358.262 149.840 358.262 199.493 325.219 199.493
323.839 150.707 356.839 150.707 356.839 200.211 323.839 200.211
325.022 150.035 358.010 150.035 358.010 199.489 325.022 199.489
324.852 150.406 357.797 150.406 357.797 199.903 324.852 199.903
323.822 149.256 356.743 149.256 356.743 198.585 323.822 198.585
324.581 149.292 357.569 149.292 357.569 198.314 324.581 198.314
324.170 149.544 357.388 149.544 357.388 198.366 324.170 198.366
323.770 150.430 357.104 150.430 357.104 199.072 323.770 199.072
324.153 150.133 357.381 150.133 357.381 198.870 324.153 198.870
324.036 150.424 357.470 150.424 357.470 199.171 324.036 199.171
324.119 150.880 357.795 150.880 357.795 199.513 324.119 199.513
323.640 150.396 357.382 150.396 357.382 199.131 323.640 199.131
324.296 150.998 357.981 150.998 357.981 199.888 324.296 199.888
323.397 150.211 357.117 150.211 357.117 198.984 323.397 198.984
323.948 150.401 357.546 150.401 357.546 199.460 323.948 199.460
322.251 150.563 356.138 150.563 356.138 199.581 322.251 199.581
324.045 150.567 357.803 150.567 357.803 199.837 324.045 199.837
323.384 150.576 356.972 150.576 356.972 199.910 323.384 199.910
323.797 150.903 357.556 150.903 357.556 200.231 323.797 200.231
323.845 150.325 357.670 150.325 357.670 199.750 323.845 199.750
323.615 150.581 357.354 150.581 357.354 200.049 323.615 200.049
323.795 149.657 357.659 149.657 357.659 198.938 323.795 198.938
323.805 150.325 357.831 150.325 357.831 199.483 323.805 199.483
323.823 150.950 357.822 150.950 357.822 200.140 323.823 200.140
324.256 150.047 358.150 150.047 358.150 199.311 324.256 199.311
322.774 150.875 356.567 150.875 356.567 200.025 322.774 200.025
323.778 149.854 357.487 149.854 357.487 199.076 323.778 199.076
323.325 149.817 357.125 149.817 357.125 199.002 323.325 199.002
324.548 150.773 358.373 150.773 358.373 199.818 324.548 199.818
324.148 150.227 357.799 150.227 357.799 199.327 324.148 199.327
324.081 150.604 357.622 150.604 357.622 199.574 324.081 199.574
323.763 150.935 357.435 150.935 357.435 199.884 323.763 199.884
323.646 150.384 357.591 150.384 357.591 199.062 323.646 199.062
322.871 151.449 357.179 151.449 357.179 200.040 322.871 200.040
