377.000 78.000 448.000 78.000 448.000 126.000 377.000 126.000
377.188 75.745 448.566 75.745 448.566 123.712 377.188 123.712
378.987 75.773 450.640 75.773 450.640 123.940 378.987 123.940
382.556 74.889 454.610 74.889 454.610 123.147 382.556 123.147
383.724 74.989 456.174 74.989 456.174 123.609 383.724 123.609
385.756 74.651 458.686 74.651 458.686 123.323 385.756 123.323
388.766 74.155 462.283 74.155 462.283 122.746 388.766 122.746
391.169 73.543 464.919 73.543 464.919 122.301 391.169 122.301
393.156 73.047 466.749 73.047 466.749 122.189 393.156 122.189
398.621 73.257 472.180 73.257 472.180 122.272 398.621 122.272
403.354 72.240 476.716 72.240 476.716 121.280 403.354 121.280
408.539 71.837 481.496 71.837 481.496 121.521 408.539 121.521
413.892 71.657 486.816 71.657 486.816 121.585 413.892 121.585
413.547 70.977 486.026 70.977 486.026 121.443 413.547 121.443
416.508 70.611 488.844 70.611 488.844 121.365 416.508 121.365
418.326 69.951 490.541 69.951 490.541 121.246 418.326 121.246
420.721 72.822 492.724 72.822 492.724 123.893 420.721 123.893
422.982 70.588 494.499 70.588 494.499 121.811 422.982 121.811
426.409 69.389 497.585 69.389 497.585 120.823 426.409 120.823
426.571 72.149 497.590 72.149 497.590 123.312 426.571 123.312
430.270 69.848 500.794 69.848 500.794 121.098 430.270 121.098
431.205 69.577 501.476 69.577 501.476 121.142 431.205 121.142
433.523 69.187 503.371 69.187 503.371 121.025 433.523 121.025
436.510 68.831 506.020 68.831 506.020 120.576 436.510 120.576
440.082 66.740 507.889 66.740 507.889 119.440 440.082 119.440
440.042 68.335 507.751 68.335 507.751 120.709 440.042 120.709
444.054 68.103 511.384 68.103 511.384 119.996 444.054 119.996
446.462 65.798 512.122 65.798 512.122 118.783 446.462 118.783
449.343 65.619 513.782 65.619 513.782 119.342 449.343 119.342
451.883 65.089 514.791 65.089 514.791 119.578 451.883 119.578
452.713 64.762 514.710 64.762 514.710 119.611 452.713 119.611
456.650 64.056 517.949 64.056 517.949 118.918 456.650 118.918
457.265 64.889 517.855 64.889 517.855 119.970 457.265 119.970
461.073 63.563 521.186 63.563 521.186 118.524 461.073 118.524
461.546 64.552 521.110 64.552 521.110 119.477 461.546 119.477
464.520 64.648 523.533 64.648 523.533 119.559 464.520 119.559
464.754 63.719 523.350 63.719 523.350 118.448 464.754 118.448
467.405 65.860 525.550 65.860 525.550 120.306 467.405 120.306
469.823 64.530 527.550 64.530 527.550 118.783 469.823 118.783
470.751 65.351 528.154 65.351 528.154 119.465 470.751 119.465
474.028 65.136 531.118 65.136 531.118 118.841 474.028 118.841
472.274 65.344 528.495 65.344 528.495 119.067 472.274 119.067
475.740 63.841 531.414 63.841 531.414 117.441 475.740 117.441
476.654 65.177 532.130 65.177 532.130 118.491 476.654 118.491
478.163 65.465 533.083 65.465 533.083 118.830 478.163 118.830
480.291 64.165 534.787 64.165 534.787 117.432 480.291 117.432
480.566 63.539 534.553 63.539 534.553 116.968 480.566 116.968
483.261 63.778 536.774 63.778 536.774 117.327 483.261 117.327
484.072 63.770 537.198 63.770 537.198 117.478 484.072 117.478
485.074 63.126 537.860 63.126 537.860 116.591 485.074 116.591
485.230 65.370 537.571 65.370 537.571 118.731 485.230 118.731
488.479 64.004 540.438 64.004 540.438 117.206 488.479 117.206
488.183 64.334 539.847 64.334 539.847 117.461 488.183 117.461
490.798 64.341 542.183 64.341 542.183 117.168 490.798 117.168
490.750 65.235 541.878 65.235 541.878 117.953 490.750 117.953
491.414 65.212 542.611 65.212 542.611 117.217 491.414 117.217
493.617 65.214 544.374 65.214 544.374 117.325 493.617 117.325
493.379 64.577 544.054 64.577 544.054 116.190 493.379 116.190
494.538 64.856 544.730 64.856 544.730 116.549 494.538 116.549
494.602 64.906 544.268 64.906 544.268 116.707 494.602 116.707
496.541 64.117 545.738 64.117 545.738 115.803 496.541 115.803
496.646 64.696 545.386 64.696 545.386 116.720 496.646 116.720
496.942 64.848 545.321 64.848 545.321 116.729 496.942 116.729
498.707 63.515 546.913 63.515 546.913 115.140 498.707 115.140
499.809 63.908 547.502 63.908 547.502 115.696 499.809 115.696
499.746 63.954 547.166 63.954 547.166 115.531 499.746 115.531
502.171 64.110 549.293 64.110 549.293 115.519 502.171 115.519
502.187 64.528 549.081 64.528 549.081 115.873 502.187 115.873
503.983 64.054 550.781 64.054 550.781 115.011 503.983 115.011
503.466 63.407 549.885 63.407 549.885 114.238 503.466 114.238
506.179 63.044 552.415 63.044 552.415 113.723 506.179 113.723
506.357 63.575 552.052 63.575 552.052 114.429 506.357 114.429
509.623 63.855 554.756 63.855 554.756 114.984 509.623 114.984
507.870 64.871 552.854 64.871 552.854 115.592 507.870 115.592
511.802 63.581 556.768 63.581 556.768 113.671 511.802 113.671
510.272 64.947 554.718 64.947 554.718 115.328 510.272 115.328
512.972 63.982 557.357 63.982 557.357 113.698 512.972 113.698
513.293 64.277 557.367 64.277 557.367 114.186 513.293 114.186
515.018 64.296 558.850 64.296 558.850 114.222 515.018 114.222
515.246 63.220 559.415 63.220 559.415 112.402 515.246 112.402
515.883 63.004 560.167 63.004 560.167 111.821 515.883 111.821
515.906 63.924 560.353 63.924 560.353 112.314 515.906 112.314
519.110 63.297 563.787 63.297 563.787 111.141 519.110 111.141
517.733 64.147 562.864 64.147 562.864 111.331 517.733 111.331
519.403 64.385 564.444 64.385 564.444 111.468 519.403 111.468
520.635 63.336 565.500 63.336 565.500 110.220 520.635 110.220
521.487 63.032 566.266 63.032 566.266 109.954 521.487 109.954
521.536 63.199 566.215 63.199 566.215 110.116 521.536 110.116
522.658 62.955 567.149 62.955 567.149 109.954 522.658 109.954
523.300 62.778 567.712 62.778 567.712 109.827 523.300 109.827
524.995 61.573 569.252 61.573 569.252 108.697 524.995 108.697
524.649 62.358 568.997 62.358 568.997 109.205 524.649 109.205
525.809 61.667 569.930 61.667 569.930 108.746 525.809 108.746
527.347 61.981 571.277 61.981 571.277 108.856 527.347 108.856
528.221 62.349 571.890 62.349 571.890 109.163 528.221 109.163
528.353 62.236 571.928 62.236 571.928 109.062 528.353 109.062
529.002 61.993 572.251 61.993 572.251 108.928 529.002 108.928
530.641 61.557 573.964 61.557 573.964 108.318 530.641 108.318
531.889 61.592 574.950 61.592 574.950 108.328 531.889 108.328
531.955 62.263 574.936 62.263 574.936 108.905 531.955 108.905
532.845 62.440 575.647 62.440 575.647 109.097 532.845 109.097
533.646 61.766 576.564 61.766 576.564 108.227 533.646 108.227
534.850 61.488 577.655 61.488 577.655 107.734 534.850 107.734
536.417 60.559 579.248 60.559 579.248 106.700 536.417 106.700
535.937 60.643 578.807 60.643 578.807 106.646 535.937 106.646
537.825 60.095 580.676 60.095 580.676 105.694 537.825 105.694
538.215 60.857 580.843 60.857 580.843 106.473 538.215 106.473
539.933 60.281 582.556 60.281 582.556 105.925 539.933 105.925
540.479 60.371 583.044 60.371 583.044 105.936 540.479 105.936
541.416 60.499 584.071 60.499 584.071 106.139 541.416 106.139
541.911 59.703 584.746 59.703 584.746 105.417 541.911 105.417
543.550 59.591 586.418 59.591 586.418 105.510 543.550 105.510
544.184 59.157 587.011 59.157 587.011 105.194 544.184 105.194
544.391 59.145 587.206 59.145 587.206 105.506 544.391 105.506
545.942 59.222 588.590 59.222 588.590 105.920 545.942 105.920
547.854 58.244 590.639 58.244 590.639 105.058 547.854 105.058
548.360 58.916 591.397 58.916 591.397 105.780 548.360 105.780
549.813 58.314 593.113 58.314 593.113 105.201 549.813 105.201
551.359 57.896 594.900 57.896 594.900 104.672 551.359 104.672
551.231 58.704 595.229 58.704 595.229 105.550 551.231 105.550
553.018 57.350 597.021 57.350 597.021 104.328 553.018 104.328
552.692 57.447 596.926 57.447 596.926 104.298 552.692 104.298
553.550 57.640 597.611 57.640 597.611 104.512 553.550 104.512
554.556 58.274 598.302 58.274 598.302 105.695 554.556 105.695
555.575 58.178 599.272 58.178 599.272 105.584 555.575 105.584
556.364 57.942 599.843 57.942 599.843 105.488 556.364 105.488
555.908 57.521 599.068 57.521 599.068 105.327 555.908 105.327
556.351 57.882 599.014 57.882 599.014 106.113 556.351 106.113
557.035 57.453 599.306 57.453 599.306 105.936 557.035 105.936
558.060 56.938 599.974 56.938 599.974 105.827 558.060 105.827
557.790 57.497 599.319 57.497 599.319 106.753 557.790 106.753
557.393 56.965 598.867 56.965 598.867 106.172 557.393 106.172
558.480 55.981 599.962 55.981 599.962 104.818 558.480 104.818
556.769 56.101 598.329 56.101 598.329 104.779 556.769 104.779
557.063 55.725 598.153 55.725 598.153 105.116 557.063 105.116
557.443 55.496 598.494 55.496 598.494 105.230 557.443 105.230
557.839 52.600 598.374 52.600 598.374 102.612 557.839 102.612
560.209 55.384 599.122 55.384 599.122 107.369 560.209 107.369
560.852 54.270 600.304 54.270 600.304 105.907 560.852 105.907
561.868 53.618 601.930 53.618 601.930 104.784 561.868 104.784
561.661 52.683 602.374 52.683 602.374 103.153 561.661 103.153
562.728 55.630 604.310 55.630 604.310 105.099 562.728 105.099
563.903 54.568 606.292 54.568 606.292 103.195 563.903 103.195
565.779 56.842 608.591 56.842 608.591 104.931 565.779 104.931
565.382 56.630 608.733 56.630 608.733 104.162 565.382 104.162
564.708 56.121 608.670 56.121 608.670 103.154 564.708 103.154
564.492 55.664 609.233 55.664 609.233 102.143 564.492 102.143
564.541 55.616 609.531 55.616 609.531 102.087 564.541 102.087
564.183 56.057 609.355 56.057 609.355 102.669 564.183 102.669
564.948 55.617 610.644 55.617 610.644 102.101 564.948 102.101
568.282 56.682 613.325 56.682 613.325 103.566 568.282 103.566
568.944 55.782 613.838 55.782 613.838 102.698 568.944 102.698
570.389 54.981 615.273 54.981 615.273 101.898 570.389 101.898
570.246 54.343 614.787 54.343 614.787 101.326 570.246 101.326
571.986 53.939 616.075 53.939 616.075 101.333 571.986 101.333
571.797 53.247 615.414 53.247 615.414 101.011 571.797 101.011
573.209 52.819 616.484 52.819 616.484 100.748 573.209 100.748
573.559 52.953 616.654 52.953 616.654 100.846 573.559 100.846
574.743 52.395 617.604 52.395 617.604 100.349 574.743 100.349
575.587 52.231 618.085 52.231 618.085 100.346 575.587 100.346
576.704 51.969 619.206 51.969 619.206 99.824 576.704 99.824
576.717 52.628 619.140 52.628 619.140 100.106 576.717 100.106
577.235 51.725 619.347 51.725 619.347 99.472 577.235 99.472
578.123 52.240 620.000 52.240 620.000 99.839 578.123 99.839
578.214 52.273 619.950 52.273 619.950 99.710 578.214 99.710
579.143 51.395 620.552 51.395 620.552 99.015 579.143 99.015
580.308 51.049 621.631 51.049 621.631 98.486 580.308 98.486
580.357 51.933 621.494 51.933 621.494 99.161 580.357 99.161
581.702 51.557 622.463 51.557 622.463 98.902 581.702 98.902
581.613 51.714 622.161 51.714 622.161 98.954 581.613 98.954
582.596 51.500 623.102 51.500 623.102 98.480 582.596 98.480
582.355 51.335 622.506 51.335 622.506 98.289 582.355 98.289
583.138 50.564 623.303 50.564 623.303 97.396 583.138 97.396
583.992 50.829 623.955 50.829 623.955 97.765 583.992 97.765
584.125 50.214 624.017 50.214 624.017 96.944 584.125 96.944
584.946 49.911 624.877 49.911 624.877 96.487 584.946 96.487
585.753 49.376 625.591 49.376 625.591 95.764 585.753 95.764
585.705 49.528 625.297 49.528 625.297 95.903 585.705 95.903
586.263 50.029 625.684 50.029 625.684 96.396 586.263 96.396
587.149 49.612 626.713 49.612 626.713 95.776 587.149 95.776
587.390 50.286 626.789 50.286 626.789 96.624 587.390 96.624
587.791 50.219 627.257 50.219 627.257 96.581 587.791 96.581
588.398 49.654 627.928 49.654 627.928 95.929 588.398 95.929
589.438 49.585 628.933 49.585 628.933 95.774 589.438 95.774
589.807 49.501 629.069 49.501 629.069 96.007 589.807 96.007
591.197 50.110 630.410 50.110 630.410 96.893 591.197 96.893
592.379 50.354 632.148 50.354 632.148 96.814 592.379 96.814
592.583 49.867 632.482 49.867 632.482 96.038 592.583 96.038
592.764 49.952 632.670 49.952 632.670 96.284 592.764 96.284
592.552 49.944 632.440 49.944 632.440 96.255 592.552 96.255
593.010 49.787 632.950 49.787 632.950 96.107 593.010 96.107
595.367 47.623 633.236 47.623 633.236 96.421 595.367 96.421
597.496 47.129 633.557 47.129 633.557 98.061 597.496 98.061
598.961 45.991 633.578 45.991 633.578 98.679 598.961 98.679
599.713 45.092 633.274 45.092 633.274 98.864 599.713 98.864
600.909 44.162 633.728 44.162 633.728 98.843 600.909 98.843
602.081 45.789 634.569 45.789 634.569 100.802 602.081 100.802
596.940 41.880 630.885 41.880 630.885 95.234 596.940 95.234
602.416 44.994 635.992 44.994 635.992 98.662 602.416 98.662
601.552 44.989 634.899 44.989 634.899 98.854 601.552 98.854
601.320 43.384 634.367 43.384 634.367 97.411 601.320 97.411
585.537 40.281 618.292 40.281 618.292 94.765 585.537 94.765
591.270 39.771 623.878 39.771 623.878 94.567 591.270 94.567
591.443 37.879 623.726 37.879 623.726 93.033 591.443 93.033
593.245 38.600 625.225 38.600 625.225 94.336 593.245 94.336
593.931 39.666 625.841 39.666 625.841 95.831 593.931 95.831
596.070 37.317 627.524 37.317 627.524 94.258 596.070 94.258
602.188 38.450 633.205 38.450 633.205 96.191 602.188 96.191
603.281 41.256 634.026 41.256 634.026 99.511 603.281 99.511
604.568 39.423 634.872 39.423 634.872 98.492 604.568 98.492
604.631 38.392 634.422 38.392 634.422 98.362 604.631 98.362
605.607 37.593 635.062 37.593 635.062 98.112 605.607 98.112
606.000 37.418 635.081 37.418 635.081 98.548 606.000 98.548
606.850 34.694 635.516 34.694 635.516 96.271 606.850 96.271
607.758 35.550 636.254 35.550 636.254 97.190 607.758 97.190
608.787 36.008 637.171 36.008 637.171 97.624 608.787 97.624
608.709 34.174 637.177 34.174 637.177 95.804 608.709 95.804
608.994 36.553 637.444 36.553 637.444 98.141 608.994 98.141
608.584 35.086 637.006 35.086 637.006 96.704 608.584 96.704
609.100 37.642 637.498 37.642 637.498 99.292 609.100 99.292
609.503 36.918 637.675 36.918 637.675 98.845 609.503 98.845
606.362 43.092 634.628 43.092 634.628 105.016 606.362 105.016
607.991 43.022 636.253 43.022 636.253 104.962 607.991 104.962
609.784 33.615 637.867 33.615 637.867 95.911 609.784 95.911
610.578 35.491 638.549 35.491 638.549 97.992 610.578 97.992
