173.000 96.000 193.000 96.000 193.000 121.000 173.000 121.000
172.903 94.469 192.586 94.469 192.586 119.426 172.903 119.426
171.821 95.584 191.329 95.584 191.329 120.610 171.821 120.610
171.493 94.573 190.881 94.573 190.881 119.603 171.493 119.603
171.211 95.902 190.436 95.902 190.436 120.904 171.211 120.904
169.566 99.515 188.606 99.515 188.606 124.639 169.566 124.639
168.971 101.436 187.869 101.436 187.869 126.576 168.971 126.576
166.864 104.117 185.680 104.117 185.680 129.199 166.864 129.199
166.017 106.826 184.862 106.826 184.862 131.723 166.017 131.723
165.512 109.518 184.461 109.518 184.461 134.205 165.512 134.205
163.896 112.916 182.716 112.916 182.716 137.640 163.896 137.640
163.280 114.873 182.055 114.873 182.055 139.569 163.280 139.569
161.492 118.274 180.251 118.274 180.251 142.961 161.492 142.961
161.123 118.540 179.847 118.540 179.847 143.301 161.123 143.301
159.882 121.080 178.626 121.080 178.626 145.797 159.882 145.797
159.245 122.007 178.067 122.007 178.067 146.605 159.245 146.605
159.105 122.210 177.805 122.210 177.805 146.921 159.105 146.921
158.677 124.165 177.243 124.165 177.243 149.070 158.677 149.070
158.403 125.487 177.090 125.487 177.090 150.234 158.403 150.234
157.889 125.525 176.639 125.525 176.639 150.115 157.889 150.115
158.206 126.378 176.872 126.378 176.872 150.987 158.206 150.987
157.669 126.571 176.434 126.571 176.434 151.053 157.669 151.053
158.033 126.926 176.783 126.926 176.783 151.282 158.033 151.282
157.935 126.919 176.824 126.919 176.824 151.149 157.935 151.149
158.799 125.865 177.681 125.865 177.681 150.126 158.799 150.126
158.626 123.978 177.586 123.978 177.586 147.915 158.626 147.915
158.756 122.601 177.708 122.601 177.708 146.586 158.756 146.586
158.636 121.877 177.389 121.877 177.389 145.976 158.636 145.976
158.680 118.829 177.530 118.829 177.530 142.643 158.680 142.643
157.951 118.236 176.661 118.236 176.661 142.070 157.951 142.070
158.489 116.266 176.924 116.266 176.924 140.089 158.489 140.089
158.071 115.651 176.630 115.651 176.630 139.231 158.071 139.231
158.237 113.198 176.737 113.198 176.737 136.654 158.237 136.654
156.896 111.209 175.548 111.209 175.548 134.638 156.896 134.638
156.972 109.193 175.341 109.193 175.341 132.686 156.972 132.686
155.718 109.345 174.185 109.345 174.185 132.824 155.718 132.824
155.861 108.804 174.437 108.804 174.437 132.117 155.861 132.117
155.142 109.106 173.709 109.106 173.709 132.405 155.142 132.405
154.689 110.050 173.307 110.050 173.307 133.316 154.689 133.316
154.471 111.027 173.031 111.027 173.031 134.236 154.471 134.236
153.972 111.867 172.548 111.867 172.548 135.006 153.972 135.006
152.805 113.287 171.389 113.287 171.389 136.309 152.805 136.309
153.210 115.540 171.780 115.540 171.780 138.673 153.210 138.673
152.726 117.792 171.227 117.792 171.227 141.019 152.726 141.019
152.631 120.397 171.132 120.397 171.132 143.767 152.631 143.767
151.686 123.397 170.512 123.397 170.512 146.593 151.686 146.593
151.403 125.940 170.341 125.940 170.341 149.106 151.403 149.106
151.873 127.742 170.634 127.742 170.634 151.031 151.873 151.031
152.606 132.768 171.441 132.768 171.441 155.961 152.606 155.961
152.762 134.243 171.670 134.243 171.670 157.212 152.762 157.212
152.731 136.688 171.422 136.688 171.422 159.826 152.731 159.826
153.446 139.009 172.086 139.009 172.086 161.998 153.446 161.998
154.092 140.291 172.683 140.291 172.683 163.229 154.092 163.229
154.663 142.634 173.306 142.634 173.306 165.380 154.663 165.380
155.584 144.734 174.278 144.734 174.278 167.317 155.584 167.317
156.005 146.247 174.835 146.247 174.835 168.609 156.005 168.609
156.888 147.651 175.642 147.651 175.642 169.998 156.888 169.998
157.603 148.220 176.368 148.220 176.368 170.523 157.603 170.523
157.801 149.149 176.423 149.149 176.423 171.417 157.801 171.417
158.257 150.511 177.040 150.511 177.040 172.517 158.257 172.517
159.163 151.772 177.908 151.772 177.908 173.689 159.163 173.689
159.569 153.035 178.090 153.035 178.090 175.233 159.569 175.233
161.031 154.264 179.379 154.264 179.379 176.561 161.031 176.561
160.660 155.416 179.057 155.416 179.057 177.653 160.660 177.653
161.455 157.240 179.885 157.240 179.885 179.273 161.455 179.273
160.996 158.441 179.449 158.441 179.449 180.283 160.996 180.283
161.925 160.544 180.176 160.544 180.176 182.622 161.925 182.622
162.424 161.513 180.784 161.513 180.784 183.358 162.424 183.358
162.374 163.104 180.801 163.104 180.801 184.726 162.374 184.726
162.769 162.811 181.073 162.811 181.073 184.626 162.769 184.626
162.261 163.198 180.496 163.198 180.496 185.029 162.261 185.029
162.365 163.300 180.711 163.300 180.711 185.029 162.365 185.029
162.280 162.682 180.571 162.682 180.571 184.342 162.280 184.342
161.719 162.013 180.097 162.013 180.097 183.605 161.719 183.605
162.101 161.250 180.214 161.250 180.214 182.952 162.101 182.952
161.918 159.296 180.014 159.296 180.014 180.902 161.918 180.902
162.218 156.886 180.236 156.886 180.236 178.371 162.218 178.371
162.062 154.246 180.115 154.246 180.115 175.550 162.062 175.550
161.560 149.027 179.648 149.027 179.648 170.166 161.560 170.166
160.742 146.997 178.893 146.997 178.893 168.015 160.742 168.015
160.257 146.385 178.314 146.385 178.314 167.326 160.257 167.326
159.895 146.244 177.857 146.244 177.857 167.227 159.895 167.227
160.267 146.523 178.290 146.523 178.290 167.453 160.267 167.453
159.364 147.523 177.469 147.523 177.469 168.470 159.364 168.470
159.419 148.827 177.489 148.827 177.489 169.934 159.419 169.934
158.899 150.415 176.859 150.415 176.859 171.641 158.899 171.641
158.642 152.248 176.611 152.248 176.611 173.651 158.642 173.651
158.569 154.342 176.539 154.342 176.539 175.770 158.569 175.770
158.165 159.058 175.984 159.058 175.984 180.845 158.165 180.845
158.281 160.938 176.015 160.938 176.015 182.838 158.281 182.838
158.676 166.485 176.473 166.485 176.473 188.318 158.676 188.318
158.754 168.132 176.656 168.132 176.656 189.969 158.754 189.969
158.934 171.794 176.949 171.794 176.949 193.429 158.934 193.429
158.378 176.172 176.400 176.172 176.400 197.978 158.378 197.978
158.435 179.973 176.530 179.973 176.530 201.674 158.435 201.674
158.606 184.541 176.794 184.541 176.794 206.206 158.606 206.206
159.228 185.746 177.452 185.746 177.452 207.422 159.228 207.422
159.675 186.872 177.912 186.872 177.912 208.558 159.675 208.558
161.033 187.339 179.122 187.339 179.122 209.068 161.033 209.068
161.508 187.223 179.653 187.223 179.653 208.743 161.508 208.743
162.307 187.229 180.339 187.229 180.339 208.675 162.307 208.675
163.696 186.376 181.723 186.376 181.723 207.746 163.696 207.746
164.321 185.349 182.325 185.349 182.325 206.635 164.321 206.635
165.563 184.573 183.624 184.573 183.624 205.707 165.563 205.707
165.868 183.765 183.873 183.765 183.873 204.989 165.868 204.989
165.999 182.665 183.988 182.665 183.988 203.783 165.999 203.783
166.957 182.076 185.004 182.076 185.004 202.918 166.957 202.918
167.445 181.617 185.473 181.617 185.473 202.339 167.445 202.339
167.503 181.302 185.486 181.302 185.486 201.856 167.503 201.856
167.372 180.926 185.414 180.926 185.414 201.375 167.372 201.375
167.786 181.367 185.777 181.367 185.777 201.857 167.786 201.857
167.627 182.026 185.514 182.026 185.514 202.455 167.627 202.455
167.695 183.277 185.619 183.277 185.619 203.828 167.695 203.828
168.045 184.029 185.863 184.029 185.863 204.703 168.045 204.703
167.975 185.208 185.866 185.208 185.866 205.875 167.975 205.875
167.684 185.900 185.555 185.900 185.555 206.781 167.684 206.781
167.734 186.140 185.585 186.140 185.585 207.174 167.734 207.174
167.953 186.628 185.594 186.628 185.594 208.068 167.953 208.068
168.289 187.838 185.852 187.838 185.852 209.437 168.289 209.437
168.060 189.064 185.539 189.064 185.539 210.733 168.060 210.733
167.364 189.078 185.034 189.078 185.034 210.830 167.364 210.830
167.636 188.894 185.450 188.894 185.450 210.729 167.636 210.729
167.510 187.243 185.377 187.243 185.377 208.961 167.510 208.961
167.836 185.893 185.638 185.893 185.638 207.564 167.836 207.564
167.745 184.246 185.644 184.246 185.644 205.908 167.745 205.908
167.316 181.453 185.266 181.453 185.266 203.092 167.316 203.092
167.413 179.279 185.369 179.279 185.369 200.823 167.413 200.823
167.419 176.471 185.472 176.471 185.472 197.993 167.419 197.993
167.331 174.124 185.376 174.124 185.376 195.515 167.331 195.515
167.510 172.110 185.498 172.110 185.498 193.613 167.510 193.613
167.346 171.617 185.336 171.617 185.336 193.222 167.346 193.222
167.258 170.874 185.299 170.874 185.299 192.665 167.258 192.665
167.195 171.291 185.344 171.291 185.344 193.092 167.195 193.092
167.254 171.482 185.334 171.482 185.334 193.447 167.254 193.447
167.757 172.461 185.789 172.461 185.789 194.632 167.757 194.632
167.660 173.534 185.855 173.534 185.855 195.611 167.660 195.611
168.178 177.679 186.385 177.679 186.385 199.805 168.178 199.805
168.715 179.033 186.977 179.033 186.977 201.164 168.715 201.164
168.893 181.305 187.313 181.305 187.313 203.493 168.893 203.493
169.138 185.930 187.832 185.930 187.832 208.123 169.138 208.123
169.681 187.875 188.370 187.875 188.370 210.442 169.681 210.442
169.943 190.670 188.772 190.670 188.772 213.367 169.943 213.367
170.513 192.441 189.518 192.441 189.518 215.086 170.513 215.086
171.381 194.590 190.705 194.590 190.705 217.165 171.381 217.165
172.259 196.932 191.801 196.932 191.801 219.547 172.259 219.547
172.953 199.022 192.692 199.022 192.692 221.689 172.953 221.689
174.310 199.607 194.249 199.607 194.249 222.314 174.310 222.314
175.012 201.273 195.081 201.273 195.081 223.990 175.012 223.990
176.237 202.289 196.409 202.289 196.409 224.849 176.237 224.849
177.480 203.301 197.784 203.301 197.784 225.717 177.480 225.717
179.107 203.652 199.563 203.652 199.563 225.762 179.107 225.762
180.033 203.056 200.335 203.056 200.335 225.283 180.033 225.283
181.055 201.851 201.287 201.851 201.287 224.007 181.055 224.007
181.978 200.686 202.241 200.686 202.241 222.589 181.978 222.589
182.893 198.953 203.245 198.953 203.245 220.680 182.893 220.680
184.086 197.517 204.573 197.517 204.573 219.012 184.086 219.012
185.356 195.317 205.600 195.317 205.600 217.037 185.356 217.037
186.818 193.746 207.104 193.746 207.104 215.587 186.818 215.587
188.068 190.909 208.319 190.909 208.319 212.747 188.068 212.747
188.704 189.808 208.746 189.808 208.746 211.731 188.704 211.731
190.254 189.325 210.296 189.325 210.296 211.194 190.254 211.194
191.273 189.051 211.184 189.051 211.184 210.851 191.273 210.851
192.340 189.334 212.194 189.334 212.194 211.033 192.340 211.033
192.548 189.133 212.188 189.133 212.188 210.858 192.548 210.858
193.426 189.081 213.048 189.081 213.048 210.646 193.426 210.646
193.859 189.718 213.469 189.718 213.469 211.229 193.859 211.229
194.039 190.410 213.709 190.410 213.709 211.760 194.039 211.760
194.762 192.036 214.412 192.036 214.412 213.444 194.762 213.444
195.746 193.190 215.438 193.190 215.438 214.621 195.746 214.621
196.427 194.368 216.089 194.368 216.089 215.807 196.427 215.807
196.420 196.035 216.054 196.035 216.054 217.570 196.420 217.570
196.590 198.345 216.394 198.345 216.394 219.803 196.590 219.803
196.344 200.315 216.165 200.315 216.165 221.719 196.344 221.719
196.132 201.948 216.045 201.948 216.045 223.262 196.132 223.262
195.811 204.326 215.876 204.326 215.876 225.411 195.811 225.411
195.178 206.181 215.262 206.181 215.262 227.177 195.178 227.177
194.901 206.964 214.969 206.964 214.969 227.962 194.901 227.962
193.995 208.294 214.001 208.294 214.001 229.156 193.995 229.156
193.569 208.898 213.583 208.898 213.583 229.649 193.569 229.649
192.785 209.443 212.667 209.443 212.667 230.243 192.785 230.243
192.137 209.878 212.054 209.878 212.054 230.505 192.137 230.505
191.671 209.470 211.387 209.470 211.387 230.089 191.671 230.089
190.561 208.684 210.142 208.684 210.142 229.305 190.561 229.305
190.209 208.073 209.571 208.073 209.571 228.926 190.209 228.926
189.671 207.147 208.821 207.147 208.821 227.965 189.671 227.965
188.428 206.294 207.436 206.294 207.436 227.102 188.428 227.102
187.381 205.073 206.455 205.073 206.455 225.744 187.381 225.744
186.381 204.306 205.443 204.306 205.443 225.044 186.381 225.044
185.707 203.502 204.758 203.502 204.758 224.346 185.707 224.346
184.081 201.120 203.129 201.120 203.129 221.986 184.081 221.986
182.825 198.054 201.844 198.054 201.844 218.902 182.825 218.902
181.377 196.618 200.296 196.618 200.296 217.599 181.377 217.599
180.483 195.527 199.286 195.527 199.286 216.613 180.483 216.613
179.296 192.770 198.036 192.770 198.036 213.982 179.296 213.982
177.986 191.464 196.658 191.464 196.658 212.688 177.986 212.688
177.279 189.983 195.827 189.983 195.827 211.354 177.279 211.354
176.467 187.134 195.042 187.134 195.042 208.640 176.467 208.640
175.958 185.453 194.569 185.453 194.569 207.005 175.958 207.005
174.828 184.413 193.569 184.413 193.569 205.847 174.828 205.847
174.251 183.396 192.871 183.396 192.871 204.962 174.251 204.962
173.365 181.930 191.867 181.930 191.867 203.686 173.365 203.686
172.270 180.349 190.882 180.349 190.882 201.995 172.270 201.995
171.528 178.904 190.193 178.904 190.193 200.579 171.528 200.579
170.105 178.204 188.822 178.204 188.822 199.877 170.105 199.877
169.061 178.351 187.714 178.351 187.714 200.084 169.061 200.084
168.674 178.446 187.445 178.446 187.445 200.098 168.674 200.098
167.492 178.341 186.338 178.341 186.338 199.831 167.492 199.831
166.944 179.065 185.869 179.065 185.869 200.481 166.944 200.481
166.403 179.571 185.355 179.571 185.355 201.025 166.403 201.025
165.693 180.910 184.688 180.910 184.688 202.321 165.693 202.321
165.202 182.084 184.119 182.084 184.119 203.647 165.202 203.647
165.465 183.402 184.302 183.402 184.302 204.997 165.465 204.997
164.922 185.554 183.760 185.554 183.760 207.205 164.922 207.205
164.066 186.806 182.865 186.806 182.865 208.487 164.066 208.487
163.304 188.550 182.130 188.550 182.130 210.351 163.304 210.351
162.428 190.040 181.410 190.040 181.410 211.820 162.428 211.820
162.393 192.014 181.434 192.014 181.434 213.805 162.393 213.805
161.683 192.789 180.721 192.789 180.721 214.641 161.683 214.641
160.385 192.822 179.604 192.822 179.604 214.521 160.385 214.521
160.351 193.279 179.573 193.279 179.573 214.934 160.351 214.934
160.067 193.027 179.278 193.027 179.278 214.771 160.067 214.771
160.653 192.678 179.968 192.678 179.968 214.472 160.653 214.472
160.934 192.222 180.084 192.222 180.084 214.138 160.934 214.138
161.003 191.239 179.976 191.239 179.976 213.362 161.003 213.362
161.472 189.907 180.335 189.907 180.335 212.308 161.472 212.308
161.956 189.182 180.818 189.182 180.818 211.565 161.956 211.565
162.092 188.299 180.926 188.299 180.926 210.661 162.092 210.661
162.403 187.346 181.256 187.346 181.256 209.669 162.403 209.669
162.654 186.219 181.303 186.219 181.303 208.690 162.654 208.690
163.146 184.729 181.758 184.729 181.758 207.231 163.146 207.231
163.524 183.211 182.093 183.211 182.093 205.836 163.524 205.836
163.444 182.017 182.019 182.017 182.019 204.580 163.444 204.580
163.754 181.971 182.466 181.971 182.466 204.404 163.754 204.404
164.012 181.594 182.639 181.594 182.639 204.063 164.012 204.063
164.242 181.605 183.051 181.605 183.051 203.842 164.242 203.842
164.675 182.383 183.508 182.383 183.508 204.411 164.675 204.411
164.408 182.862 183.316 182.862 183.316 204.838 164.408 204.838
165.209 183.495 184.056 183.495 184.056 205.389 165.209 205.389
165.007 184.593 183.937 184.593 183.937 206.444 165.007 206.444
164.828 185.696 183.830 185.696 183.830 207.536 164.828 207.536
164.782 187.055 183.798 187.055 183.798 208.781 164.782 208.781
163.988 187.811 183.047 187.811 183.047 209.487 163.988 209.487
163.781 188.759 182.846 188.759 182.846 210.410 163.781 210.410
163.329 189.017 182.371 189.017 182.371 210.684 163.329 210.684
162.849 189.861 181.982 189.861 181.982 211.348 162.849 211.348
162.315 189.740 181.538 189.740 181.538 211.241 162.315 211.241
162.251 189.880 181.516 189.880 181.516 211.422 162.251 211.422
161.682 188.754 180.777 188.754 180.777 210.426 161.682 210.426
161.050 188.011 180.045 188.011 180.045 209.882 161.050 209.882
160.977 187.491 179.907 187.491 179.907 209.669 160.977 209.669
161.121 186.090 179.976 186.090 179.976 208.264 161.121 208.264
161.286 184.641 179.986 184.641 179.986 207.103 161.286 207.103
161.085 183.161 179.794 183.161 179.794 205.727 161.085 205.727
161.936 181.322 180.574 181.322 180.574 203.962 161.936 203.962
163.109 179.421 181.779 179.421 181.779 202.067 163.109 202.067
163.144 178.423 181.953 178.423 181.953 200.891 163.144 200.891
164.053 178.051 182.947 178.051 182.947 200.444 164.053 200.444
165.108 178.380 184.072 178.380 184.072 200.631 165.108 200.631
165.589 178.809 184.394 178.809 184.394 201.001 165.589 201.001
166.740 180.330 185.790 180.330 185.790 202.196 166.740 202.196
167.723 182.038 186.893 182.038 186.893 203.741 167.723 203.741
169.183 184.073 188.527 184.073 188.527 205.699 169.183 205.699
171.322 185.966 190.854 185.966 190.854 207.577 171.322 207.577
173.079 187.356 192.678 187.356 192.678 208.938 173.079 208.938
175.130 189.141 194.805 189.141 194.805 210.648 175.130 210.648
176.911 190.763 196.584 190.763 196.584 212.226 176.911 212.226
178.614 192.274 198.262 192.274 198.262 213.613 178.614 213.613
180.603 192.672 200.351 192.672 200.351 214.128 180.603 214.128
182.567 193.496 202.327 193.496 202.327 215.032 182.567 215.032
186.608 194.011 206.294 194.011 206.294 215.718 186.608 215.718
187.677 194.662 207.324 194.662 207.324 216.566 187.677 216.566
189.333 195.039 209.034 195.039 209.034 216.987 189.333 216.987
191.215 195.419 210.959 195.419 210.959 217.223 191.215 217.223
193.117 195.641 213.087 195.641 213.087 217.272 193.117 217.272
195.382 195.952 215.463 195.952 215.463 217.471 195.382 217.471
197.684 194.751 217.774 194.751 217.774 216.310 197.684 216.310
199.841 194.547 220.019 194.547 220.019 216.219 199.841 216.219
201.471 194.525 221.738 194.525 221.738 215.982 201.471 215.982
205.767 194.237 225.956 194.237 225.956 215.670 205.767 215.670
207.388 193.766 227.367 193.766 227.367 215.140 207.388 215.140
208.974 191.656 229.131 191.656 229.131 212.960 208.974 212.960
210.499 191.218 230.571 191.218 230.571 212.506 210.499 212.506
211.505 191.138 231.553 191.138 231.553 212.292 211.505 212.292
215.222 191.201 235.239 191.201 235.239 212.437 215.222 212.437
215.820 191.460 235.853 191.460 235.853 212.624 215.820 212.624
217.416 192.380 237.411 192.380 237.411 213.582 217.416 213.582
218.804 193.618 238.688 193.618 238.688 214.961 218.804 214.961
221.469 195.429 241.353 195.429 241.353 216.690 221.469 216.690
221.762 197.048 241.888 197.048 241.888 218.098 221.762 218.098
223.503 199.421 243.587 199.421 243.587 220.431 223.503 220.431
224.616 200.612 244.717 200.612 244.717 221.620 224.616 221.620
225.496 201.983 245.548 201.983 245.548 223.144 225.496 223.144
226.736 203.280 246.809 203.280 246.809 224.502 226.736 224.502
228.382 206.107 248.227 206.107 248.227 227.577 228.382 227.577
229.609 207.668 249.419 207.668 249.419 229.244 229.609 229.244
230.268 208.677 250.200 208.677 250.200 230.301 230.268 230.301
231.177 209.643 251.125 209.643 251.125 231.385 231.177 231.385
231.854 210.059 251.809 210.059 251.809 231.839 231.854 231.839
233.049 210.437 253.053 210.437 253.053 232.105 233.049 232.105
233.276 210.282 253.227 210.282 253.227 232.038 233.276 232.038
234.302 207.917 254.207 207.917 254.207 229.682 234.302 229.682
234.957 207.798 254.780 207.798 254.780 229.588 234.957 229.588
235.735 207.132 255.523 207.132 255.523 229.013 235.735 229.013
235.744 204.177 255.623 204.177 255.623 226.016 235.744 226.016
236.335 203.478 256.160 203.478 256.160 225.450 236.335 225.450
236.271 201.372 256.097 201.372 256.097 223.374 236.271 223.374
237.029 201.082 256.719 201.082 256.719 223.077 237.029 223.077
237.857 198.669 257.557 198.669 257.557 220.697 237.857 220.697
238.475 198.616 258.096 198.616 258.096 220.777 238.475 220.777
239.040 197.534 258.690 197.534 258.690 219.712 239.040 219.712
239.388 196.216 259.000 196.216 259.000 218.364 239.388 218.364
239.593 195.443 259.112 195.443 259.112 217.545 239.593 217.545
240.651 194.549 260.161 194.549 260.161 216.596 240.651 216.596
241.323 194.354 260.666 194.354 260.666 216.555 241.323 216.555
242.957 194.742 262.531 194.742 262.531 216.852 242.957 216.852
244.443 194.969 264.097 194.969 264.097 217.037 244.443 217.037
244.870 195.223 264.599 195.223 264.599 217.382 244.870 217.382
247.896 199.663 267.777 199.663 267.777 221.629 247.896 221.629
250.423 201.592 270.346 201.592 270.346 223.669 250.423 223.669
251.059 204.117 271.130 204.117 271.130 226.200 251.059 226.200
252.057 205.658 272.172 205.658 272.172 227.862 252.057 227.862
253.245 207.319 273.388 207.319 273.388 229.575 253.245 229.575
254.159 209.418 274.388 209.418 274.388 231.609 254.159 231.609
255.530 210.023 275.824 210.023 275.824 232.424 255.530 232.424
256.973 210.964 277.397 210.964 277.397 233.295 256.973 233.295
260.688 212.170 281.118 212.170 281.118 234.566 260.688 234.566
261.737 212.746 282.290 212.746 282.290 235.179 261.737 235.179
263.383 212.765 284.107 212.765 284.107 235.107 263.383 235.107
264.956 212.799 285.693 212.799 285.693 235.243 264.956 235.243
266.748 212.756 287.657 212.756 287.657 235.145 266.748 235.145
268.861 212.981 289.679 212.981 289.679 235.349 268.861 235.349
270.632 210.955 291.519 210.955 291.519 233.404 270.632 233.404
271.757 210.934 292.565 210.934 292.565 233.359 271.757 233.359
272.843 208.414 293.580 208.414 293.580 230.898 272.843 230.898
273.745 207.971 294.419 207.971 294.419 230.551 273.745 230.551
274.926 206.933 295.430 206.933 295.430 229.669 274.926 229.669
275.674 206.437 296.054 206.437 296.054 229.274 275.674 229.274
276.508 203.973 296.857 203.973 296.857 226.991 276.508 226.991
277.423 203.046 297.819 203.046 297.819 226.121 277.423 226.121
278.112 202.953 298.392 202.953 298.392 226.122 278.112 226.122
278.337 202.309 298.571 202.309 298.571 225.584 278.337 225.584
279.418 201.419 299.530 201.419 299.530 224.627 279.418 224.627
280.458 200.837 300.551 200.837 300.551 223.831 280.458 223.831
281.104 200.901 301.240 200.901 301.240 223.874 281.104 223.874
281.774 200.868 301.866 200.868 301.866 223.845 281.774 223.845
282.311 202.625 302.626 202.625 302.626 225.421 282.311 225.421
283.131 203.346 303.477 203.346 303.477 226.227 283.131 226.227
283.913 206.932 304.408 206.932 304.408 229.755 283.913 229.755
284.398 208.488 305.005 208.488 305.005 231.476 284.398 231.476
285.519 212.557 306.245 212.557 306.245 235.560 285.519 235.560
286.053 215.113 306.985 215.113 306.985 238.131 286.053 238.131
286.965 217.143 307.974 217.143 307.974 240.081 286.965 240.081
287.817 219.051 308.924 219.051 308.924 241.920 287.817 241.920
288.535 220.011 309.757 220.011 309.757 242.717 288.535 242.717
289.096 221.046 310.373 221.046 310.373 243.606 289.096 243.606
289.316 221.545 310.580 221.545 310.580 244.083 289.316 244.083
290.536 221.972 311.882 221.972 311.882 244.567 290.536 244.567
291.798 221.903 313.090 221.903 313.090 244.562 291.798 244.562
292.581 221.324 313.917 221.324 313.917 244.024 292.581 244.024
293.958 219.774 315.240 219.774 315.240 242.591 293.958 242.591
295.009 219.181 316.288 219.181 316.288 242.051 295.009 242.051
295.958 217.782 317.152 217.782 317.152 240.780 295.958 240.780
297.821 217.556 319.085 217.556 319.085 240.531 297.821 240.531
298.990 216.640 320.371 216.640 320.371 239.557 298.990 239.557
302.645 214.441 323.957 214.441 323.957 237.357 302.645 237.357
303.914 213.734 325.297 213.734 325.297 236.656 303.914 236.656
305.639 212.370 326.852 212.370 326.852 235.440 305.639 235.440
308.776 211.505 329.938 211.505 329.938 234.683 308.776 234.683
310.580 209.493 331.654 209.493 331.654 232.757 310.580 232.757
311.893 208.771 332.988 208.771 332.988 231.947 311.893 231.947
315.812 205.918 337.097 205.918 337.097 229.219 315.812 229.219
316.883 206.299 338.368 206.299 338.368 229.642 316.883 229.642
318.670 206.879 340.286 206.879 340.286 230.305 318.670 230.305
320.356 206.808 341.978 206.808 341.978 230.240 320.356 230.240
322.675 207.479 344.493 207.479 344.493 231.004 322.675 231.004
324.558 207.964 346.471 207.964 346.471 231.627 324.558 231.627
326.578 208.745 348.502 208.745 348.502 232.636 326.578 232.636
328.379 209.468 350.423 209.468 350.423 233.391 328.379 233.391
329.919 210.657 352.001 210.657 352.001 234.662 329.919 234.662
333.049 212.992 355.237 212.992 355.237 237.034 333.049 237.034
334.017 214.393 356.125 214.393 356.125 238.585 334.017 238.585
337.296 216.781 359.336 216.781 359.336 241.132 337.296 241.132
337.231 218.847 359.209 218.847 359.209 243.292 337.231 243.292
338.201 219.818 360.141 219.818 360.141 244.332 338.201 244.332
339.191 221.971 361.197 221.971 361.197 246.504 339.191 246.504
340.144 223.747 362.255 223.747 362.255 248.268 340.144 248.268
341.209 225.976 363.488 225.976 363.488 250.596 341.209 250.596
341.975 227.600 364.519 227.600 364.519 252.138 341.975 252.138
342.635 228.105 365.378 228.105 365.378 252.392 342.635 252.392
343.204 228.749 365.964 228.749 365.964 253.021 343.204 253.021
343.803 228.855 366.615 228.855 366.615 253.055 343.803 253.055
344.240 228.864 366.984 228.864 366.984 253.148 344.240 253.148
345.333 228.190 367.992 228.190 367.992 252.640 345.333 252.640
345.804 227.200 368.407 227.200 368.407 251.719 345.804 251.719
346.553 225.429 369.036 225.429 369.036 250.142 346.553 250.142
346.949 224.436 369.394 224.436 369.394 249.116 346.949 249.116
347.530 223.097 369.629 223.097 369.629 248.059 347.530 248.059
347.274 221.875 369.287 221.875 369.287 247.066 347.274 247.066
347.259 220.947 369.096 220.947 369.096 246.334 347.259 246.334
347.168 219.751 368.906 219.751 368.906 245.203 347.168 245.203
346.920 218.111 368.687 218.111 368.687 243.684 346.920 243.684
347.326 217.746 368.993 217.746 368.993 243.440 347.326 243.440
346.703 217.902 368.405 217.902 368.405 243.491 346.703 243.491
347.079 219.284 368.768 219.284 368.768 244.800 347.079 244.800
346.310 220.248 368.006 220.248 368.006 245.665 346.310 245.665
346.194 221.805 367.866 221.805 367.866 247.130 346.194 247.130
345.670 222.852 367.634 222.852 367.634 248.023 345.670 248.023
345.976 224.983 368.163 224.983 368.163 250.070 345.976 250.070
345.512 226.488 367.958 226.488 367.958 251.315 345.512 251.315
345.015 228.260 367.732 228.260 367.732 252.857 345.015 252.857
344.385 228.838 367.113 228.838 367.113 253.410 344.385 253.410
344.321 228.991 367.200 228.991 367.200 253.478 344.321 253.478
344.068 228.817 366.847 228.817 366.847 253.379 344.068 253.379
344.238 228.337 366.822 228.337 366.822 253.123 344.238 253.123
344.207 225.204 366.673 225.204 366.673 250.113 344.207 250.113
344.252 225.232 366.537 225.232 366.537 250.231 344.252 250.231
343.959 221.846 365.873 221.846 365.873 247.246 343.959 247.246
343.785 218.551 365.468 218.551 365.468 244.304 343.785 244.304
343.221 214.138 364.631 214.138 364.631 240.175 343.221 240.175
342.288 211.321 363.819 211.321 363.819 237.212 342.288 237.212
341.519 210.412 363.150 210.412 363.150 236.231 341.519 236.231
340.996 207.150 362.643 207.150 362.643 232.782 340.996 232.782
340.404 204.554 362.067 204.554 362.067 229.934 340.404 229.934
338.889 204.282 360.803 204.282 360.803 229.332 338.889 229.332
337.686 203.726 359.613 203.726 359.613 228.681 337.686 228.681
337.172 203.392 359.160 203.392 359.160 228.260 337.172 228.260
336.351 203.124 358.208 203.124 358.208 228.050 336.351 228.050
335.611 202.824 357.463 202.824 357.463 227.677 335.611 227.677
334.131 202.620 356.106 202.620 356.106 227.343 334.131 227.343
333.401 202.791 355.467 202.791 355.467 227.417 333.401 227.417
331.714 203.077 353.818 203.077 353.818 227.801 331.714 227.801
331.105 204.725 353.182 204.725 353.182 229.465 331.105 229.465
330.550 206.063 352.566 206.063 352.566 230.861 330.550 230.861
329.121 206.938 351.147 206.938 351.147 231.692 329.121 231.692
328.306 208.201 350.379 208.201 350.379 232.937 328.306 232.937
326.924 209.717 348.967 209.717 348.967 234.359 326.924 234.359
325.094 211.924 347.118 211.924 347.118 236.551 325.094 236.551
323.371 213.248 345.400 213.248 345.400 237.931 323.371 237.931
321.532 214.418 343.511 214.418 343.511 238.912 321.532 238.912
320.377 214.709 342.170 214.709 342.170 239.179 320.377 239.179
319.557 214.316 341.172 214.316 341.172 238.732 319.557 238.732
317.704 213.009 339.381 213.009 339.381 237.336 317.704 237.336
316.385 211.954 338.085 211.954 338.085 236.183 316.385 236.183
314.779 210.748 336.365 210.748 336.365 235.173 314.779 235.173
312.863 209.721 334.479 209.721 334.479 234.049 312.863 234.049
311.581 206.986 333.128 206.986 333.128 231.275 311.581 231.275
310.873 205.900 332.497 205.900 332.497 230.234 310.873 230.234
309.741 204.221 331.393 204.221 331.393 228.550 309.741 228.550
308.590 202.755 330.237 202.755 330.237 227.152 308.590 227.152
308.040 201.315 329.682 201.315 329.682 225.687 308.040 225.687
306.404 198.194 328.295 198.194 328.295 222.348 306.404 222.348
305.232 197.793 327.179 197.793 327.179 221.925 305.232 221.925
304.630 197.029 326.594 197.029 326.594 221.126 304.630 221.126
303.004 197.140 325.005 197.140 325.005 221.105 303.004 221.105
301.674 197.382 323.715 197.382 323.715 221.294 301.674 221.294
300.568 198.448 322.590 198.448 322.590 222.417 300.568 222.417
299.549 199.259 321.600 199.259 321.600 223.291 299.549 223.291
298.744 200.065 320.767 200.065 320.767 224.190 298.744 224.190
297.106 200.610 319.239 200.610 319.239 224.652 297.106 224.652
296.098 201.758 318.272 201.758 318.272 225.886 296.098 225.886
295.026 202.916 317.258 202.916 317.258 227.059 295.026 227.059
294.299 204.656 316.512 204.656 316.512 228.693 294.299 228.693
293.710 206.331 315.942 206.331 315.942 230.608 293.710 230.608
293.318 207.776 315.488 207.776 315.488 232.069 293.318 232.069
292.186 209.186 314.385 209.186 314.385 233.456 292.186 233.456
291.381 209.602 313.608 209.602 313.608 233.680 291.381 233.680
290.696 210.361 312.845 210.361 312.845 234.364 290.696 234.364
289.916 210.725 312.165 210.725 312.165 234.700 289.916 234.700
289.487 211.073 311.639 211.073 311.639 235.076 289.487 235.076
289.627 210.702 311.630 210.702 311.630 234.757 289.627 234.757
288.984 210.185 310.882 210.185 310.882 234.147 288.984 234.147
288.167 209.378 310.079 209.378 310.079 233.354 288.167 233.354
287.835 208.990 309.679 208.990 309.679 233.009 287.835 233.009
287.734 206.880 309.351 206.880 309.351 231.193 287.734 231.193
287.542 205.647 309.073 205.647 309.073 229.958 287.542 229.958
287.419 203.712 308.801 203.712 308.801 228.289 287.419 228.289
286.856 201.370 308.358 201.370 308.358 225.939 286.856 225.939
286.398 200.051 307.816 200.051 307.816 224.756 286.398 224.756
286.096 198.600 307.633 198.600 307.633 223.337 286.096 223.337
285.179 197.461 306.854 197.461 306.854 221.922 285.179 221.922
284.847 196.221 306.691 196.221 306.691 220.644 284.847 220.644
283.956 195.672 305.831 195.672 305.831 219.978 283.956 219.978
283.699 195.637 305.705 195.637 305.705 219.815 283.699 219.815
283.688 196.289 305.703 196.289 305.703 220.502 283.688 220.502
282.983 197.089 305.006 197.089 305.006 221.404 282.983 221.404
282.387 197.729 304.389 197.729 304.389 222.067 282.387 222.067
281.612 198.775 303.646 198.775 303.646 223.028 281.612 223.028
281.694 199.733 303.681 199.733 303.681 223.993 281.694 223.993
281.299 202.042 303.145 202.042 303.145 226.333 281.299 226.333
280.587 204.297 302.319 204.297 302.319 228.578 280.587 228.578
279.445 205.212 301.298 205.212 301.298 229.479 279.445 229.479
278.092 206.390 299.910 206.390 299.910 230.662 278.092 230.662
277.181 206.773 298.962 206.773 298.962 231.144 277.181 231.144
276.417 207.493 298.115 207.493 298.115 231.686 276.417 231.686
275.456 206.892 297.096 206.892 297.096 231.148 275.456 231.148
274.463 206.566 296.028 206.566 296.028 230.741 274.463 230.741
273.355 204.807 294.594 204.807 294.594 229.107 273.355 229.107
271.702 201.910 292.893 201.910 292.893 226.163 271.702 226.163
270.351 200.777 291.429 200.777 291.429 224.982 270.351 224.982
268.846 198.539 289.891 198.539 289.891 222.804 268.846 222.804
267.971 197.257 289.040 197.257 289.040 221.436 267.971 221.436
266.175 196.307 287.245 196.307 287.245 220.518 266.175 220.518
265.224 195.186 286.320 195.186 286.320 219.574 265.224 219.574
263.474 194.619 284.691 194.619 284.691 219.017 263.474 219.017
261.895 194.738 283.165 194.738 283.165 219.085 261.895 219.085
260.594 194.281 282.008 194.281 282.008 218.669 260.594 218.669
259.122 195.116 280.633 195.116 280.633 219.440 259.122 219.440
257.600 196.269 279.191 196.269 279.191 220.700 257.600 220.700
256.809 196.963 278.495 196.963 278.495 221.561 256.809 221.561
255.189 198.295 276.983 198.295 276.983 222.801 255.189 222.801
254.162 199.126 275.940 199.126 275.940 223.647 254.162 223.647
252.429 200.564 274.396 200.564 274.396 224.992 252.429 224.992
250.450 202.591 272.507 202.591 272.507 227.027 250.450 227.027
249.721 203.852 271.658 203.852 271.658 228.490 249.721 228.490
248.523 204.287 270.398 204.287 270.398 228.977 248.523 228.977
247.109 204.408 268.951 204.408 268.951 229.058 247.109 229.058
246.937 204.215 268.644 204.215 268.644 228.927 246.937 228.927
246.162 203.998 267.819 203.998 267.819 228.642 246.162 228.642
245.375 203.086 266.891 203.086 266.891 227.931 245.375 227.931
244.408 202.536 265.839 202.536 265.839 227.514 244.408 227.514
244.568 200.994 265.809 200.994 265.809 226.102 244.568 226.102
241.823 194.942 263.093 194.942 263.093 220.009 241.823 220.009
241.607 194.304 262.924 194.304 262.924 219.337 241.607 219.337
240.892 192.816 262.257 192.816 262.257 217.768 240.892 217.768
240.293 189.123 261.705 189.123 261.705 213.761 240.293 213.761
239.618 187.773 261.044 187.773 261.044 212.365 239.618 212.365
239.239 186.685 260.843 186.685 260.843 210.986 239.239 210.986
238.040 185.844 259.701 185.844 259.701 209.946 238.040 209.946
236.602 185.384 258.209 185.384 258.209 209.332 236.602 209.332
236.370 185.129 257.853 185.129 257.853 209.064 236.370 209.064
235.268 186.202 256.802 186.202 256.802 209.983 235.268 209.983
234.648 187.597 256.258 187.597 256.258 211.254 234.648 211.254
233.841 188.242 255.436 188.242 255.436 211.892 233.841 211.892
233.199 189.988 254.602 189.988 254.602 213.649 233.199 213.649
232.237 190.832 253.463 190.832 253.463 214.572 232.237 214.572
231.302 193.048 252.424 193.048 252.424 216.663 231.302 216.663
230.712 194.945 251.857 194.945 251.857 218.577 230.712 218.577
230.204 196.370 251.299 196.370 251.299 220.130 230.204 220.130
229.293 198.562 250.404 198.562 250.404 222.297 229.293 222.297
228.425 200.008 249.386 200.008 249.386 223.650 228.425 223.650
227.543 201.056 248.499 201.056 248.499 224.606 227.543 224.606
227.099 201.303 247.947 201.303 247.947 224.873 227.099 224.873
226.339 201.151 247.043 201.151 247.043 224.727 226.339 224.727
226.425 200.189 246.840 200.189 246.840 223.791 226.425 223.791
225.582 199.643 245.881 199.643 245.881 223.315 225.582 223.315
225.156 195.900 245.364 195.900 245.364 219.494 225.156 219.494
224.697 195.157 244.776 195.157 244.776 218.793 224.697 218.793
224.141 191.985 244.362 191.985 244.362 215.499 224.141 215.499
223.179 191.314 243.378 191.314 243.378 214.756 223.179 214.756
222.179 189.541 242.276 189.541 242.276 212.678 222.179 212.678
221.703 188.982 241.858 188.982 241.858 211.936 221.703 211.936
220.927 189.045 240.991 189.045 240.991 211.911 220.927 211.911
220.100 188.815 240.117 188.815 240.117 211.644 220.100 211.644
220.109 190.125 240.101 190.125 240.101 212.965 220.109 212.965
219.387 192.270 239.330 192.270 239.330 215.193 219.387 215.193
218.515 194.239 238.462 194.239 238.462 217.016 218.515 217.016
218.252 196.117 238.127 196.117 238.127 218.893 218.252 218.893
217.241 197.505 237.122 197.505 237.122 220.103 217.241 220.103
216.463 199.339 236.342 199.339 236.342 221.718 216.463 221.718
216.126 201.359 236.074 201.359 236.074 223.715 216.126 223.715
214.675 203.078 234.734 203.078 234.734 225.300 214.675 225.300
213.477 204.369 233.641 204.369 233.641 226.384 213.477 226.384
211.756 204.547 232.018 204.547 232.018 226.369 211.756 226.369
210.875 204.267 231.022 204.267 231.022 226.021 210.875 226.021
209.891 203.785 229.850 203.785 229.850 225.661 209.891 225.661
208.960 200.918 228.670 200.918 228.670 222.917 208.960 222.917
208.377 199.674 227.935 199.674 227.935 221.763 208.377 221.763
207.099 196.332 226.441 196.332 226.441 218.443 207.099 218.443
206.305 193.606 225.568 193.606 225.568 215.778 206.305 215.778
205.088 191.281 224.428 191.281 224.428 213.177 205.088 213.177
202.003 190.835 221.304 190.835 221.304 212.802 202.003 212.802
201.346 189.306 220.648 189.306 220.648 211.260 201.346 211.260
200.431 188.840 219.719 188.840 219.719 210.778 200.431 210.778
198.807 186.082 218.249 186.082 218.249 207.928 198.807 207.928
198.037 186.129 217.371 186.129 217.371 208.016 198.037 208.016
196.722 186.578 216.061 186.578 216.061 208.387 196.722 208.387
195.615 187.848 214.975 187.848 214.975 209.424 195.615 209.424
194.365 189.440 213.764 189.440 213.764 210.846 194.365 210.846
192.654 191.288 212.172 191.288 212.172 212.551 192.654 212.551
191.919 192.687 211.555 192.687 211.555 213.774 191.919 213.774
190.429 193.399 210.080 193.399 210.080 214.535 190.429 214.535
189.323 195.068 208.764 195.068 208.764 216.436 189.323 216.436
188.143 195.898 207.669 195.898 207.669 217.208 188.143 217.208
187.770 197.488 207.429 197.488 207.429 218.747 187.770 218.747
187.010 199.325 206.771 199.325 206.771 220.560 187.010 220.560
186.001 199.508 205.737 199.508 205.737 220.741 186.001 220.741
184.551 200.188 204.210 200.188 204.210 221.597 184.551 221.597
183.639 199.863 203.245 199.863 203.245 221.340 183.639 221.340
183.339 200.524 203.001 200.524 203.001 221.949 183.339 221.949
182.648 200.626 202.320 200.626 202.320 222.144 182.648 222.144
182.498 200.321 202.103 200.321 202.103 221.857 182.498 221.857
182.763 198.627 202.218 198.627 202.218 220.164 182.763 220.164
182.027 197.194 201.289 197.194 201.289 218.864 182.027 218.864
181.250 195.814 200.451 195.814 200.451 217.567 181.250 217.567
181.402 194.402 200.492 194.402 200.492 216.220 181.402 216.220
181.584 191.744 200.558 191.744 200.558 213.722 181.584 213.722
181.408 191.261 200.385 191.261 200.385 213.209 181.408 213.209
181.148 189.376 200.161 189.376 200.161 211.225 181.148 211.225
181.076 187.644 200.019 187.644 200.019 209.594 181.076 209.594
181.011 186.630 200.004 186.630 200.004 208.441 181.011 208.441
181.237 186.212 200.206 186.212 200.206 207.887 181.237 207.887
181.722 186.057 200.641 186.057 200.641 207.665 181.722 207.665
181.832 185.414 200.691 185.414 200.691 207.089 181.832 207.089
182.562 185.167 201.291 185.167 201.291 206.809 182.562 206.809
182.210 185.457 200.954 185.457 200.954 207.138 182.210 207.138
182.852 187.089 201.718 187.089 201.718 208.547 182.852 208.547
182.201 188.501 201.053 188.501 201.053 209.846 182.201 209.846
182.359 189.685 201.211 189.685 201.211 211.099 182.359 211.099
182.752 191.350 201.625 191.350 201.625 212.941 182.752 212.941
182.878 192.233 201.729 192.233 201.729 213.821 182.878 213.821
183.031 192.344 201.850 192.344 201.850 214.097 183.031 214.097
182.781 193.785 201.589 193.785 201.589 215.511 182.781 215.511
182.445 194.841 201.420 194.841 201.420 216.644 182.445 216.644
182.634 195.858 201.669 195.858 201.669 217.503 182.634 217.503
182.096 196.552 201.139 196.552 201.139 218.137 182.096 218.137
181.976 195.966 201.018 195.966 201.018 217.543 181.976 217.543
181.809 196.135 200.890 196.135 200.890 217.739 181.809 217.739
180.510 196.196 199.509 196.196 199.509 217.792 180.510 217.792
180.263 196.552 199.257 196.552 199.257 218.030 180.263 218.030
179.738 196.412 198.696 196.412 198.696 217.795 179.738 217.795
179.345 195.137 198.116 195.137 198.116 216.648 179.345 216.648
178.452 193.800 197.221 193.800 197.221 215.210 178.452 215.210
177.128 190.670 195.752 190.670 195.752 212.136 177.128 212.136
176.658 189.637 195.103 189.637 195.103 211.142 176.658 211.142
176.975 188.279 195.374 188.279 195.374 209.823 176.975 209.823
176.165 186.643 194.540 186.643 194.540 208.108 176.165 208.108
175.488 184.839 193.745 184.839 193.745 206.343 175.488 206.343
175.177 183.485 193.273 183.485 193.273 205.153 175.177 205.153
174.102 181.430 192.213 181.430 192.213 203.073 174.102 203.073
173.481 179.193 191.409 179.193 191.409 200.919 173.481 200.919
173.134 177.615 191.045 177.615 191.045 199.153 173.134 199.153
172.592 177.189 190.572 177.189 190.572 198.471 172.592 198.471
172.203 175.971 190.081 175.971 190.081 197.116 172.203 197.116
171.643 174.997 189.303 174.997 189.303 195.942 171.643 195.942
171.245 174.172 189.028 174.172 189.028 194.954 171.245 194.954
171.200 174.142 189.100 174.142 189.100 194.822 171.200 194.822
171.142 174.496 189.115 174.496 189.115 195.084 171.142 195.084
170.451 174.230 188.492 174.230 188.492 194.664 170.451 194.664
170.948 174.430 189.042 174.430 189.042 194.805 170.948 194.805
170.777 172.476 188.675 172.476 188.675 192.877 170.777 192.877
171.413 171.189 189.272 171.189 189.272 191.651 171.413 191.651
171.823 170.794 189.779 170.794 189.779 191.073 171.823 191.073
172.583 169.846 190.540 169.846 190.540 190.185 172.583 190.185
173.658 169.548 191.745 169.548 191.745 189.894 173.658 189.894
174.140 168.964 192.320 168.964 192.320 189.204 174.140 189.204
175.136 168.869 193.376 168.869 193.376 189.112 175.136 189.112
176.659 168.948 194.902 168.948 194.902 189.241 176.659 189.241
177.776 169.165 196.067 169.165 196.067 189.450 177.776 189.450
178.924 169.914 197.311 169.914 197.311 190.168 178.924 190.168
180.520 170.152 198.832 170.152 198.832 190.499 180.520 190.499
182.195 170.057 200.486 170.057 200.486 190.542 182.195 190.542
182.887 169.823 201.213 169.823 201.213 190.429 182.887 190.429
184.498 169.365 202.815 169.365 202.815 189.902 184.498 189.902
186.193 169.511 204.427 169.511 204.427 190.133 186.193 190.133
186.457 169.122 204.749 169.122 204.749 189.807 186.457 189.807
187.204 168.108 205.423 168.108 205.423 188.899 187.204 188.899
186.524 167.872 204.686 167.872 204.686 188.651 186.524 188.651
186.289 166.284 204.420 166.284 204.420 187.016 186.289 187.016
185.976 166.006 204.106 166.006 204.106 186.759 185.976 186.759
185.646 164.955 203.707 164.955 203.707 185.716 185.646 185.716
185.744 164.015 203.758 164.015 203.758 184.779 185.744 184.779
185.635 163.224 203.616 163.224 203.616 184.070 185.635 184.070
185.311 161.911 203.310 161.911 203.310 182.638 185.311 182.638
184.807 160.578 202.807 160.578 202.807 181.249 184.807 181.249
184.329 159.776 202.278 159.776 202.278 180.361 184.329 180.361
184.256 159.580 202.167 159.580 202.167 180.236 184.256 180.236
184.045 158.771 201.821 158.771 201.821 179.478 184.045 179.478
183.759 158.767 201.550 158.767 201.550 179.377 183.759 179.377
183.312 158.301 201.042 158.301 201.042 178.787 183.312 178.787
183.507 157.051 201.082 157.051 201.082 177.524 183.507 177.524
183.114 156.512 200.716 156.512 200.716 176.930 183.114 176.930
183.448 155.878 201.004 155.878 201.004 176.394 183.448 176.394
183.051 154.005 200.683 154.005 200.683 174.293 183.051 174.293
182.967 153.227 200.550 153.227 200.550 173.590 182.967 173.590
183.112 152.488 200.558 152.488 200.558 172.865 183.112 172.865
182.412 151.282 199.929 151.282 199.929 171.641 182.412 171.641
182.234 150.530 199.756 150.530 199.756 170.812 182.234 170.812
182.226 149.527 199.726 149.527 199.726 169.837 182.226 169.837
182.570 148.236 200.075 148.236 200.075 168.514 182.570 168.514
181.391 146.339 199.049 146.339 199.049 166.430 181.391 166.430
181.992 144.263 199.450 144.263 199.450 164.388 181.992 164.388
181.023 144.236 198.623 144.236 198.623 164.309 181.023 164.309
181.494 142.591 199.072 142.591 199.072 162.656 181.494 162.656
181.545 141.808 199.190 141.808 199.190 161.998 181.545 161.998
181.400 140.598 198.943 140.598 198.943 160.869 181.400 160.869
181.696 140.369 199.344 140.369 199.344 160.698 181.696 160.698
181.491 139.103 199.201 139.103 199.201 159.438 181.491 159.438
181.836 138.861 199.523 138.861 199.523 159.218 181.836 159.218
182.233 139.309 200.086 139.309 200.086 159.700 182.233 159.700
182.288 140.817 200.252 140.817 200.252 161.157 182.288 161.157
182.205 141.911 200.222 141.911 200.222 162.320 182.205 162.320
182.589 143.657 200.590 143.657 200.590 164.127 182.589 164.127
182.098 144.606 200.235 144.606 200.235 164.933 182.098 164.933
183.125 146.862 201.164 146.862 201.164 167.621 183.125 167.621
183.282 149.380 201.410 149.380 201.410 170.422 183.282 170.422
183.753 152.099 201.922 152.099 201.922 173.364 183.753 173.364
184.612 154.550 202.957 154.550 202.957 175.833 184.612 175.833
184.887 157.082 203.446 157.082 203.446 178.199 184.887 178.199
186.599 158.239 205.328 158.239 205.328 179.290 186.599 179.290
187.280 159.052 206.196 159.052 206.196 179.911 187.280 179.911
189.499 157.789 208.438 157.789 208.438 178.533 189.499 178.533
190.511 156.959 209.384 156.959 209.384 177.664 190.511 177.664
191.869 154.889 210.878 154.889 210.878 175.438 191.869 175.438
193.080 153.058 211.855 153.058 211.855 173.683 193.080 173.683
195.102 151.202 213.751 151.202 213.751 171.795 195.102 171.795
195.692 150.069 214.409 150.069 214.409 170.567 195.692 170.567
197.967 148.232 216.775 148.232 216.775 168.543 197.967 168.543
199.771 145.629 218.431 145.629 218.431 165.812 199.771 165.812
201.818 143.543 220.514 143.543 220.514 163.501 201.818 163.501
204.076 141.825 222.797 141.825 222.797 161.743 204.076 161.743
205.376 140.486 224.197 140.486 224.197 160.170 205.376 160.170
207.860 140.180 226.541 140.180 226.541 160.066 207.860 160.066
209.913 139.388 228.484 139.388 228.484 159.439 209.913 159.439
211.285 139.156 229.908 139.156 229.908 159.306 211.285 159.306
213.743 139.490 232.366 139.490 232.366 159.750 213.743 159.750
214.608 140.007 233.462 140.007 233.462 160.311 214.608 160.311
217.550 140.649 236.314 140.649 236.314 161.151 217.550 161.151
218.896 141.654 237.571 141.654 237.571 162.355 218.896 162.355
220.103 143.113 238.804 143.113 238.804 163.933 220.103 163.933
221.027 144.336 239.828 144.336 239.828 165.326 221.027 165.326
222.801 146.635 241.552 146.635 241.552 167.887 222.801 167.887
223.681 147.891 242.426 147.891 242.426 169.206 223.681 169.206
225.053 149.143 243.768 149.143 243.768 170.568 225.053 170.568
225.880 151.329 244.726 151.329 244.726 172.947 225.880 172.947
226.623 153.701 245.598 153.701 245.598 175.412 226.623 175.412
227.904 155.268 246.894 155.268 246.894 177.204 227.904 177.204
228.486 157.362 247.665 157.362 247.665 179.290 228.486 179.290
229.064 159.226 248.562 159.226 248.562 181.068 229.064 181.068
229.082 159.853 248.576 159.853 248.576 181.881 229.082 181.881
229.115 160.067 248.646 160.067 248.646 182.139 229.115 182.139
229.363 160.220 248.924 160.220 248.924 182.264 229.363 182.264
229.406 159.417 248.933 159.417 248.933 181.626 229.406 181.626
229.253 158.527 248.793 158.527 248.793 180.913 229.253 180.913
230.218 157.802 249.699 157.802 249.699 180.271 230.218 180.271
230.210 155.781 249.544 155.781 249.544 178.368 230.210 178.368
230.038 154.452 249.553 154.452 249.553 176.919 230.038 176.919
229.784 152.624 249.337 152.624 249.337 174.987 229.784 174.987
229.776 148.958 249.282 148.958 249.282 171.323 229.776 171.323
230.362 147.576 249.683 147.576 249.683 170.194 230.362 170.194
230.336 145.365 249.702 145.365 249.702 168.032 230.336 168.032
230.952 142.475 250.321 142.475 250.321 165.029 230.952 165.029
231.441 142.281 250.814 142.281 250.814 164.907 231.441 164.907
231.647 141.282 250.994 141.282 250.994 163.936 231.647 163.936
231.530 139.959 250.947 139.959 250.947 162.617 231.530 162.617
232.390 139.758 251.942 139.758 251.942 162.529 232.390 162.529
232.996 139.742 252.615 139.742 252.615 162.548 232.996 162.548
233.688 140.675 253.248 140.675 253.248 163.643 233.688 163.643
234.801 141.612 254.244 141.612 254.244 164.802 234.801 164.802
235.563 142.381 255.219 142.381 255.219 165.460 235.563 165.460
237.049 144.406 256.675 144.406 256.675 167.655 237.049 167.655
238.257 144.498 258.007 144.498 258.007 167.736 238.257 167.736
239.882 145.638 259.679 145.638 259.679 169.041 239.882 169.041
240.894 148.409 260.610 148.409 260.610 172.110 240.894 172.110
242.299 149.443 262.202 149.443 262.202 173.219 242.299 173.219
243.274 151.358 263.448 151.358 263.448 175.044 243.274 175.044
246.069 154.086 266.193 154.086 266.193 178.078 246.069 178.078
247.532 155.016 267.657 155.016 267.657 179.089 247.532 179.089
248.857 156.309 268.874 156.309 268.874 180.435 248.857 180.435
251.020 157.726 270.955 157.726 270.955 182.169 251.020 182.169
252.216 159.107 272.272 159.107 272.272 183.501 252.216 183.501
253.871 159.678 273.868 159.678 273.868 184.220 253.871 184.220
256.715 160.550 276.592 160.550 276.592 185.136 256.715 185.136
257.347 159.899 277.271 159.899 277.271 184.678 257.347 184.678
258.042 158.481 278.046 158.481 278.046 183.211 258.042 183.211
260.797 156.461 280.854 156.461 280.854 181.236 260.797 181.236
261.825 156.152 281.767 156.152 281.767 181.178 261.825 181.178
262.983 155.185 282.922 155.185 282.922 180.277 262.983 180.277
265.264 153.665 285.180 153.665 285.180 178.592 265.264 178.592
266.144 152.210 285.965 152.210 285.965 177.307 266.144 177.307
267.260 149.227 287.189 149.227 287.189 174.029 267.260 174.029
267.560 149.128 287.512 149.128 287.512 173.944 267.560 173.944
269.799 149.490 289.549 149.490 289.549 174.482 269.799 174.482
271.216 149.109 291.134 149.109 291.134 174.036 271.216 174.036
271.615 148.996 291.465 148.996 291.465 173.940 271.615 173.940
272.497 149.103 292.447 149.103 292.447 173.959 272.497 173.959
272.920 149.203 292.767 149.203 292.767 174.198 272.920 174.198
273.198 149.206 292.982 149.206 292.982 174.213 273.198 174.213
274.484 150.791 293.950 150.791 293.950 176.338 274.484 176.338
276.152 152.407 295.577 152.407 295.577 178.150 276.152 178.150
275.731 155.103 295.162 155.103 295.162 180.953 275.731 180.953
276.598 155.342 296.025 155.342 296.025 181.153 276.598 181.153
277.567 157.010 296.929 157.010 296.929 182.872 277.567 182.872
277.486 158.216 296.705 158.216 296.705 184.397 277.486 184.397
278.059 159.754 297.391 159.754 297.391 186.074 278.059 186.074
278.083 161.620 297.610 161.620 297.610 187.775 278.083 187.775
278.462 162.790 298.037 162.790 298.037 188.975 278.462 188.975
277.081 163.249 296.629 163.249 296.629 189.569 277.081 189.569
277.343 163.288 296.874 163.288 296.874 189.561 277.343 189.561
277.110 163.285 296.579 163.285 296.579 189.618 277.110 189.618
277.069 164.106 296.462 164.106 296.462 190.488 277.069 190.488
277.633 164.973 297.090 164.973 297.090 191.373 277.633 191.373
276.479 165.930 296.084 165.930 296.084 192.320 276.479 192.320
276.558 165.370 296.071 165.370 296.071 191.948 276.558 191.948
276.616 165.073 296.289 165.073 296.289 191.535 276.616 191.535
275.374 165.791 295.135 165.791 295.135 192.076 275.374 192.076
275.967 164.660 295.733 164.660 295.733 190.919 275.967 190.919
274.953 164.282 294.802 164.282 294.802 190.645 274.953 190.645
274.452 163.664 294.382 163.664 294.382 190.129 274.452 190.129
274.092 161.701 294.151 161.701 294.151 187.908 274.092 187.908
274.109 159.899 294.228 159.899 294.228 186.111 274.109 186.111
273.891 159.715 293.945 159.715 293.945 185.939 273.891 185.939
272.893 157.255 292.875 157.255 292.875 183.543 272.893 183.543
273.125 155.613 293.073 155.613 293.073 181.999 273.125 181.999
273.348 154.905 293.266 154.905 293.266 181.489 273.348 181.489
273.554 152.119 293.254 152.119 293.254 178.808 273.554 178.808
272.858 152.211 292.593 152.211 292.593 178.843 272.858 178.843
273.696 151.579 293.377 151.579 293.377 178.376 273.696 178.376
273.210 150.850 292.936 150.850 292.936 177.378 273.210 177.378
273.641 150.511 293.301 150.511 293.301 177.110 273.641 177.110
273.916 150.026 293.596 150.026 293.596 176.551 273.916 176.551
274.083 150.715 293.722 150.715 293.722 177.181 274.083 177.181
274.439 150.711 294.080 150.711 294.080 177.156 274.439 177.156
274.811 152.290 294.254 152.290 294.254 178.889 274.811 178.889
274.690 153.405 294.094 153.405 294.094 180.060 274.690 180.060
275.749 153.424 295.211 153.424 295.211 180.047 275.749 180.047
275.737 155.686 295.162 155.686 295.162 182.474 275.737 182.474
275.696 156.611 295.176 156.611 295.176 183.380 275.696 183.380
276.139 158.334 295.620 158.334 295.620 185.147 276.139 185.147
276.743 160.455 296.333 160.455 296.333 187.190 276.743 187.190
277.390 161.320 296.884 161.320 296.884 188.170 277.390 188.170
277.657 161.994 297.229 161.994 297.229 188.893 277.657 188.893
278.449 161.333 297.869 161.333 297.869 188.330 278.449 188.330
278.553 161.803 297.927 161.803 297.927 188.945 278.553 188.945
280.046 161.833 299.408 161.833 299.408 189.025 280.046 189.025
280.776 161.920 300.206 161.920 300.206 189.106 280.776 189.106
280.579 161.977 300.038 161.977 300.038 189.055 280.579 189.055
281.450 161.573 301.054 161.573 301.054 188.598 281.450 188.598
281.502 161.061 301.117 161.061 301.117 188.226 281.502 188.226
282.411 159.119 301.918 159.119 301.918 186.394 282.411 186.394
283.126 160.485 302.623 160.485 302.623 187.715 283.126 187.715
283.961 158.943 303.273 158.943 303.273 186.359 283.961 186.359
284.346 157.909 303.568 157.909 303.568 185.373 284.346 185.373
284.790 156.962 303.830 156.962 303.830 184.650 284.790 184.650
284.681 154.201 303.634 154.201 303.634 181.811 284.681 181.811
284.457 154.722 303.204 154.722 303.204 182.398 284.457 182.398
284.533 152.155 303.393 152.155 303.393 179.774 284.533 179.774
284.793 151.746 303.592 151.746 303.592 179.397 284.793 179.397
284.083 148.714 302.765 148.714 302.765 176.580 284.083 176.580
283.582 146.409 302.344 146.409 302.344 174.395 283.582 174.395
283.357 144.831 302.079 144.831 302.079 172.885 283.357 172.885
282.557 142.401 301.504 142.401 301.504 170.273 282.557 170.273
282.133 141.199 300.968 141.199 300.968 169.301 282.133 169.301
280.858 140.193 299.858 140.193 299.858 168.423 280.858 168.423
280.187 136.929 299.267 136.929 299.267 164.872 280.187 164.872
279.216 134.795 298.351 134.795 298.351 162.671 279.216 162.671
278.263 132.423 297.611 132.423 297.611 160.030 278.263 160.030
277.699 129.737 296.839 129.737 296.839 157.313 277.699 157.313
276.601 127.822 295.996 127.822 295.996 154.969 276.601 154.969
276.096 126.694 295.596 126.694 295.596 153.778 276.096 153.778
275.903 123.787 295.157 123.787 295.157 150.845 275.903 150.845
274.750 123.008 294.054 123.008 294.054 150.112 274.750 150.112
274.517 122.837 293.683 122.837 293.683 150.011 274.517 150.011
274.359 122.080 293.471 122.080 293.471 149.070 274.359 149.070
273.858 122.353 292.972 122.353 292.972 149.294 273.858 149.294
274.307 123.431 293.297 123.431 293.297 150.544 274.307 150.544
273.545 124.728 292.602 124.728 292.602 151.840 273.545 151.840
273.502 126.313 292.534 126.313 292.534 153.415 273.502 153.415
273.237 125.733 292.311 125.733 292.311 152.581 273.237 152.581
273.499 127.264 292.474 127.264 292.474 154.221 273.499 154.221
274.086 129.141 293.021 129.141 293.021 156.254 274.086 156.254
274.544 130.778 293.507 130.778 293.507 157.751 274.544 157.751
275.203 133.373 293.862 133.373 293.862 160.791 275.203 160.791
276.109 134.026 294.625 134.026 294.625 161.512 276.109 161.512
276.819 134.761 295.492 134.761 295.492 162.045 276.819 162.045
277.671 136.801 296.226 136.801 296.226 164.247 277.671 164.247
279.351 137.712 297.909 137.712 297.909 165.016 279.351 165.016
280.364 138.300 299.073 138.300 299.073 165.423 280.364 165.423
282.034 139.765 300.801 139.765 300.801 166.846 282.034 166.846
282.602 140.136 301.313 140.136 301.313 167.025 282.602 167.025
284.533 142.493 302.935 142.493 302.935 169.594 284.533 169.594
286.843 142.238 305.106 142.238 305.106 169.131 286.843 169.131
288.810 143.024 307.051 143.024 307.051 169.728 288.810 169.728
290.310 143.639 308.405 143.639 308.405 170.188 290.310 170.188
291.431 144.895 309.456 144.895 309.456 171.153 291.431 171.153
294.153 144.585 311.871 144.585 311.871 170.705 294.153 170.705
295.501 144.318 313.262 144.318 313.262 170.008 295.501 170.008
297.508 143.243 314.975 143.243 314.975 168.871 297.508 168.871
299.122 142.792 316.520 142.792 316.520 168.290 299.122 168.290
300.253 142.108 317.684 142.108 317.684 167.244 300.253 167.244
301.642 141.663 319.107 141.663 319.107 166.666 301.642 166.666
302.906 141.427 320.303 141.427 320.303 166.292 302.906 166.292
303.892 141.051 321.394 141.051 321.394 165.755 303.892 165.755
304.536 141.906 321.989 141.906 321.989 166.515 304.536 166.515
305.834 142.148 323.387 142.148 323.387 166.803 305.834 166.803
306.989 143.197 324.516 143.197 324.516 167.877 306.989 167.877
308.255 145.412 325.588 145.412 325.588 170.467 308.255 170.467
309.320 147.485 326.755 147.485 326.755 172.626 309.320 172.626
310.395 149.396 327.903 149.396 327.903 174.482 310.395 174.482
311.507 151.099 328.835 151.099 328.835 176.363 311.507 176.363
312.810 153.080 330.347 153.080 330.347 178.232 312.810 178.232
314.460 154.244 332.007 154.244 332.007 179.364 314.460 179.364
316.082 156.082 333.772 156.082 333.772 181.075 316.082 181.075
317.872 156.328 335.442 156.328 335.442 181.137 317.872 181.137
319.967 156.451 337.446 156.451 337.446 181.302 319.967 181.302
321.961 156.632 339.383 156.632 339.383 181.438 321.961 181.438
324.469 155.496 341.701 155.496 341.701 180.535 324.469 180.535
326.437 155.586 343.881 155.586 343.881 180.492 326.437 180.492
328.322 154.880 346.024 154.880 346.024 179.684 328.322 179.684
331.054 153.862 348.706 153.862 348.706 178.725 331.054 178.725
332.910 152.482 350.659 152.482 350.659 177.345 332.910 177.345
334.648 151.580 352.728 151.580 352.728 176.374 334.648 176.374
337.034 151.203 355.256 151.203 355.256 176.223 337.034 176.223
338.692 151.433 357.248 151.433 357.248 176.450 338.692 176.450
339.962 152.332 358.680 152.332 358.680 177.292 339.962 177.292
342.157 153.775 361.363 153.775 361.363 178.441 342.157 178.441
343.910 156.416 363.515 156.416 363.515 180.943 343.910 180.943
344.914 157.721 364.449 157.721 364.449 182.620 344.914 182.620
348.157 159.984 367.653 159.984 367.653 184.970 348.157 184.970
350.263 162.254 369.951 162.254 369.951 187.332 350.263 187.332
351.506 162.923 371.347 162.923 371.347 188.062 351.506 188.062
353.496 164.031 373.418 164.031 373.418 189.342 353.496 189.342
355.387 164.896 375.386 164.896 375.386 190.326 355.387 190.326
356.402 165.821 376.512 165.821 376.512 191.537 356.402 191.537
358.936 167.443 378.948 167.443 378.948 193.395 358.936 193.395
360.652 168.872 380.850 168.872 380.850 194.772 360.652 194.772
361.803 169.434 382.225 169.434 382.225 195.121 361.803 195.121
363.318 170.261 383.864 170.261 383.864 195.886 363.318 195.886
365.794 169.766 386.295 169.766 386.295 195.494 365.794 195.494
368.856 170.011 389.518 170.011 389.518 195.690 368.856 195.690
369.557 169.797 390.509 169.797 390.509 195.390 369.557 195.390
372.170 168.833 393.031 168.833 393.031 194.441 372.170 194.441
373.656 166.934 394.379 166.934 394.379 192.682 373.656 192.682
374.937 166.751 395.694 166.751 395.694 192.432 374.937 192.432
376.752 164.999 397.645 164.999 397.645 190.424 376.752 190.424
378.871 163.799 399.789 163.799 399.789 189.083 378.871 189.083
379.953 163.870 400.908 163.870 400.908 188.981 379.953 188.981
382.436 163.521 403.385 163.521 403.385 188.398 382.436 188.398
383.937 163.032 404.865 163.032 404.865 187.711 383.937 187.711
384.564 162.211 405.419 162.211 405.419 186.858 384.564 186.858
386.667 161.635 407.511 161.635 407.511 186.121 386.667 186.121
387.739 161.927 408.695 161.927 408.695 186.284 387.739 186.284
388.384 162.447 409.360 162.447 409.360 186.813 388.384 186.813
390.001 163.947 411.001 163.947 411.001 188.448 390.001 188.448
390.953 164.374 412.014 164.374 412.014 188.944 390.953 188.944
392.129 166.118 412.888 166.118 412.888 191.106 392.129 191.106
393.401 167.742 414.032 167.742 414.032 193.038 393.401 193.038
393.764 169.678 414.219 169.678 414.219 195.493 393.764 195.493
395.297 171.894 415.556 171.894 415.556 198.208 395.297 198.208
396.180 174.599 416.262 174.599 416.262 201.482 396.180 201.482
397.833 176.368 417.807 176.368 417.807 203.630 397.833 203.630
398.124 177.820 418.082 177.820 418.082 205.234 398.124 205.234
398.591 178.315 418.565 178.315 418.565 205.893 398.591 205.893
399.037 178.657 419.142 178.657 419.142 206.080 399.037 206.080
399.446 178.186 419.805 178.186 419.805 205.368 399.446 205.368
400.544 177.503 420.720 177.503 420.720 204.872 400.544 204.872
401.536 174.450 421.500 174.450 421.500 201.988 401.536 201.988
401.824 172.060 421.573 172.060 421.573 200.015 401.824 200.015
403.455 169.139 422.867 169.139 422.867 197.345 403.455 197.345
404.838 166.652 423.827 166.652 423.827 195.173 404.838 195.173
405.167 165.637 423.972 165.637 423.972 194.480 405.167 194.480
406.991 160.731 425.442 160.731 425.442 189.985 406.991 189.985
407.555 159.416 426.180 159.416 426.180 188.462 407.555 188.462
409.068 159.805 427.718 159.805 427.718 188.692 409.068 188.692
410.087 158.483 428.791 158.483 428.791 187.290 410.087 187.290
410.881 159.266 429.536 159.266 429.536 188.025 410.881 188.025
412.127 161.080 430.786 161.080 430.786 189.696 412.127 189.696
413.407 161.611 431.869 161.611 431.869 190.413 413.407 190.413
414.571 163.943 432.933 163.943 432.933 192.578 414.571 192.578
415.666 165.521 434.165 165.521 434.165 193.872 415.666 193.872
417.496 168.584 435.631 168.584 435.631 197.214 417.496 197.214
418.845 170.449 436.843 170.449 436.843 199.021 418.845 199.021
420.118 171.059 438.055 171.059 438.055 199.484 420.118 199.484
421.282 171.777 439.117 171.777 439.117 200.039 421.282 200.039
421.943 172.171 440.075 172.171 440.075 200.144 421.943 200.144
422.329 172.427 440.587 172.427 440.587 200.193 422.329 200.193
422.909 172.210 441.268 172.210 441.268 199.891 422.909 199.891
423.382 170.999 441.701 170.999 441.701 198.695 423.382 198.695
423.707 170.039 441.994 170.039 441.994 197.839 423.707 197.839
423.771 169.209 442.061 169.209 442.061 197.133 423.771 197.133
423.733 168.272 442.264 168.272 442.264 195.962 423.733 195.962
422.389 164.672 441.057 164.672 441.057 192.332 422.389 192.332
421.080 164.002 439.894 164.002 439.894 191.644 421.080 191.644
419.689 164.315 438.657 164.315 438.657 191.714 419.689 191.714
418.489 163.772 437.225 163.772 437.225 191.022 418.489 191.022
417.464 163.365 436.106 163.365 436.106 190.436 417.464 190.436
416.164 163.265 435.067 163.265 435.067 189.968 416.164 189.968
414.030 163.085 432.966 163.085 432.966 189.537 414.030 189.537
411.926 163.575 430.869 163.575 430.869 189.987 411.926 189.987
410.035 164.207 429.199 164.207 429.199 190.463 410.035 190.463
408.296 165.928 427.599 165.928 427.599 192.236 408.296 192.236
406.651 167.847 425.976 167.847 425.976 194.142 406.651 194.142
404.604 170.387 424.239 170.387 424.239 196.604 404.604 196.604
402.504 172.527 422.199 172.527 422.199 198.548 402.504 198.548
400.027 174.446 419.770 174.446 419.770 200.328 400.027 200.328
397.721 175.704 417.617 175.704 417.617 201.442 397.721 201.442
395.869 176.382 415.673 176.382 415.673 202.133 395.869 202.133
394.435 175.784 414.113 175.784 414.113 201.713 394.435 201.713
392.480 175.257 411.889 175.257 411.889 201.385 392.480 201.385
390.511 174.491 410.189 174.491 410.189 200.494 390.511 200.494
389.245 173.125 408.998 173.125 408.998 199.013 389.245 199.013
387.412 171.287 407.307 171.287 407.307 197.058 387.412 197.058
386.272 169.144 406.075 169.144 406.075 194.969 386.272 194.969
384.009 168.122 404.137 168.122 404.137 193.821 384.009 193.821
383.302 164.952 403.240 164.952 403.240 190.953 383.302 190.953
382.129 163.944 402.312 163.944 402.312 189.709 382.129 189.709
381.368 163.405 401.776 163.405 401.776 188.908 381.368 188.908
380.120 162.106 400.420 162.106 400.420 187.779 380.120 187.779
379.418 161.519 399.899 161.519 399.899 186.858 379.418 186.858
378.792 161.524 399.394 161.524 399.394 186.782 378.792 186.782
378.102 160.754 398.715 160.754 398.715 186.130 378.102 186.130
378.306 161.158 398.743 161.158 398.743 186.874 378.306 186.874
377.806 161.581 398.497 161.581 398.497 187.005 377.806 187.005
377.561 163.644 398.516 163.644 398.516 188.839 377.561 188.839
377.753 164.186 398.765 164.186 398.765 189.401 377.753 189.401
377.153 164.716 398.407 164.716 398.407 189.626 377.153 189.626
377.094 165.904 398.497 165.904 398.497 190.785 377.094 190.785
377.613 167.197 399.074 167.197 399.074 192.163 377.613 192.163
378.163 168.781 399.692 168.781 399.692 193.880 378.163 193.880
378.516 169.730 399.921 169.730 399.921 194.856 378.516 194.856
378.601 169.843 400.039 169.843 400.039 194.830 378.601 194.830
379.034 169.870 400.373 169.870 400.373 194.836 379.034 194.836
379.676 170.566 401.143 170.566 401.143 195.374 379.676 195.374
379.930 171.445 401.357 171.445 401.357 196.176 379.930 196.176
380.651 171.600 402.058 171.600 402.058 196.269 380.651 196.269
380.854 171.999 402.225 171.999 402.225 196.647 380.854 196.647
380.890 172.452 402.266 172.452 402.266 197.099 380.890 197.099
381.045 171.845 402.297 171.845 402.297 196.457 381.045 196.457
381.488 171.936 402.782 171.936 402.782 196.444 381.488 196.444
382.299 171.653 403.567 171.653 403.567 196.083 382.299 196.083
382.262 171.312 403.645 171.312 403.645 195.682 382.262 195.682
382.661 170.800 403.977 170.800 403.977 195.158 382.661 195.158
382.979 169.831 404.302 169.831 404.302 194.250 382.979 194.250
383.188 169.161 404.498 169.161 404.498 193.693 383.188 193.693
383.723 168.275 404.799 168.275 404.799 192.877 383.723 192.877
383.040 167.254 404.109 167.254 404.109 191.699 383.040 191.699
383.381 166.072 404.374 166.072 404.374 190.569 383.381 190.569
383.659 165.341 404.560 165.341 404.560 189.848 383.659 189.848
383.427 164.278 404.232 164.278 404.232 188.914 383.427 188.914
383.715 163.349 404.480 163.349 404.480 188.044 383.715 188.044
383.022 162.782 403.886 162.782 403.886 187.533 383.022 187.533
382.932 162.000 403.714 162.000 403.714 186.710 382.932 186.710
382.460 161.380 403.441 161.380 403.441 185.842 382.460 185.842
382.415 161.139 403.603 161.139 403.603 185.475 382.415 185.475
382.254 161.099 403.434 161.099 403.434 185.444 382.254 185.444
382.406 161.275 403.391 161.275 403.391 185.809 382.406 185.809
382.219 161.880 403.157 161.880 403.157 186.428 382.219 186.428
381.809 161.888 402.746 161.888 402.746 186.465 381.809 186.465
381.364 162.431 402.368 162.431 402.368 186.950 381.364 186.950
381.160 163.377 402.127 163.377 402.127 187.982 381.160 187.982
380.452 163.493 401.290 163.493 401.290 188.300 380.452 188.300
379.593 163.712 400.325 163.712 400.325 188.796 379.593 188.796
379.352 163.938 400.092 163.938 400.092 189.071 379.352 189.071
379.114 164.064 399.740 164.064 399.740 189.301 379.114 189.301
378.885 164.761 399.677 164.761 399.677 189.989 378.885 189.989
378.178 165.397 398.906 165.397 398.906 190.769 378.178 190.769
377.605 165.152 398.304 165.152 398.304 190.595 377.605 190.595
377.343 165.265 397.951 165.265 397.951 190.846 377.343 190.846
377.179 165.506 397.721 165.506 397.721 191.153 377.179 191.153
377.262 165.500 397.880 165.500 397.880 191.261 377.262 191.261
377.245 165.919 397.842 165.919 397.842 191.822 377.245 191.822
377.067 165.943 397.574 165.943 397.574 191.916 377.067 191.916
376.819 166.361 397.463 166.361 397.463 192.266 376.819 192.266
376.383 165.970 397.028 165.970 397.028 191.868 376.383 191.868
376.892 166.781 397.520 166.781 397.520 192.722 376.892 192.722
375.221 167.863 395.933 167.863 395.933 193.676 375.221 193.676
376.114 168.022 396.667 168.022 396.667 193.989 376.114 193.989
376.345 167.528 396.824 167.528 396.824 193.694 376.345 193.694
376.752 166.977 397.229 166.977 397.229 193.182 376.752 193.182
376.523 166.153 397.067 166.153 397.067 192.366 376.523 192.366
376.024 166.526 396.388 166.526 396.388 193.044 376.024 193.044
376.879 165.509 397.171 165.509 397.171 192.201 376.879 192.201
376.510 165.323 396.790 165.323 396.790 192.278 376.510 192.278
377.090 165.145 397.310 165.145 397.310 192.338 377.090 192.338
376.797 164.934 396.979 164.934 396.979 192.348 376.797 192.348
377.476 164.229 397.800 164.229 397.800 191.509 377.476 191.509
377.449 164.062 397.964 164.062 397.964 191.310 377.449 191.310
377.787 164.052 398.292 164.052 398.292 191.315 377.787 191.315
378.767 163.821 399.226 163.821 399.226 191.116 378.767 191.116
378.926 163.768 399.382 163.768 399.382 191.087 378.926 191.087
379.649 163.178 399.981 163.178 399.981 190.626 379.649 190.626
379.353 162.842 399.962 162.842 399.962 190.185 379.353 190.185
379.162 162.352 399.807 162.352 399.807 189.860 379.162 189.860
379.933 163.063 400.634 163.063 400.634 190.558 379.933 190.558
380.101 163.261 400.848 163.261 400.848 190.678 380.101 190.678
380.586 163.966 401.422 163.966 401.422 191.274 380.586 191.274
381.119 164.455 402.099 164.455 402.099 191.635 381.119 191.635
381.179 164.344 402.182 164.344 402.182 191.428 381.179 191.428
381.400 164.233 402.396 164.233 402.396 191.270 381.400 191.270
380.854 165.586 401.910 165.586 401.910 192.548 380.854 192.548
381.109 165.795 402.200 165.795 402.200 192.782 381.109 192.782
