186.000 119.000 202.000 119.000 202.000 151.000 186.000 151.000
186.059 118.286 201.535 118.286 201.535 150.565 186.059 150.565
185.690 118.477 200.756 118.477 200.756 151.155 185.690 151.155
185.510 118.698 200.358 118.698 200.358 151.514 185.510 151.514
185.143 118.789 199.881 118.789 199.881 151.670 185.143 151.670
184.704 118.354 199.493 118.354 199.493 151.137 184.704 151.137
184.400 118.358 199.270 118.358 199.270 150.914 184.400 150.914
184.099 118.632 198.990 118.632 198.990 150.965 184.099 150.965
183.689 119.311 198.597 119.311 198.597 151.523 183.689 151.523
183.298 120.049 198.188 120.049 198.188 152.320 183.298 152.320
182.948 119.619 197.797 119.619 197.797 151.970 182.948 151.970
182.670 119.898 197.543 119.898 197.543 152.346 182.670 152.346
182.451 119.925 197.344 119.925 197.344 152.470 182.451 152.470
182.230 120.005 197.101 120.005 197.101 152.743 182.230 152.743
179.251 119.941 194.175 119.941 194.175 152.703 179.251 152.703
179.433 119.793 194.380 119.793 194.380 152.610 179.433 152.610
179.575 118.925 194.544 118.925 194.544 151.722 179.575 151.722
179.579 118.737 194.550 118.737 194.550 151.568 179.579 151.568
179.599 118.869 194.624 118.869 194.624 151.846 179.599 151.846
179.670 118.313 194.757 118.313 194.757 151.367 179.670 151.367
179.616 118.467 194.608 118.467 194.608 151.531 179.616 151.531
179.583 118.752 194.595 118.752 194.595 151.588 179.583 151.588
179.486 119.054 194.435 119.054 194.435 151.880 179.486 151.880
179.245 118.935 194.292 118.935 194.292 151.692 179.245 151.692
179.021 119.334 194.046 119.334 194.046 152.009 179.021 152.009
175.827 118.893 190.867 118.893 190.867 151.496 175.827 151.496
175.948 118.983 190.938 118.983 190.938 151.559 175.948 151.559
175.769 119.310 190.807 119.310 190.807 151.706 175.769 151.706
175.654 119.294 190.692 119.294 190.692 151.484 175.654 151.484
175.265 119.544 190.369 119.544 190.369 151.744 175.265 151.744
175.072 120.052 190.172 120.052 190.172 152.267 175.072 152.267
172.422 120.152 187.484 120.152 187.484 152.399 172.422 152.399
172.405 120.017 187.389 120.017 187.389 152.277 172.405 152.277
172.557 120.222 187.559 120.222 187.559 152.350 172.557 152.350
172.078 120.143 187.152 120.143 187.152 152.172 172.078 152.172
172.146 120.010 187.167 120.010 187.167 151.947 172.146 151.947
172.148 121.536 186.933 121.536 186.933 153.649 172.148 153.649
172.376 121.178 187.118 121.178 187.118 153.445 172.376 153.445
172.583 120.644 187.268 120.644 187.268 152.996 172.583 152.996
172.980 120.878 187.637 120.878 187.637 153.098 172.980 153.098
175.547 120.168 190.215 120.168 190.215 152.337 175.547 152.337
175.240 120.067 189.924 120.067 189.924 152.213 175.240 152.213
175.064 120.259 189.798 120.259 189.798 152.377 175.064 152.377
174.995 120.771 189.699 120.771 189.699 152.891 174.995 152.891
174.864 120.574 189.544 120.574 189.544 152.692 174.864 152.692
174.799 120.951 189.488 120.951 189.488 152.953 174.799 152.953
174.848 121.173 189.572 121.173 189.572 153.102 174.848 153.102
175.094 121.107 189.794 121.107 189.794 153.004 175.094 153.004
175.196 120.943 189.914 120.943 189.914 152.747 175.196 152.747
175.550 120.647 190.214 120.647 190.214 152.483 175.550 152.483
175.990 120.369 190.591 120.369 190.591 152.121 175.990 152.121
176.266 120.615 190.886 120.615 190.886 152.105 176.266 152.105
178.996 120.784 193.531 120.784 193.531 152.337 178.996 152.337
178.988 120.931 193.477 120.931 193.477 152.531 178.988 152.531
181.482 121.619 195.978 121.619 195.978 153.336 181.482 153.336
181.514 122.229 195.990 122.229 195.990 153.842 181.514 153.842
181.727 122.118 196.139 122.118 196.139 153.736 181.727 153.736
182.031 122.307 196.397 122.307 196.397 154.005 182.031 154.005
184.666 121.227 198.961 121.227 198.961 152.883 184.666 152.883
184.677 120.776 198.968 120.776 198.968 152.280 184.677 152.280
185.067 120.962 199.428 120.962 199.428 152.188 185.067 152.188
185.447 122.277 199.794 122.277 199.794 153.298 185.447 153.298
188.261 122.197 202.513 122.197 202.513 153.190 188.261 153.190
188.337 122.247 202.556 122.247 202.556 153.175 188.337 153.175
188.414 122.461 202.573 122.461 202.573 153.428 188.414 153.428
191.190 121.710 205.247 121.710 205.247 152.555 191.190 152.555
191.559 121.526 205.566 121.526 205.566 152.231 191.559 152.231
194.307 120.596 208.298 120.596 208.298 151.211 194.307 151.211
194.312 120.068 208.245 120.068 208.245 150.670 194.312 150.670
197.085 120.262 211.023 120.262 211.023 150.762 197.085 150.762
199.772 120.861 213.629 120.861 213.629 151.486 199.772 151.486
202.263 121.088 216.040 121.088 216.040 151.903 202.263 151.903
202.053 120.761 215.809 120.761 215.809 151.666 202.053 151.666
201.720 120.447 215.556 120.447 215.556 151.509 201.720 151.509
201.495 119.270 215.459 119.270 215.459 150.107 201.495 150.107
