560.000 150.000 599.000 150.000 599.000 184.000 560.000 184.000
560.278 142.495 597.727 142.495 597.727 177.649 560.278 177.649
554.485 131.600 590.776 131.600 590.776 167.406 554.485 167.406
551.483 127.109 587.062 127.109 587.062 162.955 551.483 162.955
542.201 121.373 576.896 121.373 576.896 157.570 542.201 157.570
539.965 119.639 574.116 119.639 574.116 155.966 539.965 155.966
532.083 125.293 566.219 125.293 566.219 161.434 532.083 161.434
525.943 122.852 559.550 122.852 559.550 159.014 525.943 159.014
521.983 115.161 554.792 115.161 554.792 151.378 521.983 151.378
519.615 110.015 552.283 110.015 552.283 145.880 519.615 145.880
512.989 108.595 545.537 108.595 545.537 144.390 512.989 144.390
507.057 108.096 539.110 108.096 539.110 143.963 507.057 143.963
501.430 106.850 533.230 106.850 533.230 142.542 501.430 142.542
498.986 100.514 530.664 100.514 530.664 136.064 498.986 136.064
491.995 94.969 523.518 94.969 523.518 130.204 491.995 130.204
488.899 94.592 520.612 94.592 520.612 129.431 488.899 129.431
483.257 93.485 514.655 93.485 514.655 128.265 483.257 128.265
477.172 85.226 508.503 85.226 508.503 119.803 477.172 119.803
474.287 84.962 505.564 84.962 505.564 119.411 474.287 119.411
469.065 83.203 499.995 83.203 499.995 117.654 469.065 117.654
464.811 77.686 495.181 77.686 495.181 112.399 464.811 112.399
461.583 75.678 492.048 75.678 492.048 109.905 461.583 109.905
458.938 73.387 489.413 73.387 489.413 107.333 458.938 107.333
453.053 71.469 483.388 71.469 483.388 105.229 453.053 105.229
447.171 66.100 477.399 66.100 477.399 99.567 447.171 99.567
442.840 63.302 472.688 63.302 472.688 96.810 442.840 96.810
440.460 61.105 470.322 61.105 470.322 94.363 440.460 94.363
435.728 58.057 465.284 58.057 465.284 91.282 435.728 91.282
431.868 55.482 461.160 55.482 461.160 88.742 431.868 88.742
428.979 50.226 458.290 50.226 458.290 83.404 428.979 83.404
426.094 49.114 455.235 49.114 455.235 81.966 426.094 81.966
423.020 47.033 452.202 47.033 452.202 79.687 423.020 79.687
420.255 45.541 449.507 45.541 449.507 77.874 420.255 77.874
415.003 39.546 444.130 39.546 444.130 71.689 415.003 71.689
413.136 38.669 442.297 38.669 442.297 70.434 413.136 70.434
411.649 37.145 440.598 37.145 440.598 68.613 411.649 68.613
409.908 35.372 438.670 35.372 438.670 66.900 409.908 66.900
407.418 30.460 435.982 30.460 435.982 61.829 407.418 61.829
406.162 31.037 434.521 31.037 434.521 62.386 406.162 62.386
404.366 31.632 432.678 31.632 432.678 62.718 404.366 62.718
403.412 30.945 431.555 30.945 431.555 61.954 403.412 61.954
401.566 31.933 429.716 31.933 429.716 62.811 401.566 62.811
399.717 31.367 427.632 31.367 427.632 62.051 399.717 62.051
398.447 32.737 426.445 32.737 426.445 63.105 398.447 63.105
397.600 32.735 425.442 32.735 425.442 62.947 397.600 62.947
396.103 33.378 423.966 33.378 423.966 63.421 396.103 63.421
394.993 33.192 422.727 33.192 422.727 63.179 394.993 63.179
394.254 33.481 421.907 33.481 421.907 63.503 394.254 63.503
393.042 33.369 420.787 33.369 420.787 63.232 393.042 63.232
393.628 32.443 421.514 32.443 421.514 62.271 393.628 62.271
394.808 31.062 422.751 31.062 422.751 60.806 394.808 60.806
396.186 30.177 424.065 30.177 424.065 60.042 396.186 60.042
396.523 32.145 424.593 32.145 424.593 62.033 396.523 62.033
397.024 37.975 425.018 37.975 425.018 68.025 397.024 68.025
401.594 47.186 429.322 47.186 429.322 77.402 401.594 77.402
405.645 64.928 433.258 64.928 433.258 95.152 405.645 95.152
407.014 77.806 434.599 77.806 434.599 108.248 407.014 108.248
408.902 84.409 436.777 84.409 436.777 114.580 408.902 114.580
410.848 84.756 438.675 84.756 438.675 114.986 410.848 114.986
412.316 85.808 439.991 85.808 439.991 116.289 412.316 116.289
413.713 86.917 441.419 86.917 441.419 117.493 413.713 117.493
417.583 99.685 445.255 99.685 445.255 130.273 417.583 130.273
417.617 106.368 445.403 106.368 445.403 136.631 417.617 136.631
418.017 116.077 446.080 116.077 446.080 145.945 418.017 145.945
418.057 117.863 446.320 117.863 446.320 147.677 418.057 147.677
419.235 122.462 447.597 122.462 447.597 152.494 419.235 152.494
420.222 124.482 448.584 124.482 448.584 154.606 420.222 154.606
421.392 131.063 449.735 131.063 449.735 161.185 421.392 161.185
422.342 144.850 450.988 144.850 450.988 174.651 422.342 174.651
423.710 146.666 452.516 146.666 452.516 176.489 423.710 176.489
423.865 149.508 452.777 149.508 452.777 179.391 423.865 179.391
424.341 155.015 453.424 155.015 453.424 184.856 424.341 184.856
425.954 167.723 455.094 167.723 455.094 197.762 425.954 197.762
427.415 173.635 456.563 173.635 456.563 203.913 427.415 203.913
428.406 174.197 457.608 174.197 457.608 204.692 428.406 204.692
429.537 183.894 458.915 183.894 458.915 214.194 429.537 214.194
430.141 193.190 459.831 193.190 459.831 223.788 430.141 223.788
430.024 194.747 460.031 194.747 460.031 225.353 430.024 225.353
433.943 203.726 463.909 203.726 463.909 234.614 433.943 234.614
434.134 209.307 463.925 209.307 463.925 240.476 434.134 240.476
434.394 213.472 464.050 213.472 464.050 244.945 434.394 244.945
433.838 221.855 463.324 221.855 463.324 253.200 433.838 253.200
434.459 233.772 463.534 233.772 463.534 265.608 434.459 265.608
438.112 243.237 467.419 243.237 467.419 274.907 438.112 274.907
438.100 251.069 467.375 251.069 467.375 282.987 438.100 282.987
438.873 255.261 468.100 255.261 468.100 287.447 438.873 287.447
438.503 260.450 467.624 260.450 467.624 292.804 438.503 292.804
439.334 264.264 468.192 264.264 468.192 296.855 439.334 296.855
440.366 264.316 469.020 264.316 469.020 297.083 440.366 297.083
441.492 263.214 470.162 263.214 470.162 295.991 441.492 295.991
442.538 262.523 471.234 262.523 471.234 295.453 442.538 295.453
443.199 263.437 471.959 263.437 471.959 296.415 443.199 296.415
444.430 263.686 472.988 263.686 472.988 296.715 444.430 296.715
448.325 263.028 476.634 263.028 476.634 296.161 448.325 296.161
455.477 266.204 483.901 266.204 483.901 299.219 455.477 299.219
463.622 265.498 492.302 265.498 492.302 298.524 463.622 298.524
467.872 264.058 496.636 264.058 496.636 297.279 467.872 297.279
468.792 262.364 497.522 262.364 497.522 295.766 468.792 295.766
469.316 253.538 497.969 253.538 497.969 287.005 469.316 287.005
472.530 255.854 501.205 255.854 501.205 289.367 472.530 289.367
475.614 258.241 504.303 258.241 504.303 291.899 475.614 291.899
478.680 257.097 507.417 257.097 507.417 290.855 478.680 290.855
482.567 259.101 511.368 259.101 511.368 293.010 482.567 293.010
486.436 258.007 515.186 258.007 515.186 291.961 486.436 291.961
486.180 257.078 514.878 257.078 514.878 290.974 486.180 290.974
486.514 255.754 515.218 255.754 515.218 289.707 486.514 289.707
486.254 258.432 514.885 258.432 514.885 292.582 486.254 292.582
486.259 256.610 514.782 256.610 514.782 290.772 486.259 290.772
485.681 255.109 514.120 255.109 514.120 289.427 485.681 289.427
484.904 253.768 513.347 253.768 513.347 288.128 484.904 288.128
483.867 252.656 512.321 252.656 512.321 287.019 483.867 287.019
476.593 256.231 505.286 256.231 505.286 290.393 476.593 290.393
472.623 255.721 501.402 255.721 501.402 289.607 472.623 289.607
472.445 251.993 501.028 251.993 501.028 285.792 472.445 285.792
471.806 251.500 500.212 251.500 500.212 285.167 471.806 285.167
471.447 250.505 499.739 250.505 499.739 284.147 471.447 284.147
474.638 250.283 503.244 250.283 503.244 283.630 474.638 283.630
474.111 245.886 502.981 245.886 502.981 279.093 474.111 279.093
469.506 240.809 498.501 240.809 498.501 274.046 469.506 274.046
468.289 235.943 497.571 235.943 497.571 269.112 468.289 269.112
467.023 230.595 496.326 230.595 496.326 263.802 467.023 263.802
466.121 226.130 495.289 226.130 495.289 259.474 466.121 259.474
464.681 224.603 493.855 224.603 493.855 257.961 464.681 257.961
459.692 220.015 489.029 220.015 489.029 253.284 459.692 253.284
457.796 218.735 487.157 218.735 487.157 252.094 457.796 252.094
456.610 216.571 486.103 216.571 486.103 249.626 456.610 249.626
454.854 213.610 484.440 213.610 484.440 246.548 454.854 246.548
454.002 207.392 483.648 207.392 483.648 240.277 454.002 240.277
452.985 205.680 482.911 205.680 482.911 238.370 452.985 238.370
452.347 203.447 482.201 203.447 482.201 236.446 452.347 236.446
451.183 201.776 481.056 201.776 481.056 235.012 451.183 235.012
448.798 199.668 478.917 199.668 478.917 232.796 448.798 232.796
446.983 197.180 476.904 197.180 476.904 230.411 446.983 230.411
445.320 195.203 475.223 195.203 475.223 228.605 445.320 228.605
444.534 192.974 474.397 192.974 474.397 226.477 444.534 226.477
443.689 187.078 473.269 187.078 473.269 220.761 443.689 220.761
443.299 184.606 472.821 184.606 472.821 218.258 443.299 218.258
442.831 182.549 472.365 182.549 472.365 216.163 442.831 216.163
438.242 181.899 467.704 181.899 467.704 215.492 438.242 215.492
433.904 181.768 463.459 181.768 463.459 215.142 433.904 215.142
429.605 183.995 459.412 183.995 459.412 217.330 429.605 217.330
429.726 182.638 459.559 182.638 459.559 216.026 429.726 216.026
430.464 184.915 460.210 184.915 460.210 218.418 430.464 218.418
430.254 183.545 459.985 183.545 459.985 217.095 430.254 217.095
430.007 182.240 459.709 182.240 459.709 215.843 430.007 215.843
430.226 179.495 459.728 179.495 459.728 213.356 430.226 213.356
430.384 176.962 459.695 176.962 459.695 211.074 430.384 211.074
430.445 175.084 459.645 175.084 459.645 209.346 430.445 209.346
430.171 180.403 459.092 180.403 459.092 214.996 430.171 214.996
430.369 180.975 458.919 180.975 458.919 216.005 430.369 216.005
430.514 181.160 458.609 181.160 458.609 216.684 430.514 216.684
430.926 177.765 458.439 177.765 458.439 213.970 430.926 213.970
431.131 174.714 458.041 174.714 458.041 211.537 431.131 211.537
431.230 171.183 457.337 171.183 457.337 208.618 431.230 208.618
427.331 168.020 453.365 168.020 453.365 205.512 427.331 205.512
424.016 156.983 449.708 156.983 449.708 194.609 424.016 194.609
431.362 128.733 457.898 128.733 457.898 165.461 431.362 165.461
430.578 132.240 457.967 132.240 457.967 167.911 430.578 167.911
430.483 129.597 457.811 129.597 457.811 165.098 430.483 165.098
430.604 127.900 457.775 127.900 457.775 163.372 430.604 163.372
430.477 125.599 457.545 125.599 457.545 161.103 430.477 161.103
430.639 123.745 457.692 123.745 457.692 158.871 430.639 158.871
430.996 123.107 458.029 123.107 458.029 158.250 430.996 158.250
430.158 122.527 456.821 122.527 456.821 157.903 430.158 157.903
429.769 119.214 456.040 119.214 456.040 154.932 429.769 154.932
428.764 118.538 455.915 118.538 455.915 153.290 428.764 153.290
424.503 113.765 451.878 113.765 451.878 148.123 424.503 148.123
416.477 108.892 444.069 108.892 444.069 143.101 416.477 143.101
415.920 103.990 443.790 103.990 443.790 138.098 415.920 138.098
407.541 99.768 435.458 99.768 435.458 133.819 407.541 133.819
399.149 94.753 427.059 94.753 427.059 128.858 399.149 128.858
388.219 97.634 416.241 97.634 416.241 131.561 388.219 131.561
384.570 93.207 412.697 93.207 412.697 126.753 384.570 126.753
379.364 92.967 407.928 92.967 407.928 126.032 379.364 126.032
373.499 91.525 402.157 91.525 402.157 124.391 373.499 124.391
371.316 90.049 400.109 90.049 400.109 122.854 371.316 122.854
369.853 88.308 398.676 88.308 398.676 120.958 369.853 120.958
363.916 83.043 392.736 83.043 392.736 115.637 363.916 115.637
356.347 81.165 385.472 81.165 385.472 113.337 356.347 113.337
350.848 78.019 380.067 78.019 380.067 110.052 350.848 110.052
348.575 76.476 377.857 76.476 377.857 108.454 348.575 108.454
341.878 74.500 371.094 74.500 371.094 106.250 341.878 106.250
337.445 71.658 366.574 71.658 366.574 103.247 337.445 103.247
335.466 69.188 364.511 69.188 364.511 100.570 335.466 100.570
332.121 68.077 361.148 68.077 361.148 99.473 332.121 99.473
327.091 64.683 355.951 64.683 355.951 95.950 327.091 95.950
322.115 61.884 350.861 61.884 350.861 93.146 322.115 93.146
319.572 59.733 348.181 59.733 348.181 91.387 319.572 91.387
313.742 55.804 342.420 55.804 342.420 87.342 313.742 87.342
311.237 53.416 340.034 53.416 340.034 84.825 311.237 84.825
309.198 51.797 337.980 51.797 337.980 83.198 309.198 83.198
304.260 49.917 332.986 49.917 332.986 81.183 304.260 81.183
302.265 48.038 330.856 48.038 330.856 79.205 302.265 79.205
300.034 46.806 328.390 46.806 328.390 77.939 300.034 77.939
293.604 44.568 322.025 44.568 322.025 75.601 293.604 75.601
292.572 41.415 320.697 41.415 320.697 72.524 292.572 72.524
290.826 39.335 318.611 39.335 318.611 70.460 290.826 70.460
284.766 37.842 312.485 37.842 312.485 69.056 284.766 69.056
282.962 36.375 310.745 36.375 310.745 67.428 282.962 67.428
280.303 33.559 308.244 33.559 308.244 64.143 280.303 64.143
277.991 31.880 306.000 31.880 306.000 62.236 277.991 62.236
275.950 30.675 303.981 30.675 303.981 60.796 275.950 60.796
273.930 28.724 301.756 28.724 301.756 58.716 273.930 58.716
269.633 26.769 297.127 26.769 297.127 56.673 269.633 56.673
268.428 24.378 295.783 24.378 295.783 54.141 268.428 54.141
266.428 24.175 294.032 24.175 294.032 53.451 266.428 53.451
264.917 22.768 292.357 22.768 292.357 51.859 264.917 51.859
263.305 20.742 291.008 20.742 291.008 49.719 263.305 49.719
262.785 23.341 290.972 23.341 290.972 51.987 262.785 51.987
267.237 27.199 295.584 27.199 295.584 55.631 267.237 55.631
272.884 30.802 301.139 30.802 301.139 59.218 272.884 59.218
278.706 35.385 306.637 35.385 306.637 63.870 278.706 63.870
284.047 36.680 311.760 36.680 311.760 65.305 284.047 65.305
286.990 37.672 314.685 37.672 314.685 66.280 286.990 66.280
293.182 41.533 320.652 41.533 320.652 70.411 293.182 70.411
296.276 41.953 323.412 41.953 323.412 71.064 296.276 71.064
299.030 43.303 326.164 43.303 326.164 72.436 299.030 72.436
304.503 49.412 331.605 49.412 331.605 78.485 304.503 78.485
309.455 52.088 336.571 52.088 336.571 81.134 309.455 81.134
311.915 53.579 338.927 53.579 338.927 82.758 311.915 82.758
313.958 54.415 340.976 54.415 340.976 83.523 313.958 83.523
318.872 59.870 346.122 59.870 346.122 88.949 318.872 88.949
323.604 60.662 350.918 60.662 350.918 89.928 323.604 89.928
325.940 61.017 353.152 61.017 353.152 90.511 325.940 90.511
334.671 64.368 361.935 64.368 361.935 94.009 334.671 94.009
337.601 67.569 364.846 67.569 364.846 97.317 337.601 97.317
340.419 69.245 367.527 69.245 367.527 99.038 340.419 99.038
346.291 75.206 373.475 75.206 373.475 104.893 346.291 104.893
348.792 76.955 375.934 76.955 375.934 106.674 348.792 106.674
354.463 78.963 381.796 78.963 381.796 108.478 354.463 108.478
357.769 82.538 384.978 82.538 384.978 111.996 357.769 111.996
363.521 86.120 390.596 86.120 390.596 115.825 363.521 115.825
368.938 86.831 396.071 86.831 396.071 116.727 368.938 116.727
371.766 87.667 398.800 87.667 398.800 117.684 371.766 117.684
381.147 90.797 408.294 90.797 408.294 120.927 381.147 120.927
386.057 91.575 413.410 91.575 413.410 121.576 386.057 121.576
389.040 95.822 416.420 95.822 416.420 126.125 389.040 126.125
395.125 101.491 422.474 101.491 422.474 131.655 395.125 131.655
400.798 103.918 428.277 103.918 428.277 134.100 400.798 134.100
403.136 105.953 430.490 105.953 430.490 136.238 403.136 136.238
412.458 110.097 439.965 110.097 439.965 140.469 412.458 140.469
417.656 111.320 444.964 111.320 444.964 141.807 417.656 141.807
419.779 112.027 447.134 112.027 447.134 142.562 419.779 142.562
425.344 113.717 452.897 113.717 452.897 144.129 425.344 144.129
434.047 114.169 461.756 114.169 461.756 144.513 434.047 144.513
436.584 117.367 464.342 117.367 464.342 147.715 436.584 147.715
443.246 121.090 470.823 121.090 470.823 151.774 443.246 151.774
448.886 126.198 476.595 126.198 476.595 156.669 448.886 156.669
454.436 129.194 482.274 129.194 482.274 159.580 454.436 159.580
459.520 131.864 487.382 131.864 487.382 162.238 459.520 162.238
466.260 135.336 493.722 135.336 493.722 165.803 466.260 165.803
471.924 136.004 499.033 136.004 499.033 166.803 471.924 166.803
477.097 137.815 504.001 137.815 504.001 168.671 477.097 168.671
486.733 142.135 513.633 142.135 513.633 172.959 486.733 172.959
491.687 143.845 518.880 143.845 518.880 174.511 491.687 174.511
496.571 144.220 524.205 144.220 524.205 174.538 496.571 174.538
505.893 149.592 533.484 149.592 533.484 179.952 505.893 179.952
510.954 152.744 538.699 152.744 538.699 182.993 510.954 182.993
516.222 155.280 544.022 155.280 544.022 185.514 516.222 185.514
524.978 160.501 552.734 160.501 552.734 190.746 524.978 190.746
530.615 161.651 558.385 161.651 558.385 191.818 530.615 191.818
535.367 162.751 562.975 162.751 562.975 193.203 535.367 193.203
540.634 166.483 567.691 166.483 567.691 197.513 540.634 197.513
549.743 168.262 576.745 168.262 576.745 199.205 549.743 199.205
555.856 172.511 582.716 172.511 582.716 203.505 555.856 203.505
561.426 173.165 588.637 173.165 588.637 203.990 561.426 203.990
574.467 176.126 601.682 176.126 601.682 206.965 574.467 206.965
580.423 178.497 607.692 178.497 607.692 209.260 580.423 209.260
582.810 183.345 610.040 183.345 610.040 214.225 582.810 214.225
591.216 187.678 618.506 187.678 618.506 218.206 591.216 218.206
600.074 188.863 627.441 188.863 627.441 219.363 600.074 219.363
605.088 192.875 632.137 192.875 632.137 223.689 605.088 223.689
612.431 199.012 637.665 199.012 637.665 231.105 612.431 231.105
608.887 187.018 634.186 187.018 634.186 218.977 608.887 218.977
609.143 188.863 634.000 188.863 634.000 221.304 609.143 221.304
606.304 191.556 630.786 191.556 630.786 224.497 606.304 224.497
605.811 198.866 630.883 198.866 630.883 231.096 605.811 231.096
605.348 203.248 631.067 203.248 631.067 234.917 605.348 234.917
605.278 213.007 631.100 213.007 631.100 244.602 605.278 244.602
604.891 219.432 630.941 219.432 630.941 250.821 604.891 250.821
601.085 222.981 627.175 222.981 627.175 254.343 601.085 254.343
601.198 222.076 627.293 222.076 627.293 253.440 601.198 253.440
602.165 218.222 628.271 218.222 628.271 249.577 602.165 249.577
603.007 218.503 629.122 218.503 629.122 249.851 603.007 249.851
584.925 224.896 610.442 224.896 610.442 256.921 584.925 256.921
584.080 228.027 610.130 228.027 610.130 259.384 584.080 259.384
609.460 259.684 635.480 259.684 635.480 290.718 609.460 290.718
609.414 258.480 635.397 258.480 635.397 289.201 609.414 289.201
609.348 251.694 635.141 251.694 635.141 282.635 609.348 282.635
609.898 246.936 635.223 246.936 635.223 278.391 609.898 278.391
602.720 263.807 628.600 263.807 628.600 294.837 602.720 294.837
606.837 262.850 632.623 262.850 632.623 293.846 606.837 293.846
610.717 258.053 635.930 258.053 635.930 289.627 610.717 289.627
610.690 250.944 635.344 250.944 635.344 282.680 610.690 282.680
610.936 248.579 635.147 248.579 635.147 280.568 610.936 280.568
610.696 248.183 634.682 248.183 634.682 280.152 610.696 280.152
610.513 246.892 634.425 246.892 634.425 278.738 610.513 278.738
610.329 245.982 634.157 245.982 634.157 277.992 610.329 277.992
609.553 245.696 633.300 245.696 633.300 277.743 609.553 277.743
608.712 245.721 632.690 245.721 632.690 277.737 608.712 277.737
608.236 244.992 632.435 244.992 632.435 277.022 608.236 277.022
607.950 244.954 632.443 244.954 632.443 276.978 607.950 276.978
607.179 243.910 631.820 243.910 631.820 276.034 607.179 276.034
606.206 243.082 630.923 243.082 630.923 275.438 606.206 275.438
605.200 242.332 630.286 242.332 630.286 274.696 605.200 274.696
603.733 241.967 629.354 241.967 629.354 274.083 603.733 274.083
603.309 241.328 629.258 241.328 629.258 273.443 603.309 273.443
602.655 240.994 628.837 240.994 628.837 272.913 602.655 272.913
601.540 240.378 627.951 240.378 627.951 272.438 601.540 272.438
600.717 239.483 627.189 239.483 627.189 271.906 600.717 271.906
600.270 238.994 626.846 238.994 626.846 271.471 600.270 271.471
599.927 238.813 626.631 238.813 626.631 271.433 599.927 271.433
599.546 238.506 626.297 238.506 626.297 271.306 599.546 271.306
598.907 241.242 626.174 241.242 626.174 273.846 598.907 273.846
598.308 240.211 625.984 240.211 625.984 272.702 598.308 272.702
577.339 229.673 605.358 229.673 605.358 262.089 577.339 262.089
564.612 220.542 592.899 220.542 592.899 252.816 564.612 252.816
551.000 215.088 579.428 215.088 579.428 247.423 551.000 247.423
523.479 202.098 552.112 202.098 552.112 234.440 523.479 234.440
513.985 199.407 542.881 199.407 542.881 231.569 513.985 231.569
504.046 193.592 533.221 193.592 533.221 225.703 504.046 225.703
479.040 182.610 508.232 182.610 508.232 214.660 479.040 214.660
472.366 177.573 501.715 177.573 501.715 209.435 472.366 209.435
458.806 168.800 488.021 168.800 488.021 200.736 458.806 200.736
440.617 162.533 469.990 162.533 469.990 194.125 440.617 194.125
427.524 155.689 456.787 155.689 456.787 187.472 427.524 187.472
417.965 152.466 447.239 152.466 447.239 184.489 417.965 184.489
397.075 142.586 426.412 142.586 426.412 174.508 397.075 174.508
385.903 136.810 415.621 136.810 415.621 168.401 385.903 168.401
380.121 134.185 409.902 134.185 409.902 165.637 380.121 165.637
362.118 124.175 391.758 124.175 391.758 155.537 362.118 155.537
352.360 121.723 381.932 121.723 381.932 153.135 352.360 153.135
343.151 115.495 372.414 115.495 372.414 147.148 343.151 147.148
325.536 109.215 354.874 109.215 354.874 140.563 325.536 140.563
316.433 102.076 345.797 102.076 345.797 133.368 316.433 133.368
309.366 97.832 338.631 97.832 338.631 129.105 309.366 129.105
299.322 95.715 328.712 95.715 328.712 126.808 299.322 126.808
282.749 88.977 311.863 88.977 311.863 120.102 282.749 120.102
276.480 85.550 305.667 85.550 305.667 116.563 276.480 116.563
269.582 80.392 298.781 80.392 298.781 111.196 269.582 111.196
255.760 71.034 284.661 71.034 284.661 101.878 255.760 101.878
248.843 69.557 277.684 69.557 277.684 100.357 248.843 100.357
239.431 64.394 268.145 64.394 268.145 95.296 239.431 95.296
225.741 57.938 254.475 57.938 254.475 88.645 225.741 88.645
219.055 53.655 247.815 53.655 247.815 84.255 219.055 84.255
210.346 49.764 238.981 49.764 238.981 80.308 210.346 80.308
200.610 48.392 229.060 48.392 229.060 78.827 200.610 78.827
188.061 43.815 216.449 43.815 216.449 73.940 188.061 73.940
182.078 40.617 210.386 40.617 210.386 70.808 182.078 70.808
176.567 37.112 204.843 37.112 204.843 67.237 176.567 67.237
168.124 31.607 196.437 31.607 196.437 61.556 168.124 61.556
159.151 28.101 187.263 28.101 187.263 57.952 159.151 57.952
157.847 26.556 185.912 26.556 185.912 56.332 157.847 56.332
175.101 18.353 203.121 18.353 203.121 47.721 175.101 47.721
186.910 13.714 214.824 13.714 214.824 43.016 186.910 43.016
183.917 17.244 211.528 17.244 211.528 46.499 183.917 46.499
189.199 16.367 216.463 16.367 216.463 45.616 189.199 45.616
197.013 15.589 223.919 15.589 223.919 44.782 197.013 44.782
208.032 12.767 235.060 12.767 235.060 41.785 208.032 41.785
211.547 13.239 238.668 13.239 238.668 42.282 211.547 42.282
218.529 13.862 245.675 13.862 245.675 42.870 218.529 42.870
228.794 13.320 255.726 13.320 255.726 42.441 228.794 42.441
235.528 12.884 262.464 12.884 262.464 41.977 235.528 41.977
239.216 13.917 265.543 13.917 265.543 43.516 239.216 43.516
242.990 15.659 268.966 15.659 268.966 45.532 242.990 45.532
242.916 14.590 268.488 14.590 268.488 44.826 242.916 44.826
242.319 17.160 268.024 17.160 268.024 47.125 242.319 47.125
243.014 13.413 268.780 13.413 268.780 43.045 243.014 43.045
240.059 12.908 265.855 12.908 265.855 42.474 240.059 42.474
239.961 12.615 265.778 12.615 265.778 42.009 239.961 42.009
240.241 15.672 266.103 15.672 266.103 44.953 240.241 44.953
243.048 15.172 268.841 15.172 268.841 44.386 243.048 44.386
239.189 15.047 265.151 15.047 265.151 44.045 239.189 44.045
242.165 14.256 268.190 14.256 268.190 43.053 242.165 43.053
238.903 13.052 265.000 13.052 265.000 41.743 238.903 41.743
235.815 6.801 261.445 6.801 261.445 35.935 235.815 35.935
239.206 6.976 264.497 6.976 264.497 36.374 239.206 36.374
239.737 3.717 264.618 3.717 264.618 33.420 239.737 33.420
243.085 0.578 267.531 0.578 267.531 30.635 243.085 30.635
246.420 0.588 270.128 0.588 270.128 31.089 246.420 31.089
249.734 -2.253 273.135 -2.253 273.135 28.390 249.734 28.390
252.833 -2.208 276.125 -2.208 276.125 28.445 252.833 28.445
252.618 -1.501 275.861 -1.501 275.861 29.163 252.618 29.163
252.261 -1.301 275.487 -1.301 275.487 29.363 252.261 29.363
252.254 -1.188 275.409 -1.188 275.409 29.495 252.254 29.495
252.368 -0.720 275.440 -0.720 275.440 29.977 252.368 29.977
252.539 -3.565 275.564 -3.565 275.564 27.145 252.539 27.145
252.821 -3.639 275.664 -3.639 275.664 27.090 252.821 27.090
252.955 -3.328 275.674 -3.328 275.674 27.431 252.955 27.431
252.915 -3.419 275.546 -3.419 275.546 27.355 252.915 27.355
252.690 -2.670 275.184 -2.670 275.184 28.126 252.690 28.126
252.455 -2.189 274.888 -2.189 274.888 28.605 252.455 28.605
252.387 -1.583 274.787 -1.583 274.787 29.208 252.387 29.208
252.404 -0.979 274.767 -0.979 274.767 29.808 252.404 29.808
252.764 -0.642 275.063 -0.642 275.063 30.153 252.764 30.153
252.998 -0.446 275.253 -0.446 275.253 30.356 252.998 30.356
252.963 -0.790 275.201 -0.790 275.201 30.010 252.963 30.010
253.725 -0.968 275.873 -0.968 275.873 29.840 253.725 29.840
256.931 -3.214 278.956 -3.214 278.956 27.582 256.931 27.582
257.817 0.707 279.793 0.707 279.793 31.526 257.817 31.526
257.971 1.586 279.903 1.586 279.903 32.430 257.971 32.430
258.492 1.930 280.368 1.930 280.368 32.794 258.492 32.794
258.876 2.545 280.728 2.545 280.728 33.418 258.876 33.418
258.578 -0.677 280.655 -0.677 280.655 29.919 258.578 29.919
258.393 0.463 280.398 0.463 280.398 31.108 258.393 31.108
258.598 1.080 280.560 1.080 280.560 31.741 258.598 31.741
258.513 1.869 280.363 1.869 280.363 32.598 258.513 32.598
258.635 2.755 280.459 2.755 280.459 33.497 258.635 33.497
258.730 -0.302 280.731 -0.302 280.731 30.235 258.730 30.235
258.554 0.583 280.453 0.583 280.453 31.194 258.554 31.194
258.534 -2.233 280.594 -2.233 280.594 28.191 258.534 28.191
258.341 -1.623 280.646 -1.623 280.646 28.483 258.341 28.483
258.350 -0.602 280.579 -0.602 280.579 29.540 258.350 29.540
258.440 -0.591 280.816 -0.591 280.816 29.342 258.440 29.342
258.142 -0.201 280.735 -0.201 280.735 29.434 258.142 29.434
258.146 0.505 280.619 0.505 280.619 30.236 258.146 30.236
257.944 -2.252 280.557 -2.252 280.557 27.276 257.944 27.276
257.776 -1.124 280.303 -1.124 280.303 28.454 257.776 28.454
257.475 -0.092 279.888 -0.092 279.888 29.560 257.475 29.560
257.576 0.391 279.862 0.391 279.862 30.152 257.576 30.152
258.000 0.511 280.180 0.511 280.180 30.356 258.000 30.356
257.868 -2.545 280.302 -2.545 280.302 26.985 257.868 26.985
257.434 -1.776 280.025 -1.776 280.025 27.553 257.434 27.553
257.641 -0.992 280.049 -0.992 280.049 28.383 257.641 28.383
257.705 -0.970 280.199 -0.970 280.199 28.281 257.705 28.281
257.836 -0.816 280.398 -0.816 280.398 28.340 257.836 28.340
258.059 -0.379 280.452 -0.379 280.452 28.916 258.059 28.916
257.992 0.067 280.329 0.067 280.329 29.409 257.992 29.409
258.171 0.618 280.412 0.618 280.412 30.043 258.171 30.043
258.239 0.724 280.328 0.724 280.328 30.252 258.239 30.252
258.229 1.197 280.252 1.197 280.252 30.747 258.229 30.747
258.511 1.463 280.374 1.463 280.374 31.147 258.511 31.147
258.060 -1.312 280.153 -1.312 280.153 28.075 258.060 28.075
258.136 -0.913 280.404 -0.913 280.404 28.231 258.136 28.231
258.575 2.628 280.676 2.628 280.676 31.880 258.575 31.880
258.649 -0.403 280.587 -0.403 280.587 28.968 258.649 28.968
259.261 2.914 281.053 2.914 281.053 32.379 259.261 32.379
259.669 -0.116 281.322 -0.116 281.322 29.438 259.669 29.438
260.306 0.453 281.899 0.453 281.899 30.047 260.306 30.047
260.954 0.555 282.862 0.555 282.862 29.710 260.954 29.710
267.720 0.398 289.461 0.398 289.461 29.554 267.720 29.554
271.647 -2.158 293.265 -2.158 293.265 26.807 271.647 26.807
277.608 -4.488 299.055 -4.488 299.055 24.215 277.608 24.215
283.611 -0.558 305.673 -0.558 305.673 27.329 283.611 27.329
289.483 -2.418 311.896 -2.418 311.896 24.984 289.483 24.984
295.509 -1.123 318.387 -1.123 318.387 25.775 295.509 25.775
299.638 -0.640 322.790 -0.640 322.790 25.952 299.638 25.952
322.924 21.350 346.201 21.350 346.201 47.762 322.924 47.762
322.896 19.529 346.252 19.529 346.252 46.041 322.896 46.041
321.434 15.491 344.709 15.491 344.709 41.993 321.434 41.993
320.207 14.679 343.474 14.679 343.474 41.188 320.207 41.188
319.101 14.493 342.445 14.493 342.445 41.013 319.101 41.013
318.702 14.140 342.166 14.140 342.166 40.671 318.702 40.671
318.109 14.203 341.606 14.203 341.606 40.813 318.109 40.813
317.872 13.750 341.414 13.750 341.414 40.492 317.872 40.492
317.569 13.635 341.265 13.635 341.265 40.408 317.569 40.408
316.784 13.809 340.764 13.809 340.764 40.554 316.784 40.554
316.014 14.242 340.162 14.242 340.162 41.029 316.014 41.029
313.890 13.987 338.228 13.987 338.228 40.690 313.890 40.690
312.328 12.903 336.786 12.903 336.786 39.483 312.328 39.483
310.706 12.059 335.269 12.059 335.269 38.562 310.706 38.562
308.812 11.935 333.831 11.935 333.831 38.168 308.812 38.168
306.550 11.789 331.859 11.789 331.859 38.017 306.550 38.017
307.112 11.331 332.579 11.331 332.579 37.861 307.112 37.861
308.303 10.573 333.851 10.573 333.851 37.314 308.303 37.314
309.897 9.969 335.382 9.969 335.382 36.942 309.897 36.942
311.310 10.542 336.717 10.542 336.717 37.525 311.310 37.525
312.357 10.870 337.711 10.870 337.711 38.168 312.357 38.168
314.067 15.200 339.545 15.200 339.545 42.596 314.067 42.596
315.629 16.201 341.268 16.201 341.268 43.549 315.629 43.549
317.452 17.252 343.281 17.252 343.281 44.432 317.452 44.432
318.519 21.514 344.109 21.514 344.109 48.663 318.519 48.663
319.429 21.960 344.830 21.960 344.830 49.161 319.429 49.161
321.333 22.527 346.613 22.527 346.613 49.936 321.333 49.936
322.845 23.510 348.196 23.510 348.196 50.947 322.845 50.947
323.844 25.065 349.342 25.065 349.342 52.371 323.844 52.371
324.683 27.091 350.438 27.091 350.438 54.229 324.683 54.229
325.686 28.148 351.425 28.148 351.425 55.201 325.686 55.201
328.097 30.197 353.722 30.197 353.722 57.334 328.097 57.334
330.046 32.514 355.645 32.514 355.645 59.816 330.046 59.816
331.711 34.118 357.321 34.118 357.321 61.440 331.711 61.440
333.228 34.917 358.953 34.917 358.953 62.202 333.228 62.202
334.974 34.277 360.765 34.277 360.765 61.655 334.974 61.655
336.788 35.889 362.633 35.889 362.633 63.415 336.788 63.415
338.166 37.672 363.970 37.672 363.970 65.452 338.166 65.452
339.979 40.965 365.914 40.965 365.914 68.788 339.979 68.788
341.830 43.343 367.497 43.343 367.497 71.307 341.830 71.307
343.347 44.826 369.039 44.826 369.039 72.855 343.347 72.855
344.729 46.257 370.295 46.257 370.295 74.242 344.729 74.242
346.715 46.458 372.174 46.458 372.174 74.529 346.715 74.529
348.368 47.105 373.898 47.105 373.898 75.136 348.368 75.136
350.023 51.425 375.691 51.425 375.691 79.297 350.023 79.297
351.039 52.035 376.944 52.035 376.944 79.701 351.039 79.701
354.908 52.786 380.997 52.786 380.997 80.294 354.908 80.294
355.308 53.063 381.842 53.063 381.842 80.331 355.308 80.331
357.193 53.258 383.819 53.258 383.819 80.620 357.193 80.620
358.117 54.067 385.199 54.067 385.199 81.494 358.117 81.494
359.490 58.122 386.806 58.122 386.806 85.467 359.490 85.467
364.290 58.925 391.687 58.925 391.687 86.529 364.290 86.529
369.346 59.840 396.459 59.840 396.459 87.768 369.346 87.768
370.741 62.338 397.904 62.338 397.904 90.463 370.741 90.463
372.684 64.051 399.980 64.051 399.980 92.279 372.684 92.279
374.439 64.785 401.805 64.785 401.805 93.194 374.439 93.194
375.087 66.451 402.570 66.451 402.570 94.911 375.087 94.911
376.628 67.356 404.209 67.356 404.209 95.950 376.628 95.950
377.893 68.151 405.454 68.151 405.454 96.964 377.893 96.964
381.773 69.123 409.380 69.123 409.380 98.073 381.773 98.073
387.286 72.597 414.690 72.597 414.690 102.023 387.286 102.023
389.242 71.521 416.559 71.521 416.559 101.239 389.242 101.239
390.192 72.601 417.498 72.601 417.498 102.298 390.192 102.298
395.269 75.485 422.425 75.485 422.425 105.265 395.269 105.265
396.140 76.437 423.464 76.437 423.464 105.890 396.140 105.890
397.581 78.285 424.939 78.285 424.939 107.737 397.581 107.737
399.557 82.517 426.950 82.517 426.950 112.177 399.557 112.177
401.289 83.643 428.924 83.643 428.924 113.490 401.289 113.490
403.256 84.507 431.052 84.507 431.052 114.745 403.256 114.745
405.764 84.795 433.531 84.795 433.531 115.286 405.764 115.286
407.955 85.737 435.581 85.737 435.581 116.481 407.955 116.481
409.596 87.777 437.130 87.777 437.130 118.636 409.596 118.636
414.590 90.648 442.260 90.648 442.260 121.462 414.590 121.462
417.178 92.452 444.761 92.452 444.761 123.438 417.178 123.438
419.305 93.728 447.000 93.728 447.000 124.792 419.305 124.792
422.717 94.818 450.129 94.818 450.129 126.012 422.717 126.012
424.311 96.099 451.682 96.099 451.682 127.356 424.311 127.356
426.062 97.765 453.492 97.765 453.492 128.910 426.062 128.910
428.186 98.097 455.434 98.097 455.434 129.200 428.186 129.200
429.510 99.645 456.864 99.645 456.864 130.568 429.510 130.568
434.601 103.487 461.996 103.487 461.996 134.326 434.601 134.326
436.764 103.980 464.056 103.980 464.056 134.776 436.764 134.776
443.843 106.308 471.203 106.308 471.203 137.071 443.843 137.071
446.453 109.045 474.000 109.045 474.000 139.622 446.453 139.622
451.441 110.965 479.438 110.965 479.438 141.263 451.441 141.263
453.184 112.148 481.155 112.148 481.155 142.657 453.184 142.657
455.302 113.377 483.150 113.377 483.150 144.205 455.302 144.205
457.299 114.420 485.011 114.420 485.011 145.363 457.299 145.363
459.510 116.067 487.264 116.067 487.264 146.904 459.510 146.904
462.136 117.131 489.548 117.131 489.548 148.155 462.136 148.155
468.211 119.505 495.553 119.505 495.553 150.605 468.211 150.605
471.218 121.301 498.471 121.301 498.471 152.449 471.218 152.449
476.633 123.674 504.214 123.674 504.214 154.429 476.633 154.429
477.423 124.586 505.049 124.586 505.049 155.163 477.423 155.163
479.520 125.171 506.986 125.171 506.986 155.793 479.520 155.793
481.116 124.934 508.333 124.934 508.333 155.500 481.116 155.500
481.972 125.412 509.358 125.412 509.358 155.741 481.972 155.741
490.133 129.769 518.015 129.769 518.015 159.834 490.133 159.834
491.835 130.066 519.969 130.066 519.969 160.095 491.835 160.095
494.303 130.535 522.429 130.535 522.429 160.725 494.303 160.725
497.218 131.542 525.438 131.542 525.438 161.770 497.218 161.770
504.505 134.344 532.637 134.344 532.637 164.677 504.505 164.677
505.900 134.189 534.208 134.189 534.208 164.567 505.900 164.567
506.438 136.427 535.215 136.427 535.215 166.533 506.438 166.533
507.295 138.327 536.203 138.327 536.203 168.351 507.295 168.351
507.499 139.568 536.200 139.568 536.200 169.874 507.499 169.874
508.387 145.290 536.957 145.290 536.957 175.661 508.387 175.661
509.566 147.087 538.016 147.087 538.016 177.531 509.566 177.531
511.112 149.371 539.480 149.371 539.480 179.964 511.112 179.964
513.090 150.704 541.307 150.704 541.307 181.662 513.090 181.662
513.507 156.191 541.862 156.191 541.862 186.915 513.507 186.915
518.406 155.967 546.814 155.967 546.814 186.630 518.406 186.630
528.327 155.198 556.841 155.198 556.841 185.622 528.327 185.622
534.183 152.805 562.706 152.805 562.706 183.081 534.183 183.081
539.301 152.876 567.957 152.876 567.957 183.325 539.301 183.325
547.883 154.402 576.728 154.402 576.728 184.557 547.883 184.557
557.389 155.198 586.203 155.198 586.203 185.174 557.389 185.174
567.472 155.509 595.818 155.509 595.818 185.831 567.472 185.831
574.839 154.421 602.766 154.421 602.766 184.685 574.839 184.685
581.974 153.417 609.915 153.417 609.915 183.535 581.974 183.535
589.206 153.454 616.986 153.454 616.986 183.538 589.206 183.538
592.449 152.371 620.111 152.371 620.111 182.785 592.449 182.785
594.471 151.753 622.246 151.753 622.246 182.587 594.471 182.587
595.063 152.869 622.960 152.869 622.960 184.014 595.063 184.014
595.181 158.408 623.384 158.408 623.384 189.436 595.181 189.436
594.519 160.128 622.744 160.128 622.744 191.112 594.519 191.112
593.976 162.066 622.142 162.066 622.142 193.251 593.976 193.251
592.504 164.789 621.119 164.789 621.119 195.743 592.504 195.743
591.027 166.611 619.797 166.611 619.797 197.596 591.027 197.596
588.917 169.042 618.087 169.042 618.087 199.794 588.917 199.794
586.036 173.327 615.551 173.327 615.551 204.002 586.036 204.002
584.285 175.817 614.126 175.817 614.126 206.353 584.285 206.353
583.098 177.514 612.677 177.514 612.677 208.410 583.098 208.410
580.956 180.727 610.350 180.727 610.350 211.838 580.956 211.838
580.094 183.022 609.360 183.022 609.360 214.200 580.094 214.200
579.387 185.482 608.684 185.482 608.684 216.813 579.387 216.813
577.759 188.140 607.457 188.140 607.457 219.224 577.759 219.224
576.555 190.999 606.464 190.999 606.464 222.264 576.555 222.264
574.887 192.226 604.980 192.226 604.980 223.665 574.887 223.665
573.826 195.555 603.916 195.555 603.916 227.048 573.826 227.048
573.078 196.869 603.027 196.869 603.027 228.466 573.078 228.466
571.980 200.789 601.538 200.789 601.538 232.677 571.980 232.677
571.548 204.158 601.197 204.158 601.197 235.852 571.548 235.852
570.472 207.323 600.430 207.323 600.430 238.559 570.472 238.559
569.642 209.674 599.623 209.674 599.623 241.096 569.642 241.096
568.604 210.658 598.794 210.658 598.794 242.271 568.604 242.271
568.044 212.679 598.341 212.679 598.341 244.603 568.044 244.603
567.195 214.269 597.899 214.269 597.899 246.170 567.195 246.170
566.897 216.519 597.601 216.519 597.601 248.547 566.897 248.547
566.359 221.219 596.896 221.219 596.896 253.295 566.359 253.295
565.609 223.254 596.242 223.254 596.242 255.201 565.609 255.201
564.654 225.840 594.992 225.840 594.992 258.038 564.654 258.038
563.970 230.562 594.416 230.562 594.416 262.745 563.970 262.745
563.174 233.657 593.434 233.657 593.434 266.313 563.174 266.313
562.216 235.505 592.370 235.505 592.370 268.496 562.216 268.496
559.992 235.961 590.094 235.961 590.094 268.931 559.992 268.931
558.571 233.883 588.378 233.883 588.378 267.119 558.571 267.119
556.061 232.798 585.711 232.798 585.711 266.014 556.061 266.014
554.167 231.657 583.672 231.657 583.672 264.910 554.167 264.910
551.919 230.098 581.393 230.098 581.393 263.361 551.919 263.361
548.722 229.671 578.369 229.671 578.369 262.889 548.722 262.889
545.538 229.763 575.406 229.763 575.406 263.009 545.538 263.009
541.765 229.236 572.013 229.236 572.013 262.424 541.765 262.424
538.591 228.567 569.141 228.567 569.141 261.656 538.591 261.656
535.960 228.820 567.091 228.820 567.091 261.765 535.960 261.765
532.725 228.042 564.206 228.042 564.206 260.946 532.725 260.946
529.843 226.975 561.278 226.975 561.278 259.894 529.843 259.894
527.377 225.849 558.886 225.849 558.886 258.648 527.377 258.648
525.127 225.443 556.608 225.443 556.608 258.211 525.127 258.211
523.378 224.633 554.895 224.633 554.895 257.103 523.378 257.103
522.144 224.708 553.846 224.708 553.846 256.823 522.144 256.823
520.218 224.596 551.888 224.596 551.888 256.630 520.218 256.630
514.296 224.340 545.623 224.340 545.623 256.650 514.296 256.650
509.792 224.089 540.731 224.089 540.731 256.438 509.792 256.438
508.501 219.494 539.220 219.494 539.220 251.680 508.501 251.680
504.094 217.783 534.714 217.783 534.714 250.109 504.094 250.109
503.026 216.262 533.787 216.262 533.787 248.545 503.026 248.545
501.370 215.346 532.111 215.346 532.111 247.689 501.370 247.689
500.383 214.801 531.008 214.801 531.008 247.487 500.383 247.487
499.304 213.946 530.009 213.946 530.009 246.742 499.304 246.742
499.061 214.336 529.868 214.336 529.868 247.316 499.061 247.316
499.952 215.391 530.728 215.391 530.728 248.664 499.952 248.664
501.227 216.546 531.876 216.546 531.876 249.948 501.227 249.948
506.007 218.356 536.704 218.356 536.704 251.997 506.007 251.997
508.120 218.350 538.699 218.350 538.699 251.822 508.120 251.822
513.961 217.688 544.371 217.688 544.371 251.136 513.961 251.136
519.215 218.249 549.737 218.249 549.737 251.534 519.215 251.534
524.685 223.164 554.983 223.164 554.983 256.581 524.685 256.581
529.455 225.365 559.757 225.365 559.757 258.875 529.455 258.875
531.644 230.411 561.802 230.411 561.802 264.145 531.644 264.145
534.543 230.822 564.253 230.822 564.253 265.071 534.543 265.071
536.941 228.385 566.403 228.385 566.403 262.897 536.941 262.897
537.965 226.585 567.398 226.585 567.398 261.289 537.965 261.289
538.025 224.704 567.693 224.704 567.693 259.289 538.025 259.289
538.264 222.934 568.289 222.934 568.289 257.454 538.264 257.454
537.849 222.209 568.001 222.209 568.001 256.767 537.849 256.767
536.546 221.580 566.871 221.580 566.871 256.200 536.546 256.200
536.467 220.762 566.540 220.762 566.540 255.750 536.467 255.750
535.746 219.677 565.890 219.677 565.890 254.717 535.746 254.717
535.056 217.747 565.316 217.747 565.316 252.558 535.056 252.558
533.995 214.245 564.435 214.245 564.435 248.581 533.995 248.581
534.041 211.854 564.698 211.854 564.698 245.578 534.041 245.578
532.894 210.369 563.901 210.369 563.901 243.820 532.894 243.820
531.181 210.335 562.337 210.335 562.337 244.027 531.181 244.027
529.462 210.840 560.654 210.840 560.654 244.777 529.462 244.777
528.018 208.872 559.114 208.872 559.114 243.172 528.018 243.172
526.918 209.136 557.961 209.136 557.961 243.948 526.918 243.948
526.686 208.893 557.907 208.893 557.907 243.697 526.686 243.697
528.436 207.858 559.703 207.858 559.703 242.517 528.436 242.517
533.923 210.079 565.286 210.079 565.286 244.985 533.923 244.985
539.396 215.598 570.509 215.598 570.509 250.663 539.396 250.663
543.831 218.847 574.805 218.847 574.805 254.096 543.831 254.096
543.646 209.369 574.509 209.369 574.509 244.553 543.646 244.553
548.554 200.350 579.342 200.350 579.342 235.520 548.554 235.520
548.611 192.228 579.393 192.228 579.393 227.098 548.611 227.098
552.757 188.841 583.690 188.841 583.690 223.523 552.757 223.523
557.532 193.462 588.494 193.462 588.494 228.096 557.532 228.096
548.433 165.038 579.396 165.038 579.396 199.638 548.433 199.638
548.384 169.109 579.159 169.109 579.159 203.946 548.384 203.946
545.058 168.493 575.671 168.493 575.671 203.314 545.058 203.314
549.475 163.869 580.063 163.869 580.063 198.720 549.475 198.720
550.178 163.339 580.755 163.339 580.755 198.194 550.178 198.194
550.350 162.333 580.882 162.333 580.882 197.234 550.350 197.234
550.993 161.945 581.521 161.945 581.521 196.848 550.993 196.848
555.276 162.064 585.784 162.064 585.784 196.975 555.276 196.975
555.410 162.533 585.907 162.533 585.907 197.446 555.410 197.446
555.381 162.876 585.872 162.876 585.872 197.793 555.381 197.793
555.157 162.822 585.652 162.822 585.652 197.717 555.157 197.717
555.336 158.269 585.829 158.269 585.829 193.148 555.336 193.148
552.372 121.860 582.686 121.860 582.686 156.577 552.372 156.577
553.024 121.771 583.219 121.771 583.219 156.613 553.024 156.613
552.840 117.360 583.101 117.360 583.101 152.382 552.840 152.382
547.603 102.806 577.724 102.806 577.724 137.557 547.603 137.557
546.041 101.309 576.101 101.309 576.101 135.772 546.041 135.772
544.948 101.066 575.281 101.066 575.281 135.020 544.948 135.020
536.332 106.909 566.816 106.909 566.816 140.814 536.332 140.814
532.475 116.197 562.959 116.197 562.959 149.917 532.475 149.917
531.763 123.996 562.346 123.996 562.346 157.372 531.763 157.372
526.998 135.673 557.558 135.673 557.558 169.181 526.998 169.181
527.277 135.088 557.742 135.088 557.742 169.107 527.277 169.107
529.590 128.532 559.519 128.532 559.519 162.991 529.590 162.991
531.697 129.537 561.722 129.537 561.722 163.867 531.697 163.867
534.276 134.919 564.326 134.919 564.326 169.089 534.276 169.089
539.014 144.268 568.990 144.268 568.990 178.198 539.014 178.198
539.276 155.056 568.992 155.056 568.992 188.917 539.276 188.917
539.746 156.073 569.436 156.073 569.436 190.158 539.746 190.158
538.749 149.295 568.388 149.295 568.388 183.799 538.749 183.799
535.105 140.236 564.552 140.236 564.552 174.619 535.105 174.619
534.949 137.400 564.296 137.400 564.296 172.211 534.949 172.211
533.657 137.078 563.438 137.078 563.438 171.582 533.657 171.582
528.988 143.332 558.925 143.332 558.925 177.728 528.988 177.728
528.115 151.503 558.322 151.503 558.322 185.501 528.115 185.501
522.973 158.146 553.543 158.146 553.543 191.781 522.973 191.781
522.469 156.852 552.987 156.852 552.987 191.139 522.469 191.139
518.693 136.353 548.844 136.353 548.844 171.014 518.693 171.014
518.436 128.538 548.437 128.538 548.437 163.329 518.436 163.329
518.368 124.132 548.352 124.132 548.352 158.828 518.368 158.828
517.814 121.455 547.983 121.455 547.983 155.688 517.814 155.688
515.960 126.073 546.525 126.073 546.525 159.763 515.960 159.763
514.366 132.518 545.200 132.518 545.200 165.843 514.366 165.843
514.193 138.648 545.181 138.648 545.181 171.774 514.193 171.774
501.465 128.403 532.275 128.403 532.275 161.804 501.465 161.804
496.271 119.194 526.756 119.194 526.756 152.708 496.271 152.708
486.786 110.818 517.463 110.818 517.463 144.017 486.786 144.017
472.182 104.986 502.855 104.986 502.855 138.023 472.182 138.023
462.919 104.855 493.254 104.855 493.254 137.999 462.919 137.999
449.154 109.853 479.326 109.853 479.326 142.903 449.154 142.903
439.071 116.037 469.112 116.037 469.112 148.901 439.071 148.901
428.845 126.345 459.182 126.345 459.182 158.678 428.845 158.678
414.994 149.061 445.621 149.061 445.621 180.928 414.994 180.928
405.223 166.195 435.853 166.195 435.853 198.223 405.223 198.223
395.818 185.696 426.262 185.696 426.262 218.047 395.818 218.047
383.007 207.284 413.674 207.284 413.674 239.330 383.007 239.330
381.086 199.764 412.140 199.764 412.140 231.442 381.086 231.442
379.043 188.502 410.069 188.502 410.069 220.292 379.043 220.292
376.699 181.936 407.673 181.936 407.673 213.769 376.699 213.769
371.344 172.462 402.012 172.462 402.012 204.493 371.344 204.493
369.471 168.539 399.490 168.539 399.490 200.870 369.471 200.870
367.631 167.714 397.540 167.714 397.540 200.120 367.631 200.120
365.861 170.444 395.764 170.444 395.764 202.635 365.861 202.635
363.430 175.605 393.177 175.605 393.177 207.617 363.430 207.617
358.716 182.696 388.636 182.696 388.636 214.391 358.716 214.391
354.243 193.654 384.325 193.654 384.325 225.118 354.243 225.118
346.468 224.736 376.464 224.736 376.464 256.506 346.468 256.506
341.400 229.571 371.314 229.571 371.314 261.521 341.400 261.521
337.446 223.210 367.162 223.210 367.162 255.637 337.446 255.637
336.009 216.426 365.784 216.426 365.784 248.912 336.009 248.912
333.839 216.018 364.054 216.018 364.054 248.021 333.839 248.021
334.474 218.314 364.141 218.314 364.141 250.758 334.474 250.758
339.187 217.917 368.577 217.917 368.577 250.525 339.187 250.525
353.503 221.695 382.990 221.695 382.990 253.904 353.503 253.904
365.680 224.128 395.251 224.128 395.251 256.673 365.680 256.673
377.755 227.656 406.426 227.656 406.426 261.359 377.755 261.359
381.393 234.584 410.600 234.584 410.600 268.153 381.393 268.153
380.081 234.326 409.765 234.326 409.765 267.762 380.081 267.762
379.929 236.731 409.838 236.731 409.838 270.101 379.929 270.101
379.780 235.630 409.976 235.630 409.976 269.024 379.780 269.024
379.410 235.024 409.911 235.024 409.911 268.328 379.410 268.328
379.144 234.407 409.919 234.407 409.919 267.762 379.144 267.762
379.164 233.904 410.011 233.904 410.011 267.426 379.164 267.426
378.921 233.346 410.127 233.346 410.127 266.899 378.921 266.899
382.322 232.057 413.721 232.057 413.721 265.499 382.322 265.499
377.839 228.421 409.003 228.421 409.003 262.075 377.839 262.075
376.885 228.515 407.998 228.515 407.998 262.209 376.885 262.209
376.192 228.671 407.251 228.671 407.251 262.411 376.192 262.411
371.592 224.459 402.471 224.459 402.471 258.354 371.592 258.354
363.401 220.637 393.706 220.637 393.706 254.963 363.401 254.963
359.679 219.991 389.579 219.991 389.579 254.623 359.679 254.623
360.168 219.794 389.472 219.794 389.472 254.812 360.168 254.812
360.632 218.581 389.279 218.581 389.279 254.056 360.632 254.056
360.862 218.346 388.993 218.346 388.993 254.150 360.862 254.150
361.232 218.232 388.838 218.232 388.838 254.325 361.232 254.325
361.556 221.141 388.828 221.141 388.828 257.439 361.556 257.439
361.767 219.760 388.688 219.760 388.688 256.270 361.767 256.270
362.019 219.655 388.686 219.655 388.686 256.274 362.019 256.274
362.254 219.072 388.682 219.072 388.682 255.801 362.254 255.801
362.578 218.216 388.793 218.216 388.793 255.054 362.578 255.054
362.733 218.123 388.810 218.123 388.810 255.010 362.733 255.010
362.968 218.188 388.773 218.188 388.773 255.175 362.968 255.175
359.565 217.744 385.129 217.744 385.129 254.788 359.565 254.788
360.224 217.228 385.371 217.228 385.371 254.390 360.224 254.390
364.501 220.147 389.453 220.147 389.453 257.345 364.501 257.345
364.702 219.332 389.530 219.332 389.530 256.541 364.702 256.541
360.978 217.683 385.681 217.683 385.681 254.905 360.978 254.905
361.365 217.596 385.935 217.596 385.935 254.750 361.365 254.750
361.735 217.978 386.175 217.978 386.175 255.119 361.735 255.119
361.960 218.216 386.289 218.216 386.289 255.360 361.960 255.360
362.253 217.805 386.482 217.805 386.482 254.942 362.253 254.942
362.673 218.005 386.744 218.005 386.744 255.097 362.673 255.097
362.907 217.757 386.895 217.757 386.895 254.846 362.907 254.846
359.552 216.952 383.331 216.952 383.331 254.016 359.552 254.016
363.522 217.640 387.204 217.640 387.204 254.687 363.522 254.687
363.663 217.866 387.198 217.866 387.198 254.884 363.663 254.884
360.336 217.302 383.704 217.302 383.704 254.257 360.336 254.257
364.490 220.052 387.773 220.052 387.773 256.971 364.490 256.971
364.610 219.577 387.824 219.577 387.824 256.450 364.610 256.450
361.150 218.208 384.301 218.208 384.301 255.078 361.150 255.078
361.415 217.422 384.478 217.422 384.478 254.198 361.415 254.198
365.366 220.330 388.367 220.330 388.367 257.049 365.366 257.049
361.790 219.205 384.731 219.205 384.731 255.888 361.790 255.888
362.107 218.376 384.968 218.376 384.968 255.044 362.107 255.044
362.234 217.691 385.018 217.691 385.018 254.235 362.234 254.235
362.454 217.973 385.160 217.973 385.160 254.429 362.454 254.429
362.607 217.823 385.233 217.823 385.233 254.183 362.607 254.183
362.787 217.638 385.343 217.638 385.343 253.959 362.787 253.959
362.977 220.122 385.480 220.122 385.480 256.355 362.977 256.355
363.074 219.040 385.506 219.040 385.506 255.190 363.074 255.190
363.234 218.773 385.616 218.773 385.616 254.876 363.234 254.876
363.335 218.306 385.651 218.306 385.651 254.323 363.335 254.323
363.369 218.372 385.631 218.372 385.631 254.305 363.369 254.305
363.453 218.603 385.660 218.603 385.660 254.456 363.453 254.456
360.143 218.026 382.232 218.026 382.232 253.804 360.143 253.804
363.890 218.414 385.924 218.414 385.924 254.052 363.890 254.052
364.043 218.779 386.029 218.779 386.029 254.361 364.043 254.361
360.622 217.891 382.540 217.891 382.540 253.405 360.622 253.405
360.807 218.152 382.676 218.152 382.676 253.614 360.807 253.614
364.632 218.489 386.465 218.489 386.465 253.919 364.632 253.919
361.071 218.180 382.878 218.180 382.878 253.553 361.071 253.553
361.059 218.316 382.829 218.316 382.829 253.648 361.059 253.648
364.751 218.773 386.486 218.773 386.486 254.028 364.751 254.028
361.250 218.348 382.956 218.348 382.956 253.568 361.250 253.568
361.365 218.499 383.020 218.499 383.020 253.624 361.365 253.624
361.543 218.222 383.151 218.222 383.151 253.309 361.543 253.309
361.702 218.454 383.271 218.454 383.271 253.461 361.702 253.461
361.830 218.418 383.383 218.418 383.383 253.391 361.830 253.391
361.854 217.970 383.384 217.970 383.384 252.906 361.854 252.906
362.007 217.955 383.497 217.955 383.497 252.837 362.007 252.837
362.118 218.191 383.577 218.191 383.577 253.033 362.118 253.033
362.242 218.207 383.677 218.207 383.677 253.031 362.242 253.031
362.264 218.293 383.662 218.293 383.662 253.081 362.264 253.081
362.384 218.480 383.762 218.480 383.762 253.227 362.384 253.227
362.446 218.165 383.796 218.165 383.796 252.891 362.446 252.891
362.487 217.745 383.801 217.745 383.801 252.445 362.487 252.445
362.410 217.957 383.691 217.957 383.691 252.603 362.410 252.603
362.471 218.264 383.733 218.264 383.733 252.882 362.471 252.882
362.461 218.103 383.691 218.103 383.691 252.704 362.461 252.704
362.544 218.399 383.762 218.399 383.762 252.957 362.544 252.957
362.488 218.456 383.681 218.456 383.681 252.972 362.488 252.972
365.543 218.524 387.001 218.524 387.001 252.747 365.543 252.747
362.221 218.014 383.648 218.014 383.648 252.210 362.221 252.210
365.798 218.756 387.194 218.756 387.194 252.925 365.798 252.925
362.253 219.023 383.611 219.023 383.611 253.137 362.253 253.137
362.215 219.135 383.529 219.135 383.529 253.225 362.215 253.225
362.243 219.097 383.538 219.097 383.538 253.162 362.243 253.162
362.381 218.496 383.646 218.496 383.646 252.548 362.381 252.548
359.279 217.620 380.456 217.620 380.456 251.636 359.279 251.636
362.726 217.756 383.878 217.756 383.878 251.756 362.726 251.756
359.472 217.735 380.593 217.735 380.593 251.696 359.472 251.696
359.491 220.273 380.568 220.273 380.568 254.221 359.491 254.221
359.568 219.742 380.622 219.742 380.622 253.666 359.568 253.666
359.752 219.155 380.773 219.155 380.773 253.056 359.752 253.056
360.125 218.427 381.109 218.427 381.109 252.299 360.125 252.299
360.364 218.146 381.310 218.146 381.310 251.973 360.364 251.973
360.531 217.868 381.453 217.868 381.453 251.683 360.531 251.683
360.705 218.011 381.594 218.011 381.594 251.791 360.705 251.791
360.977 218.169 381.847 218.169 381.847 251.925 360.977 251.925
361.130 218.338 381.964 218.338 381.964 252.054 361.130 252.054
364.511 218.764 385.337 218.764 385.337 252.441 364.511 252.441
364.564 218.990 385.363 218.990 385.363 252.619 364.564 252.619
364.547 219.547 385.331 219.547 385.331 253.125 364.547 253.125
361.212 218.990 381.970 218.990 381.970 252.505 361.212 252.505
361.297 218.877 382.033 218.877 382.033 252.347 361.297 252.347
361.436 218.299 382.130 218.299 382.130 251.734 361.436 251.734
361.604 217.999 382.263 217.999 382.263 251.408 361.604 251.408
361.719 218.308 382.360 218.308 382.360 251.691 361.719 251.691
361.882 218.522 382.484 218.522 382.484 251.867 361.882 251.867
362.116 218.740 382.696 218.740 382.696 252.045 362.116 252.045
362.201 218.862 382.764 218.862 382.764 252.147 362.201 252.147
362.282 219.039 382.833 219.039 382.833 252.294 362.282 252.294
362.304 218.901 382.833 218.901 382.833 252.112 362.304 252.112
362.469 218.681 382.966 218.681 382.966 251.833 362.469 251.833
362.467 218.851 382.947 218.851 382.947 251.978 362.467 251.978
362.525 218.799 382.986 218.799 382.986 251.850 362.525 251.850
362.690 218.672 383.108 218.672 383.108 251.670 362.690 251.670
362.728 218.652 383.123 218.652 383.123 251.606 362.728 251.606
359.714 218.291 380.049 218.291 380.049 251.180 359.714 251.180
359.953 218.167 380.245 218.167 380.245 251.038 359.953 251.038
360.166 218.385 380.437 218.385 380.437 251.239 360.166 251.239
363.541 218.814 383.775 218.814 383.775 251.603 363.541 251.603
363.665 218.942 383.840 218.942 383.840 251.653 363.665 251.653
363.691 219.476 383.847 219.476 383.847 252.156 363.691 252.156
363.698 219.221 383.823 219.221 383.823 251.865 363.698 251.865
363.455 219.537 383.961 219.537 383.961 251.716 363.455 251.716
363.509 219.828 383.983 219.828 383.983 251.983 363.509 251.983
363.650 219.599 384.094 219.599 384.094 251.751 363.650 251.751
363.200 219.720 384.014 219.720 384.014 251.410 363.200 251.410
363.259 219.749 383.992 219.749 383.992 251.431 363.259 251.431
363.454 220.152 384.126 220.152 384.126 251.819 363.454 251.819
360.388 220.015 380.990 220.015 380.990 251.691 360.388 251.691
360.561 220.096 381.112 220.096 381.112 251.761 360.561 251.761
360.804 219.469 381.276 219.469 381.276 251.128 360.804 251.128
363.853 219.197 384.609 219.197 384.609 250.552 363.853 250.552
363.436 219.470 384.541 219.470 384.541 250.421 363.436 250.421
366.782 220.214 387.804 220.214 387.804 251.188 366.782 251.188
363.619 220.162 384.550 220.162 384.550 251.182 363.619 251.182
363.462 220.316 384.723 220.316 384.723 250.939 363.462 250.939
360.341 219.467 381.463 219.467 381.463 250.169 360.341 250.169
360.632 218.770 381.661 218.770 381.661 249.499 360.632 249.499
360.884 221.040 381.812 221.040 381.812 251.813 360.884 251.813
361.254 220.000 381.985 220.000 381.985 250.810 361.254 250.810
364.615 220.159 385.224 220.159 385.224 251.000 364.615 251.000
364.331 220.514 385.150 220.514 385.150 251.112 364.331 251.112
363.892 220.185 385.116 220.185 385.116 250.315 363.892 250.315
363.563 219.814 385.011 219.814 385.011 249.694 363.563 249.694
360.427 219.853 381.778 219.853 381.778 249.793 360.427 249.793
360.568 219.793 381.806 219.793 381.806 249.780 360.568 249.780
360.707 219.579 381.763 219.579 381.763 249.667 360.707 249.667
360.877 219.701 381.819 219.701 381.819 249.852 360.877 249.852
361.097 219.610 381.917 219.610 381.917 249.824 361.097 249.824
363.844 220.072 385.041 220.072 385.041 249.882 363.844 249.882
363.382 220.094 384.701 220.094 384.701 249.753 363.382 249.753
363.206 220.418 384.706 220.418 384.706 249.860 363.206 249.860
363.336 220.830 384.714 220.830 384.714 250.333 363.336 250.333
363.017 220.742 384.614 220.742 384.614 250.017 363.017 250.017
359.881 219.849 381.303 219.849 381.303 249.254 359.881 249.254
362.622 220.140 384.285 220.140 384.285 249.319 362.622 249.319
362.454 220.111 384.213 220.111 384.213 249.168 362.454 249.168
362.477 220.311 384.079 220.311 384.079 249.461 362.477 249.461
365.189 220.715 386.934 220.715 386.934 249.708 365.189 249.708
365.149 221.138 386.784 221.138 386.784 250.216 365.149 250.216
361.982 220.648 383.500 220.648 383.500 249.808 361.982 249.808
358.954 220.013 380.306 220.013 380.306 249.273 358.954 249.273
359.267 219.641 380.521 219.641 380.521 248.948 359.267 248.948
359.543 219.584 380.650 219.584 380.650 248.965 359.543 248.965
359.825 219.718 380.738 219.718 380.738 249.195 359.825 249.195
363.088 220.003 383.893 220.003 383.893 249.536 363.088 249.536
366.392 220.653 387.090 220.653 387.090 250.261 366.392 250.261
363.226 220.299 383.799 220.299 383.799 249.983 363.226 249.983
363.142 219.784 383.898 219.784 383.898 249.267 363.142 249.267
362.901 220.057 383.885 220.057 383.885 249.285 362.901 249.285
362.584 220.400 383.738 220.400 383.738 249.450 362.584 249.450
362.263 220.391 383.658 220.391 383.658 249.146 362.263 249.146
362.536 220.281 383.785 220.281 383.785 249.137 362.536 249.137
362.493 220.620 383.628 220.620 383.628 249.555 362.493 249.555
362.387 220.650 383.672 220.650 383.672 249.397 362.387 249.397
362.260 220.540 383.699 220.540 383.699 249.086 362.260 249.086
362.047 220.502 383.727 220.502 383.727 248.759 362.047 248.759
361.900 220.312 383.719 220.312 383.719 248.422 361.900 248.422
361.475 220.367 383.416 220.367 383.416 248.344 361.475 248.344
364.042 221.003 386.181 221.003 386.181 248.794 364.042 248.794
363.698 221.375 385.925 221.375 385.925 249.054 363.698 249.054
363.152 221.531 385.520 221.531 385.520 249.035 363.152 249.035
362.765 221.596 385.248 221.596 385.248 248.961 362.765 248.961
362.262 221.519 384.843 221.519 384.843 248.766 362.262 248.766
362.082 221.517 384.771 221.517 384.771 248.616 362.082 248.616
359.250 220.796 381.748 220.796 381.748 248.033 359.250 248.033
359.316 220.753 381.730 220.753 381.730 248.053 359.316 248.053
362.202 221.192 384.682 221.192 384.682 248.420 362.202 248.420
361.989 221.244 384.597 221.244 384.597 248.319 361.989 248.319
361.919 220.867 384.591 220.867 384.591 247.850 361.919 247.850
361.784 220.995 384.517 220.995 384.517 247.907 361.784 247.907
361.834 220.812 384.423 220.812 384.423 247.833 361.834 247.833
364.827 223.423 387.507 223.423 387.507 250.350 364.827 250.350
364.634 223.288 387.387 223.288 387.387 250.126 364.634 250.126
364.460 223.122 387.273 223.122 387.273 249.885 364.460 249.885
364.122 222.666 386.970 222.666 386.970 249.369 364.122 249.369
364.007 222.371 386.926 222.371 386.926 249.001 364.007 249.001
363.636 222.225 386.594 222.225 386.594 248.814 363.636 248.814
363.240 222.149 386.246 222.149 386.246 248.666 363.240 248.666
362.765 222.177 385.877 222.177 385.877 248.564 362.765 248.564
362.389 222.174 385.560 222.174 385.560 248.457 362.389 248.457
362.044 222.186 385.253 222.186 385.253 248.409 362.044 248.409
361.917 221.610 385.149 221.610 385.149 247.788 361.917 247.788
361.778 221.604 385.058 221.604 385.058 247.705 361.778 247.705
361.800 221.741 385.101 221.741 385.101 247.763 361.800 247.763
361.731 221.976 385.058 221.976 385.058 247.953 361.731 247.953
361.753 222.063 385.094 222.063 385.094 248.025 361.753 248.025
361.530 222.300 384.907 222.300 384.907 248.227 361.530 248.227
361.389 221.847 384.772 221.847 384.772 247.748 361.389 247.748
361.153 221.922 384.584 221.922 384.584 247.754 361.153 247.754
364.092 224.528 387.534 224.528 387.534 250.339 364.092 250.339
363.964 223.886 387.426 223.886 387.426 249.655 363.964 249.655
363.510 224.076 386.988 224.076 386.988 249.820 363.510 249.820
363.354 223.713 386.839 223.713 386.839 249.444 363.354 249.444
363.159 223.190 386.660 223.190 386.660 248.897 363.159 248.897
362.837 222.576 386.349 222.576 386.349 248.263 362.837 248.263
362.484 222.808 386.015 222.808 386.015 248.472 362.484 248.472
362.310 222.854 385.858 222.854 385.858 248.497 362.310 248.497
361.752 222.968 385.325 222.968 385.325 248.567 361.752 248.567
361.618 222.855 385.209 222.855 385.209 248.428 361.618 248.428
361.425 222.678 385.027 222.678 385.027 248.224 361.425 248.224
361.183 222.172 384.792 222.172 384.792 247.703 361.183 247.703
361.047 222.022 384.676 222.022 384.676 247.498 361.047 247.498
360.995 222.174 384.633 222.174 384.633 247.636 360.995 247.636
360.972 222.113 384.605 222.113 384.605 247.539 360.972 247.539
363.828 224.755 387.478 224.755 387.478 250.163 363.828 250.163
363.610 224.298 387.270 224.298 387.270 249.698 363.610 249.698
363.468 223.653 387.122 223.653 387.122 249.038 363.468 249.038
363.202 223.292 386.872 223.292 386.872 248.658 363.202 248.658
362.840 223.155 386.510 223.155 386.510 248.485 362.840 248.485
362.583 222.799 386.241 222.799 386.241 248.096 362.583 248.096
362.261 222.869 385.966 222.869 385.966 248.123 362.261 248.123
362.079 222.997 385.809 222.997 385.809 248.227 362.079 248.227
361.868 222.896 385.601 222.896 385.601 248.128 361.868 248.128
361.524 222.710 385.267 222.710 385.267 247.936 361.524 247.936
361.386 222.270 385.119 222.270 385.119 247.489 361.386 247.489
364.055 222.522 387.797 222.522 387.797 247.706 364.055 247.706
363.625 222.875 387.367 222.875 387.367 248.036 363.625 248.036
363.258 223.002 387.023 223.002 387.023 248.160 363.258 248.160
362.836 223.162 386.610 223.162 386.610 248.324 362.836 248.324
362.596 222.859 386.366 222.859 386.366 248.018 362.596 248.018
362.176 222.812 385.966 222.812 385.966 247.962 362.176 247.962
361.718 223.139 385.537 223.139 385.537 248.276 361.718 248.276
361.392 222.769 385.215 222.769 385.215 247.909 361.392 247.909
361.130 222.352 384.943 222.352 384.943 247.504 361.130 247.504
361.024 222.219 384.817 222.219 384.817 247.359 361.024 247.359
360.819 222.060 384.605 222.060 384.605 247.161 360.819 247.161
360.738 222.272 384.522 222.272 384.522 247.370 360.738 247.370
363.407 222.555 387.190 222.555 387.190 247.643 363.407 247.643
362.961 222.589 386.739 222.589 386.739 247.658 362.961 247.658
362.714 222.616 386.509 222.616 386.509 247.663 362.714 247.663
362.388 222.994 386.184 222.994 386.184 248.012 362.388 248.012
362.349 223.066 386.161 223.066 386.161 248.068 362.349 248.068
362.499 223.440 386.010 223.440 386.010 248.725 362.499 248.725
362.232 223.018 385.746 223.018 385.746 248.271 362.232 248.271
362.309 222.337 385.818 222.337 385.818 247.574 362.309 247.574
362.175 222.252 385.695 222.252 385.695 247.463 362.175 247.463
362.032 222.292 385.551 222.292 385.551 247.462 362.032 247.462
361.953 224.561 385.480 224.561 385.480 249.700 361.953 249.700
364.968 224.289 388.521 224.289 388.521 249.388 364.968 249.388
361.731 223.404 385.272 223.404 385.272 248.514 361.731 248.514
364.511 223.261 388.081 223.261 388.081 248.359 364.511 248.359
364.126 223.231 387.725 223.231 387.725 248.306 364.126 248.306
363.783 223.208 387.388 223.208 387.388 248.274 363.783 248.274
363.436 223.174 387.048 223.174 387.048 248.235 363.436 248.235
363.416 223.091 387.016 223.091 387.016 248.132 363.416 248.132
363.214 222.693 386.798 222.693 386.798 247.752 363.214 247.752
362.702 223.042 386.321 223.042 386.321 248.070 362.702 248.070
362.439 222.785 386.010 222.785 386.010 247.762 362.439 247.762
365.517 225.192 389.083 225.192 389.083 250.174 365.517 250.174
365.365 224.999 388.904 224.999 388.904 249.972 365.365 249.972
365.048 224.536 388.565 224.536 388.565 249.501 365.048 249.501
364.927 224.312 388.441 224.312 388.441 249.280 364.927 249.280
364.923 223.879 388.432 223.879 388.432 248.861 364.923 248.861
364.719 223.588 388.212 223.588 388.212 248.557 364.719 248.557
364.424 223.467 387.921 223.467 387.921 248.435 364.424 248.435
364.173 223.266 387.675 223.266 387.675 248.231 364.173 248.231
363.719 223.232 387.223 223.232 387.223 248.170 363.719 248.170
363.549 223.113 387.054 223.113 387.054 248.027 363.549 248.027
363.307 223.121 386.793 223.121 386.793 248.020 363.307 248.020
363.102 222.993 386.575 222.993 386.575 247.881 363.102 247.881
362.836 223.164 386.307 223.164 386.307 248.031 362.836 248.031
362.602 223.193 386.072 223.193 386.072 248.036 362.602 248.036
362.441 223.320 385.890 223.320 385.890 248.150 362.441 248.150
362.410 223.317 385.852 223.317 385.852 248.131 362.410 248.131
362.687 222.721 385.799 222.721 385.799 247.831 362.687 247.831
362.285 222.525 385.431 222.525 385.431 247.599 362.285 247.599
362.538 222.228 385.198 222.228 385.198 247.692 362.538 247.692
362.080 222.111 384.795 222.111 384.795 247.447 362.080 247.447
364.998 224.679 387.766 224.679 387.766 249.920 364.998 249.920
365.031 224.132 387.851 224.132 387.851 249.329 365.031 249.329
364.810 223.533 387.642 223.533 387.642 248.679 364.810 248.679
364.597 223.366 387.454 223.366 387.454 248.478 364.597 248.478
364.147 223.283 387.024 223.283 387.024 248.357 364.147 248.357
363.958 223.276 386.884 223.276 386.884 248.269 363.958 248.269
363.666 223.282 386.617 223.282 386.617 248.242 363.666 248.242
363.411 223.323 386.393 223.323 386.393 248.239 363.411 248.239
363.130 223.013 386.112 223.013 386.112 247.905 363.130 247.905
362.881 222.936 385.890 222.936 385.890 247.820 362.881 247.820
362.760 222.971 385.800 222.971 385.800 247.803 362.760 247.803
365.742 225.591 388.790 225.591 388.790 250.403 365.742 250.403
365.676 225.210 388.729 225.210 388.729 250.006 365.676 250.006
365.613 224.570 388.655 224.570 388.655 249.352 365.613 249.352
365.426 224.047 388.466 224.047 388.466 248.809 365.426 248.809
365.138 224.139 388.208 224.139 388.208 248.874 365.138 248.874
364.834 224.073 387.911 224.073 387.911 248.773 364.834 248.773
364.536 224.252 387.622 224.252 387.622 248.934 364.536 248.934
364.215 224.125 387.319 224.125 387.319 248.774 364.215 248.774
364.110 223.731 387.202 223.731 387.202 248.354 364.110 248.354
363.943 223.451 387.036 223.451 387.036 248.073 363.943 248.073
363.742 222.951 386.844 222.951 386.844 247.570 363.742 247.570
363.584 223.230 386.706 223.230 386.706 247.832 363.584 247.832
363.400 223.149 386.510 223.149 386.510 247.716 363.400 247.716
363.069 223.354 386.187 223.354 386.187 247.875 363.069 247.875
362.918 223.350 386.011 223.350 386.011 247.858 362.918 247.858
362.721 223.018 385.806 223.018 385.806 247.501 362.721 247.501
362.602 222.759 385.686 222.759 385.686 247.219 362.602 247.219
362.174 222.751 385.284 222.751 385.284 247.190 362.174 247.190
364.843 223.129 387.976 223.129 387.976 247.554 364.843 247.554
364.439 223.284 387.588 223.284 387.588 247.673 364.439 247.673
364.154 223.594 387.294 223.594 387.294 247.965 364.154 247.965
363.734 223.353 386.838 223.353 386.838 247.724 363.734 247.724
363.349 223.316 386.444 223.316 386.444 247.682 363.349 247.682
363.003 223.281 386.088 223.281 386.088 247.628 363.003 247.628
362.743 223.347 385.842 223.347 385.842 247.684 362.743 247.684
362.533 223.141 385.634 223.141 385.634 247.462 362.533 247.462
362.264 222.931 385.362 222.931 385.362 247.248 362.264 247.248
364.979 223.087 388.063 223.087 388.063 247.390 364.979 247.390
364.759 223.185 387.838 223.185 387.838 247.486 364.759 247.486
364.358 223.387 387.442 223.387 387.442 247.680 364.358 247.680
363.815 223.684 386.907 223.684 386.907 247.968 363.815 247.968
363.423 223.819 386.503 223.819 386.503 248.103 363.423 248.103
363.031 223.879 386.119 223.879 386.119 248.153 363.031 248.153
362.845 223.393 385.935 223.393 385.935 247.701 362.845 247.701
362.533 223.343 385.624 223.343 385.624 247.622 362.533 247.622
362.286 223.042 385.370 223.042 385.370 247.307 362.286 247.307
362.177 222.776 385.252 222.776 385.252 247.039 362.177 247.039
365.228 225.442 388.286 225.442 388.286 249.701 365.228 249.701
365.164 225.085 388.190 225.085 388.190 249.358 365.164 249.358
365.164 224.380 388.171 224.380 388.171 248.676 365.164 248.676
364.951 224.182 387.959 224.182 387.959 248.462 364.951 248.462
364.699 224.248 387.705 224.248 387.705 248.521 364.699 248.521
361.565 223.650 384.555 223.650 384.555 247.915 361.565 247.915
361.386 223.467 384.379 223.467 384.379 247.709 361.386 247.709
364.150 223.628 387.148 223.628 387.148 247.864 364.150 247.864
363.809 223.731 386.829 223.731 386.829 247.946 363.809 247.946
360.519 223.213 383.509 223.213 383.509 247.437 360.519 247.437
363.097 223.161 386.101 223.161 386.101 247.383 363.097 247.383
362.670 223.111 385.692 223.111 385.692 247.315 362.670 247.315
362.409 223.169 385.444 223.169 385.444 247.361 362.409 247.361
362.113 223.193 385.147 223.193 385.147 247.375 362.113 247.375
361.989 223.074 385.018 223.074 385.018 247.267 361.989 247.267
361.863 222.700 384.881 222.700 384.881 246.900 361.863 246.900
361.653 222.720 384.676 222.720 384.676 246.917 361.653 246.917
361.435 222.905 384.459 222.905 384.459 247.097 361.435 247.097
361.170 222.879 384.420 222.879 384.420 246.843 361.170 246.843
363.741 223.319 386.988 223.319 386.988 247.286 363.741 247.286
363.552 223.310 386.794 223.310 386.794 247.279 363.552 247.279
363.364 223.399 386.604 223.399 386.604 247.369 363.364 247.369
363.058 223.474 386.299 223.474 386.299 247.437 363.058 247.437
362.845 223.546 386.086 223.546 386.086 247.511 362.845 247.511
362.497 223.537 385.733 223.537 385.733 247.508 362.497 247.508
362.301 223.404 385.533 223.404 385.533 247.371 362.301 247.371
362.141 223.092 385.359 223.092 385.359 247.068 362.141 247.068
361.976 222.806 385.150 222.806 385.150 246.794 361.976 246.794
362.001 222.859 385.165 222.859 385.165 246.864 362.001 246.864
361.742 223.107 384.898 223.107 384.898 247.093 361.742 247.093
361.513 223.123 384.657 223.123 384.657 247.099 361.513 247.099
361.371 222.884 384.500 222.884 384.500 246.862 361.371 246.862
361.336 222.469 384.442 222.469 384.442 246.451 361.336 246.451
361.114 222.419 384.214 222.419 384.214 246.424 361.114 246.424
361.108 222.225 384.206 222.225 384.206 246.238 361.108 246.238
358.308 224.042 381.162 224.042 381.162 248.256 358.308 248.256
361.255 223.698 384.096 223.698 384.096 247.907 361.255 247.907
363.885 223.766 386.729 223.766 386.729 247.953 363.885 247.953
363.618 223.668 386.466 223.668 386.466 247.827 363.618 247.827
363.437 223.493 386.297 223.493 386.297 247.629 363.437 247.629
363.135 223.724 386.005 223.724 386.005 247.857 363.135 247.857
362.888 223.585 385.746 223.585 385.746 247.702 362.888 247.702
362.718 223.617 385.567 223.617 385.567 247.723 362.718 247.723
362.511 223.507 385.348 223.507 385.348 247.606 362.511 247.606
362.433 223.151 385.281 223.151 385.281 247.253 362.433 247.253
362.429 223.151 385.274 223.151 385.274 247.241 362.429 247.241
364.963 223.764 387.831 223.764 387.831 247.813 364.963 247.813
364.716 223.902 387.581 223.902 387.581 247.935 364.716 247.935
361.717 223.559 384.567 223.559 384.567 247.586 361.717 247.586
364.461 223.828 387.316 223.828 387.316 247.840 364.461 247.840
364.405 223.774 387.245 223.774 387.245 247.793 364.405 247.793
364.235 223.597 387.073 223.597 387.073 247.609 364.235 247.609
364.111 223.519 386.928 223.519 386.928 247.536 364.111 247.536
363.849 223.759 386.665 223.759 386.665 247.728 363.849 247.728
363.536 223.804 386.356 223.804 386.356 247.770 363.536 247.770
363.305 223.963 386.126 223.963 386.126 247.903 363.305 247.903
363.295 224.130 386.101 224.130 386.101 248.077 363.295 248.077
363.343 223.573 386.139 223.573 386.139 247.517 363.343 247.517
363.162 223.254 385.937 223.254 385.937 247.180 363.162 247.180
363.086 223.502 385.848 223.502 385.848 247.422 363.086 247.422
362.982 223.529 385.724 223.529 385.724 247.444 362.982 247.444
366.159 223.792 388.660 223.792 388.660 247.922 366.159 247.922
363.133 223.558 385.636 223.558 385.636 247.682 363.133 247.682
363.071 223.465 385.575 223.465 385.575 247.556 363.071 247.556
362.923 223.749 385.431 223.749 385.431 247.802 362.923 247.802
362.734 223.675 385.239 223.675 385.239 247.710 362.734 247.710
362.548 223.850 385.061 223.850 385.061 247.856 362.548 247.856
362.527 223.631 385.029 223.631 385.029 247.621 362.527 247.621
365.563 225.931 388.056 225.931 388.056 249.926 365.563 249.926
365.577 225.072 388.083 225.072 388.083 249.074 365.577 249.074
365.530 224.725 388.038 224.725 388.038 248.740 365.530 248.740
365.450 224.697 387.954 224.697 387.954 248.707 365.450 248.707
365.152 224.883 387.653 224.883 387.653 248.870 365.152 248.870
364.834 225.026 387.330 225.026 387.330 248.990 364.834 248.990
364.749 224.876 387.263 224.876 387.263 248.830 364.749 248.830
364.496 224.584 387.028 224.584 387.028 248.508 364.496 248.508
364.410 224.183 386.927 224.183 386.927 248.107 364.410 248.107
364.262 224.040 386.774 224.040 386.774 247.936 364.262 247.936
363.819 224.487 386.351 224.487 386.351 248.353 363.819 248.353
363.651 224.236 386.171 224.236 386.171 248.093 363.651 248.093
363.595 223.781 386.112 223.781 386.112 247.622 363.595 247.622
363.442 223.533 385.955 223.533 385.955 247.370 363.442 247.370
363.297 223.494 385.818 223.494 385.818 247.322 363.297 247.322
363.073 223.510 385.608 223.510 385.608 247.307 363.073 247.307
362.690 223.821 385.236 223.821 385.236 247.619 362.690 247.619
362.589 223.880 385.141 223.880 385.141 247.665 362.589 247.665
362.367 223.817 384.939 223.817 384.939 247.580 362.367 247.580
362.364 223.344 384.930 223.344 384.930 247.103 362.364 247.103
362.289 222.958 384.843 222.958 384.843 246.722 362.289 246.722
364.915 223.488 387.474 223.488 387.474 247.245 364.915 247.245
364.711 223.846 387.272 223.846 387.272 247.600 364.711 247.600
364.257 224.266 386.840 224.266 386.840 248.010 364.257 248.010
364.092 224.091 386.676 224.091 386.676 247.831 364.092 247.831
390.486 195.540 412.987 195.540 412.987 219.280 390.486 219.280
396.858 193.387 419.392 193.387 419.392 217.415 396.858 217.415
397.078 192.836 419.531 192.836 419.531 217.265 397.078 217.265
400.214 195.450 422.614 195.450 422.614 220.312 400.214 220.312
399.897 198.369 422.152 198.369 422.152 223.518 399.897 223.518
403.285 201.306 425.520 201.306 425.520 226.700 403.285 226.700
407.457 203.877 429.627 203.877 429.627 229.728 407.457 229.728
411.591 206.716 433.942 206.716 433.942 232.711 411.591 232.711
415.498 205.951 438.052 205.951 438.052 231.839 415.498 231.839
419.345 209.293 442.063 209.293 442.063 235.277 419.345 235.277
419.444 213.365 442.280 213.365 442.280 239.448 419.444 239.448
423.125 219.882 445.982 219.882 445.982 246.159 423.125 246.159
429.927 215.777 452.990 215.777 452.990 241.914 429.927 241.914
436.665 218.926 460.269 218.926 460.269 244.871 436.665 244.871
436.948 224.567 460.502 224.567 460.502 250.872 436.948 250.872
443.199 227.478 466.916 227.478 466.916 253.974 443.199 253.974
449.771 229.982 473.720 229.982 473.720 256.657 449.771 256.657
453.538 235.780 477.367 235.780 477.367 262.750 453.538 262.750
450.430 235.450 474.298 235.450 474.298 262.677 450.430 262.677
457.628 238.399 481.851 238.399 481.851 265.949 457.628 265.949
461.454 244.737 486.088 244.737 486.088 272.454 461.454 272.454
465.248 250.269 490.156 250.269 490.156 277.916 465.248 277.916
468.494 242.540 493.978 242.540 493.978 270.024 468.494 270.024
472.651 249.283 498.243 249.283 498.243 276.947 472.651 276.947
476.606 254.079 502.378 254.079 502.378 282.000 476.606 282.000
477.121 255.375 502.792 255.375 502.792 283.661 477.121 283.661
484.469 258.898 510.139 258.898 510.139 287.411 484.469 287.411
488.639 261.811 514.318 261.811 514.318 290.694 488.639 290.694
489.825 260.721 515.340 260.721 515.340 289.857 489.825 289.857
494.904 261.110 520.091 261.110 520.091 290.593 494.904 290.593
497.012 260.526 522.390 260.526 522.390 289.809 497.012 289.809
497.747 255.417 523.582 255.417 523.582 284.539 497.747 284.539
494.490 250.976 520.451 250.976 520.451 280.205 494.490 280.205
490.356 242.532 516.375 242.532 516.375 271.540 490.356 271.540
482.743 230.895 508.617 230.895 508.617 260.313 482.743 260.313
482.017 222.208 507.972 222.208 507.972 251.938 482.017 251.938
482.402 215.542 508.168 215.542 508.168 245.189 482.402 245.189
482.501 212.171 508.583 212.171 508.583 241.589 482.501 241.589
482.717 206.101 508.795 206.101 508.795 235.599 482.717 235.599
482.646 195.498 508.840 195.498 508.840 225.061 482.646 225.061
479.352 192.294 505.729 192.294 505.729 221.990 479.352 221.990
478.754 186.883 505.368 186.883 505.368 216.782 478.754 216.782
477.561 181.629 504.436 181.629 504.436 211.615 477.561 211.615
477.207 175.127 504.127 175.127 504.127 204.967 477.207 204.967
477.229 171.647 504.182 171.647 504.182 201.387 477.229 201.387
477.154 165.328 503.993 165.328 503.993 195.476 477.154 195.476
476.277 159.416 503.366 159.416 503.366 189.187 476.277 189.187
475.326 153.861 502.385 153.861 502.385 183.813 475.326 183.813
474.420 148.920 501.559 148.920 501.559 179.016 474.420 179.016
474.113 142.226 501.128 142.226 501.128 172.469 474.113 172.469
474.094 138.583 500.740 138.583 500.740 169.013 474.094 169.013
474.406 134.702 501.124 134.702 501.124 165.008 474.406 165.008
474.847 124.050 501.522 124.050 501.522 154.759 474.847 154.759
474.231 122.364 501.221 122.364 501.221 153.067 474.231 153.067
473.467 119.728 500.431 119.728 500.431 150.352 473.467 150.352
474.113 116.168 500.962 116.168 500.962 146.735 474.113 146.735
474.465 109.150 501.056 109.150 501.056 139.987 474.465 139.987
474.563 105.571 500.986 105.571 500.986 136.463 474.563 136.463
475.301 102.036 501.514 102.036 501.514 132.923 475.301 132.923
475.616 94.849 501.811 94.849 501.811 125.802 475.616 125.802
475.300 92.505 501.620 92.505 501.620 123.299 475.300 123.299
475.717 88.980 501.852 88.980 501.852 119.844 475.717 119.844
476.091 82.873 502.075 82.873 502.075 113.809 476.091 113.809
476.927 77.218 502.842 77.218 502.842 108.326 476.927 108.326
477.525 75.572 503.223 75.572 503.223 106.753 477.525 106.753
478.469 69.231 504.357 69.231 504.357 100.305 478.469 100.305
479.909 66.703 505.804 66.703 505.804 97.823 479.909 97.823
475.429 61.534 501.753 61.534 501.753 92.185 475.429 92.185
469.476 60.115 496.145 60.115 496.145 90.560 469.476 90.560
464.104 61.367 491.072 61.367 491.072 91.757 464.104 91.757
457.982 57.023 485.210 57.023 485.210 87.159 457.982 87.159
455.978 56.917 483.245 56.917 483.245 87.065 455.978 87.065
450.870 54.760 477.943 54.760 477.943 84.806 450.870 84.806
449.202 50.801 476.221 50.801 476.221 80.799 449.202 80.799
443.354 47.783 470.286 47.783 470.286 77.863 443.354 77.863
440.809 46.809 467.755 46.809 467.755 76.897 440.809 76.897
438.300 46.367 465.440 46.367 465.440 76.172 438.300 76.172
432.461 42.825 459.446 42.825 459.446 72.616 432.461 72.616
430.283 42.189 457.027 42.189 457.027 72.082 430.283 72.082
427.834 39.892 454.700 39.892 454.700 69.608 427.834 69.608
424.900 36.014 451.773 36.014 451.773 65.707 424.900 65.707
422.409 35.547 449.285 35.547 449.285 65.165 422.409 65.165
416.684 31.141 443.556 31.141 443.556 60.668 416.684 60.668
415.465 29.793 442.102 29.793 442.102 59.295 415.465 59.295
411.455 28.255 437.767 28.255 437.767 57.912 411.455 57.912
409.073 24.039 435.631 24.039 435.631 53.577 409.073 53.577
406.555 23.262 433.511 23.262 433.511 52.367 406.555 52.367
404.592 22.228 431.356 22.228 431.356 51.402 404.592 51.402
402.558 18.804 429.184 18.804 429.184 48.023 402.558 48.023
399.969 16.996 426.563 16.996 426.563 46.216 399.969 46.216
397.844 15.607 424.442 15.607 424.442 44.779 397.844 44.779
395.932 10.877 422.621 10.877 422.621 39.984 395.932 39.984
394.172 9.604 420.890 9.604 420.890 38.935 394.172 38.935
393.250 9.605 420.062 9.605 420.062 38.827 393.250 38.827
392.762 8.216 419.555 8.216 419.555 37.401 392.762 37.401
392.135 6.315 418.793 6.315 418.793 35.446 392.135 35.446
391.031 5.071 417.912 5.071 417.912 33.923 391.031 33.923
386.039 3.495 413.103 3.495 413.103 32.255 386.039 32.255
385.226 2.368 412.451 2.368 412.451 30.687 385.226 30.687
383.390 1.513 410.866 1.513 410.866 29.273 383.390 29.273
382.204 0.059 410.006 0.059 410.006 27.328 382.204 27.328
380.319 0.360 408.492 0.360 408.492 27.123 380.319 27.123
377.740 1.302 406.182 1.302 406.182 27.631 377.740 27.631
375.742 2.680 404.214 2.680 404.214 28.910 375.742 28.910
373.379 4.601 401.770 4.601 401.770 30.873 373.379 30.873
371.825 5.247 399.757 5.247 399.757 31.730 371.825 31.730
371.056 5.287 398.669 5.287 398.669 31.934 371.056 31.934
369.593 6.743 396.686 6.743 396.686 33.579 369.593 33.579
368.879 7.136 395.677 7.136 395.677 34.195 368.879 34.195
368.547 7.934 395.197 7.934 395.197 35.302 368.547 35.302
368.103 9.032 394.486 9.032 394.486 36.707 368.103 36.707
367.905 9.791 394.167 9.791 394.167 37.601 367.905 37.601
367.768 11.948 393.841 11.948 393.841 39.854 367.768 39.854
367.117 12.636 393.276 12.636 393.276 40.547 367.117 40.547
366.623 13.396 392.798 13.396 392.798 41.270 366.623 41.270
366.895 14.208 393.168 14.208 393.168 42.016 366.895 42.016
366.777 16.970 393.189 16.970 393.189 44.816 366.777 44.816
367.176 18.475 393.856 18.475 393.856 46.170 367.176 46.170
366.368 19.363 393.111 19.363 393.111 47.127 366.368 47.127
367.198 19.263 393.975 19.263 393.975 46.860 367.198 46.860
367.797 19.876 394.413 19.876 394.413 47.569 367.797 47.569
367.838 21.845 394.511 21.845 394.511 49.491 367.838 49.491
368.006 22.311 394.629 22.311 394.629 49.981 368.006 49.981
368.071 24.324 394.759 24.324 394.759 51.773 368.071 51.773
368.237 25.975 395.067 25.975 395.067 53.292 368.237 53.292
368.541 27.375 395.262 27.375 395.262 54.587 368.541 54.587
369.670 28.226 396.293 28.226 396.293 55.769 369.670 55.769
370.271 29.592 396.917 29.592 396.917 57.349 370.271 57.349
371.776 30.200 398.601 30.200 398.601 57.993 371.776 57.993
376.462 35.094 402.843 35.094 402.843 63.006 376.462 63.006
384.255 40.663 410.743 40.663 410.743 68.318 384.255 68.318
394.932 50.332 421.187 50.332 421.187 78.068 394.932 78.068
401.251 54.533 427.405 54.533 427.405 82.344 401.251 82.344
409.799 58.950 435.756 58.950 435.756 86.974 409.799 86.974
421.796 67.243 447.691 67.243 447.691 95.358 421.796 95.358
426.037 72.184 451.611 72.184 451.611 100.494 426.037 100.494
434.924 77.068 460.644 77.068 460.644 105.258 434.924 105.258
447.430 87.701 472.854 87.701 472.854 116.081 447.430 116.081
455.915 92.160 481.280 92.160 481.280 120.399 455.915 120.399
464.148 96.377 489.414 96.377 489.414 124.650 464.148 124.650
476.728 106.353 501.938 106.353 501.938 134.756 476.728 134.756
485.585 110.597 510.900 110.597 510.900 139.017 485.585 139.017
493.884 117.151 519.362 117.151 519.362 145.355 493.884 145.355
508.525 125.830 533.893 125.830 533.893 154.106 508.525 154.106
516.620 133.321 541.669 133.321 541.669 161.707 516.620 161.707
525.217 137.465 550.421 137.465 550.421 165.630 525.217 165.630
540.491 148.359 565.446 148.359 565.446 176.632 540.491 176.632
548.969 152.909 573.832 152.909 573.832 181.069 548.969 181.069
560.135 159.953 585.062 159.953 585.062 188.263 560.135 188.263
