572.000 29.000 587.000 29.000 587.000 64.000 572.000 64.000
572.678 29.325 588.161 29.325 588.161 64.135 572.678 64.135
571.261 29.580 587.073 29.580 587.073 64.233 571.261 64.233
571.998 29.240 588.167 29.240 588.167 63.801 571.998 63.801
571.427 29.769 587.710 29.769 587.710 64.394 571.427 64.394
571.217 29.209 587.777 29.209 587.777 63.696 571.217 63.696
571.113 30.010 587.774 30.010 587.774 64.549 571.113 64.549
571.433 30.333 588.194 30.333 588.194 65.135 571.433 65.135
570.280 29.350 587.109 29.350 587.109 64.153 570.280 64.153
571.592 29.232 588.350 29.232 588.350 64.207 571.592 64.207
570.173 30.467 587.144 30.467 587.144 65.328 570.173 65.328
570.620 29.781 587.675 29.781 587.675 64.665 570.620 64.665
570.154 28.990 587.243 28.990 587.243 63.911 570.154 63.911
570.655 29.956 587.760 29.956 587.760 64.893 570.655 64.893
569.140 29.766 586.191 29.766 586.191 64.644 569.140 64.644
570.536 29.765 587.632 29.765 587.632 64.698 570.536 64.698
569.571 29.929 586.740 29.929 586.740 64.677 569.571 64.677
568.532 30.251 585.818 30.251 585.818 64.749 568.532 64.749
568.838 30.394 586.167 30.394 586.167 64.903 568.838 64.903
569.599 30.495 586.954 30.495 586.954 65.014 569.599 65.014
568.116 30.336 585.470 30.336 585.470 64.991 568.116 64.991
568.917 30.064 586.240 30.064 586.240 64.718 568.917 64.718
568.432 30.202 585.653 30.202 585.653 64.997 568.432 64.997
568.704 30.012 585.820 30.012 585.820 65.183 568.704 65.183
569.008 29.199 586.110 29.199 586.110 64.727 569.008 64.727
568.663 29.885 585.799 29.885 585.799 65.400 568.663 65.400
568.216 30.597 585.425 30.597 585.425 66.140 568.216 66.140
569.854 29.802 587.125 29.802 587.125 65.549 569.854 65.549
568.272 30.780 585.616 30.780 585.616 66.419 568.272 66.419
569.565 30.088 586.769 30.088 586.769 65.974 569.565 65.974
568.941 29.933 586.121 29.933 586.121 66.035 568.941 66.035
569.044 28.986 586.149 28.986 586.149 65.313 569.044 65.313
568.880 30.088 586.052 30.088 586.052 66.254 568.880 66.254
569.894 30.312 587.107 30.312 587.107 66.272 569.894 66.272
568.451 30.839 585.671 30.839 585.671 66.714 568.451 66.714
569.044 30.114 586.402 30.114 586.402 66.027 569.044 66.027
567.916 30.772 585.303 30.772 585.303 66.676 567.916 66.676
568.132 29.960 585.569 29.960 585.569 65.842 568.132 65.842
568.177 30.561 585.571 30.561 585.571 66.474 568.177 66.474
567.996 29.334 585.294 29.334 585.294 65.571 567.996 65.571
568.741 30.230 586.026 30.230 586.026 66.558 568.741 66.558
567.230 30.178 584.617 30.178 584.617 66.493 567.230 66.493
567.679 29.911 585.033 29.911 585.033 66.476 567.679 66.476
568.137 29.277 585.470 29.277 585.470 66.062 568.137 66.062
567.442 30.259 584.832 30.259 584.832 66.867 567.442 66.867
568.166 30.187 585.468 30.187 585.468 66.981 568.166 66.981
567.893 30.926 585.103 30.926 585.103 67.886 567.893 67.886
568.590 30.184 585.739 30.184 585.739 67.333 568.590 67.333
568.381 30.029 585.559 30.029 585.559 67.177 568.381 67.177
567.831 29.725 585.132 29.725 585.132 66.716 567.831 66.716
568.654 30.609 586.043 30.609 586.043 67.592 568.654 67.592
568.568 29.622 585.944 29.622 585.944 66.729 568.568 66.729
568.259 30.216 585.631 30.216 585.631 67.217 568.259 67.217
568.445 29.899 585.821 29.899 585.821 66.848 568.445 66.848
568.465 31.161 585.899 31.161 585.899 68.123 568.465 68.123
568.546 30.107 585.994 30.107 585.994 67.036 568.546 67.036
567.703 31.036 585.377 31.036 585.377 67.676 567.703 67.676
567.475 31.759 585.110 31.759 585.110 68.304 567.475 68.304
567.797 31.352 585.482 31.352 585.482 67.837 567.797 67.837
566.594 30.704 584.206 30.704 584.206 67.300 566.594 67.300
568.277 31.055 586.094 31.055 586.094 67.424 568.277 67.424
566.494 30.895 584.333 30.895 584.333 67.346 566.494 67.346
567.704 31.245 585.648 31.245 585.648 67.727 567.704 67.727
565.782 30.795 583.734 30.795 583.734 67.440 565.782 67.440
567.096 30.017 584.893 30.017 584.893 67.117 567.096 67.117
565.903 31.270 583.602 31.270 583.602 68.467 565.903 68.467
567.117 31.173 584.901 31.173 584.901 68.522 567.117 68.522
565.796 31.104 583.704 31.104 583.704 68.479 565.796 68.479
566.064 30.252 583.911 30.252 583.911 67.764 566.064 67.764
566.133 31.303 583.966 31.303 583.966 68.833 566.133 68.833
566.260 30.658 584.154 30.658 584.154 68.260 566.260 68.260
566.049 30.781 584.037 30.781 584.037 68.354 566.049 68.354
566.038 30.809 583.995 30.809 583.995 68.312 566.038 68.312
565.420 30.787 583.329 30.787 583.329 68.286 565.420 68.286
565.755 30.496 583.510 30.496 583.510 68.275 565.755 68.275
565.766 30.828 583.423 30.828 583.423 68.869 565.766 68.869
564.901 31.428 582.560 31.428 582.560 69.288 564.901 69.288
564.852 31.755 582.644 31.755 582.644 69.393 564.852 69.393
563.727 31.589 581.599 31.589 581.599 69.138 563.727 69.138
564.660 31.877 582.555 31.877 582.555 69.246 564.660 69.246
562.243 31.465 580.162 31.465 580.162 68.755 562.243 68.755
563.474 31.710 581.286 31.710 581.286 69.256 563.474 69.256
562.829 31.317 580.671 31.317 580.671 68.889 562.829 68.889
561.439 31.604 579.175 31.604 579.175 69.356 561.439 69.356
561.987 31.295 579.746 31.295 579.746 69.234 561.987 69.234
561.098 31.237 578.783 31.237 578.783 69.391 561.098 69.391
560.842 31.280 578.407 31.280 578.407 69.462 560.842 69.462
561.014 31.276 578.612 31.276 578.612 69.465 561.014 69.465
560.919 31.739 578.562 31.739 578.562 69.837 560.919 69.837
560.431 32.589 578.304 32.589 578.304 70.515 560.431 70.515
559.725 32.245 577.559 32.245 577.559 70.021 559.725 70.021
560.251 31.346 578.031 31.346 578.031 69.343 560.251 69.343
559.111 31.541 576.906 31.541 576.906 69.476 559.111 69.476
560.215 32.003 578.012 32.003 578.012 69.803 560.215 69.803
559.264 31.555 577.031 31.555 577.031 69.159 559.264 69.159
559.301 32.260 576.889 32.260 576.889 69.952 559.301 69.952
558.611 31.978 576.130 31.978 576.130 69.722 558.611 69.722
559.274 31.929 576.817 31.929 576.817 69.678 559.274 69.678
558.060 32.299 575.541 32.299 575.541 70.004 558.060 70.004
557.857 32.830 575.277 32.830 575.277 70.668 557.857 70.668
556.690 32.090 574.237 32.090 574.237 69.644 556.690 69.644
556.771 32.448 574.373 32.448 574.373 70.032 556.771 70.032
556.986 33.084 574.581 33.084 574.581 70.737 556.986 70.737
555.859 32.322 573.472 32.322 573.472 69.985 555.859 69.985
555.523 32.836 573.141 32.836 573.141 70.497 555.523 70.497
555.821 31.971 573.401 31.971 573.401 69.806 555.821 69.806
554.809 32.411 572.442 32.411 572.442 70.346 554.809 70.346
554.861 32.756 572.476 32.756 572.476 70.884 554.861 70.884
554.703 33.357 572.347 33.357 572.347 71.505 554.703 71.505
553.924 32.589 571.634 32.589 571.634 70.883 553.924 70.883
552.994 33.115 570.733 33.115 570.733 71.478 552.994 71.478
553.479 33.230 571.270 33.230 571.270 71.662 553.479 71.662
554.088 33.740 571.887 33.740 571.887 72.205 554.088 72.205
553.123 33.017 570.959 33.017 570.959 71.412 553.123 71.412
552.681 33.499 570.659 33.499 570.659 71.594 552.681 71.594
552.024 33.158 569.833 33.158 569.833 71.256 552.024 71.256
552.544 32.857 570.342 32.857 570.342 70.745 552.544 70.745
551.856 33.674 569.579 33.674 569.579 71.612 551.856 71.612
552.471 33.303 570.125 33.303 570.125 71.309 552.471 71.309
550.289 33.063 567.804 33.063 567.804 71.290 550.289 71.290
551.152 34.616 568.045 34.616 568.045 73.214 551.152 73.214
550.236 34.008 566.560 34.008 566.560 72.878 550.236 72.878
550.167 34.647 566.106 34.647 566.106 73.768 550.167 73.768
549.147 34.054 564.890 34.054 564.890 73.265 549.147 73.265
548.984 33.445 564.518 33.445 564.518 72.874 548.984 72.874
548.260 33.467 563.728 33.467 563.728 72.638 548.260 72.638
547.439 33.857 562.755 33.857 562.755 72.942 547.439 72.942
547.211 33.956 562.544 33.956 562.544 72.780 547.211 72.780
546.610 33.541 561.949 33.541 561.949 72.332 546.610 72.332
545.771 33.129 561.133 33.129 561.133 71.785 545.771 71.785
544.627 33.126 560.072 33.126 560.072 71.760 544.627 71.760
544.345 33.447 559.853 33.447 559.853 72.196 544.345 72.196
543.242 33.969 558.821 33.969 558.821 72.688 543.242 72.688
544.086 32.200 559.543 32.200 559.543 71.128 544.086 71.128
543.724 32.779 559.107 32.779 559.107 71.904 543.724 71.904
543.621 32.639 558.798 32.639 558.798 72.067 543.621 72.067
543.691 32.511 558.857 32.511 558.857 71.888 543.691 71.888
542.580 32.558 557.664 32.558 557.664 72.086 542.580 72.086
542.598 33.698 557.626 33.698 557.626 73.220 542.598 73.220
542.481 33.991 557.476 33.991 557.476 73.609 542.481 73.609
541.789 33.908 556.912 33.908 556.912 73.628 541.789 73.628
541.852 34.433 556.990 34.433 556.990 74.198 541.852 74.198
540.989 34.416 556.230 34.416 556.230 74.055 540.989 74.055
539.763 33.911 555.085 33.911 555.085 73.483 539.763 73.483
539.732 33.687 555.132 33.687 555.132 73.014 539.732 73.014
539.648 35.356 555.173 35.356 555.173 74.442 539.648 74.442
538.195 33.727 554.062 33.727 554.062 72.332 538.195 72.332
537.864 35.491 553.922 35.491 553.922 73.875 537.864 73.875
537.145 34.717 553.301 34.717 553.301 72.786 537.145 72.786
536.740 35.528 553.012 35.528 553.012 73.281 536.740 73.281
536.822 36.249 552.922 36.249 552.922 73.900 536.822 73.900
536.151 37.276 552.194 37.276 552.194 74.811 536.151 74.811
535.954 36.825 551.924 36.825 551.924 74.230 535.954 74.230
535.376 36.107 551.207 36.107 551.207 73.467 535.376 73.467
534.020 35.773 549.740 35.773 549.740 72.884 534.020 72.884
533.709 37.049 549.417 37.049 549.417 73.896 533.709 73.896
533.713 36.605 549.372 36.605 549.372 73.081 533.713 73.081
533.339 37.310 548.837 37.310 548.837 73.640 533.339 73.640
533.429 37.680 548.626 37.680 548.626 74.323 533.429 74.323
533.475 38.200 548.467 38.200 548.467 74.908 533.475 74.908
532.908 38.224 547.724 38.224 547.724 74.956 532.908 74.956
532.025 38.381 546.676 38.381 546.676 75.007 532.025 75.007
532.023 37.969 546.602 37.969 546.602 74.594 532.023 74.594
531.870 38.082 546.408 38.082 546.408 74.747 531.870 74.747
531.817 38.061 546.532 38.061 546.532 74.481 531.817 74.481
531.037 38.018 545.774 38.018 545.774 74.436 531.037 74.436
530.382 37.858 545.224 37.858 545.224 74.281 530.382 74.281
530.163 36.997 545.037 36.997 545.037 73.465 530.163 73.465
530.437 37.811 545.254 37.811 545.254 74.326 530.437 74.326
530.296 37.675 545.199 37.675 545.199 74.253 530.296 74.253
529.932 39.581 544.911 39.581 544.911 76.299 529.932 76.299
529.714 39.572 544.756 39.572 544.756 76.355 529.714 76.355
529.392 38.796 544.394 38.796 544.394 75.853 529.392 75.853
527.844 38.207 542.894 38.207 542.894 75.149 527.844 75.149
527.637 38.430 542.621 38.430 542.621 75.290 527.637 75.290
527.454 38.629 542.296 38.629 542.296 75.501 527.454 75.501
527.333 38.777 542.129 38.777 542.129 75.540 527.333 75.540
527.211 38.681 541.985 38.681 541.985 75.397 527.211 75.397
526.841 39.028 541.525 39.028 541.525 75.969 526.841 75.969
526.539 38.985 541.259 38.985 541.259 75.587 526.539 75.587
526.218 39.595 540.752 39.595 540.752 76.438 526.218 76.438
525.504 38.997 539.987 38.997 539.987 75.787 525.504 75.787
524.873 38.904 539.354 38.904 539.354 75.643 524.873 75.643
524.137 38.888 538.717 38.888 538.717 75.469 524.137 75.469
523.776 39.966 538.312 39.966 538.312 76.498 523.776 76.498
522.976 38.831 537.527 38.831 537.527 75.122 522.976 75.122
522.442 39.327 537.136 39.327 537.136 75.610 522.442 75.610
521.827 38.710 536.539 38.710 536.539 75.142 521.827 75.142
521.063 39.596 535.905 39.596 535.905 75.853 521.063 75.853
521.353 39.629 536.326 39.629 536.326 75.899 521.353 75.899
520.851 40.165 535.961 40.165 535.961 76.343 520.851 76.343
520.311 39.646 535.481 39.646 535.481 75.805 520.311 75.805
519.860 40.966 535.107 40.966 535.107 77.088 519.860 77.088
519.530 40.122 534.808 40.122 534.808 76.326 519.530 76.326
519.636 40.491 534.891 40.491 534.891 76.854 519.636 76.854
518.902 38.784 534.165 38.784 534.165 75.113 518.902 75.113
518.765 39.312 533.852 39.312 533.852 75.646 518.765 75.646
518.486 40.440 533.400 40.440 533.400 76.829 518.486 76.829
518.508 40.878 533.359 40.878 533.359 77.239 518.508 77.239
517.905 40.103 532.638 40.103 532.638 76.331 517.905 76.331
517.719 40.907 532.276 40.907 532.276 77.304 517.719 77.304
517.060 40.956 531.597 40.956 531.597 77.280 517.060 77.280
516.691 40.847 531.218 40.847 531.218 77.107 516.691 77.107
516.203 41.117 530.608 41.117 530.608 77.538 516.203 77.538
516.334 40.944 530.787 40.944 530.787 77.272 516.334 77.272
515.810 41.268 530.262 41.268 530.262 77.622 515.810 77.622
515.253 40.149 529.668 40.149 529.668 76.590 515.253 76.590
515.275 40.670 529.761 40.670 529.761 77.046 515.275 77.046
513.930 39.914 528.493 39.914 528.493 76.175 513.930 76.175
513.985 40.821 528.699 40.821 528.699 77.107 513.985 77.107
513.346 40.713 528.124 40.713 528.124 76.860 513.346 76.860
513.170 40.465 527.908 40.465 527.908 76.512 513.170 76.512
512.449 40.928 527.211 40.928 527.211 76.862 512.449 76.862
512.290 41.434 527.186 41.434 527.186 77.285 512.290 77.285
511.439 41.999 526.483 41.999 526.483 77.684 511.439 77.684
511.852 40.492 526.804 40.492 526.804 76.371 511.852 76.371
511.595 40.016 526.493 40.016 526.493 75.842 511.595 75.842
511.398 40.794 526.226 40.794 526.226 76.708 511.398 76.708
510.921 41.079 525.649 41.079 525.649 76.965 510.921 76.965
511.047 41.576 525.751 41.576 525.751 77.333 511.047 77.333
510.698 41.607 525.216 41.607 525.216 77.536 510.698 77.536
510.099 42.226 524.527 42.226 524.527 78.240 510.099 78.240
509.884 41.866 524.203 41.866 524.203 77.840 509.884 77.840
509.973 42.485 524.200 42.485 524.200 78.598 509.973 78.598
509.154 42.459 523.378 42.459 523.378 78.666 509.154 78.666
509.022 42.177 523.334 42.177 523.334 78.304 509.022 78.304
508.904 42.492 523.325 42.492 523.325 78.534 508.904 78.534
508.401 42.336 523.102 42.336 523.102 78.075 508.401 78.075
508.545 42.027 523.269 42.027 523.269 77.887 508.545 77.887
507.913 42.128 522.669 42.128 522.669 78.189 507.913 78.189
507.961 42.732 522.798 42.732 522.798 78.778 507.961 78.778
508.045 42.753 522.909 42.753 522.909 79.007 508.045 79.007
507.535 42.516 522.454 42.516 522.454 78.755 507.535 78.755
507.139 42.950 522.135 42.950 522.135 79.316 507.139 79.316
507.596 42.445 522.512 42.445 522.512 79.089 507.596 79.089
507.363 42.192 522.220 42.192 522.220 79.189 507.363 79.189
507.059 42.318 521.908 42.318 521.908 79.417 507.059 79.417
506.837 42.706 521.645 42.706 521.645 79.933 506.837 79.933
507.132 43.076 521.968 43.076 521.968 80.302 507.132 80.302
506.886 42.317 521.778 42.317 521.778 79.495 506.886 79.495
506.521 42.185 521.328 42.185 521.328 79.444 506.521 79.444
505.523 42.483 520.340 42.483 520.340 79.656 505.523 79.656
505.470 43.509 520.310 43.509 520.310 80.614 505.470 80.614
505.256 43.884 520.149 43.884 520.149 81.048 505.256 81.048
505.282 43.353 520.222 43.353 520.222 80.461 505.282 80.461
504.786 43.921 519.773 43.921 519.773 81.039 504.786 81.039
504.072 43.946 519.169 43.946 519.169 81.138 504.072 81.138
504.108 42.779 519.240 42.779 519.240 80.094 504.108 80.094
503.761 42.535 518.891 42.535 518.891 79.929 503.761 79.929
503.131 42.538 518.384 42.538 518.384 79.823 503.131 79.823
502.391 42.287 517.665 42.287 517.665 79.635 502.391 79.635
502.383 43.094 517.581 43.094 517.581 80.603 502.383 80.603
502.406 42.293 517.676 42.293 517.676 79.572 502.406 79.572
502.052 42.646 517.348 42.646 517.348 79.967 502.052 79.967
501.356 43.782 516.715 43.782 516.715 81.108 501.356 81.108
501.319 44.005 516.624 44.005 516.624 81.504 501.319 81.504
500.894 42.005 516.238 42.005 516.238 79.469 500.894 79.469
500.730 42.082 516.016 42.082 516.016 79.565 500.730 79.565
500.967 42.993 516.025 42.993 516.025 80.736 500.967 80.736
500.183 42.579 515.150 42.579 515.150 80.475 500.183 80.475
499.551 42.357 514.597 42.357 514.597 80.160 499.551 80.160
499.721 43.654 514.667 43.654 514.667 81.522 499.721 81.522
499.563 43.810 514.630 43.810 514.630 81.547 499.563 81.547
499.022 44.978 514.090 44.978 514.090 82.786 499.022 82.786
498.405 44.679 513.461 44.679 513.461 82.343 498.405 82.343
498.286 45.115 513.146 45.115 513.146 82.845 498.286 82.845
498.006 44.840 512.916 44.840 512.916 82.849 498.006 82.849
497.262 43.772 512.189 43.772 512.189 81.921 497.262 81.921
497.148 43.751 512.089 43.751 512.089 81.961 497.148 81.961
496.296 43.207 511.300 43.207 511.300 81.365 496.296 81.365
495.232 43.313 510.289 43.313 510.289 81.504 495.232 81.504
494.767 43.161 509.971 43.161 509.971 81.164 494.767 81.164
494.234 41.797 509.546 41.797 509.546 79.740 494.234 79.740
494.551 43.643 510.006 43.643 510.006 81.382 494.551 81.382
493.824 43.791 509.185 43.791 509.185 81.596 493.824 81.596
493.926 45.214 509.243 45.214 509.243 83.074 493.926 83.074
493.313 43.117 508.581 43.117 508.581 81.175 493.313 81.175
493.219 44.008 508.513 44.008 508.513 82.093 493.219 82.093
492.885 43.819 508.174 43.819 508.174 82.120 492.885 82.120
492.936 44.307 508.260 44.307 508.260 82.740 492.936 82.740
492.002 43.522 507.252 43.522 507.252 81.977 492.002 81.977
491.896 44.201 507.238 44.201 507.238 82.484 491.896 82.484
491.864 45.179 507.346 45.179 507.346 83.328 491.864 83.328
491.433 44.930 506.943 44.930 506.943 83.189 491.433 83.189
491.198 45.455 506.707 45.455 506.707 83.652 491.198 83.652
490.921 45.564 506.479 45.564 506.479 83.799 490.921 83.799
490.380 46.399 505.939 46.399 505.939 84.773 490.380 84.773
490.446 45.836 506.078 45.836 506.078 84.398 490.446 84.398
489.509 44.852 505.166 44.852 505.166 83.560 489.509 83.560
489.307 45.151 504.973 45.151 504.973 83.912 489.307 83.912
489.344 43.622 505.016 43.622 505.016 82.243 489.344 82.243
488.642 44.853 504.445 44.853 504.445 83.553 488.642 83.553
488.328 44.374 504.185 44.374 504.185 83.109 488.328 83.109
488.685 44.182 504.456 44.182 504.456 83.175 488.685 83.175
488.190 43.473 503.861 43.473 503.861 82.660 488.190 82.660
487.928 44.793 503.653 44.793 503.653 83.989 487.928 83.989
487.609 44.131 503.208 44.131 503.208 83.736 487.609 83.736
487.506 44.673 503.023 44.673 503.023 84.352 487.506 84.352
487.160 44.067 502.551 44.067 502.551 83.982 487.160 83.982
487.365 45.178 502.959 45.178 502.959 84.953 487.365 84.953
486.713 43.915 502.276 43.915 502.276 83.886 486.713 83.886
486.532 44.290 502.183 44.290 502.183 84.193 486.532 84.193
486.526 44.263 502.125 44.263 502.125 84.079 486.526 84.079
486.465 44.423 502.064 44.423 502.064 84.283 486.465 84.283
486.220 45.685 501.704 45.685 501.704 85.736 486.220 85.736
486.206 46.385 501.639 46.385 501.639 86.590 486.206 86.590
485.874 46.068 501.388 46.068 501.388 86.064 485.874 86.064
485.474 45.970 501.073 45.970 501.073 86.000 485.474 86.000
485.408 46.171 501.003 46.171 501.003 86.349 485.408 86.349
484.954 45.548 500.678 45.548 500.678 85.610 484.954 85.610
484.399 45.836 500.117 45.836 500.117 86.178 484.399 86.178
484.063 44.517 499.707 44.517 499.707 84.930 484.063 84.930
483.588 45.327 499.280 45.327 499.280 85.672 483.588 85.672
482.980 44.962 498.744 44.962 498.744 85.115 482.980 85.115
483.004 46.497 498.535 46.497 498.535 86.998 483.004 86.998
482.774 45.450 498.344 45.450 498.344 85.960 482.774 85.960
483.097 45.896 498.533 45.896 498.533 86.780 483.097 86.780
482.791 45.369 498.299 45.369 498.299 86.166 482.791 86.166
482.135 45.883 497.707 45.883 497.707 86.578 482.135 86.578
482.269 45.638 497.843 45.638 497.843 86.222 482.269 86.222
482.182 45.195 497.592 45.195 497.592 85.899 482.182 85.899
481.159 45.149 496.546 45.149 496.546 85.898 481.159 85.898
481.240 45.293 496.641 45.293 496.641 85.947 481.240 85.947
481.152 44.876 496.656 44.876 496.656 85.310 481.152 85.310
480.517 46.084 496.152 46.084 496.152 86.480 480.517 86.480
480.081 46.710 495.608 46.710 495.608 87.425 480.081 87.425
480.088 47.304 495.576 47.304 495.576 88.118 480.088 88.118
479.946 48.455 495.511 48.455 495.511 89.189 479.946 89.189
479.487 48.447 495.149 48.447 495.149 89.028 479.487 89.028
478.314 48.564 494.126 48.564 494.126 89.033 478.314 89.033
477.781 48.206 493.675 48.206 493.675 88.679 477.781 88.679
477.417 46.779 493.246 46.779 493.246 87.329 477.417 87.329
476.749 45.927 492.615 45.927 492.615 86.430 476.749 86.430
476.879 47.123 492.699 47.123 492.699 87.549 476.879 87.549
477.110 46.841 492.891 46.841 492.891 87.212 477.110 87.212
476.375 46.018 492.001 46.018 492.001 86.508 476.375 86.508
476.114 46.512 491.647 46.512 491.647 87.291 476.114 87.291
476.491 48.535 491.810 48.535 491.810 89.565 476.491 89.565
475.420 46.089 490.689 46.089 490.689 87.169 475.420 87.169
474.976 48.372 490.338 48.372 490.338 89.531 474.976 89.531
475.565 47.217 490.977 47.217 490.977 88.398 475.565 88.398
475.493 46.536 490.904 46.536 490.904 87.718 475.493 87.718
475.691 47.182 491.185 47.182 491.185 88.208 475.691 88.208
474.952 47.598 490.422 47.598 490.422 88.676 474.952 88.676
474.941 47.460 490.386 47.460 490.386 88.560 474.941 88.560
474.697 47.793 490.146 47.793 490.146 88.822 474.697 88.822
474.399 47.670 489.867 47.670 489.867 88.801 474.399 88.801
474.514 48.454 489.978 48.454 489.978 89.647 474.514 89.647
474.278 48.868 489.881 48.868 489.881 90.034 474.278 90.034
474.196 48.839 489.879 48.839 489.879 90.072 474.196 90.072
473.861 48.686 489.533 48.686 489.533 90.046 473.861 90.046
473.938 48.269 489.611 48.269 489.611 89.602 473.938 89.602
472.976 47.908 488.689 47.908 488.689 89.091 472.976 89.091
473.084 48.205 488.900 48.205 488.900 89.404 473.084 89.404
473.156 49.005 488.910 49.005 488.910 90.502 473.156 90.502
472.867 48.497 488.653 48.497 488.653 89.996 472.867 89.996
473.635 49.404 489.371 49.404 489.371 91.080 473.635 91.080
473.009 48.803 488.708 48.803 488.708 90.592 473.009 90.592
472.809 49.870 488.511 49.870 488.511 91.723 472.809 91.723
473.499 49.612 489.111 49.612 489.111 91.639 473.499 91.639
473.347 50.137 488.912 50.137 488.912 92.146 473.347 92.146
473.169 50.030 488.763 50.030 488.763 92.130 473.169 92.130
473.410 49.478 488.992 49.478 488.992 91.608 473.410 91.608
473.709 50.177 489.157 50.177 489.157 92.483 473.709 92.483
473.498 50.949 488.918 50.949 488.918 93.333 473.498 93.333
473.468 50.405 488.928 50.405 488.928 92.747 473.468 92.747
473.098 50.767 488.587 50.767 488.587 93.259 473.098 93.259
472.711 51.250 488.269 51.250 488.269 93.685 472.711 93.685
472.257 51.488 487.907 51.488 487.907 93.967 472.257 93.967
471.989 52.057 487.745 52.057 487.745 94.648 471.989 94.648
472.713 53.072 488.545 53.072 488.545 95.606 472.713 95.606
472.733 54.061 488.637 54.061 488.637 96.762 472.733 96.762
472.444 54.920 488.464 54.920 488.464 97.420 472.444 97.420
472.819 56.050 488.920 56.050 488.920 98.704 472.819 98.704
472.489 56.978 488.622 56.978 488.622 99.515 472.489 99.515
470.881 57.052 487.125 57.052 487.125 99.436 470.881 99.436
470.687 57.321 487.057 57.321 487.057 99.724 470.687 99.724
469.295 56.870 485.863 56.870 485.863 99.364 469.295 99.364
468.830 56.993 485.316 56.993 485.316 99.902 468.830 99.902
468.330 56.630 484.823 56.630 484.823 99.597 468.330 99.597
468.227 54.656 484.733 54.656 484.733 97.757 468.227 97.757
469.116 53.486 485.468 53.486 485.468 96.685 469.116 96.685
469.125 51.965 485.214 51.965 485.214 95.503 469.125 95.503
468.535 52.029 484.518 52.029 484.518 95.830 468.535 95.830
468.409 51.889 484.375 51.889 484.375 95.831 468.409 95.831
467.923 51.918 483.829 51.918 483.829 95.997 467.923 95.997
468.079 51.803 483.790 51.803 483.790 95.919 468.079 95.919
467.861 52.368 483.568 52.368 483.568 96.394 467.861 96.394
467.583 52.877 483.325 52.877 483.325 96.810 467.583 96.810
467.390 51.962 483.005 51.962 483.005 95.663 467.390 95.663
467.157 53.259 482.780 53.259 482.780 96.640 467.157 96.640
466.842 52.815 482.429 52.815 482.429 95.885 466.842 95.885
467.018 53.496 482.629 53.496 482.629 96.303 467.018 96.303
466.663 53.572 482.247 53.572 482.247 96.432 466.663 96.432
466.039 53.325 481.566 53.325 481.566 96.297 466.039 96.297
466.008 54.359 481.507 54.359 481.507 97.201 466.008 97.201
465.364 53.060 480.855 53.060 480.855 96.008 465.364 96.008
464.225 53.229 479.829 53.229 479.829 96.246 464.225 96.246
464.623 52.380 480.262 52.380 480.262 95.453 464.623 95.453
464.403 52.959 480.067 52.959 480.067 96.318 464.403 96.318
464.207 52.931 479.936 52.931 479.936 96.514 464.207 96.514
463.654 52.755 479.462 52.755 479.462 96.463 463.654 96.463
464.098 53.693 479.932 53.693 479.932 97.533 464.098 97.533
463.899 52.573 479.782 52.573 479.782 96.384 463.899 96.384
463.527 52.964 479.386 52.964 479.386 96.756 463.527 96.756
463.189 53.620 479.072 53.620 479.072 97.522 463.189 97.522
463.060 52.463 479.080 52.463 479.080 96.213 463.060 96.213
463.031 53.946 479.039 53.946 479.039 97.823 463.031 97.823
462.659 52.702 478.696 52.702 478.696 96.554 462.659 96.554
461.471 54.079 477.559 54.079 477.559 98.041 461.471 98.041
461.646 54.733 477.633 54.733 477.633 98.795 461.646 98.795
461.361 54.125 477.301 54.125 477.301 98.335 461.361 98.335
460.871 54.308 476.788 54.308 476.788 98.616 460.871 98.616
460.879 54.751 476.835 54.751 476.835 98.983 460.879 98.983
460.559 55.674 476.519 55.674 476.519 99.883 460.559 99.883
459.468 54.879 475.480 54.879 475.480 98.961 459.468 98.961
459.065 55.101 475.064 55.101 475.064 98.910 459.065 98.910
459.538 54.412 475.495 54.412 475.495 98.097 459.538 98.097
458.369 54.735 474.335 54.735 474.335 98.501 458.369 98.501
458.812 54.263 474.712 54.263 474.712 98.032 458.812 98.032
457.616 55.064 473.502 55.064 473.502 98.936 457.616 98.936
457.156 54.969 473.137 54.969 473.137 98.704 457.156 98.704
457.758 54.568 473.792 54.568 473.792 98.293 457.758 98.293
457.016 56.290 473.134 56.290 473.134 99.974 457.016 99.974
456.522 55.711 472.678 55.711 472.678 99.238 456.522 99.238
455.701 56.940 471.856 56.940 471.856 100.523 455.701 100.523
455.958 55.554 472.090 55.554 472.090 98.896 455.958 98.896
455.509 56.466 471.611 56.466 471.611 99.938 455.509 99.938
454.691 55.780 470.739 55.780 470.739 99.330 454.691 99.330
454.088 56.049 470.128 56.049 470.128 99.578 454.088 99.578
454.143 55.671 470.223 55.671 470.223 99.254 454.143 99.254
453.683 56.870 469.679 56.870 469.679 100.409 453.683 100.409
452.920 57.769 468.809 57.769 468.809 101.195 452.920 101.195
452.567 57.359 468.560 57.359 468.560 100.454 452.567 100.454
452.444 57.628 468.368 57.628 468.368 100.508 452.444 100.508
451.873 57.440 467.800 57.440 467.800 100.511 451.873 100.511
450.338 57.939 466.375 57.939 466.375 101.086 450.338 101.086
449.973 57.502 466.071 57.502 466.071 100.769 449.973 100.769
450.224 57.192 466.289 57.192 466.289 100.599 450.224 100.599
449.111 56.347 465.269 56.347 465.269 99.814 449.111 99.814
449.262 56.248 465.470 56.248 465.470 99.761 449.262 99.761
449.296 57.263 465.633 57.263 465.633 100.848 449.296 100.848
448.610 57.050 464.981 57.050 464.981 100.628 448.610 100.628
447.924 56.677 464.337 56.677 464.337 100.072 447.924 100.072
447.878 57.581 464.375 57.581 464.375 101.028 447.878 101.028
447.686 57.673 464.272 57.673 464.272 101.080 447.686 101.080
447.247 58.015 463.878 58.015 463.878 101.540 447.247 101.540
446.591 57.732 463.241 57.732 463.241 101.233 446.591 101.233
446.361 57.436 463.069 57.436 463.069 100.751 446.361 100.751
445.856 56.869 462.672 56.869 462.672 99.991 445.856 99.991
445.006 57.307 461.820 57.307 461.820 100.449 445.006 100.449
445.089 58.121 461.866 58.121 461.866 101.214 445.089 101.214
444.177 58.835 461.119 58.835 461.119 101.497 444.177 101.497
443.696 59.273 460.717 59.273 460.717 101.530 443.696 101.530
444.131 59.065 460.987 59.065 460.987 101.325 444.131 101.325
443.857 58.980 460.652 58.980 460.652 101.244 443.857 101.244
443.236 59.424 459.955 59.424 459.955 101.769 443.236 101.769
442.438 59.612 459.159 59.612 459.159 101.885 442.438 101.885
442.505 59.690 459.256 59.690 459.256 101.748 442.505 101.748
441.337 60.128 458.171 60.128 458.171 101.952 441.337 101.952
440.930 59.493 457.768 59.493 457.768 100.995 440.930 100.995
440.472 60.100 457.297 60.100 457.297 101.406 440.472 101.406
440.359 60.588 457.025 60.588 457.025 101.765 440.359 101.765
440.055 59.784 456.750 59.784 456.750 100.506 440.055 100.506
439.488 60.376 456.171 60.376 456.171 101.006 439.488 101.006
438.844 60.742 455.412 60.742 455.412 101.364 438.844 101.364
439.169 61.148 455.647 61.148 455.647 101.834 439.169 101.834
438.404 60.373 454.788 60.373 454.788 100.982 438.404 100.982
438.361 60.528 454.708 60.528 454.708 101.045 438.361 101.045
435.679 61.151 452.148 61.151 452.148 101.374 435.679 101.374
433.134 62.293 449.423 62.293 449.423 102.863 433.134 102.863
432.070 61.531 448.327 61.531 448.327 102.051 432.070 102.051
431.511 60.760 447.679 60.760 447.679 101.350 431.511 101.350
430.612 60.803 446.769 60.803 446.769 101.338 430.612 101.338
430.038 61.022 446.108 61.022 446.108 101.693 430.038 101.693
414.363 57.999 430.420 57.999 430.420 98.885 414.363 98.885
413.912 58.982 430.081 58.982 430.081 99.914 413.912 99.914
413.564 58.376 429.787 58.376 429.787 99.378 413.564 99.378
413.557 59.061 429.842 59.061 429.842 100.073 413.557 100.073
413.170 58.741 429.419 58.741 429.419 99.967 413.170 99.967
412.936 59.950 429.195 59.950 429.195 101.217 412.936 101.217
412.162 59.852 428.589 59.852 428.589 100.880 412.162 100.880
412.404 59.773 428.814 59.773 428.814 100.936 412.404 100.936
411.849 60.907 428.323 60.907 428.323 102.121 411.849 102.121
411.256 60.920 427.749 60.920 427.749 102.341 411.256 102.341
408.869 59.008 425.309 59.008 425.309 100.382 408.869 100.382
409.355 58.631 425.984 58.631 425.984 99.506 409.355 99.506
409.317 60.119 425.945 60.119 425.945 100.934 409.317 100.934
406.997 58.746 423.483 58.746 423.483 99.610 406.997 99.610
407.865 59.266 424.291 59.266 424.291 100.443 407.865 100.443
407.683 58.866 424.131 58.866 424.131 100.286 407.683 100.286
407.429 59.089 424.032 59.089 424.032 100.451 407.429 100.451
407.627 59.634 424.298 59.634 424.298 101.133 407.627 101.133
407.562 58.225 424.295 58.225 424.295 99.825 407.562 99.825
407.677 58.860 424.461 58.860 424.461 100.498 407.677 100.498
407.641 58.172 424.381 58.172 424.381 100.084 407.641 100.084
407.381 59.390 424.217 59.390 424.217 101.174 407.381 101.174
407.477 60.077 424.399 60.077 424.399 101.830 407.477 101.830
407.537 60.170 424.547 60.170 424.547 102.078 407.537 102.078
410.681 60.342 427.842 60.342 427.842 102.519 410.681 102.519
410.791 60.736 428.045 60.736 428.045 102.921 410.791 102.921
411.285 60.718 428.559 60.718 428.559 103.213 411.285 103.213
410.876 60.598 428.127 60.598 428.127 103.234 410.876 103.234
407.446 60.419 424.761 60.419 424.761 103.133 407.446 103.133
407.786 59.857 425.100 59.857 425.100 102.603 407.786 102.603
408.065 61.256 425.343 61.256 425.343 104.044 408.065 104.044
405.536 60.036 422.789 60.036 422.789 102.866 405.536 102.866
406.235 61.839 423.470 61.839 423.470 104.673 406.235 104.673
406.398 62.109 423.610 62.109 423.610 105.133 406.398 105.133
406.581 63.654 423.653 63.654 423.653 107.016 406.581 107.016
406.862 65.012 424.087 65.012 424.087 108.217 406.862 108.217
406.003 64.415 423.313 64.415 423.313 107.687 406.003 107.687
405.220 64.624 422.555 64.624 422.555 107.828 405.220 107.828
404.804 63.980 422.116 63.980 422.116 107.142 404.804 107.142
404.758 63.330 422.042 63.330 422.042 106.644 404.758 106.644
404.146 63.570 421.235 63.570 421.235 107.140 404.146 107.140
403.712 63.517 420.635 63.517 420.635 107.437 403.712 107.437
403.781 65.537 420.764 65.537 420.764 109.318 403.781 109.318
401.281 62.695 418.282 62.695 418.282 106.442 401.281 106.442
401.874 63.184 418.760 63.184 418.760 107.138 401.874 107.138
401.754 64.423 418.615 64.423 418.615 108.356 401.754 108.356
401.746 64.467 418.669 64.467 418.669 108.480 401.746 108.480
400.655 64.744 417.671 64.744 417.671 108.631 400.655 108.631
400.138 63.893 417.150 63.893 417.150 107.907 400.138 107.907
400.256 64.520 417.231 64.520 417.231 108.866 400.256 108.866
398.111 65.618 415.013 65.618 415.013 110.225 398.111 110.225
398.687 65.262 415.560 65.262 415.560 110.199 398.687 110.199
398.679 65.237 415.558 65.237 415.558 110.387 398.679 110.387
398.271 65.261 415.093 65.261 415.093 110.749 398.271 110.749
397.485 65.115 414.376 65.115 414.376 110.799 397.485 110.799
396.171 64.466 413.053 64.466 413.053 110.163 396.171 110.163
395.163 64.486 412.160 64.486 412.160 110.096 395.163 110.096
394.000 64.637 411.135 64.637 411.135 110.321 394.000 110.321
393.998 64.019 411.132 64.019 411.132 109.831 393.998 109.831
393.110 63.554 410.276 63.554 410.276 109.505 393.110 109.505
392.507 63.073 409.841 63.073 409.841 109.074 392.507 109.074
392.232 63.639 409.716 63.639 409.716 109.489 392.232 109.489
391.626 62.795 409.026 62.795 409.026 108.750 391.626 108.750
391.264 62.173 408.762 62.173 408.762 108.187 391.264 108.187
390.729 61.803 408.426 61.803 408.426 107.732 390.729 107.732
390.029 62.509 407.740 62.509 407.740 108.559 390.029 108.559
389.273 63.295 407.016 63.295 407.016 109.822 389.273 109.822
388.476 64.645 406.267 64.645 406.267 111.441 388.476 111.441
387.741 65.074 405.651 65.074 405.651 111.906 387.741 111.906
387.123 64.478 405.054 64.478 405.054 111.490 387.123 111.490
386.875 64.372 404.890 64.372 404.890 111.608 386.875 111.608
390.051 64.166 407.947 64.166 407.947 111.406 390.051 111.406
389.795 63.798 407.600 63.798 407.600 110.755 389.795 110.755
389.486 63.797 407.233 63.797 407.233 110.631 389.486 110.631
390.247 63.848 407.990 63.848 407.990 110.316 390.247 110.316
390.258 63.607 407.988 63.607 407.988 109.816 390.258 109.816
390.069 64.517 407.729 64.517 407.729 110.368 390.069 110.368
373.770 66.615 391.467 66.615 391.467 112.478 373.770 112.478
373.173 66.373 391.112 66.373 391.112 112.154 373.173 112.154
372.503 66.701 390.594 66.701 390.594 112.651 372.503 112.651
371.463 68.663 389.589 68.663 389.589 114.480 371.463 114.480
370.088 69.005 388.399 69.005 388.399 114.772 370.088 114.772
369.140 68.304 387.588 68.304 387.588 114.235 369.140 114.235
368.967 69.033 387.435 69.033 387.435 115.082 368.967 115.082
368.471 68.863 386.936 68.863 386.936 115.020 368.471 115.020
367.855 68.686 386.394 68.686 386.394 114.889 367.855 114.889
364.794 68.415 383.623 68.415 383.623 114.167 364.794 114.167
364.049 69.093 383.160 69.093 383.160 114.358 364.049 114.358
363.395 68.634 382.372 68.634 382.372 114.149 363.395 114.149
360.362 66.329 379.161 66.329 379.161 111.507 360.362 111.507
343.588 68.987 362.448 68.987 362.448 113.828 343.588 113.828
343.383 67.316 362.221 67.316 362.221 111.646 343.383 111.646
343.084 69.748 361.754 69.748 361.754 114.013 343.084 114.013
342.907 68.959 361.495 68.959 361.495 113.077 342.907 113.077
342.973 67.501 361.533 67.501 361.533 111.421 342.973 111.421
342.392 68.574 360.955 68.574 360.955 112.207 342.392 112.207
341.692 69.642 360.189 69.642 360.189 113.062 341.692 113.062
341.677 69.104 360.144 69.104 360.144 112.204 341.677 112.204
341.758 69.593 360.287 69.593 360.287 112.690 341.758 112.690
341.232 68.696 359.897 68.696 359.897 111.675 341.232 111.675
340.923 68.135 359.618 68.135 359.618 111.215 340.923 111.215
340.412 68.208 359.072 68.208 359.072 111.468 340.412 111.468
340.560 70.161 359.313 70.161 359.313 113.612 340.560 113.612
339.894 70.037 358.589 70.037 358.589 113.767 339.894 113.767
338.638 70.079 357.356 70.079 357.356 113.700 338.638 113.700
337.344 70.533 356.180 70.533 356.180 114.148 337.344 114.148
336.523 70.754 355.429 70.754 355.429 114.545 336.523 114.545
334.232 72.059 352.997 72.059 352.997 115.741 334.232 115.741
334.785 65.880 353.657 65.880 353.657 109.046 334.785 109.046
334.902 68.435 353.649 68.435 353.649 111.242 334.902 111.242
328.057 69.041 346.538 69.041 346.538 112.049 328.057 112.049
327.531 69.032 346.010 69.032 346.010 112.188 327.531 112.188
327.468 70.297 345.815 70.297 345.815 113.881 327.468 113.881
324.065 70.344 342.304 70.344 342.304 114.477 324.065 114.477
320.909 72.121 339.200 72.121 339.200 116.218 320.909 116.218
318.975 73.980 336.924 73.980 336.924 118.472 318.975 118.472
316.865 74.660 334.694 74.660 334.694 119.262 316.865 119.262
315.529 74.977 333.408 74.977 333.408 119.641 315.529 119.641
314.398 75.555 332.285 75.555 332.285 120.186 314.398 120.186
312.793 73.694 330.583 73.694 330.583 118.323 312.793 118.323
310.481 74.527 328.154 74.527 328.154 119.313 310.481 119.313
309.553 73.749 327.263 73.749 327.263 118.754 309.553 118.754
307.540 73.550 325.397 73.550 325.397 118.558 307.540 118.558
305.169 73.382 323.146 73.382 323.146 118.459 305.169 118.459
302.337 75.016 320.364 75.016 320.364 119.967 302.337 119.967
300.915 75.332 318.968 75.332 318.968 120.582 300.915 120.582
298.987 75.046 317.158 75.046 317.158 120.168 298.987 120.168
296.213 75.698 314.286 75.698 314.286 120.875 296.213 120.875
294.211 75.175 312.277 75.175 312.277 120.276 294.211 120.276
292.707 74.367 310.725 74.367 310.725 119.617 292.707 119.617
291.835 73.714 309.795 73.714 309.795 119.120 291.835 119.120
290.434 74.304 308.366 74.304 308.366 119.840 290.434 119.840
288.548 73.779 306.683 73.779 306.683 119.224 288.548 119.224
287.687 75.831 305.819 75.831 305.819 121.847 287.687 121.847
285.923 75.626 304.152 75.626 304.152 122.171 285.923 122.171
284.432 77.236 302.791 77.236 302.791 124.050 284.432 124.050
282.837 75.608 301.353 75.608 301.353 122.723 282.837 122.723
281.198 74.514 299.751 74.514 299.751 122.120 281.198 122.120
279.130 75.345 297.819 75.345 297.819 123.289 279.130 123.289
277.163 73.777 296.006 73.777 296.006 121.703 277.163 121.703
274.697 73.077 293.638 73.077 293.638 120.941 274.697 120.941
272.994 73.159 291.795 73.159 291.795 121.140 272.994 121.140
272.650 73.716 291.453 73.716 291.453 121.858 272.650 121.858
271.392 75.581 290.216 75.581 290.216 123.765 271.392 123.765
269.722 76.801 288.613 76.801 288.613 125.047 269.722 125.047
267.366 77.836 286.528 77.836 286.528 125.906 267.366 125.906
265.985 76.991 285.322 76.991 285.322 125.138 265.985 125.138
263.868 75.772 283.326 75.772 283.326 123.975 263.868 123.975
262.136 74.053 281.673 74.053 281.673 122.211 262.136 122.211
261.139 71.881 280.517 71.881 280.517 120.028 261.139 120.028
260.138 73.218 279.323 73.218 279.323 121.617 260.138 121.617
258.775 72.493 277.831 72.493 277.831 120.984 258.775 120.984
257.537 73.010 276.695 73.010 276.695 121.583 257.537 121.583
255.492 72.608 274.683 72.608 274.683 121.180 255.492 121.180
254.933 74.586 274.266 74.586 274.266 123.351 254.933 123.351
252.438 74.432 271.978 74.432 271.978 123.296 252.438 123.296
251.778 74.092 271.378 74.092 271.378 122.818 251.778 122.818
250.899 72.839 270.518 72.839 270.518 121.695 250.899 121.695
250.520 73.560 270.013 73.560 270.013 122.712 250.520 122.712
247.754 72.506 267.059 72.506 267.059 121.750 247.754 121.750
246.964 72.037 266.326 72.037 266.326 120.947 246.964 120.947
245.670 72.695 264.856 72.695 264.856 121.731 245.670 121.731
244.597 73.705 263.795 73.705 263.795 122.489 244.597 122.489
241.405 74.233 260.747 74.233 260.747 122.707 241.405 122.707
241.349 73.347 260.662 73.347 260.662 121.625 241.349 121.625
241.341 74.407 260.517 74.407 260.517 122.664 241.341 122.664
240.810 74.296 259.931 74.296 259.931 122.485 240.810 122.485
240.365 74.225 259.484 74.225 259.484 122.527 240.365 122.527
239.398 75.795 258.489 75.795 258.489 123.930 239.398 123.930
238.425 74.606 257.381 74.606 257.381 122.915 238.425 122.915
238.046 74.884 256.882 74.884 256.882 123.377 238.046 123.377
237.687 74.374 256.413 74.374 256.413 122.964 237.687 122.964
237.365 75.887 256.086 75.887 256.086 124.169 237.365 124.169
237.267 74.747 255.857 74.747 255.857 123.298 237.267 123.298
237.133 76.447 255.641 76.447 255.641 125.058 237.133 125.058
236.578 75.140 255.073 75.140 255.073 123.872 236.578 123.872
236.829 73.894 255.084 73.894 255.084 122.966 236.829 122.966
237.055 74.770 255.122 74.770 255.122 124.381 237.055 124.381
237.182 74.017 255.256 74.017 255.256 123.955 237.182 123.955
237.153 74.222 255.254 74.222 255.254 124.469 237.153 124.469
237.300 73.811 255.521 73.811 255.521 124.047 237.300 124.047
238.129 72.956 256.419 72.956 256.419 123.170 238.129 123.170
238.521 72.863 256.755 72.863 256.755 123.434 238.521 123.434
238.553 72.549 256.803 72.549 256.803 123.404 238.553 123.404
238.204 75.321 256.698 75.321 256.698 126.181 238.204 126.181
238.475 74.092 256.951 74.092 256.951 125.258 238.475 125.258
238.789 73.555 257.217 73.555 257.217 125.291 238.789 125.291
238.274 75.190 256.813 75.190 256.813 126.808 238.274 126.808
238.174 73.360 256.643 73.360 256.643 125.282 238.174 125.282
238.247 75.830 256.816 75.830 256.816 127.811 238.247 127.811
238.471 74.297 257.116 74.297 257.116 126.351 238.471 126.351
238.618 75.028 257.187 75.028 257.187 127.005 238.618 127.005
239.037 75.021 257.510 75.021 257.510 126.889 239.037 126.889
239.101 76.450 257.722 76.450 257.722 128.169 239.101 128.169
242.797 74.224 261.501 74.224 261.501 126.117 242.797 126.117
242.269 73.986 260.969 73.986 260.969 125.976 242.269 125.976
242.968 75.320 261.731 75.320 261.731 127.185 242.968 127.185
243.897 75.381 262.739 75.381 262.739 127.276 243.897 127.276
244.911 74.947 263.813 74.947 263.813 126.712 244.911 126.712
246.039 73.301 264.891 73.301 264.891 125.475 246.039 125.475
246.429 74.717 265.344 74.717 265.344 127.104 246.429 127.104
247.411 74.923 266.226 74.923 266.226 127.699 247.411 127.699
247.486 74.051 266.454 74.051 266.454 127.037 247.486 127.037
248.034 75.260 267.017 75.260 267.017 128.185 248.034 128.185
248.954 74.447 267.949 74.447 267.949 127.571 248.954 127.571
249.737 73.853 268.835 73.853 268.835 127.338 249.737 127.338
250.397 74.750 269.619 74.750 269.619 128.658 250.397 128.658
251.093 75.362 270.302 75.362 270.302 129.628 251.093 129.628
249.944 76.860 269.134 76.860 269.134 131.041 249.944 131.041
250.402 76.811 269.519 76.811 269.519 131.029 250.402 131.029
251.486 76.645 270.683 76.645 270.683 130.903 251.486 130.903
252.089 75.899 271.206 75.899 271.206 130.097 252.089 130.097
252.244 77.088 271.277 77.088 271.277 131.497 252.244 131.497
253.293 77.081 272.251 77.081 272.251 131.560 253.293 131.560
254.312 76.397 273.124 76.397 273.124 131.157 254.312 131.157
254.684 76.670 273.573 76.670 273.573 131.552 254.684 131.552
255.532 76.264 274.447 76.264 274.447 131.129 255.532 131.129
256.021 77.718 275.035 77.718 275.035 133.037 256.021 133.037
257.274 77.298 276.244 77.298 276.244 133.061 257.274 133.061
257.689 75.908 276.796 75.908 276.796 131.670 257.689 131.670
257.317 76.422 276.596 76.422 276.596 132.251 257.317 132.251
257.854 76.234 277.053 76.234 277.053 132.141 257.854 132.141
258.075 77.187 277.362 77.187 277.362 133.301 258.075 133.301
257.946 77.529 277.329 77.529 277.329 133.526 257.946 133.526
257.657 76.658 277.025 76.658 277.025 132.613 257.657 132.613
258.667 79.117 278.099 79.117 278.099 134.875 258.667 134.875
258.112 78.321 277.637 78.321 277.637 133.832 258.112 133.832
257.907 78.671 277.327 78.671 277.327 134.125 257.907 134.125
258.027 80.445 277.426 80.445 277.426 135.720 258.027 135.720
258.123 81.062 277.501 81.062 277.501 136.116 258.123 136.116
257.268 80.375 276.714 80.375 276.714 135.339 257.268 135.339
257.494 80.654 276.880 80.654 276.880 135.448 257.494 135.448
257.393 81.010 276.735 81.010 276.735 135.660 257.393 135.660
257.769 81.764 277.015 81.764 277.015 136.127 257.769 136.127
257.921 81.244 277.180 81.244 277.180 135.236 257.921 135.236
258.022 81.754 277.229 81.754 277.229 135.670 258.022 135.670
258.265 81.233 277.477 81.233 277.477 134.862 258.265 134.862
258.818 80.614 277.778 80.614 277.778 134.301 258.818 134.301
258.162 81.842 277.163 81.842 277.163 135.438 258.162 135.438
258.124 81.473 276.971 81.473 276.971 135.101 258.124 135.101
258.446 81.673 277.142 81.673 277.142 135.125 258.446 135.125
257.786 82.068 276.405 82.068 276.405 135.356 257.786 135.356
257.081 82.566 275.621 82.566 275.621 135.770 257.081 135.770
257.728 82.972 276.282 82.972 276.282 136.006 257.728 136.006
257.149 82.867 275.702 82.867 275.702 136.052 257.149 136.052
256.044 84.592 274.590 84.592 274.590 137.642 256.044 137.642
256.038 84.502 274.563 84.502 274.563 137.425 256.038 137.425
255.700 84.490 274.273 84.490 274.273 137.255 255.700 137.255
255.224 84.653 273.901 84.653 273.901 137.407 255.224 137.407
253.986 84.712 272.673 84.712 272.673 137.589 253.986 137.589
254.776 84.847 273.455 84.847 273.455 137.793 254.776 137.793
253.734 84.462 272.463 84.462 272.463 137.301 253.734 137.301
253.339 83.577 272.121 83.577 272.121 136.414 253.339 136.414
252.408 84.038 271.196 84.038 271.196 136.874 252.408 136.874
252.174 83.527 270.966 83.527 270.966 136.322 252.174 136.322
252.581 83.668 271.176 83.668 271.176 136.396 252.581 136.396
252.382 84.558 270.862 84.558 270.862 137.567 252.382 137.567
251.870 84.218 270.275 84.218 270.275 137.443 251.870 137.443
251.913 84.337 270.327 84.337 270.327 137.634 251.913 137.634
251.733 84.338 270.104 84.338 270.104 137.769 251.733 137.769
251.259 84.444 269.698 84.444 269.698 137.932 251.259 137.932
251.173 84.529 269.587 84.529 269.587 138.177 251.173 138.177
251.181 84.200 269.513 84.200 269.513 137.876 251.181 137.876
250.239 83.442 268.547 83.442 268.547 137.018 250.239 137.018
249.993 84.079 268.206 84.079 268.206 137.841 249.993 137.841
249.263 84.471 267.396 84.471 267.396 138.176 249.263 138.176
249.395 84.861 267.558 84.861 267.558 138.542 249.395 138.542
248.762 87.422 266.999 87.422 266.999 141.211 248.762 141.211
248.404 86.504 266.684 86.504 266.684 140.253 248.404 140.253
247.399 85.404 265.571 85.404 265.571 139.223 247.399 139.223
246.704 85.807 264.933 85.807 264.933 139.649 246.704 139.649
246.910 86.239 265.203 86.239 265.203 140.285 246.910 140.285
245.938 86.472 264.296 86.472 264.296 140.506 245.938 140.506
245.381 85.989 263.771 85.989 263.771 140.026 245.381 140.026
244.889 85.161 263.362 85.161 263.362 139.310 244.889 139.310
244.407 84.780 262.855 84.780 262.855 138.871 244.407 138.871
243.867 85.522 262.313 85.522 262.313 139.561 243.867 139.561
244.105 85.534 262.672 85.534 262.672 139.486 244.105 139.486
244.190 85.961 262.852 85.961 262.852 139.928 244.190 139.928
243.610 87.032 262.315 87.032 262.315 141.122 243.610 141.122
243.535 87.042 262.167 87.042 262.167 141.183 243.535 141.183
243.309 87.287 261.969 87.287 261.969 141.460 243.309 141.460
242.945 86.071 261.658 86.071 261.658 140.422 242.945 140.422
241.913 85.388 260.691 85.388 260.691 139.833 241.913 139.833
241.617 86.359 260.334 86.359 260.334 141.040 241.617 141.040
241.051 86.310 259.710 86.310 259.710 141.165 241.051 141.165
241.044 85.648 259.661 85.648 259.661 140.689 241.044 140.689
239.943 86.751 258.685 86.751 258.685 141.728 239.943 141.728
239.578 86.764 258.416 86.764 258.416 141.632 239.578 141.632
239.099 87.055 257.900 87.055 257.900 141.950 239.099 141.950
238.531 86.793 257.343 86.793 257.343 141.736 238.531 141.736
235.608 86.463 254.665 86.463 254.665 141.280 235.608 141.280
235.887 86.483 254.947 86.483 254.947 141.415 235.887 141.415
236.075 85.783 255.262 85.783 255.262 140.982 236.075 140.982
235.441 85.613 254.753 85.613 254.753 140.839 235.441 140.839
235.606 86.704 255.053 86.704 255.053 142.105 235.606 142.105
235.274 85.621 254.796 85.621 254.796 140.912 235.274 140.912
234.646 85.498 254.184 85.498 254.184 140.859 234.646 140.859
234.818 86.758 254.356 86.758 254.356 142.142 234.818 142.142
235.598 86.139 255.181 86.139 255.181 141.468 235.598 141.468
234.438 87.802 254.004 87.802 254.004 143.014 234.438 143.014
234.422 86.984 253.886 86.984 253.886 142.351 234.422 142.351
234.727 87.470 254.116 87.470 254.116 143.169 234.727 143.169
234.723 86.523 254.123 86.523 254.123 142.166 234.723 142.166
234.057 86.324 253.537 86.324 253.537 141.786 234.057 141.786
234.455 86.467 253.934 86.467 253.934 141.796 234.455 141.796
234.247 87.044 253.698 87.044 253.698 142.603 234.247 142.603
233.991 88.005 253.527 88.005 253.527 143.397 233.991 143.397
233.864 88.592 253.348 88.592 253.348 143.940 233.864 143.940
233.729 88.765 253.174 88.765 253.174 144.106 233.729 144.106
232.973 89.022 252.515 89.022 252.515 144.067 232.973 144.067
233.348 89.187 252.831 89.187 252.831 144.425 233.348 144.425
233.188 89.253 252.628 89.253 252.628 144.518 233.188 144.518
233.349 88.826 252.736 88.826 252.736 144.377 233.349 144.377
233.543 88.580 252.976 88.580 252.976 144.411 233.543 144.411
233.471 88.425 252.823 88.425 252.823 144.573 233.471 144.573
233.301 87.720 252.663 87.720 252.663 143.867 233.301 143.867
232.672 88.297 252.097 88.297 252.097 144.505 232.672 144.505
232.815 88.485 252.338 88.485 252.338 144.780 232.815 144.780
232.947 89.274 252.573 89.274 252.573 145.810 232.947 145.810
232.777 90.078 252.476 90.078 252.476 146.693 232.777 146.693
232.986 90.421 252.650 90.421 252.650 147.269 232.986 147.269
233.689 90.053 253.191 90.053 253.191 147.170 233.689 147.170
234.330 90.004 253.829 90.004 253.829 147.359 234.330 147.359
234.170 89.964 253.633 89.964 253.633 147.439 234.170 147.439
234.535 89.302 254.001 89.302 254.001 146.816 234.535 146.816
234.264 89.875 253.771 89.875 253.771 147.338 234.264 147.338
234.135 90.043 253.726 90.043 253.726 147.742 234.135 147.742
234.231 90.246 253.853 90.246 253.853 147.888 234.231 147.888
234.314 89.808 253.998 89.808 253.998 147.529 234.314 147.529
233.879 90.021 253.545 90.021 253.545 147.673 233.879 147.673
233.474 90.500 253.157 90.500 253.157 148.120 233.474 148.120
233.687 91.824 253.409 91.824 253.409 149.493 233.687 149.493
233.979 90.610 253.709 90.610 253.709 148.352 233.979 148.352
233.230 92.242 252.952 92.242 252.952 150.364 233.230 150.364
231.943 92.039 251.707 92.039 251.707 149.965 231.943 149.965
232.432 91.634 252.226 91.634 252.226 149.446 232.432 149.446
231.914 91.684 251.669 91.684 251.669 149.724 231.914 149.724
232.365 92.419 252.141 92.419 252.141 150.542 232.365 150.542
231.567 92.008 251.624 92.008 251.624 149.821 231.567 149.821
231.160 91.122 251.382 91.122 251.382 148.625 231.160 148.625
230.853 90.551 251.024 90.551 251.024 147.912 230.853 147.912
231.048 90.839 251.274 90.839 251.274 147.974 231.048 147.974
231.470 92.555 251.799 92.555 251.799 149.764 231.470 149.764
231.595 92.356 251.908 92.356 251.908 149.626 231.595 149.626
231.364 92.588 251.576 92.588 251.576 149.912 231.364 149.912
231.497 91.662 251.787 91.662 251.787 149.046 231.497 149.046
231.597 91.944 251.768 91.944 251.768 149.717 231.597 149.717
231.797 92.247 252.039 92.247 252.039 149.928 231.797 149.928
231.158 92.830 251.299 92.830 251.299 150.523 231.158 150.523
230.829 93.427 250.950 93.427 250.950 150.885 230.829 150.885
229.944 94.467 250.062 94.467 250.062 151.849 229.944 151.849
229.793 94.759 249.918 94.759 249.918 152.103 229.793 152.103
229.445 96.047 249.625 96.047 249.625 153.461 229.445 153.461
228.936 96.351 249.183 96.351 249.183 153.505 228.936 153.505
228.940 95.468 249.017 95.468 249.017 152.424 228.940 152.424
229.429 95.374 249.590 95.374 249.590 152.205 229.429 152.205
228.307 95.689 248.500 95.689 248.500 152.624 228.307 152.624
228.233 96.410 248.442 96.410 248.442 153.427 228.233 153.427
227.791 95.640 248.077 95.640 248.077 152.511 227.791 152.511
226.769 95.373 247.085 95.373 247.085 152.409 226.769 152.409
226.984 95.202 247.245 95.202 247.245 152.245 226.984 152.245
226.582 96.268 246.763 96.268 246.763 153.339 226.582 153.339
226.095 96.659 246.204 96.659 246.204 153.732 226.095 153.732
226.041 96.931 246.199 96.931 246.199 153.928 226.041 153.928
226.672 97.289 246.657 97.289 246.657 154.651 226.672 154.651
223.941 97.106 243.910 97.106 243.910 154.500 223.941 154.500
224.811 96.081 244.654 96.081 244.654 153.503 224.811 153.503
225.091 95.172 244.980 95.172 244.980 152.435 225.091 152.435
225.115 96.416 245.046 96.416 245.046 153.596 225.115 153.596
224.132 96.646 244.131 96.646 244.131 153.672 224.132 153.672
224.168 96.993 244.245 96.993 244.245 154.247 224.168 154.247
223.662 96.858 243.658 96.858 243.658 154.155 223.662 154.155
222.141 98.037 242.114 98.037 242.114 155.618 222.141 155.618
221.926 97.706 241.812 97.706 241.812 155.431 221.926 155.431
220.754 98.377 240.594 98.377 240.594 156.168 220.754 156.168
220.499 98.050 240.346 98.050 240.346 155.641 220.499 155.641
220.343 98.164 240.045 98.164 240.045 155.707 220.343 155.707
219.682 97.897 239.499 97.897 239.499 155.285 219.682 155.285
219.402 98.256 239.251 98.256 239.251 155.543 219.402 155.543
218.977 97.908 238.764 97.908 238.764 155.375 218.977 155.375
217.823 97.028 237.612 97.028 237.612 154.426 217.823 154.426
217.255 97.671 236.942 97.671 236.942 155.118 217.255 155.118
217.709 99.190 237.412 99.190 237.412 156.526 217.709 156.526
216.671 98.465 236.472 98.465 236.472 155.555 216.671 155.555
216.328 98.663 236.064 98.663 236.064 155.742 216.328 155.742
215.478 97.803 235.231 97.803 235.231 154.826 215.478 154.826
214.697 97.935 234.524 97.935 234.524 154.942 214.697 154.942
214.904 97.917 234.633 97.917 234.633 155.173 214.904 155.173
211.509 99.133 231.243 99.133 231.243 156.611 211.509 156.611
211.983 98.267 231.896 98.267 231.896 155.450 211.983 155.450
211.459 98.873 231.443 98.873 231.443 155.978 211.459 155.978
210.925 98.210 230.879 98.210 230.879 155.250 210.925 155.250
210.196 99.364 230.055 99.364 230.055 156.647 210.196 156.647
209.934 99.344 229.999 99.344 229.999 156.830 209.934 156.830
208.887 99.338 229.002 99.338 229.002 156.923 208.887 156.923
208.014 97.279 228.224 97.279 228.224 154.843 208.014 154.843
207.389 99.862 227.734 99.862 227.734 157.536 207.389 157.536
206.726 100.767 227.254 100.767 227.254 158.427 206.726 158.427
205.645 101.149 226.335 101.149 226.335 158.941 205.645 158.941
205.138 101.645 225.906 101.645 225.906 159.646 205.138 159.646
204.727 100.154 225.440 100.154 225.440 158.543 204.727 158.543
204.895 99.443 225.526 99.443 225.526 158.318 204.895 158.318
203.976 96.940 224.437 96.940 224.437 155.956 203.976 155.956
204.176 99.876 224.565 99.876 224.565 159.415 204.176 159.415
203.531 100.176 223.878 100.176 223.878 160.042 203.531 160.042
203.113 98.689 223.503 98.689 223.503 158.383 203.113 158.383
203.034 97.236 223.376 97.236 223.376 156.626 203.034 156.626
202.436 99.443 222.719 99.443 222.719 158.816 202.436 158.816
202.602 100.409 222.781 100.409 222.781 160.060 202.602 160.060
202.422 98.227 222.603 98.227 222.603 157.740 202.422 157.740
202.100 96.593 222.162 96.593 222.162 155.837 202.100 155.837
201.724 98.956 221.855 98.956 221.855 157.891 201.724 157.891
201.677 97.641 221.636 97.641 221.636 156.404 201.677 156.404
201.081 97.272 221.202 97.272 221.202 155.284 201.081 155.284
201.071 100.156 221.269 100.156 221.269 157.830 201.071 157.830
200.581 98.980 220.773 98.980 220.773 156.550 200.581 156.550
200.174 101.458 220.424 101.458 220.424 159.027 200.174 159.027
195.677 100.156 216.032 100.156 216.032 157.689 195.677 157.689
196.483 99.078 216.883 99.078 216.883 156.569 196.483 156.569
196.641 98.474 217.116 98.474 217.116 155.847 196.641 155.847
196.220 100.369 216.814 100.369 216.814 157.615 196.220 157.615
196.380 101.953 216.988 101.953 216.988 159.217 196.380 159.217
196.251 102.109 216.863 102.109 216.863 159.364 196.251 159.364
195.779 102.469 216.405 102.469 216.405 159.617 195.779 159.617
195.425 102.195 216.078 102.195 216.078 159.238 195.425 159.238
195.446 101.536 216.110 101.536 216.110 158.532 195.446 158.532
194.741 101.135 215.412 101.135 215.412 158.110 194.741 158.110
190.297 96.516 210.991 96.516 210.991 153.435 190.297 153.435
190.374 95.885 211.174 95.885 211.174 152.698 190.374 152.698
190.692 94.779 211.532 94.779 211.532 151.573 190.692 151.573
191.492 99.537 212.357 99.537 212.357 156.278 191.492 156.278
191.942 100.352 212.835 100.352 212.835 157.124 191.942 157.124
191.806 100.729 212.720 100.729 212.720 157.501 191.806 157.501
191.554 101.687 212.480 101.687 212.480 158.448 191.554 158.448
186.882 97.501 207.693 97.501 207.693 154.463 186.882 154.463
187.143 98.386 207.903 98.386 207.903 155.447 187.143 155.447
187.623 98.324 208.104 98.324 208.104 155.935 187.623 155.935
187.834 98.890 208.226 98.890 208.226 156.665 187.834 156.665
183.463 99.499 203.768 99.499 203.768 157.389 183.463 157.389
183.052 110.220 203.503 110.220 203.503 167.906 183.052 167.906
183.734 122.667 204.003 122.667 204.003 180.344 183.734 180.344
184.516 125.296 204.838 125.296 204.838 182.625 184.516 182.625
184.454 123.277 204.865 123.277 204.865 180.201 184.454 180.201
184.953 124.949 205.383 124.949 205.383 181.674 184.953 181.674
185.128 125.446 205.590 125.446 205.590 181.914 185.128 181.914
185.142 127.363 205.687 127.363 205.687 183.458 185.142 183.458
182.660 123.989 203.172 123.989 203.172 179.726 182.660 179.726
178.589 113.311 198.919 113.311 198.919 169.194 178.589 169.194
178.795 112.946 198.875 112.946 198.875 169.149 178.795 169.149
178.869 113.110 198.782 113.110 198.782 169.594 178.869 169.594
178.364 113.275 198.017 113.275 198.017 170.128 178.364 170.128
177.820 110.660 197.716 110.660 197.716 167.164 177.820 167.164
177.404 112.116 197.415 112.116 197.415 168.526 177.404 168.526
176.893 112.045 196.821 112.045 196.821 168.697 176.893 168.697
176.619 112.872 196.504 112.872 196.504 169.906 176.619 169.906
176.890 112.133 196.769 112.133 196.769 169.498 176.890 169.498
176.819 111.247 196.724 111.247 196.724 168.982 176.819 168.982
176.755 110.729 196.908 110.729 196.908 168.595 176.755 168.595
176.007 110.518 196.299 110.518 196.299 168.778 176.007 168.778
175.598 110.599 195.930 110.599 195.930 169.747 175.598 169.747
175.536 111.188 195.890 111.188 195.890 170.931 175.536 170.931
174.691 111.595 195.321 111.595 195.321 171.666 174.691 171.666
173.614 110.853 194.491 110.853 194.491 171.286 173.614 171.286
172.990 110.701 193.855 110.701 193.855 171.700 172.990 171.700
172.080 109.977 193.205 109.977 193.205 170.832 172.080 170.832
170.368 109.508 191.943 109.508 191.943 170.015 170.368 170.015
169.593 109.267 191.404 109.267 191.404 169.702 169.593 169.702
168.633 110.275 190.822 110.275 190.822 170.660 168.633 170.660
168.269 112.085 190.748 112.085 190.748 172.337 168.269 172.337
167.888 112.641 190.676 112.641 190.676 172.809 167.888 172.809
166.850 113.762 189.830 113.762 189.830 174.339 166.850 174.339
165.514 112.628 188.532 112.628 188.532 173.559 165.514 173.559
163.840 112.849 187.053 112.849 187.053 173.708 163.840 173.708
162.274 112.561 185.668 112.561 185.668 173.336 162.274 173.336
161.024 112.681 184.301 112.681 184.301 173.969 161.024 173.969
158.860 112.919 182.167 112.919 182.167 174.183 158.860 174.183
158.459 113.256 181.634 113.256 181.634 174.413 158.459 174.413
157.618 113.761 180.637 113.761 180.637 175.104 157.618 175.104
156.305 113.898 179.365 113.898 179.365 175.264 156.305 175.264
155.517 114.204 178.651 114.204 178.651 175.470 155.517 175.470
154.535 114.822 177.788 114.822 177.788 175.942 154.535 175.942
154.161 114.902 177.433 114.902 177.433 175.954 154.161 175.954
153.058 115.016 176.323 115.016 176.323 176.023 153.058 176.023
151.625 115.168 174.961 115.168 174.961 175.827 151.625 175.827
151.079 115.063 174.367 115.063 174.367 175.431 151.079 175.431
150.592 114.238 173.588 114.238 173.588 175.193 150.592 175.193
150.144 113.253 172.768 113.253 172.768 174.913 150.144 174.913
149.866 112.817 172.220 112.817 172.220 174.919 149.866 174.919
150.167 114.866 172.254 114.866 172.254 177.395 150.167 177.395
149.297 114.011 171.450 114.011 171.450 176.529 149.297 176.529
149.310 113.952 171.451 113.952 171.451 176.566 149.310 176.566
149.322 113.497 171.404 113.497 171.404 176.648 149.322 176.648
149.024 113.978 171.113 113.978 171.113 177.229 149.024 177.229
149.511 114.203 171.588 114.203 171.588 177.742 149.511 177.742
149.468 113.602 171.618 113.602 171.618 177.247 149.468 177.247
149.007 113.813 171.137 113.813 171.137 177.381 149.007 177.381
149.073 114.999 171.240 114.999 171.240 178.463 149.073 178.463
149.018 115.579 171.175 115.579 171.175 179.008 149.018 179.008
148.867 116.316 171.078 116.316 171.078 179.454 148.867 179.454
148.361 116.800 170.737 116.800 170.737 179.601 148.361 179.601
148.495 116.948 170.795 116.948 170.795 179.706 148.495 179.706
148.453 117.016 170.862 117.016 170.862 179.619 148.453 179.619
148.477 117.211 170.968 117.211 170.968 179.824 148.477 179.824
149.077 117.659 171.592 117.659 171.592 180.409 149.077 180.409
148.803 116.902 171.311 116.902 171.311 179.894 148.803 179.894
149.063 116.676 171.570 116.676 171.570 180.023 149.063 180.023
149.320 116.086 171.740 116.086 171.740 179.896 149.320 179.896
149.836 116.478 172.302 116.478 172.302 180.603 149.836 180.603
150.351 116.244 172.776 116.244 172.776 180.720 150.351 180.720
150.442 117.459 172.799 117.459 172.799 182.421 150.442 182.421
151.430 118.346 173.819 118.346 173.819 183.440 151.430 183.440
151.788 119.401 174.189 119.401 174.189 184.732 151.788 184.732
152.429 118.442 174.812 118.442 174.812 183.920 152.429 183.920
153.156 119.511 175.474 119.511 175.474 185.259 153.156 185.259
153.556 118.458 175.806 118.458 175.806 184.304 153.556 184.304
153.930 117.143 176.178 117.143 176.178 183.135 153.930 183.135
154.534 117.330 176.837 117.330 176.837 183.326 154.534 183.326
155.255 116.858 177.744 116.858 177.744 182.797 155.255 182.797
155.022 117.144 177.618 117.144 177.618 182.865 155.022 182.865
155.190 117.328 177.793 117.328 177.793 183.125 155.190 183.125
156.117 117.254 178.745 117.254 178.745 183.121 156.117 183.121
156.378 118.202 178.871 118.202 178.871 184.121 156.378 184.121
156.685 117.468 179.090 117.468 179.090 183.604 156.685 183.604
157.442 119.355 179.989 119.355 179.989 185.621 157.442 185.621
157.411 120.191 179.985 120.191 179.985 186.487 157.411 186.487
156.923 120.141 179.615 120.141 179.615 186.586 156.923 186.586
158.045 119.659 180.716 119.659 180.716 186.051 158.045 186.051
158.601 119.717 181.390 119.717 181.390 186.068 158.601 186.068
158.506 119.932 181.316 119.932 181.316 186.664 158.506 186.664
158.493 119.657 181.293 119.657 181.293 186.578 158.493 186.578
158.601 120.046 181.514 120.046 181.514 187.257 158.601 187.257
158.957 120.879 182.050 120.879 182.050 188.184 158.957 188.184
159.842 120.577 183.001 120.577 183.001 188.094 159.842 188.094
161.401 121.466 184.650 121.466 184.650 189.262 161.401 189.262
161.407 120.185 184.637 120.185 184.637 188.221 161.407 188.221
162.564 120.089 185.932 120.089 185.932 188.174 162.564 188.174
162.559 120.338 185.937 120.338 185.937 188.502 162.559 188.502
162.746 120.457 186.205 120.457 186.205 188.875 162.746 188.875
162.991 119.623 186.359 119.623 186.359 187.941 162.991 187.941
162.774 121.264 186.097 121.264 186.097 189.807 162.774 189.807
163.258 121.597 186.637 121.597 186.637 190.182 163.258 190.182
162.790 121.967 186.226 121.967 186.226 190.468 162.790 190.468
162.603 122.512 186.168 122.512 186.168 191.039 162.603 191.039
162.279 122.063 185.844 122.063 185.844 190.744 162.279 190.744
162.719 122.323 186.453 122.323 186.453 190.910 162.719 190.910
162.766 121.937 186.648 121.937 186.648 190.663 162.766 190.663
162.399 122.118 186.366 122.118 186.366 191.040 162.399 191.040
162.195 121.877 186.150 121.877 186.150 191.128 162.195 191.128
161.851 121.956 185.832 121.956 185.832 191.353 161.851 191.353
161.467 122.154 185.261 122.154 185.261 191.918 161.467 191.918
160.911 122.089 184.739 122.089 184.739 191.848 160.911 191.848
161.047 121.852 184.698 121.852 184.698 191.988 161.047 191.988
160.649 121.484 184.246 121.484 184.246 191.784 160.649 191.784
160.903 122.437 184.347 122.437 184.347 192.903 160.903 192.903
161.065 122.283 184.460 122.283 184.460 192.652 161.065 192.652
161.667 122.413 185.059 122.413 185.059 192.590 161.667 192.590
162.719 122.258 186.204 122.258 186.204 192.499 162.719 192.499
163.635 122.263 187.050 122.263 187.050 192.541 163.635 192.541
164.077 122.568 187.505 122.568 187.505 192.740 164.077 192.740
164.251 122.464 187.693 122.464 187.693 192.676 164.251 192.676
163.931 121.857 187.428 121.857 187.428 192.109 163.931 192.109
164.087 122.577 187.660 122.577 187.660 192.730 164.087 192.730
164.188 123.876 187.839 123.876 187.839 194.084 164.188 194.084
164.077 124.127 187.878 124.127 187.878 194.309 164.077 194.309
164.306 124.174 187.990 124.174 187.990 194.745 164.306 194.745
163.775 124.489 187.618 124.489 187.618 195.221 163.775 195.221
164.380 124.931 188.260 124.931 188.260 195.658 164.380 195.658
164.513 124.868 188.442 124.868 188.442 195.736 164.513 195.736
164.972 125.423 189.021 125.423 189.021 196.368 164.972 196.368
165.134 124.978 189.289 124.978 189.289 195.943 165.134 195.943
165.196 124.226 189.347 124.226 189.347 195.346 165.196 195.346
165.389 124.421 189.639 124.421 189.639 195.469 165.389 195.469
165.917 125.203 190.270 125.203 190.270 196.330 165.917 196.330
166.381 124.961 190.885 124.961 190.885 196.035 166.381 196.035
166.627 125.801 191.084 125.801 191.084 197.052 166.627 197.052
166.851 125.970 191.421 125.970 191.421 197.238 166.851 197.238
167.392 126.502 191.952 126.502 191.952 198.148 167.392 198.148
168.069 126.150 192.629 126.150 192.629 197.967 168.069 197.967
169.133 125.708 193.649 125.708 193.649 197.731 169.133 197.731
170.395 126.637 194.925 126.637 194.925 198.885 170.395 198.885
170.427 127.191 195.077 127.191 195.077 199.196 170.427 199.196
171.541 127.400 196.177 127.400 196.177 199.047 171.541 199.047
172.898 128.000 197.407 128.000 197.407 199.665 172.898 199.665
173.056 128.994 197.571 128.994 197.571 200.734 173.056 200.734
173.518 129.501 198.083 129.501 198.083 201.163 173.518 201.163
174.437 129.656 198.996 129.656 198.996 201.344 174.437 201.344
174.971 129.766 199.683 129.766 199.683 201.325 174.971 201.325
175.022 128.485 199.861 128.485 199.861 200.140 175.022 200.140
174.914 129.153 199.660 129.153 199.660 201.126 174.914 201.126
175.893 129.462 200.412 129.462 200.412 201.672 175.893 201.672
176.456 130.207 201.016 130.207 201.016 202.260 176.456 202.260
176.711 131.070 201.245 131.070 201.245 203.169 176.711 203.169
176.804 131.210 201.357 131.210 201.357 203.218 176.804 203.218
177.887 131.408 202.388 131.408 202.388 203.356 177.887 203.356
178.478 132.227 202.878 132.227 202.878 204.265 178.478 204.265
179.218 132.658 203.505 132.658 203.505 204.753 179.218 204.753
179.179 133.662 203.468 133.662 203.468 205.737 179.179 205.737
179.154 133.936 203.264 133.936 203.264 205.993 179.154 205.993
179.306 134.346 203.333 134.346 203.333 206.316 179.306 206.316
179.855 132.724 203.792 132.724 203.792 204.721 179.855 204.721
179.746 132.551 203.659 132.551 203.659 204.562 179.746 204.562
179.769 133.785 203.764 133.785 203.764 205.778 179.769 205.778
179.946 132.913 203.964 132.913 203.964 204.692 179.946 204.692
180.328 133.353 204.408 133.353 204.408 205.055 180.328 205.055
180.622 134.314 204.620 134.314 204.620 206.220 180.622 206.220
180.778 134.059 204.784 134.059 204.784 206.073 180.778 206.073
180.867 133.976 204.851 133.976 204.851 206.140 180.867 206.140
180.832 134.440 204.741 134.440 204.741 206.743 180.832 206.743
181.141 134.686 205.042 134.686 205.042 207.154 181.141 207.154
180.624 133.767 204.603 133.767 204.603 206.257 180.624 206.257
180.554 133.688 204.602 133.688 204.602 206.450 180.554 206.450
180.654 133.078 204.757 133.078 204.757 205.998 180.654 205.998
180.599 132.827 204.681 132.827 204.681 206.384 180.599 206.384
180.504 133.055 204.527 133.055 204.527 207.021 180.504 207.021
180.101 134.141 203.967 134.141 203.967 208.860 180.101 208.860
179.755 134.630 203.588 134.630 203.588 209.617 179.755 209.617
178.889 134.705 202.801 134.705 202.801 209.403 178.889 209.403
178.755 135.257 202.629 135.257 202.629 210.108 178.755 210.108
179.809 136.035 203.595 136.035 203.595 210.975 179.809 210.975
179.707 138.311 203.700 138.311 203.700 212.412 179.707 212.412
176.126 135.346 199.960 135.346 199.960 208.893 176.126 208.893
178.025 136.385 201.822 136.385 201.822 209.218 178.025 209.218
179.024 135.770 202.854 135.770 202.854 208.238 179.024 208.238
179.717 135.933 203.629 135.933 203.629 207.737 179.717 207.737
180.294 134.636 204.131 134.636 204.131 206.340 180.294 206.340
180.202 140.691 203.986 140.691 203.986 211.888 180.202 211.888
185.850 133.792 209.556 133.792 209.556 205.374 185.850 205.374
203.938 132.026 227.594 132.026 227.594 203.715 203.938 203.715
204.310 133.265 228.038 133.265 228.038 204.829 204.310 204.829
203.539 131.836 227.313 131.836 227.313 203.049 203.539 203.049
204.787 132.790 228.651 132.790 228.651 204.035 204.787 204.035
205.256 133.017 229.226 133.017 229.226 204.115 205.256 204.115
205.003 134.520 229.033 134.520 229.033 205.683 205.003 205.683
205.859 131.972 229.733 131.972 229.733 203.379 205.859 203.379
206.372 133.071 230.291 133.071 230.291 204.380 206.372 204.380
206.489 132.984 230.521 132.984 230.521 203.944 206.489 203.944
206.798 133.064 230.803 133.064 230.803 203.781 206.798 203.781
206.504 133.050 230.593 133.050 230.593 203.213 206.504 203.213
207.031 133.086 231.200 133.086 231.200 202.796 207.031 202.796
207.332 134.552 231.443 134.552 231.443 204.202 207.332 204.202
207.502 136.273 231.570 136.273 231.570 205.766 207.502 205.766
207.414 135.435 231.411 135.435 231.411 205.052 207.414 205.052
207.551 134.730 231.483 134.730 231.483 204.224 207.551 204.224
208.092 134.947 231.873 134.947 231.873 204.497 208.092 204.497
203.526 132.529 226.974 132.529 226.974 202.689 203.526 202.689
204.279 130.956 227.415 130.956 227.415 201.481 204.279 201.481
205.582 133.702 228.619 133.702 228.619 204.622 205.582 204.622
200.092 120.506 223.489 120.506 223.489 190.316 200.092 190.316
200.462 118.670 224.313 118.670 224.313 187.270 200.462 187.270
200.555 122.060 224.644 122.060 224.644 189.997 200.555 189.997
200.371 118.578 224.507 118.578 224.507 186.029 200.371 186.029
200.249 121.396 224.449 121.396 224.449 188.457 200.249 188.457
200.679 118.206 224.811 118.206 224.811 184.705 200.679 184.705
200.592 119.988 224.825 119.988 224.825 185.999 200.592 185.999
206.108 138.417 230.296 138.417 230.296 205.069 206.108 205.069
202.160 139.529 225.917 139.529 225.917 207.228 202.160 207.228
203.875 140.160 227.150 140.160 227.150 209.470 203.875 209.470
204.435 140.297 227.542 140.297 227.542 210.715 204.435 210.715
204.349 137.520 227.532 137.520 227.532 208.441 204.349 208.441
204.871 139.103 227.944 139.103 227.944 210.967 204.871 210.967
204.918 142.703 227.963 142.703 227.963 215.870 204.918 215.870
205.445 142.441 228.498 142.441 228.498 216.559 205.445 216.559
205.893 140.502 229.066 140.502 229.066 215.418 205.893 215.418
206.202 141.577 229.331 141.577 229.331 217.582 206.202 217.582
202.171 141.081 225.368 141.081 225.368 217.519 202.171 217.519
204.273 142.252 227.594 142.252 227.594 219.252 204.273 219.252
205.147 140.410 228.861 140.410 228.861 217.480 205.147 217.480
205.447 140.613 229.263 140.613 229.263 218.210 205.447 218.210
205.305 139.677 229.389 139.677 229.389 217.876 205.305 217.876
205.271 141.116 229.563 141.116 229.563 219.867 205.271 219.867
205.879 140.038 230.393 140.038 230.393 219.258 205.879 219.258
206.637 140.660 231.157 140.660 231.157 220.293 206.637 220.293
206.344 140.411 231.099 140.411 231.099 220.285 206.344 220.285
205.976 140.106 230.779 140.106 230.779 220.365 205.976 220.365
205.986 140.872 230.963 140.872 230.963 221.682 205.986 221.682
206.256 141.159 231.507 141.159 231.507 222.120 206.256 222.120
201.686 140.103 227.243 140.103 227.243 220.892 201.686 220.892
204.180 139.653 229.865 139.653 229.865 220.663 204.180 220.663
204.854 139.220 230.668 139.220 230.668 220.487 204.854 220.487
205.549 139.218 231.368 139.218 231.368 220.694 205.549 220.694
205.895 140.422 231.898 140.422 231.898 222.141 205.895 222.141
205.689 140.896 231.941 140.896 231.941 222.405 205.689 222.405
205.825 139.114 232.386 139.114 232.386 220.327 205.825 220.327
205.774 138.981 232.427 138.981 232.427 220.447 205.774 220.447
205.482 139.194 232.037 139.194 232.037 221.124 205.482 221.124
205.096 139.098 231.736 139.098 231.736 221.239 205.096 221.239
205.745 139.391 232.342 139.391 232.342 221.766 205.745 221.766
206.044 138.923 232.815 138.923 232.815 221.354 206.044 221.354
202.043 140.208 228.839 140.208 228.839 222.677 202.043 222.677
203.982 140.324 230.770 140.324 230.770 222.800 203.982 222.800
204.294 140.021 231.282 140.021 231.282 222.305 204.294 222.305
203.550 141.956 231.026 141.956 231.026 223.507 203.550 223.507
204.735 145.540 231.922 145.540 231.922 228.161 204.735 228.161
205.088 147.637 232.172 147.637 232.172 230.964 205.088 230.964
204.890 146.266 231.945 146.266 231.945 230.255 204.890 230.255
204.673 145.795 231.978 145.795 231.978 230.030 204.673 230.030
204.730 145.354 232.234 145.354 232.234 230.023 204.730 230.023
204.590 145.609 232.321 145.609 232.321 230.439 204.590 230.439
204.389 145.368 232.232 145.368 232.232 230.494 204.389 230.494
203.615 145.909 231.598 145.909 231.598 230.919 203.615 230.919
204.814 146.872 232.762 146.872 232.762 231.836 204.814 231.836
204.865 147.261 232.990 147.261 232.990 232.212 204.865 232.212
205.362 149.944 233.631 149.944 233.631 234.990 205.362 234.990
205.550 150.092 233.852 150.092 233.852 235.075 205.550 235.075
205.153 150.699 233.421 150.699 233.421 235.420 205.153 235.420
205.784 151.063 233.987 151.063 233.987 235.926 205.784 235.926
206.456 149.804 234.635 149.804 234.635 234.409 206.456 234.409
206.740 149.337 234.822 149.337 234.822 233.958 206.740 233.958
207.790 150.639 235.876 150.639 235.876 235.345 207.790 235.345
207.473 150.962 235.444 150.962 235.444 235.924 207.473 235.924
206.903 151.800 234.824 151.800 234.824 236.702 206.903 236.702
206.943 151.942 234.726 151.942 234.726 237.118 206.943 237.118
206.823 152.533 234.632 152.533 234.632 237.505 206.823 237.505
206.742 153.867 234.517 153.867 234.517 238.602 206.742 238.602
206.743 153.736 234.361 153.736 234.361 238.680 206.743 238.680
206.546 154.690 233.996 154.690 233.996 239.957 206.546 239.957
206.103 152.458 233.684 152.458 233.684 237.380 206.103 237.380
206.321 153.089 233.788 153.089 233.788 238.160 206.321 238.160
206.409 152.411 233.660 152.411 233.660 237.748 206.409 237.748
206.335 152.911 233.404 152.911 233.404 238.503 206.335 238.503
206.540 152.033 233.572 152.033 233.572 237.641 206.540 237.641
207.600 153.062 234.602 153.062 234.602 238.938 207.600 238.938
208.152 155.040 235.129 155.040 235.129 241.323 208.152 241.323
208.815 154.935 235.898 154.935 235.898 241.408 208.815 241.408
208.816 155.896 235.838 155.896 235.838 242.475 208.816 242.475
209.511 157.547 236.543 157.547 236.543 244.173 209.511 244.173
209.683 155.522 236.849 155.522 236.849 242.193 209.683 242.193
209.547 155.795 236.820 155.795 236.820 242.328 209.547 242.328
210.762 156.865 237.978 156.865 237.978 243.397 210.762 243.397
210.501 157.534 238.284 157.534 238.284 243.656 210.501 243.656
210.333 158.140 238.350 158.140 238.350 244.405 210.333 244.405
210.368 159.125 238.471 159.125 238.471 245.256 210.368 245.256
209.855 160.197 238.221 160.197 238.221 245.902 209.855 245.902
209.886 160.776 238.409 160.776 238.409 246.603 209.886 246.603
210.015 160.170 238.390 160.170 238.390 246.753 210.015 246.753
209.683 162.223 237.811 162.223 237.811 249.595 209.683 249.595
209.438 161.299 237.620 161.299 237.620 249.183 209.438 249.183
208.966 160.101 237.332 160.101 237.332 248.281 208.966 248.281
208.882 158.392 237.326 158.392 237.326 247.170 208.882 247.170
208.786 157.884 237.167 157.884 237.167 247.458 208.786 247.458
208.498 160.356 237.001 160.356 237.001 250.182 208.498 250.182
208.556 159.080 237.513 159.080 237.513 248.358 208.556 248.358
208.802 161.103 237.747 161.103 237.747 250.792 208.802 250.792
208.881 160.555 237.990 160.555 237.990 250.117 208.881 250.117
209.091 160.423 238.031 160.423 238.031 250.315 209.091 250.315
209.207 161.607 237.928 161.607 237.928 252.163 209.207 252.163
208.940 162.847 237.686 162.847 237.686 253.579 208.940 253.579
208.942 161.332 237.882 161.332 237.882 251.890 208.942 251.890
209.194 160.481 238.178 160.481 238.178 251.690 209.194 251.690
208.796 159.779 237.981 159.779 237.981 251.201 208.796 251.201
208.552 159.994 237.879 159.994 237.879 251.715 208.552 251.715
208.489 160.252 237.701 160.252 237.701 252.727 208.489 252.727
207.864 160.562 237.104 160.562 237.104 253.553 207.864 253.553
207.854 161.677 237.021 161.677 237.021 254.819 207.854 254.819
208.121 160.355 237.395 160.355 237.395 253.746 208.121 253.746
207.239 162.272 236.576 162.272 236.576 255.679 207.239 255.679
207.315 162.355 236.780 162.355 236.780 255.404 207.315 255.404
206.999 162.360 236.401 162.360 236.401 255.193 206.999 255.193
206.507 161.932 235.798 161.932 235.798 254.704 206.507 254.704
206.349 162.357 235.698 162.357 235.698 254.577 206.349 254.577
205.879 162.834 235.338 162.834 235.338 254.545 205.879 254.545
204.922 162.210 234.438 162.210 234.438 253.565 204.922 253.565
205.281 163.809 234.904 163.809 234.904 254.606 205.281 254.606
205.065 164.473 234.681 164.473 234.681 254.675 205.065 254.675
203.795 167.805 233.724 167.805 233.724 256.848 203.795 256.848
203.449 166.193 233.362 166.193 233.362 254.970 203.449 254.970
204.105 166.570 233.645 166.570 233.645 255.556 204.105 255.556
204.714 166.961 234.102 166.961 234.102 255.867 204.714 255.867
204.262 166.681 233.547 166.681 233.547 255.758 204.262 255.758
203.975 166.712 233.120 166.712 233.120 255.791 203.975 255.791
203.941 167.519 232.884 167.519 232.884 256.862 203.941 256.862
204.748 167.523 233.480 167.523 233.480 256.584 204.748 256.584
203.983 166.058 232.754 166.058 232.754 254.891 203.983 254.891
203.311 169.899 232.205 169.899 232.205 257.944 203.311 257.944
203.977 171.153 232.625 171.153 232.625 259.257 203.977 259.257
203.456 171.690 232.213 171.690 232.213 259.232 203.456 259.232
203.680 172.402 232.333 172.402 232.333 259.877 203.680 259.877
203.898 173.088 232.284 173.088 232.284 260.492 203.898 260.492
203.618 173.129 231.755 173.129 231.755 260.821 203.618 260.821
203.872 173.775 231.878 173.775 231.878 261.350 203.872 261.350
203.592 173.183 231.533 173.183 231.533 260.460 203.592 260.460
203.955 172.769 231.924 172.769 231.924 259.740 203.955 259.740
204.369 173.187 232.299 173.187 232.299 259.980 204.369 259.980
203.485 174.786 231.490 174.786 231.490 261.536 203.485 261.536
203.650 174.601 231.691 174.601 231.691 261.182 203.650 261.182
204.041 175.603 231.959 175.603 231.959 262.238 204.041 262.238
204.418 175.290 232.151 175.290 232.151 262.439 204.418 262.439
204.819 175.862 232.401 175.862 232.401 263.431 204.819 263.431
205.717 175.324 233.217 175.324 233.217 263.433 205.717 263.433
205.823 175.497 233.384 175.497 233.384 264.043 205.823 264.043
206.024 174.917 233.635 174.917 233.635 263.935 206.024 263.935
206.408 174.873 234.061 174.873 234.061 264.184 206.408 264.184
205.927 175.264 233.813 175.264 233.813 264.443 205.927 264.443
206.274 175.096 234.336 175.096 234.336 264.481 206.274 264.481
206.635 174.295 234.836 174.295 234.836 264.031 206.635 264.031
206.347 175.907 234.642 175.907 234.642 265.838 206.347 265.838
206.126 177.659 234.827 177.659 234.827 267.418 206.126 267.418
206.066 177.090 235.068 177.090 235.068 266.788 206.066 266.788
206.536 177.880 235.556 177.880 235.556 267.902 206.536 267.902
206.730 178.089 235.822 178.089 235.822 268.402 206.730 268.402
206.740 178.416 235.821 178.416 235.821 269.017 206.740 269.017
206.695 178.194 235.687 178.194 235.687 268.868 206.695 268.868
206.713 177.790 235.742 177.790 235.742 268.728 206.713 268.728
206.993 177.878 236.040 177.878 236.040 268.708 206.993 268.708
207.533 179.122 236.632 179.122 236.632 269.902 207.533 269.902
207.997 180.223 237.130 180.223 237.130 271.240 207.997 271.240
208.828 183.233 237.867 183.233 237.867 274.644 208.828 274.644
208.861 183.523 238.035 183.523 238.035 274.664 208.861 274.664
209.653 184.038 238.790 184.038 238.790 275.020 209.653 275.020
210.353 184.093 239.280 184.093 239.280 275.207 210.353 275.207
210.960 183.247 239.562 183.247 239.562 275.235 210.960 275.235
211.681 185.113 240.239 185.113 240.239 277.221 211.681 277.221
212.958 183.247 241.537 183.247 241.537 275.611 212.958 275.611
212.088 184.372 240.993 184.372 240.993 276.216 212.088 276.216
212.233 184.117 241.488 184.117 241.488 275.719 212.233 275.719
213.156 184.475 242.712 184.475 242.712 276.152 213.156 276.152
213.069 186.262 242.713 186.262 242.713 277.955 213.069 277.955
212.589 187.105 242.343 187.105 242.343 278.528 212.589 278.528
212.861 186.627 242.687 186.627 242.687 278.124 212.861 278.124
212.850 187.492 242.605 187.492 242.605 279.018 212.850 279.018
211.747 186.760 241.315 186.760 241.315 278.483 211.747 278.483
211.891 185.877 241.215 185.877 241.215 278.067 211.891 278.067
212.083 186.548 241.318 186.548 241.318 278.985 212.083 278.985
212.254 185.824 241.402 185.824 241.402 278.458 212.254 278.458
213.098 186.045 242.421 186.045 242.421 278.142 213.098 278.142
212.886 187.384 241.997 187.384 241.997 279.776 212.886 279.776
213.195 188.973 242.244 188.973 242.244 281.485 213.195 281.485
212.915 189.868 241.980 189.868 241.980 282.411 212.915 282.411
213.931 190.475 242.970 190.475 242.970 283.143 213.931 283.143
214.036 189.602 243.280 189.602 243.280 281.783 214.036 281.783
214.517 190.107 243.817 190.107 243.817 282.256 214.517 282.256
214.763 191.111 244.014 191.111 244.014 283.433 214.763 283.433
214.091 189.956 243.423 189.956 243.423 282.217 214.091 282.217
214.239 190.939 243.397 190.939 243.397 283.431 214.239 283.431
214.349 191.362 243.681 191.362 243.681 283.825 214.349 283.825
213.968 193.668 243.427 193.668 243.427 286.588 213.968 286.588
214.143 194.073 243.861 194.073 243.861 286.894 214.143 286.894
214.457 190.385 244.414 190.385 244.414 283.409 214.457 283.409
214.896 193.095 244.804 193.095 244.804 286.954 214.896 286.954
214.614 192.977 244.614 192.977 244.614 287.717 214.614 287.717
214.288 193.267 244.401 193.267 244.401 288.501 214.288 288.501
214.326 193.041 244.267 193.041 244.267 289.052 214.326 289.052
213.924 192.832 243.967 192.832 243.967 289.241 213.924 289.241
214.993 194.258 245.144 194.258 245.144 290.618 214.993 290.618
215.654 194.897 245.782 194.897 245.782 291.527 215.654 291.527
216.738 196.587 246.879 196.587 246.879 293.327 216.738 293.327
217.607 199.416 248.063 199.416 248.063 295.940 217.607 295.940
217.687 200.364 248.428 200.364 248.428 296.336 217.687 296.336
218.340 200.964 249.331 200.964 249.331 296.616 218.340 296.616
219.692 201.646 250.621 201.646 250.621 297.599 219.692 297.599
220.757 201.166 251.706 201.166 251.706 297.060 220.757 297.060
221.023 200.916 252.128 200.916 252.128 297.103 221.023 297.103
221.585 199.600 252.700 199.600 252.700 295.909 221.585 295.909
221.325 199.302 252.501 199.302 252.501 295.929 221.325 295.929
222.110 198.963 253.526 198.963 253.526 295.076 222.110 295.076
223.174 199.653 254.688 199.653 254.688 295.642 223.174 295.642
224.444 201.018 255.870 201.018 255.870 297.325 224.444 297.325
225.534 202.067 257.020 202.067 257.020 298.479 225.534 298.479
226.241 203.511 258.048 203.511 258.048 299.391 226.241 299.391
226.208 204.399 258.134 204.399 258.134 299.945 226.208 299.945
227.245 205.568 259.051 205.568 259.051 301.333 227.245 301.333
227.919 203.816 259.867 203.816 259.867 299.332 227.919 299.332
228.872 204.021 260.875 204.021 260.875 299.354 228.872 299.354
230.558 204.980 262.620 204.980 262.620 299.978 230.558 299.978
230.958 205.669 263.039 205.669 263.039 300.892 230.958 300.892
232.251 208.164 264.409 208.164 264.409 303.371 232.251 303.371
232.933 210.629 265.096 210.629 265.096 306.011 232.933 306.011
233.409 212.418 265.761 212.418 265.761 308.169 233.409 308.169
235.321 214.520 267.670 214.520 267.670 310.947 235.321 310.947
236.213 214.695 268.587 214.695 268.587 312.074 236.213 312.074
238.257 216.090 270.796 216.090 270.796 314.209 238.257 314.209
239.420 214.410 272.233 214.410 272.233 312.573 239.420 312.573
240.577 212.270 273.802 212.270 273.802 309.881 240.577 309.881
241.185 212.050 274.477 212.050 274.477 309.973 241.185 309.973
241.496 210.762 274.916 210.762 274.916 309.169 241.496 309.169
241.339 211.214 275.050 211.214 275.050 308.924 241.339 308.924
242.452 213.540 276.521 213.540 276.521 310.436 242.452 310.436
241.268 214.903 275.412 214.903 275.412 311.767 241.268 311.767
242.016 216.480 276.368 216.480 276.368 312.540 242.016 312.540
243.022 217.467 277.650 217.467 277.650 312.779 243.022 312.779
242.954 219.295 277.417 219.295 277.417 314.849 242.954 314.849
243.918 218.698 278.240 218.698 278.240 314.742 243.918 314.742
243.645 219.486 277.669 219.486 277.669 316.033 243.645 316.033
243.917 219.063 277.620 219.063 277.620 316.081 243.917 316.081
244.499 220.032 278.245 220.032 278.245 316.702 244.499 316.702
245.215 222.828 278.750 222.828 278.750 319.892 245.215 319.892
246.238 223.652 279.655 223.652 279.655 320.731 246.238 320.731
246.124 225.241 279.596 225.241 279.596 322.252 246.124 322.252
245.806 224.853 279.092 224.853 279.092 322.324 245.806 322.324
246.374 224.663 279.499 224.663 279.499 322.621 246.374 322.621
247.287 225.665 280.526 225.665 280.526 323.647 247.287 323.647
248.456 226.237 281.728 226.237 281.728 324.119 248.456 324.119
248.582 224.619 281.748 224.619 281.748 322.899 248.582 322.899
248.113 225.778 281.208 225.778 281.208 324.717 248.113 324.717
247.047 226.957 280.321 226.957 280.321 325.621 247.047 325.621
246.003 227.574 279.389 227.574 279.389 325.940 246.003 325.940
245.284 227.624 278.828 227.624 278.828 325.581 245.284 325.581
245.218 227.720 278.836 227.720 278.836 325.659 245.218 325.659
199.604 212.443 234.656 212.443 234.656 307.789 199.604 307.789
198.754 213.001 234.285 213.001 234.285 307.146 198.754 307.146
199.749 214.910 235.419 214.910 235.419 308.449 199.749 308.449
201.298 216.452 237.156 216.452 237.156 309.091 201.298 309.091
201.791 219.342 237.564 219.342 237.564 311.268 201.791 311.268
202.697 220.997 238.451 220.997 238.451 312.302 202.697 312.302
204.999 222.763 240.519 222.763 240.519 314.010 204.999 314.010
206.963 224.160 242.548 224.160 242.548 315.260 206.963 315.260
208.731 224.179 244.191 224.179 244.191 315.322 208.731 315.322
210.234 224.910 245.726 224.910 245.726 316.283 210.234 316.283
212.042 224.584 247.348 224.584 247.348 316.483 212.042 316.483
213.569 225.461 248.691 225.461 248.691 317.759 213.569 317.759
213.435 225.955 248.495 225.955 248.495 318.468 213.435 318.468
214.613 226.692 249.583 226.692 249.583 318.988 214.613 318.988
216.249 229.130 251.347 229.130 251.347 321.069 216.249 321.069
217.273 230.159 252.514 230.159 252.514 321.855 217.273 321.855
217.893 231.799 253.117 231.799 253.117 323.202 217.893 323.202
218.338 232.927 253.671 232.927 253.671 324.642 218.338 324.642
219.076 232.190 254.439 232.190 254.439 324.470 219.076 324.470
219.927 231.917 255.141 231.917 255.141 324.998 219.927 324.998
220.761 232.708 256.067 232.708 256.067 326.372 220.761 326.372
221.896 231.654 257.145 231.654 257.145 325.895 221.896 325.895
223.484 234.693 258.741 234.693 258.741 328.970 223.484 328.970
224.663 235.319 259.887 235.319 259.887 329.665 224.663 329.665
225.321 235.433 260.255 235.433 260.255 329.903 225.321 329.903
227.520 236.277 262.178 236.277 262.178 330.881 227.520 330.881
229.165 234.898 263.962 234.898 263.962 329.568 229.165 329.568
230.163 235.460 264.952 235.460 264.952 330.402 230.163 330.402
230.950 236.119 265.746 236.119 265.746 331.844 230.950 331.844
230.653 239.445 265.434 239.445 265.434 335.379 230.653 335.379
232.183 238.249 267.102 238.249 267.102 334.309 232.183 334.309
232.695 242.960 267.417 242.960 267.417 339.691 232.695 339.691
233.589 239.937 268.547 239.937 268.547 336.432 233.589 336.432
234.456 243.149 269.325 243.149 269.325 339.800 234.456 339.800
236.156 245.282 270.827 245.282 270.827 341.981 236.156 341.981
235.913 244.765 270.936 244.765 270.936 341.182 235.913 341.182
236.147 248.473 271.324 248.473 271.324 345.135 236.147 345.135
236.527 249.820 272.034 249.820 272.034 346.371 236.527 346.371
236.689 250.739 272.293 250.739 272.293 347.302 236.689 347.302
236.806 248.496 272.532 248.496 272.532 345.243 236.806 345.243
236.875 248.136 272.710 248.136 272.710 344.954 236.875 344.954
236.775 248.137 272.642 248.137 272.642 344.792 236.775 344.792
237.619 249.149 273.518 249.149 273.518 345.866 237.619 345.866
237.674 248.574 273.426 248.574 273.426 345.597 237.674 345.597
237.866 249.065 273.670 249.065 273.670 346.165 237.866 346.165
237.830 249.606 273.591 249.606 273.591 346.994 237.830 346.994
238.912 249.268 274.804 249.268 274.804 347.133 238.912 347.133
238.690 250.104 274.458 250.104 274.458 348.617 238.690 348.617
240.097 249.870 276.016 249.870 276.016 348.939 240.097 348.939
240.040 251.044 275.863 251.044 275.863 350.564 240.040 350.564
240.035 255.413 275.688 255.413 275.688 355.497 240.035 355.497
240.113 257.228 275.620 257.228 275.620 357.454 240.113 357.454
240.113 255.881 275.727 255.881 275.727 356.149 240.113 356.149
240.871 257.806 276.373 257.806 276.373 358.207 240.871 358.207
240.989 256.536 276.899 256.536 276.899 356.882 240.989 356.882
240.548 259.170 276.659 259.170 276.659 359.620 240.548 359.620
239.747 257.091 276.358 257.091 276.358 357.394 239.747 357.394
236.045 255.374 272.675 255.374 272.675 355.875 236.045 355.875
237.677 255.221 274.572 255.221 274.572 355.989 237.677 355.989
237.767 254.970 274.932 254.970 274.932 355.787 237.767 355.787
237.665 255.777 275.023 255.777 275.023 356.866 237.665 356.866
237.723 257.744 275.231 257.744 275.231 358.840 237.723 358.840
238.122 259.696 275.791 259.696 275.791 360.673 238.122 360.673
238.730 264.582 276.309 264.582 276.309 365.606 238.730 365.606
239.394 263.330 276.923 263.330 276.923 364.647 239.394 364.647
239.284 263.664 276.776 263.664 276.776 365.304 239.284 365.304
235.339 258.064 272.826 258.064 272.826 359.549 235.339 359.549
238.187 260.115 275.629 260.115 275.629 362.230 238.187 362.230
238.141 261.483 275.778 261.483 275.778 364.126 238.141 364.126
239.046 263.150 276.700 263.150 276.700 366.242 239.046 366.242
239.327 267.894 276.919 267.894 276.919 371.356 239.327 371.356
239.504 271.321 277.090 271.321 277.090 375.086 239.504 375.086
240.026 269.905 277.637 269.905 277.637 373.919 240.026 373.919
240.128 273.517 277.786 273.517 277.786 377.244 240.128 377.244
239.687 271.923 277.562 271.923 277.562 376.023 239.687 376.023
239.362 272.976 277.246 272.976 277.246 376.987 239.362 376.987
238.514 271.064 276.687 271.064 276.687 375.293 238.514 375.293
237.669 270.648 276.203 270.648 276.203 375.191 237.669 375.191
233.166 262.893 271.753 262.893 271.753 367.449 233.166 367.449
235.489 264.699 274.200 264.699 274.200 369.605 235.489 369.605
235.870 267.946 274.948 267.946 274.948 373.106 235.870 373.106
236.347 269.518 275.525 269.518 275.525 375.395 236.347 375.395
236.979 272.309 276.145 272.309 276.145 378.823 236.979 378.823
237.150 272.939 276.429 272.939 276.429 380.065 237.150 380.065
237.620 274.813 277.049 274.813 277.049 382.069 237.620 382.069
238.282 273.786 277.952 273.786 277.952 381.640 238.282 381.640
238.532 272.412 278.212 272.412 278.212 381.190 238.532 381.190
239.624 273.758 279.075 273.758 279.075 384.325 239.624 384.325
239.956 272.856 279.600 272.856 279.600 384.392 239.956 384.392
240.412 274.379 280.347 274.379 280.347 386.125 240.412 386.125
240.625 274.245 281.067 274.245 281.067 385.735 240.625 385.735
241.212 275.859 281.989 275.859 281.989 387.044 241.212 387.044
240.909 277.859 281.786 277.859 281.786 388.393 240.909 388.393
240.667 279.624 281.551 279.624 281.551 389.855 240.667 389.855
240.742 279.710 281.832 279.710 281.832 389.235 240.742 389.235
240.475 281.314 281.698 281.314 281.698 390.252 240.475 390.252
240.731 281.715 281.811 281.715 281.811 390.760 240.731 390.760
240.792 282.575 282.034 282.575 282.034 391.453 240.792 391.453
241.209 283.011 282.455 283.011 282.455 392.355 241.209 392.355
241.466 281.940 282.757 281.940 282.757 391.449 241.466 391.449
241.851 282.573 283.059 282.573 283.059 392.432 241.851 392.432
242.111 282.438 283.370 282.438 283.370 392.258 242.111 392.258
242.749 287.357 284.025 287.357 284.025 396.826 242.749 396.826
242.736 287.560 283.814 287.560 283.814 396.923 242.736 396.923
243.166 289.283 283.958 289.283 283.958 398.683 243.166 398.683
243.673 288.815 284.242 288.815 284.242 398.420 243.673 398.420
244.723 288.949 285.013 288.949 285.013 398.992 244.723 398.992
244.748 288.979 284.970 288.979 284.970 399.500 244.748 399.500
246.578 288.978 286.996 288.978 286.996 399.728 246.578 399.728
246.618 289.570 287.385 289.570 287.385 400.160 246.618 400.160
246.560 289.822 287.730 289.822 287.730 400.016 246.560 400.016
247.564 291.775 288.660 291.775 288.660 401.593 247.564 401.593
247.633 294.387 288.758 294.387 288.758 403.640 247.633 403.640
248.270 296.842 289.420 296.842 289.420 405.585 248.270 405.585
247.888 297.209 288.823 297.209 288.823 405.679 247.888 405.679
247.753 297.182 288.753 297.182 288.753 405.739 247.753 405.739
247.411 298.265 288.667 298.265 288.667 406.840 247.411 406.840
247.734 298.157 289.149 298.157 289.149 406.936 247.734 406.936
248.788 298.295 290.182 298.295 290.182 407.773 248.788 407.773
249.064 298.915 290.601 298.915 290.601 408.446 249.064 408.446
249.612 298.457 291.233 298.457 291.233 408.119 249.612 408.119
249.988 300.802 291.866 300.802 291.866 409.898 249.988 409.898
251.403 304.001 293.024 304.001 293.024 413.077 251.403 413.077
252.134 305.788 293.589 305.788 293.589 414.644 252.134 414.644
253.492 305.117 294.830 305.117 294.830 413.657 253.492 413.657
254.337 305.741 295.787 305.741 295.787 414.239 254.337 414.239
254.853 306.689 296.256 306.689 296.256 415.678 254.853 415.678
255.948 306.005 297.594 306.005 297.594 415.712 255.948 415.712
257.332 304.351 298.893 304.351 298.893 414.920 257.332 414.920
258.692 303.904 300.327 303.904 300.327 414.906 258.692 414.906
259.672 304.330 301.590 304.330 301.590 415.532 259.672 415.532
260.432 305.262 302.759 305.262 302.759 416.087 260.432 416.087
261.243 309.836 304.179 309.836 304.179 419.789 261.243 419.789
262.574 310.719 305.376 310.719 305.376 420.185 262.574 420.185
263.685 311.848 306.455 311.848 306.455 420.501 263.685 420.501
264.655 313.914 307.218 313.914 307.218 422.200 264.655 422.200
265.946 313.917 308.325 313.917 308.325 422.205 265.946 422.205
266.849 314.364 309.185 314.364 309.185 422.739 266.849 422.739
267.992 314.168 310.387 314.168 310.387 422.571 267.992 422.571
269.409 313.740 312.226 313.740 312.226 422.167 269.409 422.167
270.423 316.448 313.596 316.448 313.596 424.953 270.423 424.953
271.283 316.330 314.507 316.330 314.507 425.032 271.283 425.032
271.855 318.951 315.255 318.951 315.255 427.857 271.855 427.857
274.065 321.152 316.831 321.152 316.831 430.945 274.065 430.945
275.942 323.669 318.468 323.669 318.468 433.827 275.942 433.827
278.007 324.992 320.316 324.992 320.316 435.388 278.007 435.388
279.453 326.235 321.728 326.235 321.728 437.256 279.453 437.256
280.716 326.403 322.823 326.403 322.823 438.509 280.716 438.509
281.751 325.097 323.857 325.097 323.857 438.444 281.751 438.444
284.037 324.376 326.346 324.376 326.346 438.327 284.037 438.327
286.037 323.930 328.500 323.930 328.500 438.537 286.037 438.537
286.886 325.492 329.884 325.492 329.884 439.882 286.886 439.882
287.098 328.395 330.538 328.395 330.538 442.224 287.098 442.224
288.393 329.292 331.831 329.292 331.831 443.290 288.393 443.290
289.635 330.592 333.301 330.592 333.301 443.821 289.635 443.821
