158.000 338.000 171.000 338.000 171.000 385.000 158.000 385.000
157.823 340.381 172.238 340.381 172.238 385.392 157.823 385.392
158.867 339.968 174.371 339.968 174.371 383.451 158.867 383.451
159.986 342.054 176.225 342.054 176.225 384.332 159.986 384.332
161.924 341.917 178.443 341.917 178.443 383.648 161.924 383.648
163.576 342.811 180.329 342.811 180.329 384.224 163.576 384.224
165.741 342.124 182.699 342.124 182.699 383.428 165.741 383.428
170.716 345.806 187.900 345.806 187.900 386.798 170.716 386.798
172.069 343.996 189.438 343.996 189.438 384.880 172.069 384.880
173.644 346.638 191.114 346.638 191.114 386.939 173.644 386.939
175.919 347.376 193.414 347.376 193.414 387.415 175.919 387.415
181.300 346.747 198.769 346.747 198.769 387.011 181.300 387.011
183.182 347.234 200.662 347.234 200.662 387.263 183.182 387.263
187.531 348.245 204.868 348.245 204.868 388.151 187.531 388.151
189.663 348.995 207.075 348.995 207.075 388.696 189.663 388.696
191.763 350.357 209.131 350.357 209.131 389.813 191.763 389.813
196.229 350.632 213.536 350.632 213.536 389.710 196.229 389.710
200.749 353.173 217.778 353.173 217.778 392.212 200.749 392.212
202.066 352.174 218.907 352.174 218.907 391.191 202.066 391.191
206.387 353.294 223.100 353.294 223.100 392.237 206.387 392.237
208.110 353.203 224.732 353.203 224.732 391.977 208.110 391.977
209.584 352.956 226.153 352.956 226.153 391.753 209.584 391.753
214.608 355.624 231.131 355.624 231.131 394.387 214.608 394.387
218.860 356.960 235.348 356.960 235.348 395.684 218.860 395.684
220.474 356.709 237.001 356.709 237.001 395.197 220.474 395.197
225.235 358.188 241.755 358.188 241.755 396.509 225.235 396.509
226.506 358.478 243.013 358.478 243.013 396.786 226.506 396.786
230.905 358.311 247.321 358.311 247.321 396.724 230.905 396.724
232.278 358.951 248.821 358.951 248.821 397.188 232.278 397.188
236.860 359.292 253.211 359.292 253.211 397.560 236.860 397.560
240.543 360.453 257.059 360.453 257.059 398.261 240.543 398.261
241.664 362.238 258.403 362.238 258.403 399.355 241.664 399.355
245.459 363.193 262.214 363.193 262.214 400.048 245.459 400.048
248.838 363.328 266.120 363.328 266.120 399.337 248.838 399.337
252.440 363.076 269.853 363.076 269.853 398.524 252.440 398.524
253.571 363.855 271.222 363.855 271.222 398.731 253.571 398.731
256.987 363.857 274.450 363.857 274.450 398.754 256.987 398.754
260.864 363.567 278.065 363.567 278.065 398.509 260.864 398.509
264.344 365.558 281.562 365.558 281.562 400.176 264.344 400.176
267.969 367.494 285.058 367.494 285.058 402.035 267.969 402.035
271.765 367.678 288.839 367.678 288.839 402.170 271.765 402.170
272.766 366.521 290.036 366.521 290.036 400.702 272.766 400.702
273.824 367.331 291.410 367.331 291.410 401.124 273.824 401.124
275.578 366.709 293.394 366.709 293.394 400.170 275.578 400.170
276.482 367.246 294.532 367.246 294.532 400.459 276.482 400.459
283.857 369.081 302.117 369.081 302.117 401.925 283.857 401.925
287.970 371.076 306.287 371.076 306.287 403.550 287.970 403.550
289.647 372.435 307.846 372.435 307.846 404.947 289.647 404.947
293.985 372.856 312.129 372.856 312.129 405.316 293.985 405.316
295.419 371.548 313.430 371.548 313.430 404.259 295.419 404.259
299.293 371.772 317.376 371.772 317.376 404.373 299.293 404.373
300.304 372.348 318.316 372.348 318.316 404.884 300.304 404.884
304.215 373.346 322.331 373.346 322.331 405.823 304.215 405.823
308.454 373.884 326.323 373.884 326.323 406.585 308.454 406.585
309.377 373.425 327.397 373.425 327.397 406.114 309.377 406.114
316.454 373.393 334.429 373.393 334.429 406.052 316.454 406.052
317.566 374.311 335.620 374.311 335.620 406.958 317.566 406.958
324.111 373.287 342.068 373.287 342.068 405.907 324.111 405.907
327.718 374.056 345.647 374.056 345.647 406.478 327.718 406.478
330.973 375.674 348.796 375.674 348.796 408.025 330.973 408.025
334.360 375.809 351.997 375.809 351.997 408.328 334.360 408.328
337.339 376.987 354.845 376.987 354.845 409.418 337.339 409.418
337.848 376.283 355.254 376.283 355.254 408.768 337.848 408.768
338.866 376.523 356.504 376.523 356.504 408.553 338.866 408.553
343.297 377.472 361.068 377.472 361.068 409.184 343.297 409.184
347.589 377.382 365.507 377.382 365.507 408.982 347.589 408.982
349.025 377.772 366.841 377.772 366.841 409.325 349.025 409.325
352.984 378.516 370.785 378.516 370.785 410.147 352.984 410.147
354.756 378.000 372.595 378.000 372.595 409.620 354.756 409.620
359.115 378.115 376.927 378.115 376.927 409.637 359.115 409.637
360.111 376.912 377.766 376.912 377.766 408.496 360.111 408.496
363.936 370.056 381.411 370.056 381.411 401.546 363.936 401.546
365.207 370.435 382.503 370.435 382.503 402.155 365.207 402.155
368.852 367.403 385.956 367.403 385.956 399.577 368.852 399.577
369.576 367.190 386.335 367.190 386.335 399.829 369.576 399.829
366.937 363.623 383.469 363.623 383.469 396.651 366.937 396.651
370.483 362.241 386.789 362.241 386.789 395.689 370.483 395.689
376.971 365.238 392.885 365.238 392.885 399.102 376.971 399.102
380.505 350.586 396.711 350.586 396.711 384.089 380.505 384.089
386.711 344.336 403.024 344.336 403.024 377.946 386.711 377.946
387.422 340.203 403.784 340.203 403.784 373.759 387.422 373.759
388.242 338.568 404.532 338.568 404.532 372.181 388.242 372.181
389.298 333.302 405.707 333.302 405.707 366.853 389.298 366.853
392.946 328.763 409.671 328.763 409.671 361.985 392.946 361.985
396.326 327.928 413.243 327.928 413.243 360.887 396.326 360.887
400.035 325.421 416.734 325.421 416.734 358.487 400.035 358.487
403.565 321.069 420.247 321.069 420.247 354.282 403.565 354.282
407.007 319.122 423.644 319.122 423.644 352.523 407.007 352.523
407.557 314.433 424.262 314.433 424.262 347.736 407.557 347.736
408.205 309.525 424.915 309.525 424.915 342.930 408.205 342.930
411.642 308.747 428.295 308.747 428.295 342.117 411.642 342.117
427.352 306.924 443.575 306.924 443.575 340.731 427.352 340.731
427.644 307.125 443.503 307.125 443.503 341.348 427.644 341.348
427.926 304.056 443.555 304.056 443.555 338.437 427.926 338.437
427.833 298.135 443.433 298.135 443.433 332.494 427.833 332.494
427.958 291.372 443.222 291.372 443.222 326.230 427.958 326.230
428.560 286.415 443.872 286.415 443.872 321.192 428.560 321.192
434.786 284.078 449.772 284.078 449.772 319.320 434.786 319.320
434.599 280.337 450.222 280.337 450.222 314.813 434.599 314.813
437.016 279.583 452.858 279.583 452.858 313.912 437.016 313.912
439.878 274.908 455.843 274.908 455.843 309.141 439.878 309.141
442.781 271.929 458.900 271.929 458.900 306.065 442.781 306.065
442.743 267.281 459.187 267.281 459.187 301.428 442.743 301.428
446.006 260.419 462.771 260.419 462.771 294.299 446.006 294.299
446.394 256.313 463.339 256.313 463.339 290.242 446.394 290.242
449.270 254.227 466.464 254.227 466.464 288.050 449.270 288.050
449.606 251.568 466.773 251.568 466.773 285.588 449.606 285.588
450.105 244.451 467.250 244.451 467.250 278.300 450.105 278.300
456.726 241.512 473.930 241.512 473.930 275.539 456.726 275.539
460.006 238.069 477.147 238.069 477.147 272.301 460.006 272.301
459.775 236.506 476.964 236.506 476.964 270.772 459.775 270.772
460.196 231.399 477.385 231.399 477.385 265.895 460.196 265.895
460.271 225.917 477.374 225.917 477.374 260.222 460.271 260.222
469.588 222.628 486.609 222.628 486.609 257.060 469.588 257.060
469.185 219.149 486.365 219.149 486.365 253.389 469.185 253.389
472.013 217.299 489.331 217.299 489.331 251.393 472.013 251.393
475.097 215.385 492.369 215.385 492.369 249.633 475.097 249.633
471.860 208.712 489.220 208.712 489.220 242.929 471.860 242.929
477.930 204.848 495.282 204.848 495.282 239.081 477.930 239.081
477.949 201.431 495.432 201.431 495.432 235.528 477.949 235.528
477.879 197.641 495.380 197.641 495.380 231.809 477.879 231.809
474.321 192.189 491.885 192.189 491.885 226.300 474.321 226.300
474.005 183.708 491.503 183.708 491.503 217.741 474.005 217.741
461.011 195.929 478.263 195.929 478.263 230.000 461.011 230.000
458.214 190.720 475.389 190.720 475.389 224.758 458.214 224.758
458.722 185.473 475.819 185.473 475.819 219.556 458.722 219.556
455.959 179.242 472.983 179.242 472.983 213.278 455.959 213.278
462.519 174.624 479.551 174.624 479.551 208.611 462.519 208.611
459.580 160.733 476.507 160.733 476.507 194.529 459.580 194.529
472.387 153.421 489.763 153.421 489.763 186.800 472.387 186.800
478.206 155.722 495.676 155.722 495.676 189.112 478.206 189.112
480.566 157.328 498.131 157.328 498.131 190.969 480.566 190.969
479.854 157.189 497.589 157.189 497.589 190.783 479.854 190.783
479.444 157.082 497.534 157.082 497.534 190.492 479.444 190.492
478.998 156.932 497.408 156.932 497.408 190.212 478.998 190.212
478.700 157.011 497.368 157.011 497.368 190.113 478.700 190.113
481.678 158.781 500.429 158.781 500.429 191.935 481.678 191.935
481.719 157.384 500.509 157.384 500.509 190.638 481.719 190.638
482.179 158.857 501.089 158.857 501.089 192.271 482.179 192.271
482.483 157.603 501.505 157.603 501.505 191.319 482.483 191.319
485.680 158.499 504.637 158.499 504.637 192.368 485.680 192.368
488.284 157.404 507.269 157.404 507.269 191.434 488.284 191.434
491.008 159.017 510.062 159.017 510.062 193.396 491.008 193.396
487.414 156.772 506.658 156.772 506.658 191.365 487.414 191.365
490.295 157.943 509.531 157.943 509.531 193.051 490.295 193.051
489.568 156.578 508.953 156.578 508.953 191.862 489.568 191.862
488.719 155.966 508.180 155.966 508.180 191.599 488.719 191.599
488.692 157.663 508.157 157.663 508.157 193.672 488.692 193.672
481.796 156.334 501.241 156.334 501.241 192.377 481.796 192.377
478.393 159.192 497.566 159.192 497.566 195.295 478.393 195.295
468.125 156.275 487.494 156.275 487.494 192.335 468.125 192.335
464.248 157.785 483.615 157.785 483.615 193.807 464.248 193.807
453.335 156.435 472.783 156.435 472.783 192.341 453.335 192.341
449.439 158.030 468.878 158.030 468.878 193.821 449.439 193.821
442.204 155.306 461.766 155.306 461.766 190.987 442.204 190.987
434.960 154.267 454.462 154.267 454.462 189.727 434.960 189.727
427.870 156.546 447.417 156.546 447.417 191.688 427.870 191.688
420.801 155.654 440.466 155.654 440.466 190.792 420.801 190.792
413.650 154.106 433.251 154.106 433.251 189.195 413.650 189.195
403.281 153.492 422.973 153.492 422.973 188.059 403.281 188.059
399.601 156.157 419.408 156.157 419.408 190.709 399.601 190.709
388.858 154.883 408.692 154.883 408.692 189.389 388.858 189.389
385.665 156.011 405.429 156.011 405.429 190.583 385.665 190.583
378.509 156.965 398.124 156.965 398.124 191.715 378.509 191.715
371.243 155.647 390.799 155.647 390.799 190.540 371.243 190.540
361.062 158.193 380.382 158.193 380.382 193.262 361.062 193.262
350.873 157.892 370.293 157.892 370.293 192.687 350.873 192.687
344.084 157.473 363.925 157.473 363.925 191.850 344.084 191.850
333.978 156.438 353.762 156.438 353.762 190.898 333.978 190.898
333.916 158.623 353.880 158.623 353.880 192.848 333.916 192.848
330.135 160.871 349.709 160.871 349.709 195.380 330.135 195.380
319.925 159.574 339.243 159.574 339.243 194.213 319.925 194.213
316.438 160.973 335.551 160.973 335.551 195.806 316.438 195.806
309.153 159.947 327.993 159.947 327.993 195.030 309.153 195.030
311.938 161.560 331.808 161.560 331.808 195.367 311.938 195.367
304.652 161.946 325.232 161.946 325.232 194.883 304.652 194.883
291.174 160.274 310.996 160.274 310.996 193.830 291.174 193.830
284.091 159.549 303.306 159.549 303.306 193.468 284.091 193.468
273.799 160.702 292.483 160.702 292.483 195.027 273.799 195.027
266.535 159.490 284.670 159.490 284.670 194.267 266.535 194.267
259.547 160.949 277.519 160.949 277.519 196.029 259.547 196.029
252.314 162.161 270.051 162.161 270.051 197.439 252.314 197.439
239.172 158.634 257.107 158.634 257.107 193.508 239.172 193.508
235.008 159.970 253.100 159.970 253.100 194.744 235.008 194.744
224.418 157.766 243.011 157.766 243.011 192.111 224.418 192.111
217.362 158.211 236.104 158.211 236.104 192.444 217.362 192.444
207.168 159.352 225.986 159.352 225.986 193.337 207.168 193.337
200.397 160.345 219.167 160.345 219.167 194.118 200.397 194.118
193.435 160.012 212.147 160.012 212.147 193.574 193.435 193.574
190.100 161.744 209.067 161.744 209.067 195.230 190.100 195.230
189.754 163.610 208.947 163.610 208.947 197.102 189.754 197.102
186.819 164.584 206.013 164.584 206.013 198.014 186.819 198.014
186.745 164.370 206.393 164.370 206.393 197.377 186.745 197.377
186.471 166.553 206.396 166.553 206.396 199.350 186.471 199.350
183.463 165.855 203.410 165.855 203.410 198.761 183.463 198.761
184.024 164.739 204.013 164.739 204.013 197.827 184.024 197.827
184.122 164.700 204.293 164.700 204.293 197.919 184.122 197.919
184.278 164.193 204.654 164.193 204.654 197.410 184.278 197.410
184.170 162.778 204.605 162.778 204.605 196.321 184.170 196.321
184.337 163.224 204.674 163.224 204.674 197.064 184.337 197.064
184.970 162.714 205.076 162.714 205.076 196.834 184.970 196.834
184.888 162.206 205.289 162.206 205.289 196.288 184.888 196.288
185.065 161.576 205.409 161.576 205.409 195.963 185.065 195.963
185.264 160.801 205.744 160.801 205.744 195.236 185.264 195.236
185.443 160.501 206.030 160.501 206.030 195.007 185.443 195.007
185.837 159.576 206.410 159.576 206.410 194.392 185.837 194.392
185.634 159.178 206.486 159.178 206.486 194.124 185.634 194.124
185.733 158.702 206.610 158.702 206.610 193.951 185.733 193.951
185.846 158.577 206.607 158.577 206.607 194.219 185.846 194.219
183.017 158.198 203.540 158.198 203.540 194.175 183.017 194.175
183.721 158.847 204.131 158.847 204.131 195.111 183.721 195.111
184.250 158.307 204.625 158.307 204.625 194.913 184.250 194.913
185.240 157.129 205.601 157.129 205.601 194.109 185.240 194.109
185.623 156.819 205.984 156.819 205.984 194.167 185.623 194.167
189.041 157.260 209.458 157.260 209.458 194.748 189.041 194.748
189.066 156.216 209.533 156.216 209.533 193.719 189.066 193.719
192.141 155.783 212.643 155.783 212.643 193.613 192.141 193.613
191.896 157.360 212.628 157.360 212.628 195.355 191.896 195.355
191.389 156.516 212.330 156.516 212.330 194.360 191.389 194.360
187.989 158.272 208.924 158.272 208.924 196.180 187.989 196.180
199.607 136.516 219.414 136.516 219.414 175.526 199.607 175.526
200.396 135.000 219.627 135.000 219.627 174.623 200.396 174.623
201.121 130.743 220.135 130.743 220.135 170.502 201.121 170.502
201.921 133.565 220.656 133.565 220.656 173.525 201.921 173.525
202.609 135.544 220.995 135.544 220.995 175.974 202.609 175.974
206.780 137.196 224.485 137.196 224.485 178.503 206.780 178.503
207.357 135.004 224.709 135.004 224.709 176.990 207.357 176.990
211.251 133.687 228.615 133.687 228.615 175.723 211.251 175.723
212.043 134.848 229.149 134.848 229.149 177.304 212.043 177.304
215.396 134.223 232.774 134.223 232.774 176.334 215.396 176.334
218.338 134.663 236.047 134.663 236.047 176.266 218.338 176.266
219.061 134.330 236.930 134.330 236.930 175.688 219.061 175.688
219.853 133.545 237.950 133.545 237.950 174.581 219.853 174.581
223.849 136.035 241.670 136.035 241.670 177.530 223.849 177.530
227.439 152.885 245.434 152.885 245.434 193.932 227.439 193.932
227.507 143.026 245.480 143.026 245.480 184.016 227.507 184.016
228.160 137.561 245.792 137.561 245.792 179.040 228.160 179.040
231.645 140.277 249.220 140.277 249.220 181.676 231.645 181.676
232.354 139.428 250.128 139.428 250.128 180.544 232.354 180.544
233.183 139.189 251.069 139.189 251.069 180.141 233.183 180.141
237.000 140.545 255.131 140.545 255.131 181.189 237.000 181.189
237.621 140.095 255.918 140.095 255.918 180.373 237.621 180.373
241.579 138.912 260.111 138.912 260.111 178.732 241.579 178.732
242.167 140.929 260.754 140.929 260.754 180.654 242.167 180.654
245.453 139.679 264.161 139.679 264.161 179.179 245.453 179.179
245.547 138.296 264.442 138.296 264.442 177.443 245.547 177.443
248.547 140.533 267.485 140.533 267.485 179.461 248.547 179.461
248.838 141.871 267.544 141.871 267.544 181.122 248.838 181.122
252.090 144.946 270.688 144.946 270.688 184.258 252.090 184.258
255.639 144.803 274.096 144.803 274.096 184.080 255.639 184.080
256.108 147.762 274.185 147.762 274.185 187.411 256.108 187.411
260.428 153.465 278.706 153.465 278.706 192.670 260.428 192.670
264.159 145.766 282.514 145.766 282.514 184.791 264.159 184.791
267.591 145.377 285.912 145.377 285.912 184.332 267.591 184.332
267.833 144.411 286.223 144.411 286.223 183.206 267.833 183.206
271.156 143.931 289.525 143.931 289.525 182.571 271.156 182.571
274.598 146.996 292.820 146.996 292.820 185.695 274.598 185.695
274.449 145.768 292.633 145.768 292.633 184.183 274.449 184.183
275.394 147.175 293.466 147.175 293.466 185.500 275.394 185.500
276.686 149.774 294.310 149.774 294.310 188.525 276.686 188.525
280.765 148.821 298.338 148.821 298.338 187.475 280.765 187.475
281.226 150.743 298.511 150.743 298.511 189.666 281.226 189.666
284.986 148.927 302.035 148.927 302.035 188.111 284.986 188.111
292.216 143.190 309.522 143.190 309.522 181.739 292.216 181.739
292.698 143.696 310.309 143.696 310.309 181.536 292.698 181.536
296.205 145.274 314.000 145.274 314.000 182.706 296.205 182.706
299.381 145.957 317.566 145.957 317.566 182.604 299.381 182.604
303.006 147.411 321.325 147.411 321.325 183.474 303.006 183.474
303.475 146.964 322.028 146.964 322.028 182.538 303.475 182.538
307.035 147.095 325.613 147.095 325.613 182.278 307.035 182.278
310.318 148.329 329.115 148.329 329.115 182.957 310.318 182.957
313.339 149.394 332.191 149.394 332.191 183.628 313.339 183.628
313.695 150.961 332.482 150.961 332.482 184.887 313.695 184.887
317.353 150.866 336.117 150.866 336.117 184.454 317.353 184.454
317.461 150.831 336.165 150.831 336.165 184.217 317.461 184.217
321.045 149.077 339.727 149.077 339.727 182.283 321.045 182.283
327.619 151.411 346.193 151.411 346.193 184.274 327.619 184.274
328.087 151.831 346.693 151.831 346.693 184.385 328.087 184.385
328.523 151.368 347.050 151.368 347.050 183.717 328.523 183.717
332.233 151.720 350.580 151.720 350.580 184.005 332.233 184.005
339.145 153.988 357.232 153.988 357.232 186.298 339.145 186.298
342.764 156.098 360.514 156.098 360.514 188.416 342.764 188.416
343.266 155.817 361.003 155.817 361.003 187.843 343.266 187.843
349.831 155.943 367.421 155.943 367.421 187.706 349.831 187.706
353.111 156.038 370.849 156.038 370.849 187.398 353.111 187.398
356.573 156.612 374.388 156.612 374.388 187.765 356.573 187.765
360.051 156.092 377.919 156.092 377.919 187.128 360.051 187.128
363.340 158.514 381.192 158.514 381.192 189.214 363.340 189.214
364.026 158.193 381.730 158.193 381.730 188.554 364.026 188.554
370.492 158.523 388.200 158.523 388.200 188.410 370.492 188.410
379.730 159.784 398.233 159.784 398.233 188.500 379.730 188.500
385.706 163.187 404.506 163.187 404.506 191.364 385.706 191.364
392.724 165.237 411.012 165.237 411.012 193.616 392.724 193.616
398.923 163.865 416.954 163.865 416.954 192.362 398.923 192.362
402.502 165.825 420.028 165.825 420.028 194.540 402.502 194.540
400.168 166.838 417.553 166.838 417.553 195.650 400.168 195.650
407.056 165.740 424.190 165.740 424.190 194.825 407.056 194.825
407.739 166.526 424.826 166.526 424.826 195.657 407.739 195.657
408.540 165.307 425.622 165.307 425.622 194.444 408.540 194.444
412.187 163.834 429.233 163.834 429.233 193.020 412.187 193.020
412.569 163.558 429.612 163.558 429.612 192.749 412.569 192.749
412.825 163.080 429.867 163.080 429.867 192.271 412.825 192.271
413.056 163.308 430.098 163.308 430.098 192.499 413.056 192.499
439.960 169.544 456.835 169.544 456.835 199.096 439.960 199.096
449.010 170.582 465.706 170.582 465.706 200.378 449.010 200.378
458.700 168.895 475.196 168.895 475.196 198.787 458.700 198.787
462.608 167.786 478.922 167.786 478.922 197.499 462.608 197.499
468.701 171.977 484.856 171.977 484.856 201.718 468.701 201.718
474.949 171.178 490.844 171.178 490.844 200.983 474.949 200.983
475.175 173.569 491.047 173.569 491.047 203.184 475.175 203.184
478.801 175.485 494.777 175.485 494.777 204.881 478.801 204.881
488.257 174.653 504.140 174.653 504.140 204.069 488.257 204.069
488.801 173.061 504.433 173.061 504.433 202.498 488.801 202.498
495.057 175.801 510.713 175.801 510.713 205.041 495.057 205.041
501.267 174.796 517.033 174.796 517.033 203.922 501.267 203.922
507.231 173.164 522.989 173.164 522.989 202.418 507.231 202.418
507.444 180.790 523.199 180.790 523.199 209.932 507.444 209.932
518.874 179.791 534.841 179.791 534.841 208.785 518.874 208.785
524.632 181.719 540.735 181.719 540.735 210.704 524.632 210.704
527.725 183.108 543.851 183.108 543.851 211.967 527.725 211.967
536.612 180.963 552.824 180.963 552.824 209.541 536.612 209.541
540.049 180.472 556.192 180.472 556.192 208.724 540.049 208.724
548.861 181.181 565.051 181.181 565.051 209.030 548.861 209.030
552.694 180.472 568.833 180.472 568.833 208.084 552.694 208.084
558.604 182.574 575.231 182.574 575.231 209.619 558.604 209.619
564.308 184.423 580.602 184.423 580.602 211.571 564.308 211.571
567.393 185.351 583.577 185.351 583.577 212.636 567.393 212.636
573.453 186.066 589.356 186.066 589.356 213.627 573.453 213.627
574.270 185.003 590.034 185.003 590.034 212.686 574.270 212.686
577.559 190.682 593.212 190.682 593.212 218.668 577.559 218.668
585.895 188.459 601.601 188.459 601.601 216.302 585.895 216.302
594.290 189.427 609.855 189.427 609.855 217.440 594.290 217.440
591.708 193.381 607.161 193.381 607.161 221.518 591.708 221.518
595.402 191.373 610.653 191.373 610.653 219.750 595.402 219.750
595.831 189.943 611.353 189.943 611.353 217.983 595.831 217.983
603.861 189.758 619.941 189.758 619.941 217.257 603.861 217.257
608.982 188.842 625.100 188.842 625.100 216.289 608.982 216.289
617.246 193.588 633.065 193.588 633.065 221.431 617.246 221.431
614.356 197.969 629.844 197.969 629.844 226.525 614.356 226.525
617.020 197.602 632.353 197.602 632.353 226.385 617.020 226.385
616.958 201.422 632.045 201.422 632.045 230.699 616.958 230.699
619.687 201.807 634.255 201.807 634.255 231.822 619.687 231.822
619.487 200.032 633.842 200.032 633.842 230.367 619.487 230.367
619.370 198.786 633.545 198.786 633.545 229.387 619.370 229.387
610.722 199.745 624.903 199.745 624.903 230.356 610.722 230.356
618.876 198.328 632.814 198.328 632.814 229.311 618.876 229.311
618.976 197.265 632.757 197.265 632.757 228.490 618.976 228.490
618.682 199.420 632.350 199.420 632.350 230.791 618.682 230.791
618.602 198.387 632.196 198.387 632.196 229.881 618.602 229.881
618.552 200.371 632.053 200.371 632.053 232.015 618.552 232.015
618.377 199.183 631.916 199.183 631.916 230.792 618.377 230.792
618.330 198.656 631.897 198.656 631.897 230.240 618.330 230.240
609.381 199.532 623.027 199.532 623.027 231.036 609.381 231.036
609.393 201.358 623.092 201.358 623.092 232.782 609.393 232.782
606.965 201.889 620.782 201.889 620.782 233.082 606.965 233.082
609.722 200.070 623.612 200.070 623.612 231.206 609.722 231.206
607.346 201.133 621.349 201.133 621.349 232.163 607.346 232.163
607.577 202.270 621.608 202.270 621.608 233.285 607.577 233.285
610.268 200.472 624.338 200.472 624.338 231.411 610.268 231.411
607.873 200.996 621.943 200.996 621.943 231.915 607.873 231.915
607.884 200.967 621.983 200.967 621.983 231.912 607.884 231.912
608.160 201.144 622.334 201.144 622.334 232.137 608.160 232.137
608.259 202.105 622.402 202.105 622.402 233.178 608.259 233.178
608.355 202.576 622.512 202.576 622.512 233.685 608.355 233.685
608.539 200.781 622.695 200.781 622.695 231.900 608.539 231.900
608.629 201.470 622.811 201.470 622.811 232.565 608.629 232.565
608.710 199.497 622.950 199.497 622.950 230.490 608.710 230.490
608.744 200.498 622.937 200.498 622.937 231.500 608.744 231.500
608.806 201.379 622.983 201.379 622.983 232.322 608.806 232.322
608.925 201.306 623.087 201.306 623.087 232.298 608.925 232.298
608.963 201.568 623.130 201.568 623.130 232.590 608.963 232.590
608.861 199.699 623.022 199.699 623.022 230.686 608.861 230.686
608.709 200.860 622.916 200.860 622.916 231.779 608.709 231.779
608.955 199.690 623.103 199.690 623.103 230.620 608.955 230.620
608.903 200.783 623.076 200.783 623.076 231.662 608.903 231.662
608.645 201.575 622.828 201.575 622.828 232.451 608.645 232.451
608.808 201.721 622.993 201.721 622.993 232.607 608.808 232.607
608.587 202.041 622.770 202.041 622.770 232.933 608.587 232.933
616.668 200.203 631.014 200.203 631.014 231.122 616.668 231.122
616.544 201.320 630.953 201.320 630.953 232.216 616.544 232.216
619.327 197.257 633.297 197.257 633.297 228.728 619.327 228.728
619.256 196.140 632.782 196.140 632.782 228.299 619.256 228.299
616.057 195.405 629.723 195.405 629.723 227.565 616.057 227.565
618.595 197.614 632.187 197.614 632.187 229.909 618.595 229.909
618.265 199.380 631.962 199.380 631.962 231.571 618.265 231.571
617.931 209.878 631.850 209.878 631.850 241.742 617.931 241.742
617.827 208.968 631.824 208.968 631.824 240.780 617.827 240.780
617.698 207.711 631.773 207.711 631.773 239.496 617.698 239.496
618.154 206.930 632.369 206.930 632.369 238.603 618.154 238.603
618.621 209.766 632.899 209.766 632.899 241.282 618.621 241.282
618.568 209.555 632.848 209.555 632.848 241.032 618.568 241.032
618.392 209.133 632.672 209.133 632.672 240.609 618.392 240.609
608.837 217.984 623.519 217.984 623.519 248.649 608.837 248.649
608.348 218.240 624.065 218.240 624.065 247.741 608.348 247.741
605.573 221.242 621.259 221.242 621.259 251.001 605.573 251.001
617.281 220.714 632.703 220.714 632.703 250.913 617.281 250.913
617.643 220.047 632.945 220.047 632.945 250.376 617.643 250.376
617.805 219.397 632.682 219.397 632.682 250.196 617.805 250.196
617.834 211.807 632.616 211.807 632.616 242.635 617.834 242.635
617.697 207.982 632.418 207.982 632.418 238.986 617.697 238.986
617.898 200.984 632.571 200.984 632.571 232.062 617.898 232.062
606.499 193.475 621.380 193.475 621.380 224.254 606.499 224.254
606.209 193.264 621.161 193.264 621.161 223.993 606.209 223.993
608.556 194.743 623.480 194.743 623.480 225.443 608.556 225.443
616.943 196.618 631.712 196.618 631.712 227.470 616.943 227.470
619.615 201.089 634.177 201.089 634.177 232.177 619.615 232.177
619.257 199.926 633.811 199.926 633.811 231.024 619.257 231.024
618.485 198.392 633.038 198.392 633.038 229.491 618.485 229.491
615.293 196.045 629.825 196.045 629.825 227.193 615.293 227.193
615.112 194.209 629.644 194.209 629.644 225.364 615.112 225.364
614.923 192.636 629.453 192.636 629.453 223.791 614.923 223.791
597.122 192.492 612.798 192.492 612.798 222.341 597.122 222.341
608.011 192.099 624.238 192.099 624.238 221.340 608.011 221.340
617.552 193.198 633.362 193.198 633.362 222.885 617.552 222.885
620.451 194.232 635.801 194.232 635.801 224.320 620.451 224.320
617.248 196.217 632.415 196.217 632.415 226.503 617.248 226.503
617.061 195.856 632.199 195.856 632.199 226.163 617.061 226.163
617.160 191.909 632.191 191.909 632.191 222.344 617.160 222.344
616.982 193.925 631.991 193.925 631.991 224.413 616.982 224.413
616.358 189.481 631.373 189.481 631.373 219.980 616.358 219.980
616.702 187.610 631.711 187.610 631.711 218.120 616.702 218.120
616.904 186.149 631.896 186.149 631.896 216.686 616.904 216.686
616.793 184.829 631.776 184.829 631.776 215.375 616.793 215.375
605.368 180.029 620.218 180.029 620.218 210.785 605.368 210.785
614.218 179.485 628.778 179.485 628.778 210.775 614.218 210.775
617.275 178.902 631.648 178.902 631.648 210.323 617.275 210.323
617.100 177.979 631.474 177.979 631.474 209.390 617.100 209.390
617.009 176.042 631.388 176.042 631.388 207.449 617.009 207.449
616.964 168.482 631.434 168.482 631.434 199.825 616.964 199.825
616.646 166.287 631.115 166.287 631.115 197.634 616.646 197.634
615.921 163.891 630.391 163.891 630.391 195.238 615.921 195.238
615.890 155.199 630.318 155.199 630.318 186.742 615.890 186.742
619.070 151.659 633.464 151.659 633.464 183.224 619.070 183.224
618.381 150.255 632.774 150.255 632.774 181.822 618.381 181.822
617.982 122.493 632.370 122.493 632.370 153.884 617.982 153.884
620.772 121.050 634.923 121.050 634.923 152.633 620.772 152.633
620.527 118.453 634.673 118.453 634.673 150.044 620.527 150.044
620.044 116.651 634.190 116.651 634.190 148.243 620.044 148.243
593.773 125.474 609.289 125.474 609.289 155.416 593.773 155.416
599.597 126.205 615.570 126.205 615.570 155.592 599.597 155.592
593.677 132.494 610.497 132.494 610.497 160.829 593.677 160.829
596.344 132.601 613.522 132.601 613.522 160.463 596.344 160.463
596.861 135.478 614.095 135.478 614.095 163.261 596.861 163.261
613.506 138.128 631.220 138.128 631.220 165.395 613.506 165.395
616.899 137.212 633.833 137.212 633.833 165.413 616.899 165.413
617.267 127.793 633.695 127.793 633.695 156.434 617.267 156.434
617.576 118.119 633.255 118.119 633.255 147.556 617.576 147.556
617.486 114.447 633.096 114.447 633.096 143.910 617.486 143.910
617.484 111.031 633.035 111.031 633.035 140.514 617.484 140.514
617.611 110.138 633.132 110.138 633.132 139.652 617.611 139.652
617.358 106.881 632.830 106.881 632.830 136.445 617.358 136.445
617.764 96.619 632.876 96.619 632.876 126.505 617.764 126.505
617.979 91.983 632.943 91.983 632.943 122.086 617.979 122.086
617.730 96.073 632.653 96.073 632.653 126.143 617.730 126.143
617.409 106.680 632.195 106.680 632.195 136.768 617.409 136.768
617.252 109.276 631.952 109.276 631.952 139.343 617.252 139.343
619.656 103.184 634.012 103.184 634.012 133.658 619.656 133.658
619.526 104.734 633.795 104.734 633.795 135.318 619.526 135.318
616.367 91.980 630.653 91.980 630.653 122.538 616.367 122.538
616.265 93.646 630.656 93.646 630.656 124.077 616.265 124.077
618.797 98.975 633.081 98.975 633.081 129.446 618.797 129.446
618.672 104.044 632.798 104.044 632.798 134.579 618.672 134.579
618.497 105.980 632.613 105.980 632.613 136.522 618.497 136.522
618.298 104.597 632.413 104.597 632.413 135.143 618.298 135.143
618.385 78.499 632.458 78.499 632.458 109.167 618.385 109.167
617.792 75.788 631.819 75.788 631.819 106.516 617.792 106.516
617.668 78.329 631.667 78.329 631.667 109.116 617.668 109.116
617.719 80.803 631.700 80.803 631.700 111.630 617.719 111.630
620.020 80.347 633.902 80.347 633.902 111.314 620.020 111.314
619.828 83.031 633.668 83.031 633.668 114.059 619.828 114.059
619.600 82.670 633.413 82.670 633.413 113.737 619.600 113.737
619.490 81.814 633.290 81.814 633.290 112.895 619.490 112.895
619.218 80.131 633.018 80.131 633.018 111.206 619.218 111.206
618.944 78.674 632.745 78.674 632.745 109.748 618.944 109.748
618.438 77.458 632.238 77.458 632.238 108.528 618.438 108.528
618.146 63.495 632.085 63.495 632.085 94.369 618.146 94.369
618.067 65.597 632.041 65.597 632.041 96.408 618.067 96.408
617.832 64.695 631.816 64.695 631.816 95.473 617.832 95.473
618.016 63.152 632.005 63.152 632.005 93.916 618.016 93.916
