541.000 336.000 577.000 336.000 577.000 404.000 541.000 404.000
539.077 334.238 574.725 334.238 574.725 402.981 539.077 402.981
537.349 330.043 572.384 330.043 572.384 399.222 537.349 399.222
535.416 326.121 570.179 326.121 570.179 395.647 535.416 395.647
533.261 324.403 567.916 324.403 567.916 394.248 533.261 394.248
531.271 320.922 565.387 320.922 565.387 391.392 531.271 391.392
529.595 317.816 562.983 317.816 562.983 389.132 529.595 389.132
527.233 313.307 560.251 313.307 560.251 385.204 527.233 385.204
524.000 309.078 557.340 309.078 557.340 380.756 524.000 380.756
521.661 304.324 555.200 304.324 555.200 375.664 521.661 375.664
520.192 303.769 554.055 303.769 554.055 374.645 520.192 374.645
518.019 300.568 552.053 300.568 552.053 371.479 518.019 371.479
516.001 297.420 550.060 297.420 550.060 368.728 516.001 368.728
514.217 292.840 547.826 292.840 547.826 364.874 514.217 364.874
512.717 289.430 545.794 289.430 545.794 361.993 512.717 361.993
510.579 285.639 543.229 285.639 543.229 359.117 510.579 359.117
507.835 281.549 540.427 281.549 540.427 355.093 507.835 355.093
506.687 277.695 539.152 277.695 539.152 351.202 506.687 351.202
503.280 273.013 536.151 273.013 536.151 345.695 503.280 345.695
501.717 272.026 534.793 272.026 534.793 344.049 501.717 344.049
500.138 269.237 533.403 269.237 533.403 340.525 500.138 340.525
497.946 265.876 531.213 265.876 531.213 337.168 497.946 337.168
495.796 261.075 528.734 261.075 528.734 333.067 495.796 333.067
493.724 259.183 526.757 259.183 526.757 331.239 493.724 331.239
491.794 255.441 524.570 255.441 524.570 327.706 491.794 327.706
489.690 251.161 521.981 251.161 521.981 324.074 489.690 324.074
487.243 247.473 519.492 247.473 519.492 320.884 487.243 320.884
485.605 243.608 517.897 243.608 517.897 317.200 485.605 317.200
482.543 239.513 514.762 239.513 514.762 312.767 482.543 312.767
481.383 236.899 513.592 236.899 513.592 309.791 481.383 309.791
479.075 234.401 511.317 234.401 511.317 306.798 479.075 306.798
477.426 229.690 509.398 229.690 509.398 302.344 477.426 302.344
476.841 228.050 508.758 228.050 508.758 300.749 476.841 300.749
474.157 221.504 505.498 221.504 505.498 294.838 474.157 294.838
473.278 220.191 504.314 220.191 504.314 293.817 473.278 293.817
471.493 214.942 502.268 214.942 502.268 288.541 471.493 288.541
468.489 210.880 499.166 210.880 499.166 284.775 468.489 284.775
466.992 207.803 497.613 207.803 497.613 281.604 466.992 281.604
465.186 203.379 495.688 203.379 495.688 277.062 465.186 277.062
461.822 202.332 492.691 202.332 492.691 275.516 461.822 275.516
460.299 197.243 491.263 197.243 491.263 270.143 460.299 270.143
457.002 194.902 488.370 194.902 488.370 267.005 457.002 267.005
455.312 191.416 486.751 191.416 486.751 263.388 455.312 263.388
453.199 188.110 484.697 188.110 484.697 259.933 453.199 259.933
450.770 182.495 481.986 182.495 481.986 254.633 450.770 254.633
449.046 180.278 480.445 180.278 480.445 252.170 449.046 252.170
447.374 181.639 478.968 181.639 478.968 253.367 447.374 253.367
445.291 181.732 477.003 181.732 477.003 253.133 445.291 253.133
444.111 182.824 475.939 182.824 475.939 253.915 444.111 253.915
442.556 183.055 474.627 183.055 474.627 253.278 442.556 253.278
440.665 183.624 472.597 183.624 472.597 253.730 440.665 253.730
438.902 183.000 470.593 183.000 470.593 252.850 438.902 252.850
436.791 183.287 468.084 183.287 468.084 252.785 436.791 252.785
435.696 183.908 466.578 183.908 466.578 253.614 435.696 253.614
432.957 183.093 463.823 183.093 463.823 252.731 432.957 252.731
431.099 184.807 461.916 184.807 461.916 253.881 431.099 253.881
429.410 184.360 460.016 184.360 460.016 252.809 429.410 252.809
427.188 185.401 457.828 185.401 457.828 253.238 427.188 253.238
425.878 187.408 456.462 187.408 456.462 254.868 425.878 254.868
421.784 186.116 452.588 186.116 452.588 253.247 421.784 253.247
417.654 186.444 448.924 186.444 448.924 253.228 417.654 253.228
417.602 186.201 449.250 186.201 449.250 252.915 417.602 252.915
412.294 186.362 444.278 186.362 444.278 253.303 412.294 253.303
399.698 180.271 431.239 180.271 431.239 248.086 399.698 248.086
406.252 181.384 437.730 181.384 437.730 249.970 406.252 249.970
405.301 182.951 436.876 182.951 436.876 252.465 405.301 252.465
404.839 183.763 436.605 183.763 436.605 253.932 404.839 253.932
403.492 183.492 435.592 183.492 435.592 254.016 403.492 254.016
401.326 182.390 433.456 182.390 433.456 253.539 401.326 253.539
399.400 180.549 431.504 180.549 431.504 252.506 399.400 252.506
398.751 173.796 430.182 173.796 430.182 247.021 398.751 247.021
397.866 170.216 429.032 170.216 429.032 244.450 397.866 244.450
393.255 167.896 424.170 167.896 424.170 242.376 393.255 242.376
393.809 164.726 424.390 164.726 424.390 239.663 393.809 239.663
393.296 161.481 424.032 161.481 424.032 236.572 393.296 236.572
393.419 154.883 424.250 154.883 424.250 230.690 393.419 230.690
392.388 153.492 423.428 153.492 423.428 230.291 392.388 230.291
390.924 154.688 422.388 154.688 422.388 231.718 390.924 231.718
389.850 153.702 421.393 153.702 421.393 230.630 389.850 230.630
389.699 152.586 421.490 152.586 421.490 228.996 389.699 228.996
383.488 154.426 415.530 154.426 415.530 230.889 383.488 230.889
388.974 154.883 421.430 154.883 421.430 231.640 388.974 231.640
375.700 150.476 408.249 150.476 408.249 226.680 375.700 226.680
369.374 150.865 402.348 150.865 402.348 226.071 369.374 226.071
395.391 160.150 428.575 160.150 428.575 235.458 395.391 235.458
400.814 155.914 434.356 155.914 434.356 230.746 400.814 230.746
398.517 157.633 432.390 157.633 432.390 232.272 398.517 232.272
397.610 155.114 431.581 155.114 431.581 230.220 397.610 230.220
396.955 156.384 430.826 156.384 430.826 232.020 396.955 232.020
389.243 156.065 423.132 156.065 423.132 231.812 389.243 231.812
382.104 155.899 415.945 155.899 415.945 231.506 382.104 231.506
376.423 156.273 409.782 156.273 409.782 232.396 376.423 232.396
370.477 156.407 403.928 156.407 403.928 232.670 370.477 232.670
363.724 154.886 397.281 154.886 397.281 231.197 363.724 231.197
358.395 155.349 391.848 155.349 391.848 231.548 358.395 231.548
351.283 151.385 385.338 151.385 385.338 226.795 351.283 226.795
345.257 151.801 379.360 151.801 379.360 226.969 345.257 226.969
337.004 150.573 371.892 150.573 371.892 225.092 337.004 225.092
330.816 150.520 365.853 150.520 365.853 225.085 330.816 225.085
324.610 151.297 359.753 151.297 359.753 225.979 324.610 225.979
318.109 152.764 353.743 152.764 353.743 227.291 318.109 227.291
312.289 151.597 348.058 151.597 348.058 226.664 312.289 226.664
304.688 151.731 341.066 151.731 341.066 226.600 304.688 226.600
298.030 151.355 335.249 151.355 335.249 226.176 298.030 226.176
297.930 153.297 335.790 153.297 335.790 227.800 297.930 227.800
298.427 153.117 336.594 153.117 336.594 227.411 298.427 227.411
298.986 153.044 337.277 153.044 337.277 227.129 298.986 227.129
300.311 153.115 338.661 153.115 338.661 226.936 300.311 226.936
301.676 153.708 340.043 153.708 340.043 227.252 301.676 227.252
296.178 154.319 334.435 154.319 334.435 228.086 296.178 228.086
297.740 154.513 335.923 154.513 335.923 228.331 297.740 228.331
299.128 154.916 337.242 154.916 337.242 228.638 299.128 228.638
300.068 154.269 338.175 154.269 338.175 227.918 300.068 227.918
301.422 153.770 339.508 153.770 339.508 227.451 301.422 227.451
302.228 153.621 340.264 153.621 340.264 227.204 302.228 227.204
296.475 154.387 334.440 154.387 334.440 228.145 296.475 228.145
298.212 154.408 336.144 154.408 336.144 228.130 298.212 228.130
299.312 154.208 337.167 154.208 337.167 227.865 299.312 227.865
300.267 154.051 338.023 154.051 338.023 227.515 300.267 227.515
301.174 154.215 338.909 154.215 338.909 227.639 301.174 227.639
302.291 153.543 340.078 153.543 340.078 226.704 302.291 226.704
302.538 152.640 340.224 152.640 340.224 225.773 302.538 225.773
303.228 151.669 340.881 151.669 340.881 224.458 303.228 224.458
297.822 152.853 335.448 152.853 335.448 225.500 297.822 225.500
299.560 153.338 337.124 153.338 337.124 225.825 299.560 225.825
301.109 152.280 338.549 152.280 338.549 224.794 301.109 224.794
302.583 152.224 339.888 152.224 339.888 224.369 302.583 224.369
297.008 151.773 334.319 151.773 334.319 223.926 297.008 223.926
298.538 152.767 335.818 152.767 335.818 224.755 298.538 224.755
300.119 152.387 337.136 152.387 337.136 224.344 300.119 224.344
301.626 152.999 338.576 152.999 338.576 224.756 301.626 224.756
302.569 152.877 339.584 152.877 339.584 224.203 302.569 224.203
303.240 152.925 340.257 152.925 340.257 223.972 303.240 223.972
303.873 151.926 340.897 151.926 340.897 222.613 303.873 222.613
304.138 151.471 341.095 151.471 341.095 221.990 304.138 221.990
304.486 150.621 341.376 150.621 341.376 221.032 304.486 221.032
299.272 155.433 336.013 155.433 336.013 226.243 299.272 226.243
300.834 154.065 337.349 154.065 337.349 224.934 300.834 224.934
302.642 152.715 339.076 152.715 339.076 223.470 302.642 223.470
303.144 152.783 339.465 152.783 339.465 223.433 303.144 223.433
303.671 153.183 340.049 153.183 340.049 223.528 303.671 223.528
298.473 153.407 334.846 153.407 334.846 223.767 298.473 223.767
299.860 153.701 336.154 153.701 336.154 223.912 299.860 223.912
301.970 153.308 338.089 153.308 338.089 223.525 301.970 223.525
303.380 153.210 339.446 153.210 339.446 223.055 303.380 223.055
304.348 152.238 340.363 152.238 340.363 221.997 304.348 221.997
304.580 151.153 340.597 151.153 340.597 220.508 304.580 220.508
305.048 149.867 340.915 149.867 340.915 219.004 305.048 219.004
299.961 154.383 335.770 154.383 335.770 223.479 299.961 223.479
301.914 153.666 337.485 153.666 337.485 222.890 301.914 222.890
303.561 152.487 339.094 152.487 339.094 221.539 303.561 221.539
305.065 151.940 340.517 151.940 340.517 220.828 305.065 220.828
305.547 152.165 340.928 152.165 340.928 220.709 305.547 220.709
300.440 155.670 335.663 155.670 335.663 224.630 300.440 224.630
302.521 154.648 337.674 154.648 337.674 223.538 302.521 223.538
304.003 152.028 338.856 152.028 338.856 220.874 304.003 220.874
304.914 150.122 339.726 150.122 339.726 219.071 304.914 219.071
318.553 151.451 353.299 151.451 353.299 220.734 318.553 220.734
324.595 151.796 359.419 151.796 359.419 221.093 324.595 221.093
331.766 148.885 366.600 148.885 366.600 217.821 331.766 217.821
338.386 150.381 373.214 150.381 373.214 219.511 338.386 219.511
345.195 150.822 379.441 150.822 379.441 220.599 345.195 220.599
352.398 148.586 386.874 148.586 386.874 218.009 352.398 218.009
358.431 149.860 392.731 149.860 392.731 219.256 358.431 219.256
364.793 148.322 399.383 148.322 399.383 216.896 364.793 216.896
371.758 149.398 405.839 149.398 405.839 218.632 371.758 218.632
377.899 149.701 411.806 149.701 411.806 219.255 377.899 219.255
384.408 150.382 418.107 150.382 418.107 220.162 384.408 220.162
390.271 146.134 424.121 146.134 424.121 215.376 390.271 215.376
396.424 148.197 430.188 148.197 430.188 217.350 396.424 217.350
403.361 148.149 436.875 148.149 436.875 217.904 403.361 217.904
404.619 149.499 437.880 149.499 437.880 219.532 404.619 219.532
411.802 146.877 445.359 146.877 445.359 215.906 411.802 215.906
419.015 149.154 452.187 149.154 452.187 218.498 419.015 218.498
424.730 148.410 457.872 148.410 457.872 217.967 424.730 217.967
431.708 148.351 464.588 148.351 464.588 218.277 431.708 218.277
438.551 148.682 471.219 148.682 471.219 219.004 438.551 219.004
443.942 147.885 476.669 147.885 476.669 218.345 443.942 218.345
444.539 148.304 476.980 148.304 476.980 219.141 444.539 219.141
456.453 147.679 489.052 147.679 489.052 218.530 456.453 218.530
457.133 148.353 489.832 148.353 489.832 219.204 457.133 219.204
464.340 149.899 497.277 149.899 497.277 220.420 464.340 220.420
471.255 146.120 504.262 146.120 504.262 216.504 471.255 216.504
477.959 147.526 510.991 147.526 510.991 217.776 477.959 217.776
484.552 148.290 517.786 148.290 517.786 218.241 484.552 218.241
484.636 149.534 517.991 149.534 517.991 219.825 484.636 219.825
484.532 151.743 518.121 151.743 518.121 221.895 484.532 221.895
485.139 149.331 518.936 149.331 518.936 218.963 485.139 218.963
485.605 147.691 519.425 147.691 519.425 216.995 485.605 216.995
486.073 149.615 519.783 149.615 519.783 219.212 486.073 219.212
486.885 147.108 520.756 147.108 520.756 216.208 486.885 216.208
486.925 149.802 520.923 149.802 520.923 218.795 486.925 218.795
486.883 147.839 521.047 147.839 521.047 216.125 486.883 216.125
486.781 149.419 520.775 149.419 520.775 217.997 486.781 217.997
486.361 150.721 519.827 150.721 519.827 219.924 486.361 219.924
492.769 149.123 526.068 149.123 526.068 219.029 492.769 219.029
493.989 149.713 526.794 149.713 526.794 220.359 493.989 220.359
500.357 149.269 532.849 149.269 532.849 220.514 500.357 220.514
506.973 149.647 539.611 149.647 539.611 221.294 506.973 221.294
513.652 145.942 546.474 145.942 546.474 217.384 513.652 217.384
520.525 148.208 553.378 148.208 553.378 219.650 520.525 219.650
526.506 149.161 559.381 149.161 559.381 220.629 526.506 220.629
527.255 146.203 560.421 146.203 560.421 217.260 527.255 217.260
539.579 146.664 572.759 146.664 572.759 217.746 539.579 217.746
539.989 148.151 573.167 148.151 573.167 219.310 539.989 219.310
540.859 150.469 574.239 150.469 574.239 221.793 540.859 221.793
541.980 148.526 575.230 148.526 575.230 219.953 541.980 219.953
542.891 146.889 576.384 146.889 576.384 217.679 542.891 217.679
543.687 148.545 577.247 148.545 577.247 219.263 543.687 219.263
544.091 147.238 577.874 147.238 577.874 217.387 544.091 217.387
544.456 149.188 577.880 149.188 577.880 219.678 544.456 219.678
551.007 146.618 584.667 146.618 584.667 216.721 551.007 216.721
552.125 148.509 585.764 148.509 585.764 218.827 552.125 218.827
558.807 149.535 592.208 149.535 592.208 220.445 558.807 220.445
565.439 148.604 598.670 148.604 598.670 220.425 565.439 220.425
572.493 145.303 605.822 145.303 605.822 216.794 572.493 216.794
579.026 147.573 612.384 147.573 612.384 219.019 579.026 219.019
585.828 147.366 618.887 147.366 618.887 219.540 585.828 219.540
592.213 147.542 625.015 147.542 625.015 220.355 592.213 220.355
598.762 149.781 631.334 149.781 631.334 223.207 598.762 223.207
598.360 155.752 630.817 155.752 630.817 229.521 598.360 229.521
598.711 159.209 631.105 159.209 631.105 233.148 598.711 233.148
598.631 162.389 630.855 162.389 630.855 236.607 598.631 236.607
598.897 159.380 631.088 159.380 631.088 233.663 598.897 233.663
599.299 160.700 631.396 160.700 631.396 235.190 599.299 235.190
599.346 161.614 631.381 161.614 631.381 236.231 599.346 236.231
599.214 163.375 631.187 163.375 631.187 238.095 599.214 238.095
599.675 159.427 631.585 159.427 631.585 234.261 599.675 234.261
599.711 162.272 631.473 162.272 631.473 237.387 599.711 237.387
586.184 159.447 617.911 159.447 617.911 234.565 586.184 234.565
586.167 157.304 617.920 157.304 617.920 232.299 586.167 232.299
592.909 156.393 624.633 156.393 624.633 231.429 592.909 231.429
593.331 160.280 625.012 160.280 625.012 235.387 593.331 235.387
594.423 159.272 626.093 159.272 626.093 234.398 594.423 234.398
595.686 158.107 627.354 158.107 627.354 233.237 595.686 233.237
602.029 156.371 633.662 156.371 633.662 231.556 602.029 231.556
601.898 156.079 633.521 156.079 633.521 231.283 601.898 231.283
601.738 156.322 633.351 156.322 633.351 231.544 601.738 231.544
601.467 155.873 633.070 155.873 633.070 231.114 601.467 231.114
601.604 155.693 633.193 155.693 633.193 230.962 601.604 230.962
601.924 155.710 633.502 155.710 633.502 230.997 601.924 230.997
602.196 155.623 633.764 155.623 633.764 230.928 602.196 230.928
602.076 155.805 633.636 155.805 633.636 231.122 602.076 231.122
601.936 155.943 633.488 155.943 633.488 231.277 601.936 231.277
601.748 155.837 633.291 155.837 633.291 231.185 601.748 231.185
601.684 156.131 633.216 156.131 633.216 231.501 601.684 231.501
601.833 155.791 633.353 155.791 633.353 231.182 601.833 231.182
602.099 155.972 633.608 155.972 633.608 231.381 602.099 231.381
602.296 156.534 633.797 156.534 633.797 231.956 602.296 231.956
602.081 155.617 633.572 155.617 633.572 231.056 602.081 231.056
601.994 155.746 633.479 155.746 633.479 231.197 601.994 231.197
602.037 155.809 633.510 155.809 633.510 231.282 602.037 231.282
602.263 155.736 633.725 155.736 633.725 231.229 602.263 231.229
602.702 155.352 634.156 155.352 634.156 230.857 602.702 230.857
602.800 155.223 634.247 155.223 634.247 230.741 602.800 230.741
602.656 154.790 634.098 154.790 634.098 230.318 602.656 230.318
602.832 154.170 634.268 154.170 634.268 229.708 602.832 229.708
603.114 153.173 634.543 153.173 634.543 228.727 603.114 228.727
603.132 152.906 634.554 152.906 634.554 228.472 603.132 228.472
603.375 152.572 634.788 152.572 634.788 228.153 603.375 228.153
603.353 152.770 634.759 152.770 634.759 228.363 603.353 228.363
603.435 152.757 634.833 152.757 634.833 228.364 603.435 228.364
603.286 152.934 634.678 152.934 634.678 228.551 603.286 228.551
603.257 152.666 634.642 152.666 634.642 228.298 603.257 228.298
603.353 152.297 634.732 152.297 634.732 227.941 603.353 227.941
603.597 152.195 634.970 152.195 634.970 227.848 603.597 227.848
603.672 152.124 635.043 152.124 635.043 227.782 603.672 227.782
603.658 152.201 635.026 152.201 635.026 227.866 603.658 227.866
603.878 152.121 635.243 152.121 635.243 227.793 603.878 227.793
604.325 152.182 635.686 152.182 635.686 227.861 604.325 227.861
604.467 151.679 635.821 151.679 635.821 227.370 604.467 227.370
604.514 151.358 635.859 151.358 635.859 227.064 604.514 227.064
604.621 151.060 635.957 151.060 635.957 226.788 604.621 226.788
604.272 150.937 635.597 150.937 635.597 226.688 604.272 226.688
604.110 150.537 635.426 150.537 635.426 226.307 604.110 226.307
604.243 150.831 635.545 150.831 635.545 226.628 604.243 226.628
604.323 150.575 635.615 150.575 635.615 226.392 604.323 226.392
604.388 150.824 635.666 150.824 635.666 226.668 604.388 226.668
604.327 150.682 635.597 150.682 635.597 226.543 604.327 226.543
604.452 150.937 635.709 150.937 635.709 226.823 604.452 226.823
604.411 150.471 635.659 150.471 635.659 226.376 604.411 226.376
604.521 150.842 635.758 150.842 635.758 226.769 604.521 226.769
604.472 150.638 635.696 150.638 635.696 226.589 604.472 226.589
604.430 150.949 635.641 150.949 635.641 226.926 604.430 226.926
604.199 150.716 635.402 150.716 635.402 226.710 604.199 226.710
604.138 150.184 635.332 150.184 635.332 226.195 604.138 226.195
604.156 150.220 635.333 150.220 635.333 226.263 604.156 226.263
604.039 150.747 635.204 150.747 635.204 226.816 604.039 226.816
604.406 150.853 635.564 150.853 635.564 226.940 604.406 226.940
604.321 151.102 635.472 151.102 635.472 227.204 604.321 227.204
604.147 150.818 635.289 150.818 635.289 226.937 604.147 226.937
603.987 150.570 635.120 150.570 635.120 226.707 603.987 226.707
604.489 150.349 635.614 150.349 635.614 226.502 604.489 226.502
604.741 150.461 635.853 150.461 635.853 226.638 604.741 226.638
604.840 150.325 635.936 150.325 635.936 226.529 604.840 226.529
604.801 150.260 635.885 150.260 635.885 226.487 604.801 226.487
604.490 151.058 635.562 151.058 635.562 227.310 604.490 227.310
604.229 150.797 635.293 150.797 635.293 227.063 604.229 227.063
604.347 150.339 635.398 150.339 635.398 226.632 604.347 226.632
604.466 150.088 635.509 150.088 635.509 226.395 604.466 226.395
604.258 150.980 635.292 150.980 635.292 227.307 604.258 227.307
604.239 150.774 635.264 150.774 635.264 227.119 604.239 227.119
603.930 150.308 634.947 150.308 634.947 226.668 603.930 226.668
604.573 151.366 635.580 151.366 635.580 227.744 604.573 227.744
604.634 150.572 635.635 150.572 635.635 226.961 604.634 226.961
604.899 150.033 635.888 150.033 635.888 226.440 604.899 226.440
604.650 150.634 635.628 150.634 635.628 227.062 604.650 227.062
604.461 150.566 635.428 150.566 635.428 227.014 604.461 227.014
604.442 150.314 635.402 150.314 635.402 226.775 604.442 226.775
604.418 149.951 635.370 149.951 635.370 226.428 604.418 226.428
604.371 150.431 635.309 150.431 635.309 226.937 604.371 226.937
604.456 150.112 635.385 150.112 635.385 226.635 604.456 226.635
604.297 150.605 635.213 150.605 635.213 227.152 604.297 227.152
603.948 150.034 634.856 150.034 634.856 226.597 603.948 226.597
604.162 150.988 635.062 150.988 635.062 227.567 604.162 227.567
604.009 150.673 634.901 150.673 634.901 227.267 604.009 227.267
604.306 151.089 635.190 151.089 635.190 227.700 604.306 227.700
604.374 150.586 635.246 150.586 635.246 227.220 604.374 227.220
604.655 150.336 635.519 150.336 635.519 226.987 604.655 226.987
604.448 150.346 635.304 150.346 635.304 227.013 604.448 227.013
604.188 150.245 635.036 150.245 635.036 226.925 604.188 226.925
604.282 150.396 635.120 150.396 635.120 227.103 604.282 227.103
604.484 150.376 635.312 150.376 635.312 227.102 604.484 227.102
604.705 150.438 635.524 150.438 635.524 227.175 604.705 227.175
604.573 149.244 635.383 149.244 635.383 225.995 604.573 225.995
603.027 147.614 633.832 147.614 633.832 224.374 603.027 224.374
601.618 148.140 632.422 148.140 632.422 224.902 601.618 224.902
599.947 149.107 630.751 149.107 630.751 225.872 599.947 225.872
598.689 149.612 629.492 149.612 629.492 226.379 598.689 226.379
