36.000 213.000 77.000 213.000 77.000 317.000 36.000 317.000
39.302 211.543 80.085 211.543 80.085 316.258 39.302 316.258
41.697 211.041 82.090 211.041 82.090 316.200 41.697 316.200
45.808 208.402 85.597 208.402 85.597 313.982 45.808 313.982
47.016 207.308 86.106 207.308 86.106 313.981 47.016 313.981
51.195 206.349 89.711 206.349 89.711 313.838 51.195 313.838
52.779 202.357 90.638 202.357 90.638 310.289 52.779 310.289
57.583 204.433 95.093 204.433 95.093 312.356 57.583 312.356
58.616 202.354 95.827 202.354 95.827 310.511 58.616 310.511
62.064 205.288 99.217 205.288 99.217 313.575 62.064 313.575
64.600 203.784 101.596 203.784 101.596 312.283 64.600 312.283
67.481 202.782 104.407 202.782 104.407 311.351 67.481 311.351
70.528 201.327 107.439 201.327 107.439 309.602 70.528 309.602
72.991 197.327 109.948 197.327 109.948 305.261 72.991 305.261
75.205 197.377 111.885 197.377 111.885 305.156 75.205 305.156
79.045 198.096 115.781 198.096 115.781 305.312 79.045 305.312
80.999 197.059 117.804 197.059 117.804 304.371 80.999 304.371
83.753 197.263 120.961 197.263 120.961 304.319 83.753 304.319
86.334 199.916 124.259 199.916 124.259 306.409 86.334 306.409
89.766 198.998 128.103 198.998 128.103 304.868 89.766 304.868
91.448 198.139 130.044 198.139 130.044 303.577 91.448 303.577
96.159 197.172 134.856 197.172 134.856 302.100 96.159 302.100
98.139 194.974 136.683 194.974 136.683 299.794 98.139 299.794
100.621 194.975 138.823 194.975 138.823 300.101 100.621 300.101
103.577 193.528 141.620 193.528 141.620 298.247 103.577 298.247
105.706 194.231 143.192 194.231 143.192 298.912 105.706 298.912
109.695 193.653 146.717 193.653 146.717 298.474 109.695 298.474
111.329 191.756 148.262 191.756 148.262 296.343 111.329 296.343
114.793 194.216 151.471 194.216 151.471 298.876 114.793 298.876
116.040 191.747 152.835 191.747 152.835 296.112 116.040 296.112
118.761 190.428 155.511 190.428 155.511 294.111 118.761 294.111
120.769 189.982 157.292 189.982 157.292 293.386 120.769 293.386
124.711 185.817 161.041 185.817 161.041 288.979 124.711 288.979
126.361 187.254 162.381 187.254 162.381 290.373 126.361 290.373
129.608 185.686 165.761 185.686 165.761 288.357 129.608 288.357
131.292 188.082 167.634 188.082 167.634 290.569 131.292 290.569
134.687 188.957 170.848 188.957 170.848 291.601 134.687 291.601
136.761 187.805 173.096 187.805 173.096 290.361 136.761 290.361
139.320 186.544 175.842 186.544 175.842 288.640 139.320 288.640
143.524 183.733 180.289 183.733 180.289 285.636 143.524 285.636
144.843 183.475 181.697 183.475 181.697 285.432 144.843 285.432
147.690 180.847 184.560 180.847 184.560 282.781 147.690 282.781
151.037 180.343 187.423 180.343 187.423 282.891 151.037 282.891
153.113 180.521 189.045 180.521 189.045 283.523 153.113 283.523
156.505 181.198 192.210 181.198 192.210 284.344 156.505 284.344
158.007 180.859 193.703 180.859 193.703 283.991 158.007 283.991
161.075 180.515 196.393 180.515 196.393 283.744 161.075 283.744
163.583 181.144 199.010 181.144 199.010 283.738 163.583 283.738
166.134 178.406 201.774 178.406 201.774 280.295 166.134 280.295
167.957 178.585 203.811 178.585 203.811 279.959 167.957 279.959
171.461 175.440 207.416 175.440 207.416 275.907 171.461 275.907
173.244 176.415 209.112 176.415 209.112 276.317 173.244 276.317
176.531 175.758 212.290 175.758 212.290 275.570 176.531 275.570
177.626 177.157 213.573 177.157 213.573 276.670 177.626 276.670
181.243 177.041 217.467 177.041 217.467 275.791 181.243 275.791
184.103 178.254 220.444 178.254 220.444 276.934 184.103 276.934
186.607 177.875 223.035 177.875 223.035 276.354 186.607 276.354
186.645 177.372 222.777 177.372 222.777 275.748 186.645 275.748
191.092 176.019 227.213 176.019 227.213 273.991 191.092 273.991
192.757 176.984 228.353 176.984 228.353 274.757 192.757 274.757
195.006 172.890 230.663 172.890 230.663 270.583 195.006 270.583
196.718 172.902 232.282 172.902 232.282 270.534 196.718 270.534
198.959 171.758 234.045 171.758 234.045 269.584 198.959 269.584
200.963 170.917 235.616 170.917 235.616 269.223 200.963 269.223
202.713 172.744 237.488 172.744 237.488 270.378 202.713 270.378
204.354 173.732 239.092 173.732 239.092 271.225 204.354 271.225
205.981 173.107 240.761 173.107 240.761 270.781 205.981 270.781
207.092 169.803 241.977 169.803 241.977 267.300 207.092 267.300
209.118 170.376 244.243 170.376 244.243 267.289 209.118 267.289
210.197 168.527 244.870 168.527 244.870 265.221 210.197 265.221
213.216 168.622 247.876 168.622 247.876 264.434 213.216 264.434
215.367 169.707 249.922 169.707 249.922 264.751 215.367 264.751
217.857 168.963 252.224 168.963 252.224 263.578 217.857 263.578
219.697 169.257 254.103 169.257 254.103 263.318 219.697 263.318
221.707 169.487 256.185 169.487 256.185 262.966 221.707 262.966
224.064 169.317 258.611 169.317 258.611 262.161 224.064 262.161
225.423 168.539 259.969 168.539 259.969 260.837 225.423 260.837
228.434 167.418 262.768 167.418 262.768 259.676 228.434 259.676
229.661 165.885 263.774 165.885 263.774 257.939 229.661 257.939
230.875 163.697 264.730 163.697 264.730 255.419 230.875 255.419
232.701 163.551 266.194 163.551 266.194 255.590 232.701 255.590
234.594 162.375 267.935 162.375 267.935 254.259 234.594 254.259
236.267 163.487 269.426 163.487 269.426 255.314 236.267 255.314
237.221 163.464 270.619 163.464 270.619 254.453 237.221 254.453
238.304 163.364 271.639 163.364 271.639 254.335 238.304 254.335
240.115 163.611 273.307 163.611 273.307 254.838 240.115 254.838
240.808 162.415 274.320 162.415 274.320 253.148 240.808 253.148
242.311 160.560 275.346 160.560 275.346 251.569 242.311 251.569
243.946 157.887 276.706 157.887 276.706 249.027 243.946 249.027
245.883 156.551 278.217 156.551 278.217 247.864 245.883 247.864
247.890 157.322 280.489 157.322 280.489 247.974 247.890 247.974
249.424 158.126 282.268 158.126 282.268 248.140 249.424 248.140
251.359 158.717 284.162 158.717 284.162 248.823 251.359 248.823
253.412 159.109 286.380 159.109 286.380 248.827 253.412 248.827
254.735 159.840 287.709 159.840 287.709 249.356 254.735 249.356
257.335 158.599 290.410 158.599 290.410 248.000 257.335 248.000
258.625 157.889 291.684 157.889 291.684 246.964 258.625 246.964
260.658 155.617 293.482 155.617 293.482 244.462 260.658 244.462
262.130 154.870 294.720 154.870 294.720 243.950 262.130 243.950
262.476 154.470 295.065 154.470 295.065 243.185 262.476 243.185
263.813 153.092 296.322 153.092 296.322 241.605 263.813 241.605
265.771 153.138 298.013 153.138 298.013 241.563 265.771 241.563
267.806 155.286 299.902 155.286 299.902 243.749 267.806 243.749
268.542 154.956 300.784 154.956 300.784 243.345 268.542 243.345
270.055 155.836 302.137 155.836 302.137 244.363 270.055 244.363
271.702 154.373 303.845 154.373 303.845 242.505 271.702 242.505
272.785 152.598 304.927 152.598 304.927 240.450 272.785 240.450
274.074 151.550 305.761 151.550 305.761 239.564 274.074 239.564
275.571 150.404 307.019 150.404 307.019 238.447 275.571 238.447
278.065 150.430 309.529 150.430 309.529 238.015 278.065 238.015
280.219 150.882 311.652 150.882 311.652 238.397 280.219 238.397
281.586 152.668 313.169 152.668 313.169 239.887 281.586 239.887
283.233 150.879 315.085 150.879 315.085 238.011 283.233 238.011
284.951 152.296 317.010 152.296 317.010 238.932 284.951 238.932
287.599 151.734 319.788 151.734 319.788 238.071 287.599 238.071
288.953 150.807 320.992 150.807 320.992 237.012 288.953 237.012
290.220 150.241 322.174 150.241 322.174 235.862 290.220 235.862
292.477 148.034 324.345 148.034 324.345 233.407 292.477 233.407
294.272 147.226 326.013 147.226 326.013 232.374 294.272 232.374
296.133 149.286 327.603 149.286 327.603 234.155 296.133 234.155
297.887 147.556 329.169 147.556 329.169 232.970 297.887 232.970
301.032 149.666 332.192 149.666 332.192 234.620 301.032 234.620
303.055 147.979 334.346 147.979 334.346 232.887 303.055 232.887
303.945 148.439 335.206 148.439 335.206 233.429 303.945 233.429
305.332 146.592 336.676 146.592 336.676 231.857 305.332 231.857
308.160 144.844 339.503 144.844 339.503 229.893 308.160 229.893
309.357 143.365 340.826 143.365 340.826 227.559 309.357 227.559
310.640 143.074 342.213 143.074 342.213 226.809 310.640 226.809
312.046 144.415 343.400 144.415 343.400 228.170 312.046 228.170
314.309 142.858 345.614 142.858 345.614 226.594 314.309 226.594
315.900 143.326 347.398 143.326 347.398 226.695 315.900 226.695
317.010 143.604 348.500 143.604 348.500 227.093 317.010 227.093
318.584 143.721 350.193 143.721 350.193 226.999 318.584 226.999
320.197 144.054 351.730 144.054 351.730 227.336 320.197 227.336
321.878 141.342 353.492 141.342 353.492 224.367 321.878 224.367
323.034 140.674 354.463 140.674 354.463 223.757 323.034 223.757
324.656 140.565 355.906 140.565 355.906 223.356 324.656 223.356
325.771 139.428 356.779 139.428 356.779 222.582 325.771 222.582
325.934 138.354 356.987 138.354 356.987 221.285 325.934 221.285
327.340 138.504 358.265 138.504 358.265 221.286 327.340 221.286
329.120 139.433 360.183 139.433 360.183 221.876 329.120 221.876
329.753 138.376 360.857 138.376 360.857 220.752 329.753 220.752
330.613 137.353 361.805 137.353 361.805 219.529 330.613 219.529
331.563 136.297 362.719 136.297 362.719 217.847 331.563 217.847
332.882 136.789 363.908 136.789 363.908 217.854 332.882 217.854
334.018 136.254 365.024 136.254 365.024 216.927 334.018 216.927
334.761 133.894 365.775 133.894 365.775 214.166 334.761 214.166
336.573 134.357 367.162 134.357 367.162 214.755 336.573 214.755
337.897 134.028 368.379 134.028 368.379 214.375 337.897 214.375
339.682 133.563 370.179 133.563 370.179 213.943 339.682 213.943
341.199 133.846 371.590 133.846 371.590 214.755 341.199 214.755
343.036 133.193 373.271 133.193 373.271 214.580 343.036 214.580
344.903 133.180 375.161 133.180 375.161 214.460 344.903 214.460
345.585 131.405 376.075 131.405 376.075 212.451 345.585 212.451
346.541 129.146 377.114 129.146 377.114 210.641 346.541 210.641
347.822 127.482 378.120 127.482 378.120 209.801 347.822 209.801
349.166 126.426 379.461 126.426 379.461 208.662 349.166 208.662
350.119 127.191 380.374 127.191 380.374 209.315 350.119 209.315
350.987 126.771 381.280 126.771 381.280 209.021 350.987 209.021
352.148 126.775 382.498 126.775 382.498 208.986 352.148 208.986
353.146 126.682 383.554 126.682 383.554 208.864 353.146 208.864
353.492 126.425 383.992 126.425 383.992 208.432 353.492 208.432
354.856 126.157 384.970 126.157 384.970 208.404 354.856 208.404
355.920 125.419 385.938 125.419 385.938 207.481 355.920 207.481
356.788 125.486 386.692 125.486 386.692 207.298 356.788 207.298
358.184 126.057 387.892 126.057 387.892 207.920 358.184 207.920
359.519 125.289 389.412 125.289 389.412 206.683 359.519 206.683
360.091 127.004 390.006 127.004 390.006 208.079 360.091 208.079
361.846 128.451 391.887 128.451 391.887 209.050 361.846 209.050
363.278 127.002 393.369 127.002 393.369 207.689 363.278 207.689
363.623 127.034 393.625 127.034 393.625 207.685 363.623 207.685
364.357 127.093 394.285 127.093 394.285 207.729 364.357 207.729
366.124 123.444 396.112 123.444 396.112 203.504 366.124 203.504
367.110 123.182 397.041 123.182 397.041 203.254 367.110 203.254
368.102 121.754 397.864 121.754 397.864 201.898 368.102 201.898
369.200 118.939 398.214 118.939 398.214 199.729 369.200 199.729
370.148 120.181 399.228 120.181 399.228 200.940 370.148 200.940
370.878 119.640 399.446 119.640 399.446 200.545 370.878 200.545
371.527 118.936 399.998 118.936 399.998 199.791 371.527 199.791
373.248 117.934 401.485 117.934 401.485 198.956 373.248 198.956
373.985 116.892 402.086 116.892 402.086 198.027 373.985 198.027
374.940 116.609 402.976 116.609 402.976 197.491 374.940 197.491
376.227 117.230 404.090 117.230 404.090 198.065 376.227 198.065
377.037 117.428 404.660 117.428 404.660 198.361 377.037 198.361
378.020 118.400 405.531 118.400 405.531 198.887 378.020 198.887
379.227 118.553 406.668 118.553 406.668 199.116 379.227 199.116
379.563 117.758 407.214 117.758 407.214 198.470 379.563 198.470
380.890 119.254 408.714 119.254 408.714 199.632 380.890 199.632
381.888 121.218 409.690 121.218 409.690 201.636 381.888 201.636
382.932 120.816 410.703 120.816 410.703 200.919 382.932 200.919
384.652 120.461 412.524 120.461 412.524 200.255 384.652 200.255
385.676 118.740 413.573 118.740 413.573 197.690 385.676 197.690
387.390 117.595 415.078 117.595 415.078 196.277 387.390 196.277
388.376 115.693 415.920 115.693 415.920 194.151 388.376 194.151
389.653 115.082 417.052 115.082 417.052 193.454 389.653 193.454
390.369 115.645 417.704 115.645 417.704 193.849 390.369 193.849
390.599 116.284 417.970 116.284 417.970 194.054 390.599 194.054
391.429 115.440 418.663 115.440 418.663 193.003 391.429 193.003
392.244 116.397 419.269 116.397 419.269 193.595 392.244 193.595
392.553 111.920 419.500 111.920 419.500 188.575 392.553 188.575
393.730 112.837 420.529 112.837 420.529 189.321 393.730 189.321
395.302 113.217 421.932 113.217 421.932 189.380 395.302 189.380
396.491 114.560 423.014 114.560 423.014 190.016 396.491 190.016
397.156 114.775 423.751 114.775 423.751 189.775 397.156 189.775
398.411 114.792 425.097 114.792 425.097 189.570 398.411 189.570
399.288 115.366 425.946 115.366 425.946 189.984 399.288 189.984
400.026 116.550 426.574 116.550 426.574 191.048 400.026 191.048
401.251 115.576 428.011 115.576 428.011 189.946 401.251 189.946
402.399 114.966 429.037 114.966 429.037 189.610 402.399 189.610
403.121 116.006 429.827 116.006 429.827 190.218 403.121 190.218
403.591 114.230 430.399 114.230 430.399 188.138 403.591 188.138
404.432 113.156 431.242 113.156 431.242 186.972 404.432 186.972
405.461 112.643 432.133 112.643 432.133 186.248 405.461 186.248
405.631 113.909 432.192 113.909 432.192 187.613 405.631 187.613
406.471 113.021 432.996 113.021 432.996 186.498 406.471 186.498
406.847 113.096 433.157 113.096 433.157 186.595 406.847 186.595
407.331 115.454 433.575 115.454 433.575 188.929 407.331 188.929
408.025 113.958 434.339 113.958 434.339 187.403 408.025 187.403
408.171 112.821 434.408 112.821 434.408 186.064 408.171 186.064
408.775 113.693 434.999 113.693 434.999 186.792 408.775 186.792
409.092 112.592 435.131 112.592 435.131 186.060 409.092 186.060
409.857 110.738 435.784 110.738 435.784 184.056 409.857 184.056
410.153 112.020 436.079 112.020 436.079 185.115 410.153 185.115
410.325 111.338 436.554 111.338 436.554 184.191 410.325 184.191
410.795 110.886 437.386 110.886 437.386 183.293 410.795 183.293
411.435 112.803 438.139 112.803 438.139 185.025 411.435 185.025
411.816 112.672 438.764 112.672 438.764 184.223 411.816 184.223
412.003 112.525 439.111 112.525 439.111 183.503 412.003 183.503
412.063 112.628 439.028 112.628 439.028 183.598 412.063 183.598
413.033 109.793 440.085 109.793 440.085 180.406 413.033 180.406
413.513 110.041 440.658 110.041 440.658 180.600 413.513 180.600
413.746 109.316 441.033 109.316 441.033 179.471 413.746 179.471
413.566 111.111 440.782 111.111 440.782 181.350 413.566 181.350
414.032 109.631 441.028 109.631 441.028 180.141 414.032 180.141
414.133 110.688 441.255 110.688 441.255 180.774 414.133 180.774
413.872 110.480 441.075 110.480 441.075 180.610 413.872 180.610
414.446 110.335 441.832 110.335 441.832 179.943 414.446 179.943
414.868 110.818 442.400 110.818 442.400 180.201 414.868 180.201
415.271 109.120 442.822 109.120 442.822 178.417 415.271 178.417
415.002 109.834 442.754 109.834 442.754 179.006 415.002 179.006
414.913 108.739 442.678 108.739 442.678 177.803 414.913 177.803
415.063 108.019 442.831 108.019 442.831 176.888 415.063 176.888
415.528 108.854 443.207 108.854 443.207 177.743 415.528 177.743
415.814 108.342 443.528 108.342 443.528 177.215 415.814 177.215
415.945 110.012 443.526 110.012 443.526 178.693 415.945 178.693
416.241 108.874 443.597 108.874 443.597 177.468 416.241 177.468
416.568 109.688 444.036 109.688 444.036 177.758 416.568 177.758
417.317 108.391 444.630 108.391 444.630 176.334 417.317 176.334
418.782 106.251 445.883 106.251 445.883 174.538 418.782 174.538
419.435 105.809 446.412 105.809 446.412 174.440 419.435 174.440
419.509 104.980 446.585 104.980 446.585 173.679 419.509 173.679
419.547 105.404 446.492 105.404 446.492 174.290 419.547 174.290
420.049 105.373 447.007 105.373 447.007 174.279 420.049 174.279
420.051 105.456 447.208 105.456 447.208 174.082 420.051 174.082
420.268 103.698 447.604 103.698 447.604 172.117 420.268 172.117
420.069 103.924 447.555 103.924 447.555 172.152 420.069 172.152
420.459 104.410 448.140 104.410 448.140 172.064 420.459 172.064
420.520 103.700 448.136 103.700 448.136 171.191 420.520 171.191
420.625 103.846 448.100 103.846 448.100 171.230 420.625 171.230
421.669 103.508 449.039 103.508 449.039 170.569 421.669 170.569
422.292 103.271 449.634 103.271 449.634 170.349 422.292 170.349
422.793 103.488 450.184 103.488 450.184 170.799 422.793 170.799
422.536 104.759 450.017 104.759 450.017 171.846 422.536 171.846
422.822 103.638 450.364 103.638 450.364 170.698 422.822 170.698
423.599 103.585 451.171 103.585 451.171 170.553 423.599 170.553
423.989 102.848 451.623 102.848 451.623 169.395 423.989 169.395
424.877 103.004 452.449 103.004 452.449 169.131 424.877 169.131
425.495 101.555 453.024 101.555 453.024 167.444 425.495 167.444
425.842 102.062 453.267 102.062 453.267 167.583 425.842 167.583
426.215 101.742 453.507 101.742 453.507 167.395 426.215 167.395
427.137 100.788 454.228 100.788 454.228 166.466 427.137 166.466
427.913 101.003 454.896 101.003 454.896 166.350 427.913 166.350
427.984 100.907 454.937 100.907 454.937 166.092 427.984 166.092
429.066 100.892 455.899 100.892 455.899 165.832 429.066 165.832
429.584 102.554 456.479 102.554 456.479 167.004 429.584 167.004
430.168 100.167 456.895 100.167 456.895 164.554 430.168 164.554
429.895 101.709 456.479 101.709 456.479 165.932 429.895 165.932
431.009 97.547 457.551 97.547 457.551 161.689 431.009 161.689
431.762 99.782 458.196 99.782 458.196 163.467 431.762 163.467
432.081 97.799 458.445 97.799 458.445 161.585 432.081 161.585
432.384 99.348 458.816 99.348 458.816 162.562 432.384 162.562
432.929 99.630 459.469 99.630 459.469 162.883 432.929 162.883
433.237 100.363 459.924 100.363 459.924 163.309 433.237 163.309
433.495 99.741 460.098 99.741 460.098 162.649 433.495 162.649
434.469 98.461 460.904 98.461 460.904 161.235 434.469 161.235
434.671 98.739 460.868 98.739 460.868 161.446 434.671 161.446
435.874 97.696 461.884 97.696 461.884 160.897 435.874 160.897
436.410 97.000 462.342 97.000 462.342 160.417 436.410 160.417
437.146 96.323 462.833 96.323 462.833 159.723 437.146 159.723
437.838 96.355 463.544 96.355 463.544 159.556 437.838 159.556
438.421 96.138 463.998 96.138 463.998 159.151 438.421 159.151
439.105 96.252 464.428 96.252 464.428 159.168 439.105 159.168
439.262 95.408 464.506 95.408 464.506 158.089 439.262 158.089
439.836 95.200 464.922 95.200 464.922 157.720 439.836 157.720
440.249 95.240 465.236 95.240 465.236 157.512 440.249 157.512
440.629 94.887 465.748 94.887 465.748 156.968 440.629 156.968
441.665 94.450 466.747 94.450 466.747 156.305 441.665 156.305
442.204 94.146 467.194 94.146 467.194 155.874 442.204 155.874
443.172 94.917 468.240 94.917 468.240 156.354 443.172 156.354
443.420 95.695 468.571 95.695 468.571 157.168 443.420 157.168
443.001 95.987 468.154 95.987 468.154 157.141 443.001 157.141
442.827 95.299 467.884 95.299 467.884 156.406 442.827 156.406
444.239 94.252 469.373 94.252 469.373 155.255 444.239 155.255
444.985 94.316 470.204 94.316 470.204 155.321 444.985 155.321
445.971 94.328 471.297 94.328 471.297 155.061 445.971 155.061
447.387 91.950 472.674 91.950 472.674 153.251 447.387 153.251
447.719 94.001 473.070 94.001 473.070 155.143 447.719 155.143
448.030 93.011 473.483 93.011 473.483 153.870 448.030 153.870
448.307 93.223 473.885 93.223 473.885 153.907 448.307 153.907
448.681 92.818 474.159 92.818 474.159 153.537 448.681 153.537
449.576 92.737 474.792 92.737 474.792 153.605 449.576 153.605
449.954 93.319 475.221 93.319 475.221 153.979 449.954 153.979
450.384 92.818 475.606 92.818 475.606 153.402 450.384 153.402
451.117 91.364 476.262 91.364 476.262 152.140 451.117 152.140
452.494 91.534 477.490 91.534 477.490 152.337 452.494 152.337
452.885 91.638 477.812 91.638 477.812 152.168 452.885 152.168
453.980 90.822 478.505 90.822 478.505 151.583 453.980 151.583
454.605 92.687 479.134 92.687 479.134 153.197 454.605 153.197
454.774 92.149 479.386 92.149 479.386 152.661 454.774 152.661
455.077 93.029 479.607 93.029 479.607 153.526 455.077 153.526
455.234 92.133 479.689 92.133 479.689 152.524 455.234 152.524
456.511 91.862 480.924 91.862 480.924 152.343 456.511 152.343
456.669 90.223 481.076 90.223 481.076 150.847 456.669 150.847
457.566 90.532 481.870 90.532 481.870 151.134 457.566 151.134
458.063 90.067 482.397 90.067 482.397 150.471 458.063 150.471
458.996 89.400 483.157 89.400 483.157 150.100 458.996 150.100
460.050 89.993 484.086 89.993 484.086 150.722 460.050 150.722
459.715 89.499 483.769 89.499 483.769 149.904 459.715 149.904
460.235 90.432 484.327 90.432 484.327 150.783 460.235 150.783
461.024 91.181 485.084 91.181 485.084 151.725 461.024 151.725
461.334 90.584 485.400 90.584 485.400 151.098 461.334 151.098
461.760 89.751 485.836 89.751 485.836 150.112 461.760 150.112
461.762 88.097 485.816 88.097 485.816 148.709 461.762 148.709
461.866 87.510 485.945 87.510 485.945 147.773 461.866 147.773
461.101 87.793 485.110 87.793 485.110 147.845 461.101 147.845
460.992 88.339 484.995 88.339 484.995 148.162 460.992 148.162
461.399 87.173 485.434 87.173 485.434 146.799 461.399 146.799
461.481 89.236 485.447 89.236 485.447 148.354 461.481 148.354
461.486 89.591 485.432 89.591 485.432 148.199 461.486 148.199
462.248 88.850 486.024 88.850 486.024 147.530 462.248 147.530
463.260 88.488 486.940 88.488 486.940 147.508 463.260 147.508
464.554 87.351 488.038 87.351 488.038 146.977 464.554 146.977
465.328 85.655 488.727 85.655 488.727 145.643 465.328 145.643
465.386 86.736 488.746 86.736 488.746 146.782 465.386 146.782
465.358 85.638 488.868 85.638 488.868 146.212 465.358 146.212
464.923 87.522 488.547 87.522 488.547 148.109 464.923 148.109
465.689 86.602 489.293 86.602 489.293 147.486 465.689 147.486
465.636 88.317 489.379 88.317 489.379 149.326 465.636 149.326
466.018 87.597 489.770 87.597 489.770 149.163 466.018 149.163
466.340 87.635 489.986 87.635 489.986 149.362 466.340 149.362
466.251 85.383 489.881 85.383 489.881 147.457 466.251 147.457
466.027 84.573 489.716 84.573 489.716 146.845 466.027 146.845
465.968 84.345 489.564 84.345 489.564 146.456 465.968 146.456
465.318 85.067 488.972 85.067 488.972 147.003 465.318 147.003
465.668 84.624 489.366 84.624 489.366 146.359 465.668 146.359
465.481 84.953 489.305 84.953 489.305 146.086 465.481 146.086
465.367 84.809 489.298 84.809 489.298 145.408 465.367 145.408
465.693 85.721 489.485 85.721 489.485 145.798 465.693 145.798
466.234 83.692 490.114 83.692 490.114 143.471 466.234 143.471
466.809 83.053 490.766 83.053 490.766 142.606 466.809 142.606
467.806 83.132 491.567 83.132 491.567 143.187 467.806 143.187
468.582 81.968 492.333 81.968 492.333 142.061 468.582 142.061
468.975 82.592 492.622 82.592 492.622 142.951 468.975 142.951
469.648 81.762 493.285 81.762 493.285 142.591 469.648 142.591
469.736 83.308 493.465 83.308 493.465 144.017 469.736 144.017
470.044 83.383 493.899 83.383 493.899 144.070 470.044 144.070
470.205 83.586 494.093 83.586 494.093 144.524 470.205 144.524
470.822 82.149 494.669 82.149 494.669 143.514 470.822 143.514
471.285 82.927 495.027 82.927 495.027 144.292 471.285 144.292
471.277 81.721 494.942 81.721 494.942 142.843 471.277 142.843
471.868 80.875 495.536 80.875 495.536 142.141 471.868 142.141
471.724 81.255 495.397 81.255 495.397 142.222 471.724 142.222
471.803 81.659 495.416 81.659 495.416 142.387 471.803 142.387
471.759 81.976 495.451 81.976 495.451 142.154 471.759 142.154
472.155 81.467 495.830 81.467 495.830 141.368 472.155 141.368
472.442 81.485 496.204 81.485 496.204 141.134 472.442 141.134
473.705 80.739 497.378 80.739 497.378 140.491 473.705 140.491
474.285 79.490 497.932 79.490 497.932 139.326 474.285 139.326
475.197 80.335 498.916 80.335 498.916 140.172 475.197 140.172
476.010 79.673 499.689 79.673 499.689 139.675 476.010 139.675
476.910 79.510 500.460 79.510 500.460 139.587 476.910 139.587
477.342 79.137 500.938 79.137 500.938 139.554 477.342 139.554
477.503 78.978 501.217 78.978 501.217 139.302 477.503 139.302
477.874 79.062 501.695 79.062 501.695 139.370 477.874 139.370
478.356 78.660 502.317 78.660 502.317 139.103 478.356 139.103
479.103 78.957 502.978 78.957 502.978 139.448 479.103 139.448
479.484 78.840 503.303 78.840 503.303 139.415 479.484 139.415
479.772 76.853 503.689 76.853 503.689 137.421 479.772 137.421
480.396 77.913 504.248 77.913 504.248 138.387 480.396 138.387
481.014 77.100 504.731 77.100 504.731 137.624 481.014 137.624
481.338 76.975 505.030 76.975 505.030 137.194 481.338 137.194
480.991 77.285 504.517 77.285 504.517 137.149 480.991 137.149
481.439 76.263 504.834 76.263 504.834 136.020 481.439 136.020
481.522 77.189 504.845 77.189 504.845 136.456 481.522 136.456
481.704 76.843 504.949 76.843 504.949 136.044 481.704 136.044
482.719 75.726 505.811 75.726 505.811 134.712 482.719 134.712
483.222 75.235 506.300 75.235 506.300 134.111 483.222 134.111
483.889 74.216 506.846 74.216 506.846 133.282 483.889 133.282
484.166 74.225 506.961 74.225 506.961 133.634 484.166 133.634
484.575 73.832 507.275 73.832 507.275 133.382 484.575 133.382
485.579 73.107 508.064 73.107 508.064 132.798 485.579 132.798
485.919 73.951 508.310 73.951 508.310 133.689 485.919 133.689
485.936 74.907 508.372 74.907 508.372 134.681 485.936 134.681
485.845 75.008 508.347 75.008 508.347 134.807 485.845 134.807
485.744 73.544 508.291 73.544 508.291 133.410 485.744 133.410
485.785 72.311 508.413 72.311 508.413 132.038 485.785 132.038
485.895 70.729 508.457 70.729 508.457 130.646 485.895 130.646
486.003 71.172 508.572 71.172 508.572 130.917 486.003 130.917
486.035 70.760 508.585 70.760 508.585 130.621 486.035 130.621
486.391 70.345 508.878 70.345 508.878 130.220 486.391 130.220
486.931 71.854 509.460 71.854 509.460 131.607 486.931 131.607
486.858 71.091 509.401 71.091 509.401 130.872 486.858 130.872
487.467 70.593 510.039 70.593 510.039 130.629 487.467 130.629
487.296 69.749 509.812 69.749 509.812 129.808 487.296 129.808
487.961 68.231 510.499 68.231 510.499 128.124 487.961 128.124
483.932 67.689 506.680 67.689 506.680 126.882 483.932 126.882
489.595 67.860 512.305 67.860 512.305 126.797 489.595 126.797
490.294 67.676 512.764 67.676 512.764 126.917 490.294 126.917
490.707 66.931 513.168 66.931 513.168 125.665 490.707 125.665
486.412 67.427 508.918 67.427 508.918 125.817 486.412 125.817
487.379 66.327 509.779 66.327 509.779 124.563 487.379 124.563
488.250 66.147 510.475 66.147 510.475 124.210 488.250 124.210
488.536 66.570 510.688 66.570 510.688 124.088 488.536 124.088
488.724 68.116 510.833 68.116 510.833 125.289 488.724 125.289
489.267 67.158 511.208 67.158 511.208 124.227 489.267 124.227
489.777 66.233 511.718 66.233 511.718 122.941 489.777 122.941
490.638 65.957 512.365 65.957 512.365 122.847 490.638 122.847
491.492 65.368 513.063 65.368 513.063 122.579 491.492 122.579
492.300 68.036 513.758 68.036 513.758 125.296 492.300 125.296
493.347 67.924 514.739 67.924 514.739 125.034 493.347 125.034
494.161 67.187 515.641 67.187 515.641 123.947 494.161 123.947
494.513 67.662 516.023 67.662 516.023 124.212 494.513 124.212
495.260 67.593 516.753 67.593 516.753 123.886 495.260 123.886
495.429 66.912 516.997 66.912 516.997 122.779 495.429 122.779
495.610 68.049 517.176 68.049 517.176 123.613 495.610 123.613
495.822 67.771 517.313 67.771 517.313 123.252 495.822 123.252
492.002 67.506 513.563 67.506 513.563 122.854 492.002 122.854
492.731 67.751 514.339 67.751 514.339 122.875 492.731 122.875
493.352 67.534 514.889 67.534 514.889 122.650 493.352 122.650
493.935 66.790 515.422 66.790 515.422 121.955 493.935 121.955
494.389 67.289 515.843 67.289 515.843 122.146 494.389 122.146
494.394 67.358 515.811 67.358 515.811 121.680 494.394 121.680
490.036 65.789 511.461 65.789 511.461 119.848 490.036 119.848
490.363 65.376 511.769 65.376 511.769 119.451 490.363 119.451
490.706 64.371 512.126 64.371 512.126 118.336 490.706 118.336
491.285 64.204 512.735 64.204 512.735 118.187 491.285 118.187
491.698 64.149 513.070 64.149 513.070 118.033 491.698 118.033
491.885 65.598 513.269 65.598 513.269 119.132 491.885 119.132
492.438 66.294 513.778 66.294 513.778 119.538 492.438 119.538
492.820 66.897 514.126 66.897 514.126 119.920 492.820 119.920
489.243 66.113 510.590 66.113 510.590 119.034 489.243 119.034
494.318 64.846 515.678 64.846 515.678 117.655 494.318 117.655
490.112 64.014 511.531 64.014 511.531 116.723 490.112 116.723
490.593 64.687 512.063 64.687 512.063 117.341 490.593 117.341
491.391 64.892 512.826 64.892 512.826 117.591 491.391 117.591
491.580 65.074 512.972 65.074 512.972 117.873 491.580 117.873
491.465 65.164 512.862 65.164 512.862 117.916 491.465 117.916
491.363 64.762 512.769 64.762 512.769 117.454 491.363 117.454
487.091 64.809 508.502 64.809 508.502 117.545 487.091 117.545
487.444 65.192 508.871 65.192 508.871 118.008 487.444 118.008
487.633 64.785 509.134 64.785 509.134 117.518 487.633 117.518
487.486 64.328 508.921 64.328 508.921 117.235 487.486 117.235
488.060 64.218 509.402 64.218 509.402 117.394 488.060 117.394
488.332 63.548 509.682 63.548 509.682 116.753 488.332 116.753
488.963 62.594 510.385 62.594 510.385 115.605 488.963 115.605
489.191 62.801 510.635 62.801 510.635 115.739 489.191 115.739
489.545 63.319 511.017 63.319 511.017 116.216 489.545 116.216
489.972 66.027 511.458 66.027 511.458 118.867 489.972 118.867
490.888 64.559 512.383 64.559 512.383 117.335 490.888 117.335
491.614 63.622 513.089 63.622 513.089 116.490 491.614 116.490
492.292 63.304 513.732 63.304 513.732 116.126 492.292 116.126
497.309 62.866 518.638 62.866 518.638 115.586 497.309 115.586
497.990 60.995 519.170 60.995 519.170 113.762 497.990 113.762
498.310 60.386 519.394 60.386 519.394 113.142 498.310 113.142
498.456 60.088 519.377 60.088 519.377 112.821 498.456 112.821
494.589 61.281 515.366 61.281 515.366 113.926 494.589 113.926
495.480 61.413 516.083 61.413 516.083 114.045 495.480 114.045
496.264 61.466 516.808 61.466 516.808 113.968 496.264 113.968
497.202 60.759 517.337 60.759 517.337 113.649 497.202 113.649
498.111 59.706 517.822 59.706 517.822 112.832 498.111 112.832
498.642 58.886 518.167 58.886 518.167 111.922 498.642 111.922
499.419 59.165 518.563 59.165 518.563 112.434 499.419 112.434
499.972 58.572 518.758 58.572 518.758 112.212 499.972 112.212
500.302 58.613 518.878 58.613 518.878 112.103 500.302 112.103
501.006 58.556 519.284 58.556 519.284 112.193 501.006 112.193
501.058 58.222 519.411 58.222 519.411 111.556 501.058 111.556
501.260 59.327 519.520 59.327 519.520 112.432 501.260 112.432
501.431 58.222 519.936 58.222 519.936 111.072 501.431 111.072
501.553 58.165 520.315 58.165 520.315 110.774 501.553 110.774
501.830 58.316 520.660 58.316 520.660 110.860 501.830 110.860
502.545 57.047 521.442 57.047 521.442 109.836 502.545 109.836
502.543 57.059 521.502 57.059 521.502 110.365 502.543 110.365
502.880 57.281 521.813 57.281 521.813 111.040 502.880 111.040
503.212 57.615 522.122 57.615 522.122 111.660 503.212 111.660
503.543 58.364 522.343 58.364 522.343 112.726 503.543 112.726
503.639 57.944 522.459 57.944 522.459 112.514 503.639 112.514
503.616 57.566 522.596 57.566 522.596 111.887 503.616 111.887
503.866 56.761 523.039 56.761 523.039 110.906 503.866 110.906
504.263 54.424 523.611 54.424 523.611 108.419 504.263 108.419
504.004 54.543 523.583 54.543 523.583 108.429 504.004 108.429
503.535 54.999 523.488 54.999 523.488 108.632 503.535 108.632
503.901 54.556 524.064 54.556 524.064 108.067 503.901 108.067
504.196 54.667 524.280 54.667 524.280 108.420 504.196 108.420
504.064 55.369 524.121 55.369 524.121 108.920 504.064 108.920
503.795 55.623 524.102 55.623 524.102 108.690 503.795 108.690
504.230 55.175 524.628 55.175 524.628 107.770 504.230 107.770
504.226 54.946 524.726 54.946 524.726 107.165 504.226 107.165
503.631 55.424 524.239 55.424 524.239 107.442 503.631 107.442
503.363 54.653 523.907 54.653 523.907 106.691 503.363 106.691
503.867 53.831 524.239 53.831 524.239 105.880 503.867 105.880
503.669 53.715 523.855 53.715 523.855 106.044 503.669 106.044
503.820 54.195 523.861 54.195 523.861 106.459 503.820 106.459
503.313 54.329 523.354 54.329 523.354 106.307 503.313 106.307
503.334 54.776 523.223 54.776 523.223 106.854 503.334 106.854
503.546 53.636 523.160 53.636 523.160 105.829 503.546 105.829
502.987 53.151 522.531 53.151 522.531 105.329 502.987 105.329
502.429 52.249 522.003 52.249 522.003 104.460 502.429 104.460
502.303 52.043 521.889 52.043 521.889 104.391 502.303 104.391
502.513 52.439 522.021 52.439 522.021 105.335 502.513 105.335
502.083 52.431 521.338 52.431 521.338 105.674 502.083 105.674
501.804 51.944 520.941 51.944 520.941 105.187 501.804 105.187
501.577 47.502 520.703 47.502 520.703 100.708 501.577 100.708
498.246 50.665 517.270 50.665 517.270 104.016 498.246 104.016
498.546 50.102 517.558 50.102 517.558 103.173 498.546 103.173
498.925 49.797 517.809 49.797 517.809 102.778 498.925 102.778
499.507 47.111 518.330 47.111 518.330 99.639 499.507 99.639
499.539 50.083 518.304 50.083 518.304 102.446 499.539 102.446
499.297 49.784 517.972 49.784 517.972 102.103 499.297 102.103
499.465 48.291 517.979 48.291 517.979 100.741 499.465 100.741
499.626 47.613 517.998 47.613 517.998 99.974 499.626 99.974
499.042 47.236 517.359 47.236 517.359 99.482 499.042 99.482
498.811 47.811 517.082 47.811 517.082 99.845 498.811 99.845
499.342 49.418 517.544 49.418 517.544 101.601 499.342 101.601
498.969 49.468 517.151 49.468 517.151 101.485 498.969 101.485
498.677 49.399 516.792 49.399 516.792 101.453 498.677 101.453
498.409 48.204 516.461 48.204 516.461 100.167 498.409 100.167
497.860 44.899 515.917 44.899 515.917 96.779 497.860 96.779
497.671 45.424 515.704 45.424 515.704 97.247 497.671 97.247
498.174 47.756 516.313 47.756 516.313 99.390 498.174 99.390
498.005 47.036 516.166 47.036 516.166 98.498 498.005 98.498
497.804 46.154 515.911 46.154 515.911 97.455 497.804 97.455
497.731 47.776 515.827 47.776 515.827 99.039 497.731 99.039
497.722 46.736 515.727 46.736 515.727 97.963 497.722 97.963
498.141 47.660 516.101 47.660 516.101 98.858 498.141 98.858
498.302 46.638 516.481 46.638 516.481 97.323 498.302 97.323
498.311 45.896 516.461 45.896 516.461 96.495 498.311 96.495
498.503 45.899 516.757 45.899 516.757 96.251 498.503 96.251
498.388 46.406 516.808 46.406 516.808 96.374 498.388 96.374
497.829 46.632 516.180 46.632 516.180 96.569 497.829 96.569
497.819 45.359 516.078 45.359 516.078 95.329 497.819 95.329
497.970 46.966 516.153 46.966 516.153 97.020 497.970 97.020
497.954 46.432 516.176 46.432 516.176 96.389 497.954 96.389
497.819 46.373 516.099 46.373 516.099 96.218 497.819 96.218
497.310 46.535 515.635 46.535 515.635 96.278 497.310 96.278
497.318 45.636 515.689 45.636 515.689 95.265 497.318 95.265
497.236 42.500 515.679 42.500 515.679 91.918 497.236 91.918
497.094 42.756 515.564 42.756 515.564 92.119 497.094 92.119
493.713 43.026 512.221 43.026 512.221 92.322 493.713 92.322
498.082 46.284 516.632 46.284 516.632 95.481 498.082 95.481
495.017 45.184 513.599 45.184 513.599 94.308 495.017 94.308
495.663 41.459 514.278 41.459 514.278 90.499 495.663 90.499
495.789 42.417 514.457 42.417 514.457 91.336 495.789 91.336
495.921 42.943 514.675 42.943 514.675 91.627 495.921 91.627
496.607 42.958 515.415 42.958 515.415 91.510 496.607 91.510
496.836 43.497 515.674 43.497 515.674 91.974 496.836 91.974
496.772 44.046 515.635 44.046 515.635 92.466 496.772 92.466
496.581 44.535 515.458 44.535 515.458 92.904 496.581 92.904
496.221 43.647 515.109 43.647 515.109 91.993 496.221 91.993
492.381 43.303 511.311 43.303 511.311 91.513 492.381 91.513
492.397 45.798 511.381 45.798 511.381 93.835 492.397 93.835
492.470 51.290 511.470 51.290 511.470 99.116 492.470 99.116
492.599 49.214 511.591 49.214 511.591 96.969 492.599 96.969
488.576 45.846 507.563 45.846 507.563 93.562 488.576 93.562
489.164 41.371 508.133 41.371 508.133 89.062 489.164 89.062
489.207 40.340 508.172 40.340 508.172 88.011 489.207 88.011
489.176 40.283 508.139 40.283 508.139 87.854 489.176 87.854
489.465 40.028 508.415 40.028 508.415 87.541 489.465 87.541
489.409 39.551 508.363 39.551 508.363 87.009 489.409 87.009
489.103 39.717 508.102 39.717 508.102 87.042 489.103 87.042
489.308 39.895 508.326 39.895 508.326 87.128 489.308 87.128
489.321 40.203 508.376 40.203 508.376 87.084 489.321 87.084
489.015 40.983 508.136 40.983 508.136 87.573 489.015 87.573
488.712 40.925 507.886 40.925 507.886 87.361 488.712 87.361
488.806 40.563 507.957 40.563 507.957 86.908 488.806 86.908
488.660 40.728 507.783 40.728 507.783 87.038 488.660 87.038
488.452 40.470 507.438 40.470 507.438 86.757 488.452 86.757
485.484 40.649 504.350 40.649 504.350 86.903 485.484 86.903
486.012 42.449 504.299 42.449 504.299 89.603 486.012 89.603
486.552 43.253 504.380 43.253 504.380 91.015 486.552 91.015
486.470 42.633 504.231 42.633 504.231 90.139 486.470 90.139
486.401 43.530 503.810 43.530 503.810 91.348 486.401 91.348
486.259 42.414 503.796 42.414 503.796 89.800 486.259 89.800
486.010 40.664 503.275 40.664 503.275 88.153 486.010 88.153
485.679 40.137 503.198 40.137 503.198 87.182 485.679 87.182
485.928 41.536 503.121 41.536 503.121 89.004 485.928 89.004
485.792 40.474 502.830 40.474 502.830 88.030 485.792 88.030
485.887 40.256 503.324 40.256 503.324 87.065 485.887 87.065
485.417 38.448 503.064 38.448 503.064 84.704 485.417 84.704
484.889 39.835 502.771 39.835 502.771 85.541 484.889 85.541
484.632 42.312 502.235 42.312 502.235 88.415 484.632 88.415
484.372 41.397 502.217 41.397 502.217 87.392 484.372 87.392
484.168 41.346 502.202 41.346 502.202 87.197 484.168 87.197
483.875 41.195 501.888 41.195 501.888 87.077 483.875 87.077
484.045 40.117 501.819 40.117 501.819 86.281 484.045 86.281
483.832 41.026 501.803 41.026 501.803 87.092 483.832 87.092
483.452 40.878 501.549 40.878 501.549 86.982 483.452 86.982
482.896 41.135 501.030 41.135 501.030 87.348 482.896 87.348
482.840 42.784 501.049 42.784 501.049 88.833 482.840 88.833
482.686 42.251 500.902 42.251 500.902 88.124 482.686 88.124
479.610 41.906 497.968 41.906 497.968 87.784 479.610 87.784
479.861 41.226 498.372 41.226 498.372 86.916 479.861 86.916
480.140 40.816 498.756 40.816 498.756 86.393 480.140 86.393
480.574 39.814 499.234 39.814 499.234 85.300 480.574 85.300
480.565 39.577 499.285 39.577 499.285 84.896 480.565 84.896
480.477 40.889 499.274 40.889 499.274 86.174 480.477 86.174
480.032 38.249 498.892 38.249 498.892 83.354 480.032 83.354
480.082 39.138 499.050 39.138 499.050 84.065 480.082 84.065
477.166 41.501 496.114 41.501 496.114 86.556 477.166 86.556
481.092 38.462 500.091 38.462 500.091 83.405 481.092 83.405
477.551 39.931 496.590 39.931 496.590 84.936 477.551 84.936
477.472 37.178 496.583 37.178 496.583 82.208 477.472 82.208
477.706 39.429 496.255 39.429 496.255 85.236 477.706 85.236
477.773 41.347 496.343 41.347 496.343 87.160 477.773 87.160
477.632 40.615 496.252 40.615 496.252 86.362 477.632 86.362
477.486 39.919 496.184 39.919 496.184 85.738 477.486 85.738
476.958 40.086 495.674 40.086 495.674 85.739 476.958 85.739
477.002 40.807 495.740 40.807 495.740 86.560 477.002 86.560
477.008 40.318 495.778 40.318 495.778 85.899 477.008 85.899
473.975 37.128 492.441 37.128 492.441 83.104 473.975 83.104
475.059 39.505 493.622 39.505 493.622 85.458 475.059 85.458
475.539 38.952 494.284 38.952 494.284 84.647 475.539 84.647
475.984 39.789 494.771 39.789 494.771 85.372 475.984 85.372
476.087 38.986 494.968 38.986 494.968 84.396 476.087 84.396
476.148 36.000 495.060 36.000 495.060 81.485 476.148 81.485
476.412 37.307 495.331 37.307 495.331 82.899 476.412 82.899
476.600 38.015 495.562 38.015 495.562 83.548 476.600 83.548
480.422 34.499 499.590 34.499 499.590 79.767 480.422 79.767
480.067 34.502 499.290 34.502 499.290 79.683 480.067 79.683
476.414 34.654 495.588 34.654 495.588 80.030 476.414 80.030
476.812 36.738 496.026 36.738 496.026 82.160 476.812 82.160
476.684 33.590 495.903 33.590 495.903 78.977 476.684 78.977
476.862 34.152 496.008 34.152 496.008 79.787 476.862 79.787
476.936 34.980 496.092 34.980 496.092 80.724 476.936 80.724
477.086 37.695 496.300 37.695 496.300 83.332 477.086 83.332
477.167 37.100 496.360 37.100 496.360 82.463 477.167 82.463
477.125 33.789 496.365 33.789 496.365 79.233 477.125 79.233
477.486 34.202 496.756 34.202 496.756 79.453 477.486 79.453
477.800 34.136 497.057 34.136 497.057 79.377 477.800 79.377
477.829 33.902 497.075 33.902 497.075 79.227 477.829 79.227
477.933 33.957 497.327 33.957 497.327 78.986 477.933 78.986
478.103 34.160 497.546 34.160 497.546 78.960 478.103 78.960
478.378 34.342 497.806 34.342 497.806 79.117 478.378 79.117
478.559 34.224 497.986 34.224 497.986 78.928 478.559 78.928
478.841 33.974 498.263 33.974 498.263 78.644 478.841 78.644
475.819 30.711 495.177 30.711 495.177 75.594 475.819 75.594
480.091 34.069 499.371 34.069 499.371 79.244 480.091 79.244
480.487 33.783 499.718 33.783 499.718 79.047 480.487 79.047
480.203 33.543 499.565 33.543 499.565 78.677 480.203 78.677
476.783 33.058 495.677 33.058 495.677 78.940 476.783 78.940
476.798 33.085 495.840 33.085 495.840 78.700 476.798 78.700
476.825 33.264 495.880 33.264 495.880 78.741 476.825 78.741
477.031 33.113 496.052 33.113 496.052 78.459 477.031 78.459
477.270 32.884 496.218 32.884 496.218 78.082 477.270 78.082
477.230 32.673 496.156 32.673 496.156 77.793 477.230 77.793
477.027 32.214 496.032 32.214 496.032 76.978 477.027 76.978
476.958 31.764 496.065 31.764 496.065 75.978 476.958 75.978
476.647 32.149 495.685 32.149 495.685 76.252 476.647 76.252
473.333 32.173 492.410 32.173 492.410 76.459 473.333 76.459
473.683 32.361 492.876 32.361 492.876 76.536 473.683 76.536
474.004 32.126 493.255 32.126 493.255 76.387 474.004 76.387
474.638 31.998 493.839 31.998 493.839 76.331 474.638 76.331
474.821 31.296 494.062 31.296 494.062 75.572 474.821 75.572
475.008 30.990 494.078 30.990 494.078 75.538 475.008 75.538
475.148 31.060 494.062 31.060 494.062 75.685 475.148 75.685
475.309 31.058 494.096 31.058 494.096 75.660 475.309 75.660
475.465 30.846 494.194 30.846 494.194 75.598 475.465 75.598
472.399 30.950 491.132 30.950 491.132 75.571 472.399 75.571
472.946 30.748 491.233 30.748 491.233 75.939 472.946 75.939
473.069 31.117 491.481 31.117 491.481 76.087 473.069 76.087
473.269 31.045 491.787 31.045 491.787 75.889 473.269 75.889
470.396 29.877 489.150 29.877 489.150 74.782 470.396 74.782
470.814 29.126 489.743 29.126 489.743 74.234 470.814 74.234
471.009 29.060 490.064 29.060 490.064 74.303 471.009 74.303
471.498 28.818 490.548 28.818 490.548 74.326 471.498 74.326
471.659 32.021 491.003 32.021 491.003 77.211 471.659 77.211
471.777 31.780 491.281 31.780 491.281 76.772 471.777 76.772
471.998 31.296 491.590 31.296 491.590 76.260 471.998 76.260
471.990 31.194 491.612 31.194 491.612 76.098 471.990 76.098
471.764 30.521 491.569 30.521 491.569 75.207 471.764 75.207
468.863 29.585 488.884 29.585 488.884 74.496 468.863 74.496
469.485 29.581 489.423 29.581 489.423 74.691 469.485 74.691
470.248 29.271 489.539 29.271 489.539 75.141 470.248 75.141
470.179 28.569 489.164 28.569 489.164 74.894 470.179 74.894
470.112 28.286 488.742 28.286 488.742 74.987 470.112 74.987
470.242 28.403 488.913 28.403 488.913 74.998 470.242 74.998
470.303 28.060 489.038 28.060 489.038 74.467 470.303 74.467
470.575 31.031 489.363 31.031 489.363 77.267 470.575 77.267
467.587 29.561 486.492 29.561 486.492 75.595 467.587 75.595
467.937 28.520 486.908 28.520 486.908 74.512 467.937 74.512
467.800 28.554 486.878 28.554 486.878 74.398 467.800 74.398
468.217 30.457 487.424 30.457 487.424 75.877 468.217 75.877
468.342 29.263 487.630 29.263 487.630 74.590 468.342 74.590
468.387 31.133 487.779 31.133 487.779 76.186 468.387 76.186
468.636 31.953 488.186 31.953 488.186 76.711 468.636 76.711
468.975 32.714 488.680 32.714 488.680 77.178 468.975 77.178
465.785 30.521 485.640 30.521 485.640 74.832 465.785 74.832
466.288 29.492 486.259 29.492 486.259 73.824 466.288 73.824
466.505 29.031 486.606 29.031 486.606 73.272 466.505 73.272
466.418 28.411 486.482 28.411 486.482 72.728 466.418 72.728
466.661 29.678 486.711 29.678 486.711 74.089 466.661 74.089
466.922 31.271 487.081 31.271 487.081 75.208 466.922 75.208
466.906 30.045 486.994 30.045 486.994 73.949 466.906 73.949
467.263 31.180 487.285 31.180 487.285 74.928 467.263 74.928
466.993 27.717 486.739 27.717 486.739 71.756 466.993 71.756
464.346 28.306 483.972 28.306 483.972 72.379 464.346 72.379
464.828 28.610 484.149 28.610 484.149 72.896 464.828 72.896
465.521 30.851 484.845 30.851 484.845 74.931 465.521 74.931
465.429 29.428 484.773 29.428 484.773 73.411 465.429 73.411
465.494 30.359 484.628 30.359 484.628 74.542 465.494 74.542
465.501 29.227 484.678 29.227 484.678 73.424 465.501 73.424
466.157 30.260 485.388 30.260 485.388 74.483 466.157 74.483
466.430 30.534 485.785 30.534 485.785 74.557 466.430 74.557
466.517 31.510 485.983 31.510 485.983 75.307 466.517 75.307
466.664 30.003 486.247 30.003 486.247 73.638 466.664 73.638
479.321 23.680 498.723 23.680 498.723 67.470 479.321 67.470
480.586 19.422 499.879 19.422 499.879 63.138 480.586 63.138
465.062 27.984 484.330 27.984 484.330 71.537 465.062 71.537
465.467 28.194 484.268 28.194 484.268 72.180 465.467 72.180
465.561 28.380 484.434 28.380 484.434 72.163 465.561 72.163
465.656 28.187 484.517 28.187 484.517 71.721 465.656 71.721
466.041 28.754 484.938 28.754 484.938 71.744 466.041 71.744
466.396 30.063 485.226 30.063 485.226 72.800 466.396 72.800
466.657 29.876 485.457 29.876 485.457 72.296 466.657 72.296
466.318 29.111 485.006 29.111 485.006 71.500 466.318 71.500
463.763 29.620 482.406 29.620 482.406 71.857 463.763 71.857
464.179 27.982 482.697 27.982 482.697 70.398 464.179 70.398
464.482 27.724 482.518 27.724 482.518 70.546 464.482 70.546
464.858 27.507 483.012 27.507 483.012 70.053 464.858 70.053
464.797 28.050 482.616 28.050 482.616 71.137 464.797 71.137
465.002 28.425 482.971 28.425 482.971 71.465 465.002 71.465
464.792 28.179 482.984 28.179 482.984 71.066 464.792 71.066
464.917 29.053 483.241 29.053 483.241 71.647 464.917 71.647
465.009 28.835 483.473 28.835 483.473 71.309 465.009 71.309
465.192 29.322 483.868 29.322 483.868 71.605 465.192 71.605
465.323 27.779 484.140 27.779 484.140 69.683 465.323 69.683
465.207 28.070 483.982 28.070 483.982 69.862 465.207 69.862
465.075 28.087 483.703 28.087 483.703 70.017 465.075 70.017
465.080 28.202 483.539 28.202 483.539 69.953 465.080 69.953
465.795 28.693 484.029 28.693 484.029 70.361 465.795 70.361
466.265 28.245 484.298 28.245 484.298 69.742 466.265 69.742
466.470 28.358 484.203 28.358 484.203 69.841 466.470 69.841
466.224 28.862 484.023 28.862 484.023 69.844 466.224 69.844
465.706 29.366 483.422 29.366 483.422 69.951 465.706 69.951
465.347 28.723 483.025 28.723 483.025 68.898 465.347 68.898
464.669 28.913 482.330 28.913 482.330 68.824 464.669 68.824
464.598 28.254 482.174 28.254 482.174 67.979 464.598 67.979
464.537 28.861 481.980 28.861 481.980 68.693 464.537 68.693
464.432 28.038 481.868 28.038 481.868 67.885 464.432 67.885
464.060 29.116 481.443 29.116 481.443 69.095 464.060 69.095
463.783 28.797 480.684 28.797 480.684 69.578 463.783 69.578
464.055 28.922 481.142 28.922 481.142 69.611 464.055 69.611
464.304 27.689 481.496 27.689 481.496 68.322 464.304 68.322
464.283 27.746 481.576 27.746 481.576 68.234 464.283 68.234
464.067 27.302 481.371 27.302 481.371 67.846 464.067 67.846
464.279 27.532 481.708 27.532 481.708 67.979 464.279 67.979
464.608 26.142 481.940 26.142 481.940 66.667 464.608 66.667
464.625 27.498 481.938 27.498 481.938 67.929 464.625 67.929
464.744 28.515 482.060 28.515 482.060 68.538 464.744 68.538
464.928 27.683 482.078 27.683 482.078 67.577 464.928 67.577
465.089 28.997 482.214 28.997 482.214 68.530 465.089 68.530
465.220 28.135 482.146 28.135 482.146 67.662 465.220 67.662
464.405 27.313 481.393 27.313 481.393 66.660 464.405 66.660
464.305 27.749 481.300 27.749 481.300 66.905 464.305 66.905
464.170 27.690 481.077 27.690 481.077 66.711 464.170 66.711
463.959 27.334 480.819 27.334 480.819 66.349 463.959 66.349
463.485 27.983 480.439 27.983 480.439 66.799 463.485 66.799
463.322 27.577 480.203 27.577 480.203 66.567 463.322 66.567
463.464 27.598 480.358 27.598 480.358 66.780 463.464 66.780
463.212 27.545 480.079 27.545 480.079 66.982 463.212 66.982
463.051 27.295 479.995 27.295 479.995 66.767 463.051 66.767
462.576 27.106 479.712 27.106 479.712 66.314 462.576 66.314
463.008 26.160 480.169 26.160 480.169 65.597 463.008 65.597
463.027 26.650 480.078 26.650 480.078 66.047 463.027 66.047
463.162 27.082 480.211 27.082 480.211 66.520 463.162 66.520
463.207 27.598 480.215 27.598 480.215 66.975 463.207 66.975
463.227 27.437 480.148 27.437 480.148 66.738 463.227 66.738
463.601 28.173 480.398 28.173 480.398 67.513 463.601 67.513
463.587 27.846 480.407 27.846 480.407 67.013 463.587 67.013
463.365 27.980 480.137 27.980 480.137 66.797 463.365 66.797
463.035 28.182 479.760 28.182 479.760 66.800 463.035 66.800
462.954 28.159 479.677 28.159 479.677 66.434 462.954 66.434
462.686 28.283 479.597 28.283 479.597 65.977 462.686 65.977
462.804 29.879 479.572 29.879 479.572 67.741 462.804 67.741
463.146 28.405 479.850 28.405 479.850 66.317 463.146 66.317
462.924 28.314 479.685 28.314 479.685 65.975 462.924 65.975
462.904 27.835 479.637 27.835 479.637 65.447 462.904 65.447
462.697 27.231 479.574 27.231 479.574 64.498 462.697 64.498
462.724 28.250 479.549 28.250 479.549 65.597 462.724 65.597
462.530 27.876 479.463 27.876 479.463 65.150 462.530 65.150
459.829 27.466 476.774 27.466 476.774 64.762 459.829 64.762
460.366 27.788 477.422 27.788 477.422 65.062 460.366 65.062
461.051 26.258 478.056 26.258 478.056 63.562 461.051 63.562
461.288 25.142 478.357 25.142 478.357 62.588 461.288 62.588
461.358 27.398 478.340 27.398 478.340 64.707 461.358 64.707
461.353 28.342 478.360 28.342 478.360 65.402 461.353 65.402
461.463 28.174 478.359 28.174 478.359 65.096 461.463 65.096
461.530 28.545 478.388 28.545 478.388 65.406 461.530 65.406
458.625 29.167 475.487 29.167 475.487 65.665 458.625 65.665
458.929 27.392 475.746 27.392 475.746 63.816 458.929 63.816
459.282 28.143 476.065 28.143 476.065 64.279 459.282 64.279
459.752 28.803 476.490 28.803 476.490 65.057 459.752 65.057
459.794 29.608 476.476 29.608 476.476 65.867 459.794 65.867
459.546 29.231 476.242 29.231 476.242 65.312 459.546 65.312
456.485 27.886 473.270 27.886 473.270 63.951 456.485 63.951
456.555 29.350 473.421 29.350 473.421 65.367 456.555 65.367
456.823 28.542 473.742 28.542 473.742 64.437 456.823 64.437
457.131 26.813 474.059 26.813 474.059 62.797 457.131 62.797
457.111 28.100 474.046 28.100 474.046 64.136 457.111 64.136
457.105 27.899 474.096 27.899 474.096 63.872 457.105 63.872
457.226 27.966 474.242 27.966 474.242 63.975 457.226 63.975
456.982 27.901 473.811 27.901 473.811 64.254 456.982 64.254
456.920 28.017 473.691 28.017 473.691 64.454 456.920 64.454
456.976 27.981 473.763 27.981 473.763 64.340 456.976 64.340
457.079 27.713 473.809 27.713 473.809 63.999 457.079 63.999
457.154 27.736 473.815 27.736 473.815 63.812 457.154 63.812
457.024 27.991 473.652 27.991 473.652 64.071 457.024 64.071
456.674 26.920 473.260 26.920 473.260 62.885 456.674 62.885
456.541 27.666 473.154 27.666 473.154 63.744 456.541 63.744
456.350 27.667 472.998 27.667 472.998 63.616 456.350 63.616
455.933 27.731 472.592 27.731 472.592 63.471 455.933 63.471
455.677 26.937 472.332 26.937 472.332 62.625 455.677 62.625
455.593 26.485 472.211 26.485 472.211 62.284 455.593 62.284
455.122 27.177 471.755 27.177 471.755 62.961 455.122 62.961
454.898 27.299 471.546 27.299 471.546 63.007 454.898 63.007
454.761 29.166 471.403 29.166 471.403 64.938 454.761 64.938
454.648 27.990 471.315 27.990 471.315 63.787 454.648 63.787
454.722 27.829 471.475 27.829 471.475 63.591 454.722 63.591
454.793 25.436 471.508 25.436 471.508 61.345 454.793 61.345
454.812 25.369 471.484 25.369 471.484 61.401 454.812 61.401
454.890 25.978 471.547 25.978 471.547 62.081 454.890 62.081
454.784 24.352 471.386 24.352 471.386 60.508 454.784 60.508
455.005 26.699 471.657 26.699 471.657 62.807 455.005 62.807
455.094 26.747 471.783 26.747 471.783 62.887 455.094 62.887
455.262 24.995 471.773 24.995 471.773 61.543 455.262 61.543
455.270 25.562 471.809 25.562 471.809 62.069 455.270 62.069
455.451 28.084 472.091 28.084 472.091 64.291 455.451 64.291
455.591 27.134 472.148 27.134 472.148 63.328 455.591 63.328
455.490 26.340 472.013 26.340 472.013 62.612 455.490 62.612
455.382 25.558 471.965 25.558 471.965 61.710 455.382 61.710
455.389 26.777 471.673 26.777 471.673 63.380 455.389 63.380
455.033 25.828 471.417 25.828 471.417 62.286 455.033 62.286
455.265 27.926 471.682 27.926 471.682 64.189 455.265 64.189
455.472 27.776 471.947 27.776 471.947 63.884 455.472 63.884
464.814 33.998 480.768 33.998 480.768 70.455 464.814 70.455
464.709 34.206 480.426 34.206 480.426 70.918 464.709 70.918
455.007 26.903 470.930 26.903 470.930 63.335 455.007 63.335
455.156 26.077 471.218 26.077 471.218 62.425 455.156 62.425
455.576 27.804 471.735 27.804 471.735 64.113 455.576 64.113
455.870 26.799 472.178 26.799 472.178 62.858 455.870 62.858
456.067 26.534 472.452 26.534 472.452 62.511 456.067 62.511
455.930 26.118 472.456 26.118 472.456 61.884 455.930 61.884
455.710 26.266 472.341 26.266 472.341 61.911 455.710 61.911
455.623 26.518 472.284 26.518 472.284 62.070 455.623 62.070
455.850 27.852 472.500 27.852 472.500 63.335 455.850 63.335
456.105 26.250 472.748 26.250 472.748 61.597 456.105 61.597
453.557 25.266 470.134 25.266 470.134 60.814 453.557 60.814
453.789 24.816 470.354 24.816 470.354 60.501 453.789 60.501
454.069 24.410 470.631 24.410 470.631 60.086 454.069 60.086
454.050 24.821 470.582 24.821 470.582 60.538 454.050 60.538
454.121 24.750 470.644 24.750 470.644 60.490 454.121 60.490
454.269 24.595 470.789 24.595 470.789 60.303 454.269 60.303
454.423 24.438 470.939 24.438 470.939 60.111 454.423 60.111
454.485 26.410 470.974 26.410 470.974 62.011 454.485 62.011
454.567 23.391 471.025 23.391 471.025 59.025 454.567 59.025
454.684 25.780 471.165 25.780 471.165 61.383 454.684 61.383
454.751 24.372 471.203 24.372 471.203 59.966 454.751 59.966
454.871 24.677 471.320 24.677 471.320 60.178 454.871 60.178
455.022 26.211 471.448 26.211 471.448 61.622 455.022 61.622
455.061 25.546 471.476 25.546 471.476 60.918 455.061 60.918
454.798 25.184 471.248 25.184 471.248 60.551 454.798 60.551
454.704 24.594 471.134 24.594 471.134 59.906 454.704 59.906
454.646 25.950 470.809 25.950 470.809 61.651 454.646 61.651
454.598 24.719 470.550 24.719 470.550 60.715 454.598 60.715
454.434 23.994 470.439 23.994 470.439 59.867 454.434 59.867
454.142 25.743 470.145 25.743 470.145 61.535 454.142 61.535
453.925 24.805 469.959 24.805 469.959 60.480 453.925 60.480
453.962 24.098 470.021 24.098 470.021 59.743 453.962 59.743
454.028 23.264 470.085 23.264 470.085 58.900 454.028 58.900
454.078 23.225 470.166 23.225 470.166 58.781 454.078 58.781
454.182 23.329 470.300 23.329 470.300 58.887 454.182 58.887
454.227 22.640 470.364 22.640 470.364 58.172 454.227 58.172
454.356 22.481 470.500 22.481 470.500 58.002 454.356 58.002
454.093 22.796 470.237 22.796 470.237 58.304 454.093 58.304
454.271 22.682 470.404 22.682 470.404 58.244 454.271 58.244
454.042 22.668 470.184 22.668 470.184 58.188 454.042 58.188
454.166 22.415 470.170 22.415 470.170 58.142 454.166 58.142
454.362 24.784 470.352 24.784 470.352 60.494 454.362 60.494
451.634 24.038 467.633 24.038 467.633 59.729 451.634 59.729
454.531 21.101 470.369 21.101 470.369 56.981 454.531 56.981
454.199 21.337 469.847 21.337 469.847 57.378 454.199 57.378
453.836 23.939 469.544 23.939 469.544 59.653 453.836 59.653
453.379 23.125 468.960 23.125 468.960 59.021 453.379 59.021
453.511 22.270 469.029 22.270 469.029 58.260 453.511 58.260
453.651 27.888 469.047 27.888 469.047 63.988 453.651 63.988
453.765 26.075 469.221 26.075 469.221 62.074 453.765 62.074
453.439 24.651 468.907 24.651 468.907 60.628 453.439 60.628
453.430 24.115 468.905 24.115 468.905 60.081 453.430 60.081
453.815 25.610 469.347 25.610 469.347 61.447 453.815 61.447
453.639 24.502 469.177 24.502 469.177 60.306 453.639 60.306
453.664 23.542 469.205 23.542 469.205 59.321 453.664 59.321
453.701 23.035 469.249 23.035 469.249 58.797 453.701 58.797
453.624 22.465 469.181 22.465 469.181 58.221 453.624 58.221
453.397 21.518 468.949 21.518 468.949 57.272 453.397 57.272
453.172 21.441 468.734 21.441 468.734 57.132 453.172 57.132
452.998 21.466 468.447 21.466 468.447 57.260 452.998 57.260
452.994 21.360 468.333 21.360 468.333 57.276 452.994 57.276
452.955 21.484 468.311 21.484 468.311 57.318 452.955 57.318
453.199 22.836 468.551 22.836 468.551 58.590 453.199 58.590
452.920 22.698 468.326 22.698 468.326 58.244 452.920 58.244
453.071 24.512 468.523 24.512 468.523 59.901 453.071 59.901
452.871 23.758 468.329 23.758 468.329 59.101 452.871 59.101
452.936 23.935 468.390 23.935 468.390 59.230 452.936 59.230
450.347 25.816 465.815 25.816 465.815 61.032 450.347 61.032
453.236 25.035 468.710 25.035 468.710 60.212 453.236 60.212
453.330 26.761 468.815 26.761 468.815 61.897 453.330 61.897
453.564 25.497 469.043 25.497 469.043 60.621 453.564 60.621
