386.000 376.000 422.000 376.000 422.000 401.000 386.000 401.000
383.074 378.905 418.810 378.905 418.810 403.789 383.074 403.789
378.244 372.926 413.253 372.926 413.253 397.742 378.244 397.742
371.468 376.023 406.210 376.023 406.210 400.843 371.468 400.843
353.980 374.740 388.718 374.740 388.718 399.389 353.980 399.389
342.743 373.817 377.130 373.817 377.130 398.345 342.743 398.345
335.167 371.769 369.462 371.769 369.462 396.064 335.167 396.064
328.208 369.563 362.399 369.563 362.399 393.649 328.208 393.649
318.083 369.108 352.734 369.108 352.734 392.881 318.083 392.881
311.093 369.514 345.550 369.514 345.550 393.403 311.093 393.403
304.564 370.065 339.503 370.065 339.503 393.777 304.564 393.777
298.428 370.288 332.933 370.288 332.933 394.249 298.428 394.249
292.934 370.302 326.718 370.302 326.718 394.725 292.934 394.725
287.831 369.816 320.850 369.816 320.850 394.730 287.831 394.730
282.226 369.412 314.969 369.412 314.969 394.539 282.226 394.539
276.229 370.380 308.621 370.380 308.621 395.762 276.229 395.762
265.975 372.474 297.983 372.474 297.983 398.014 265.975 398.014
252.577 373.046 284.304 373.046 284.304 398.647 252.577 398.647
240.510 371.773 271.982 371.773 271.982 397.476 240.510 397.476
247.996 368.906 279.863 368.906 279.863 394.355 247.996 394.355
247.141 369.528 278.877 369.528 278.877 394.875 247.141 394.875
241.315 370.476 273.295 370.476 273.295 395.558 241.315 395.558
238.038 368.719 269.902 368.719 269.902 393.670 238.038 393.670
230.713 370.112 262.705 370.112 262.705 394.676 230.713 394.676
223.928 370.236 256.704 370.236 256.704 394.248 223.928 394.248
221.365 368.834 254.100 368.834 254.100 392.917 221.365 392.917
216.119 367.862 248.924 367.862 248.924 391.902 216.119 391.902
211.138 369.685 243.893 369.685 243.893 393.791 211.138 393.791
204.984 369.802 237.724 369.802 237.724 393.900 204.984 393.900
199.184 369.812 232.919 369.812 232.919 393.060 199.184 393.060
197.292 367.561 230.886 367.561 230.886 390.952 197.292 390.952
195.457 365.878 228.850 365.878 228.850 389.236 195.457 389.236
189.131 365.559 222.371 365.559 222.371 388.917 189.131 388.917
182.768 366.850 215.870 366.850 215.870 390.299 182.768 390.299
175.891 366.134 209.772 366.134 209.772 389.054 175.891 389.054
165.813 366.679 199.874 366.679 199.874 389.433 165.813 389.433
158.583 367.361 192.586 367.361 192.586 390.089 158.583 390.089
138.910 363.010 173.080 363.010 173.080 385.612 138.910 385.612
129.824 363.375 164.140 363.375 164.140 385.967 129.824 385.967
129.893 363.253 164.582 363.253 164.582 385.845 129.893 385.845
135.226 363.341 169.878 363.341 169.878 386.091 135.226 386.091
146.941 362.542 181.377 362.542 181.377 385.269 146.941 385.269
158.515 360.986 191.625 360.986 191.625 384.911 158.515 384.911
166.499 360.175 199.072 360.175 199.072 384.473 166.499 384.473
176.866 361.326 208.766 361.326 208.766 386.275 176.866 386.275
201.639 360.765 234.306 360.765 234.306 385.312 201.639 385.312
209.478 358.699 242.262 358.699 242.262 383.344 209.478 383.344
212.497 359.553 244.891 359.553 244.891 384.280 212.497 384.280
217.523 360.120 249.567 360.120 249.567 385.197 217.523 385.197
221.286 361.338 253.173 361.338 253.173 386.689 221.286 386.689
220.851 357.695 252.545 357.695 252.545 383.410 220.851 383.410
220.992 359.470 252.615 359.470 252.615 385.346 220.992 385.346
228.244 364.262 259.908 364.262 259.908 390.127 228.244 390.127
228.849 365.084 260.450 365.084 260.450 390.920 228.849 390.920
228.884 365.395 260.460 365.395 260.460 391.226 228.884 391.226
229.397 366.014 260.996 366.014 260.996 391.814 229.397 391.814
218.177 363.293 249.821 363.293 249.821 389.036 218.177 389.036
221.970 361.071 253.646 361.071 253.646 386.851 221.970 386.851
221.969 362.323 253.633 362.323 253.633 388.155 221.969 388.155
218.398 360.349 250.147 360.349 250.147 386.239 218.398 386.239
222.628 361.540 254.393 361.540 254.393 387.573 222.628 387.573
223.410 362.120 255.156 362.120 255.156 388.214 223.410 388.214
223.094 363.261 255.085 363.261 255.085 389.112 223.094 389.112
242.690 385.950 274.846 385.950 274.846 411.550 242.690 411.550
228.487 388.953 260.301 388.953 260.301 414.635 228.487 414.635
206.870 388.821 239.160 388.821 239.160 414.173 206.870 414.173
214.049 392.337 246.259 392.337 246.259 417.702 214.049 417.702
213.964 390.997 246.170 390.997 246.170 416.340 213.964 416.340
209.893 384.059 241.902 384.059 241.902 409.515 209.893 409.515
212.733 384.771 244.720 384.771 244.720 410.245 212.733 410.245
228.630 376.141 260.308 376.141 260.308 401.736 228.630 401.736
228.440 374.414 260.115 374.414 260.115 400.010 228.440 400.010
227.971 373.252 259.643 373.252 259.643 398.848 227.971 398.848
227.512 372.466 259.180 372.466 259.180 398.063 227.512 398.063
227.191 371.043 258.859 371.043 258.859 396.640 227.191 396.640
227.615 368.148 259.283 368.148 259.283 393.745 227.615 393.745
235.672 352.548 267.366 352.548 267.366 378.087 235.672 378.087
237.761 350.602 269.456 350.602 269.456 376.139 237.761 376.139
246.368 358.018 277.761 358.018 277.761 383.500 246.368 383.500
252.065 348.341 283.233 348.341 283.233 374.146 252.065 374.146
245.362 347.611 276.546 347.611 276.546 373.589 245.362 373.589
232.455 344.098 263.466 344.098 263.466 370.310 232.455 370.310
228.347 336.603 259.046 336.603 259.046 363.084 228.347 363.084
228.228 340.095 259.394 340.095 259.394 366.729 228.228 366.729
216.983 336.192 248.187 336.192 248.187 362.903 216.983 362.903
210.637 348.037 242.606 348.037 242.606 373.949 210.637 373.949
210.993 353.819 242.655 353.819 242.655 379.812 210.993 379.812
