22.000 287.000 62.000 287.000 62.000 413.000 22.000 413.000
24.821 288.798 65.282 288.798 65.282 414.043 24.821 414.043
30.048 288.711 70.468 288.711 70.468 414.405 30.048 414.405
34.416 291.745 75.393 291.745 75.393 416.997 34.416 416.997
38.764 287.732 80.217 287.732 80.217 411.942 38.764 411.942
43.032 290.887 84.884 290.887 84.884 414.419 43.032 414.419
47.149 289.793 88.915 289.793 88.915 414.167 47.149 414.167
51.793 290.321 93.463 290.321 93.463 414.739 51.793 414.739
56.631 288.791 98.393 288.791 98.393 412.528 56.631 412.528
62.788 289.444 104.685 289.444 104.685 412.787 62.788 412.787
69.661 291.800 111.322 291.800 111.322 415.308 69.661 415.308
74.521 291.495 115.750 291.495 115.750 415.148 74.521 415.148
77.112 290.344 117.850 290.344 117.850 414.029 77.112 414.029
80.109 288.456 120.403 288.456 120.403 411.722 80.109 411.722
84.800 290.917 124.559 290.917 124.559 413.751 84.800 413.751
89.456 288.635 129.234 288.635 129.234 410.746 89.456 410.746
93.930 285.966 133.650 285.966 133.650 408.181 93.930 408.181
98.587 284.202 138.060 284.202 138.060 407.277 98.587 407.277
104.760 284.142 144.224 284.142 144.224 407.557 104.760 407.557
116.128 285.461 155.124 285.461 155.124 409.477 116.128 409.477
118.824 282.430 157.611 282.430 157.611 405.241 118.824 405.241
122.745 284.181 161.416 284.181 161.416 406.584 122.745 406.584
127.489 283.919 166.112 283.919 166.112 406.231 127.489 406.231
132.859 284.716 171.264 284.716 171.264 407.180 132.859 407.180
137.226 283.435 175.232 283.435 175.232 405.587 137.226 405.587
142.228 283.046 179.982 283.046 179.982 404.641 142.228 404.641
145.364 278.310 182.764 278.310 182.764 399.364 145.364 399.364
157.165 280.275 194.551 280.275 194.551 400.500 157.165 400.500
167.564 280.533 205.049 280.533 205.049 400.319 167.564 400.319
172.546 280.245 209.847 280.245 209.847 400.225 172.546 400.225
175.896 280.060 213.135 280.060 213.135 400.008 175.896 400.008
178.697 280.822 215.680 280.822 215.680 401.283 178.697 401.283
179.989 280.411 217.313 280.411 217.313 400.508 179.989 400.508
182.329 279.516 219.646 279.516 219.646 399.918 182.329 399.918
186.406 281.417 224.283 281.417 224.283 400.896 186.406 400.896
196.618 282.117 234.163 282.117 234.163 401.863 196.618 401.863
199.779 282.078 237.294 282.078 237.294 401.772 199.779 401.772
211.155 280.001 248.363 280.001 248.363 400.261 211.155 400.261
213.407 278.674 250.424 278.674 250.424 399.317 213.407 399.317
223.443 273.783 260.715 273.783 260.715 394.309 223.443 394.309
225.872 273.092 263.114 273.092 263.114 393.981 225.872 393.981
228.725 273.576 266.170 273.576 266.170 394.595 228.725 394.595
232.187 271.205 269.860 271.205 269.860 391.970 232.187 391.970
235.589 270.809 273.494 270.809 273.494 391.926 235.589 391.926
238.876 269.118 277.142 269.118 277.142 389.766 238.876 389.766
244.608 266.994 282.838 266.994 282.838 387.543 244.608 387.543
253.667 263.023 292.342 263.023 292.342 383.204 253.667 383.204
257.029 259.502 295.779 259.502 295.779 380.592 257.029 380.592
259.863 259.390 298.820 259.390 298.820 381.410 259.863 381.410
263.941 260.520 303.064 260.520 303.064 383.444 263.941 383.444
266.108 259.312 305.843 259.312 305.843 382.046 266.108 382.046
268.320 261.267 308.099 261.267 308.099 385.011 268.320 385.011
270.438 261.941 310.771 261.941 310.771 385.773 270.438 385.773
272.649 265.046 313.322 265.046 313.322 389.564 272.649 389.564
275.337 263.143 315.921 263.143 315.921 387.560 275.337 387.560
279.101 262.717 319.871 262.717 319.871 386.440 279.101 386.440
282.468 262.599 323.407 262.599 323.407 385.239 282.468 385.239
285.050 265.693 325.967 265.693 325.967 387.628 285.050 387.628
287.631 265.034 328.452 265.034 328.452 386.047 287.631 386.047
289.605 261.972 329.997 261.972 329.997 382.519 289.605 382.519
291.760 261.625 332.290 261.625 332.290 381.796 291.760 381.796
300.891 254.146 341.023 254.146 341.023 374.750 300.891 374.750
305.232 251.873 345.650 251.873 345.650 372.179 305.232 372.179
309.543 251.831 350.138 251.831 350.138 371.758 309.543 371.758
304.239 251.092 345.182 251.092 345.182 371.650 304.239 371.650
304.024 247.905 344.818 247.905 344.818 370.599 304.024 370.599
307.444 251.037 348.295 251.037 348.295 375.430 307.444 375.430
310.678 251.863 351.373 251.863 351.373 376.672 310.678 376.672
312.584 250.319 353.019 250.319 353.019 375.437 312.584 375.437
316.755 251.790 357.375 251.790 357.375 376.811 316.755 376.811
320.958 254.919 361.438 254.919 361.438 379.297 320.958 379.297
332.494 250.743 372.442 250.743 372.442 373.946 332.494 373.946
335.610 251.813 375.435 251.813 375.435 374.853 335.610 374.853
336.184 253.339 376.006 253.339 376.006 375.715 336.184 375.715
338.273 249.893 377.960 249.893 377.960 371.500 338.273 371.500
338.993 248.469 379.676 248.469 379.676 368.332 338.993 368.332
317.352 249.961 357.449 249.961 357.449 371.028 317.352 371.028
315.930 252.545 355.561 252.545 355.561 373.965 315.930 373.965
316.495 250.259 356.137 250.259 356.137 371.373 316.495 371.373
317.362 245.736 357.436 245.736 357.436 365.589 317.362 365.589
294.641 244.322 334.470 244.322 334.470 364.905 294.641 364.905
281.949 246.358 321.515 246.358 321.515 367.831 281.949 367.831
280.109 243.804 319.613 243.804 319.613 365.106 280.109 365.106
278.978 246.392 318.424 246.392 318.424 367.714 278.978 367.714
280.502 244.855 319.606 244.855 319.606 366.298 280.502 366.298
281.901 243.626 321.032 243.626 321.032 364.991 281.901 364.991
283.227 244.931 322.499 244.931 322.499 365.497 283.227 365.497
290.755 241.315 329.959 241.315 329.959 361.459 290.755 361.459
291.829 241.327 330.427 241.327 330.427 361.847 291.829 361.847
294.057 244.115 332.614 244.115 332.614 363.672 294.057 363.672
296.387 244.186 334.967 244.186 334.967 363.019 296.387 363.019
298.156 245.782 336.696 245.782 336.696 364.058 298.156 364.058
295.803 244.859 335.088 244.859 335.088 362.668 295.803 362.668
274.794 242.788 314.912 242.788 314.912 360.084 274.794 360.084
273.233 244.823 313.497 244.823 313.497 362.481 273.233 362.481
270.305 250.446 310.376 250.446 310.376 368.673 270.305 368.673
228.292 240.810 268.230 240.810 268.230 358.319 228.292 358.319
226.661 242.373 266.013 242.373 266.013 360.178 226.661 360.178
227.691 241.738 267.029 241.738 267.029 358.715 227.691 358.715
228.679 241.075 267.642 241.075 267.642 357.471 228.679 357.471
231.344 240.865 269.774 240.865 269.774 356.728 231.344 356.728
238.666 242.632 276.815 242.632 276.815 358.588 238.666 358.588
239.764 241.960 277.045 241.960 277.045 357.950 239.764 357.950
240.995 242.571 278.106 242.571 278.106 357.191 240.995 357.191
243.218 241.632 279.992 241.632 279.992 355.845 243.218 355.845
244.752 241.396 281.242 241.396 281.242 355.701 244.752 355.701
246.142 240.028 282.184 240.028 282.184 354.158 246.142 354.158
247.376 240.411 283.449 240.411 283.449 354.457 247.376 354.457
248.143 238.536 283.729 238.536 283.729 353.336 248.143 353.336
249.451 237.689 284.494 237.689 284.494 353.236 249.451 353.236
250.215 235.993 284.941 235.993 284.941 351.789 250.215 351.789
250.880 235.643 285.325 235.643 285.325 351.749 250.880 351.749
251.567 236.597 286.157 236.597 286.157 351.377 251.567 351.377
252.216 236.012 286.877 236.012 286.877 350.222 252.216 350.222
252.383 235.803 286.750 235.803 286.750 349.720 252.383 349.720
253.081 236.710 287.427 236.710 287.427 349.884 253.081 349.884
254.578 234.541 288.459 234.541 288.459 348.225 254.578 348.225
256.713 233.724 290.513 233.724 290.513 347.090 256.713 347.090
258.913 232.573 292.346 232.573 292.346 346.261 258.913 346.261
260.667 232.146 293.998 232.146 293.998 345.880 260.667 345.880
262.724 233.949 296.052 233.949 296.052 347.417 262.724 347.417
263.161 232.876 296.370 232.876 296.370 346.362 263.161 346.362
263.787 232.063 296.905 232.063 296.905 345.576 263.787 345.576
264.206 231.186 297.262 231.186 297.262 345.039 264.206 345.039
265.687 230.226 298.886 230.226 298.886 344.190 265.687 344.190
266.869 230.633 300.165 230.633 300.165 344.739 266.869 344.739
266.800 229.574 300.117 229.574 300.117 343.877 266.800 343.877
267.555 229.307 300.893 229.307 300.893 343.719 267.555 343.719
268.355 227.221 301.725 227.221 301.725 341.333 268.355 341.333
269.832 227.221 303.440 227.221 303.440 340.576 269.832 340.576
270.657 228.101 304.558 228.101 304.558 340.295 270.657 340.295
271.915 228.574 305.971 228.574 305.971 339.864 271.915 339.864
273.613 226.241 307.672 226.241 307.672 336.991 273.613 336.991
274.632 223.556 308.539 223.556 308.539 333.720 274.632 333.720
278.243 224.068 311.889 224.068 311.889 334.005 278.243 334.005
280.455 223.490 313.759 223.490 313.759 333.734 280.455 333.734
281.239 222.879 314.276 222.879 314.276 333.270 281.239 333.270
282.681 223.578 315.484 223.578 315.484 333.936 282.681 333.936
284.414 222.051 317.024 222.051 317.024 332.442 284.414 332.442
285.541 223.654 318.037 223.654 318.037 334.355 285.541 334.355
285.915 221.723 318.711 221.723 318.711 331.788 285.915 331.788
287.098 219.326 320.050 219.326 320.050 328.829 287.098 328.829
288.776 222.477 321.659 222.477 321.659 331.803 288.776 331.803
291.750 221.488 324.526 221.488 324.526 330.452 291.750 330.452
293.141 220.269 325.818 220.269 325.818 329.146 293.141 329.146
293.695 220.477 326.348 220.477 326.348 329.004 293.695 329.004
294.593 218.714 327.306 218.714 327.306 326.697 294.593 326.697
295.763 218.565 328.475 218.565 328.475 325.805 295.763 325.805
297.699 219.686 330.109 219.686 330.109 326.978 297.699 326.978
298.680 219.366 331.167 219.366 331.167 325.997 298.680 325.997
300.365 217.159 332.708 217.159 332.708 323.613 300.365 323.613
301.585 218.870 333.558 218.870 333.558 325.758 301.585 325.758
302.733 217.473 334.658 217.473 334.658 324.670 302.733 324.670
303.648 219.255 335.531 219.255 335.531 326.619 303.648 326.619
303.648 218.584 335.583 218.584 335.583 325.631 303.648 325.631
304.033 218.559 335.978 218.559 335.978 325.593 304.033 325.593
304.734 217.823 336.581 217.823 336.581 325.182 304.734 325.182
305.934 218.060 337.743 218.060 337.743 325.525 305.934 325.525
306.872 215.995 338.826 215.995 338.826 323.051 306.872 323.051
308.284 216.455 340.089 216.455 340.089 323.777 308.284 323.777
309.476 217.212 341.144 217.212 341.144 324.647 309.476 324.647
309.764 213.706 341.374 213.706 341.374 321.056 309.764 321.056
311.123 216.347 342.620 216.347 342.620 323.414 311.123 323.414
312.000 216.290 343.632 216.290 343.632 322.742 312.000 322.742
312.419 215.845 344.162 215.845 344.162 321.557 312.419 321.557
313.321 215.470 345.086 215.470 345.086 320.877 313.321 320.877
314.753 213.872 346.466 213.872 346.466 319.087 314.753 319.087
316.346 213.086 347.885 213.086 347.885 318.133 316.346 318.133
317.608 213.901 349.215 213.901 349.215 318.522 317.608 318.522
319.319 213.976 350.964 213.976 350.964 318.412 319.319 318.412
320.167 214.472 351.831 214.472 351.831 318.939 320.167 318.939
320.857 212.480 352.347 212.480 352.347 317.194 320.857 317.194
321.932 214.336 353.324 214.336 353.324 319.293 321.932 319.293
322.728 210.167 353.971 210.167 353.971 315.362 322.728 315.362
323.748 213.084 355.042 213.084 355.042 318.203 323.748 318.203
324.764 208.973 356.091 208.973 356.091 313.977 324.764 313.977
326.284 210.248 357.665 210.248 357.665 315.189 326.284 315.189
326.924 210.473 358.455 210.473 358.455 314.703 326.924 314.703
328.092 210.605 359.608 210.605 359.608 314.274 328.092 314.274
328.650 211.064 360.003 211.064 360.003 314.566 328.650 314.566
329.518 208.887 360.811 208.887 360.811 311.995 329.518 311.995
330.994 208.330 362.170 208.330 362.170 311.273 330.994 311.273
332.199 208.399 363.130 208.399 363.130 311.377 332.199 311.377
333.685 207.658 364.528 207.658 364.528 310.891 333.685 310.891
334.727 206.477 365.567 206.477 365.567 309.543 334.727 309.543
335.684 207.624 366.546 207.624 366.546 310.646 335.684 310.646
290.042 207.086 321.638 207.086 321.638 309.470 290.042 309.470
289.073 208.818 321.363 208.818 321.363 310.227 289.073 310.227
289.406 209.264 322.047 209.264 322.047 310.152 289.406 310.152
290.177 208.372 323.092 208.372 323.092 308.700 290.177 308.700
291.259 208.352 324.511 208.352 324.511 308.145 291.259 308.145
292.919 209.276 326.386 209.276 326.386 308.285 292.919 308.285
293.050 208.551 326.756 208.551 326.756 306.866 293.050 306.866
294.325 206.060 328.208 206.060 328.208 303.830 294.325 303.830
295.939 204.489 329.947 204.489 329.947 302.184 295.939 302.184
296.678 203.639 330.666 203.639 330.666 301.442 296.678 301.442
298.001 203.464 331.936 203.464 331.936 301.095 298.001 301.095
299.399 204.028 333.304 204.028 333.304 301.890 299.399 301.890
300.357 203.863 334.369 203.863 334.369 301.614 300.357 301.614
301.095 203.081 335.187 203.081 335.187 300.969 301.095 300.969
302.015 203.256 336.037 203.256 336.037 301.544 302.015 301.544
302.751 204.700 336.779 204.700 336.779 303.393 302.751 303.393
303.603 202.654 337.256 202.654 337.256 301.606 303.603 301.606
304.671 203.255 338.322 203.255 338.322 302.361 304.671 302.361
304.619 203.621 338.423 203.621 338.423 302.550 304.619 302.550
304.472 203.183 338.446 203.183 338.446 301.931 304.472 301.931
304.769 202.361 338.874 202.361 338.874 301.103 304.769 301.103
305.649 202.024 339.625 202.024 339.625 300.909 305.649 300.909
306.068 200.257 340.111 200.257 340.111 299.289 306.068 299.289
307.513 201.218 341.497 201.218 341.497 300.371 307.513 300.371
307.747 200.224 341.709 200.224 341.709 298.980 307.747 298.980
308.487 201.776 342.518 201.776 342.518 299.962 308.487 299.962
308.438 200.636 342.473 200.636 342.473 298.280 308.438 298.280
308.317 200.492 342.317 200.492 342.317 297.855 308.317 297.855
308.169 199.718 341.885 199.718 341.885 297.163 308.169 297.163
307.767 198.267 341.290 198.267 341.290 295.526 307.767 295.526
307.607 198.780 340.735 198.780 340.735 296.089 307.607 296.089
307.348 198.486 340.328 198.486 340.328 295.367 307.348 295.367
307.110 199.442 339.923 199.442 339.923 296.157 307.110 296.157
306.817 200.571 339.431 200.571 339.431 297.355 306.817 297.355
306.564 200.770 339.008 200.770 339.008 297.991 306.564 297.991
305.945 201.102 338.118 201.102 338.118 298.894 305.945 298.894
305.294 200.760 337.417 200.760 337.417 298.752 305.294 298.752
304.324 199.740 336.287 199.740 336.287 298.215 304.324 298.215
303.686 199.435 335.608 199.435 335.608 298.443 303.686 298.443
303.404 198.082 335.455 198.082 335.455 297.183 303.404 297.183
303.302 197.811 335.392 197.811 335.392 296.576 303.302 296.576
302.420 195.615 334.436 195.615 334.436 294.666 302.420 294.666
302.194 196.082 333.887 196.082 333.887 295.905 302.194 295.905
301.049 196.711 332.848 196.711 332.848 296.684 301.049 296.684
300.879 196.797 332.785 196.797 332.785 296.965 300.879 296.965
300.015 196.341 331.863 196.341 331.863 296.191 300.015 296.191
299.766 194.917 331.451 194.917 331.451 294.529 299.766 294.529
299.895 195.870 331.522 195.870 331.522 295.136 299.895 295.136
299.037 195.348 330.762 195.348 330.762 294.877 299.037 294.877
298.555 195.975 330.142 195.975 330.142 295.564 298.555 295.564
297.719 195.900 329.376 195.900 329.376 295.166 297.719 295.166
297.327 195.305 329.153 195.305 329.153 294.064 297.327 294.064
296.172 194.494 328.287 194.494 328.287 292.563 296.172 292.563
294.880 193.904 327.334 193.904 327.334 291.238 294.880 291.238
294.148 191.631 327.056 191.631 327.056 287.789 294.148 287.789
294.472 193.070 327.327 193.070 327.327 288.714 294.472 288.714
294.502 193.249 327.310 193.249 327.310 288.190 294.502 288.190
294.737 194.192 327.355 194.192 327.355 288.693 294.737 288.693
293.954 194.098 326.596 194.098 326.596 287.974 293.954 287.974
293.936 193.610 326.454 193.610 326.454 287.013 293.936 287.013
293.495 195.320 325.865 195.320 325.865 288.327 293.495 288.327
293.612 194.139 325.931 194.139 325.931 286.277 293.612 286.277
293.757 196.212 326.226 196.212 326.226 287.402 293.757 287.402
292.946 193.818 325.639 193.818 325.639 284.150 292.946 284.150
293.135 193.459 326.072 193.459 326.072 283.144 293.135 283.144
292.819 193.041 325.861 193.041 325.861 281.991 292.819 281.991
292.424 193.715 325.381 193.715 325.381 282.107 292.424 282.107
292.563 193.809 325.319 193.809 325.319 281.485 292.563 281.485
292.671 192.806 325.101 192.806 325.101 280.187 292.671 280.187
292.867 193.530 325.123 193.530 325.123 280.262 292.867 280.262
293.055 192.429 324.985 192.429 324.985 278.671 293.055 278.671
293.403 193.291 324.720 193.291 324.720 279.018 293.403 279.018
295.101 193.340 325.888 193.340 325.888 279.126 295.101 279.126
296.025 194.391 326.474 194.391 326.474 280.469 296.025 280.469
296.128 190.914 326.531 190.914 326.531 277.061 296.128 277.061
296.535 190.633 326.846 190.633 326.846 277.127 296.535 277.127
297.658 190.006 327.811 190.006 327.811 276.836 297.658 276.836
297.946 189.054 327.892 189.054 327.892 276.347 297.946 276.347
299.032 190.563 328.625 190.563 328.625 278.563 299.032 278.563
300.320 189.658 329.772 189.658 329.772 277.566 300.320 277.566
300.867 188.282 330.297 188.282 330.297 276.428 300.867 276.428
301.250 190.002 330.779 190.002 330.779 278.098 301.250 278.098
301.653 189.767 331.239 189.767 331.239 277.630 301.653 277.630
302.050 189.860 331.606 189.860 331.606 277.871 302.050 277.871
303.526 190.278 332.830 190.278 332.830 278.616 303.526 278.616
304.231 188.160 333.370 188.160 333.370 276.877 304.231 276.877
305.420 187.417 334.376 187.417 334.376 276.199 305.420 276.199
306.718 185.210 335.464 185.210 335.464 274.333 306.718 274.333
306.812 183.844 335.443 183.844 335.443 273.310 306.812 273.310
308.137 184.137 336.403 184.137 336.403 274.083 308.137 274.083
315.665 185.428 344.376 185.428 344.376 274.686 315.665 274.686
317.604 184.766 346.287 184.766 346.287 274.036 317.604 274.036
318.946 184.666 347.793 184.666 347.793 273.238 318.946 273.238
320.143 186.716 349.228 186.716 349.228 274.766 320.143 274.766
320.564 187.653 349.913 187.653 349.913 275.050 320.564 275.050
321.167 187.695 350.472 187.695 350.472 274.813 321.167 274.813
322.033 187.760 351.305 187.760 351.305 274.745 322.033 274.745
322.385 188.467 351.708 188.467 351.708 275.156 322.385 275.156
322.971 185.098 352.115 185.098 352.115 271.991 322.971 271.991
324.063 185.898 353.194 185.898 353.194 272.471 324.063 272.471
324.884 184.413 354.057 184.413 354.057 270.460 324.884 270.460
325.209 185.994 354.562 185.994 354.562 271.381 325.209 271.381
325.703 186.245 355.086 186.245 355.086 271.533 325.703 271.533
325.409 184.421 355.073 184.421 355.073 269.375 325.409 269.375
325.256 184.894 355.101 184.894 355.101 269.634 325.256 269.634
325.417 184.199 355.309 184.199 355.309 268.835 325.417 268.835
325.184 184.031 355.136 184.031 355.136 268.564 325.184 268.564
324.868 186.324 354.851 186.324 354.851 270.861 324.868 270.861
324.905 183.783 354.918 183.783 354.918 267.987 324.905 267.987
324.780 185.636 354.960 185.636 354.960 269.192 324.780 269.192
324.781 184.935 355.048 184.935 355.048 268.123 324.781 268.123
324.947 185.244 355.246 185.244 355.246 268.045 324.947 268.045
325.119 184.218 355.288 184.218 355.288 267.070 325.119 267.070
327.688 178.473 357.954 178.473 357.954 261.179 327.688 261.179
330.707 180.107 360.696 180.107 360.696 263.036 330.707 263.036
333.401 179.184 363.105 179.184 363.105 262.890 333.401 262.890
335.214 178.983 364.796 178.983 364.796 263.070 335.214 263.070
336.078 181.431 365.544 181.431 365.544 265.862 336.078 265.862
336.588 179.081 366.073 179.081 366.073 263.420 336.588 263.420
337.107 179.998 366.573 179.998 366.573 264.434 337.107 264.434
337.424 179.485 366.909 179.485 366.909 263.705 337.424 263.705
338.311 179.068 367.629 179.068 367.629 263.218 338.311 263.218
338.598 178.171 367.974 178.171 367.974 261.983 338.598 261.983
338.759 180.576 368.094 180.576 368.094 264.098 338.759 264.098
338.886 179.652 367.992 179.652 367.992 263.166 338.886 263.166
338.374 177.641 367.560 177.641 367.560 260.899 338.374 260.899
338.114 177.141 367.229 177.141 367.229 260.199 338.114 260.199
338.626 175.342 367.599 175.342 367.599 258.490 338.626 258.490
340.408 174.804 368.915 174.804 368.915 258.569 340.408 258.569
340.630 175.200 368.854 175.200 368.854 259.110 340.630 259.110
340.760 175.175 368.849 175.175 368.849 259.009 340.760 259.009
341.423 175.550 369.318 175.550 369.318 259.782 341.423 259.782
341.079 174.467 368.999 174.467 368.999 258.519 341.079 258.519
341.495 172.632 369.460 172.632 369.460 256.509 341.495 256.509
341.407 173.133 369.390 173.133 369.390 257.145 341.407 257.145
342.080 172.432 370.135 172.432 370.135 256.495 342.080 256.495
342.175 171.820 370.302 171.820 370.302 255.831 342.175 255.831
343.023 173.534 371.132 173.534 371.132 257.539 343.023 257.539
343.272 173.179 371.411 173.179 371.411 257.172 343.272 257.172
343.851 173.478 371.961 173.478 371.961 257.523 343.851 257.523
344.386 172.985 372.495 172.985 372.495 256.831 344.386 256.831
344.826 171.918 372.641 171.918 372.641 256.147 344.826 256.147
345.810 172.114 373.527 172.114 373.527 256.641 345.810 256.641
346.574 171.280 374.353 171.280 374.353 255.718 346.574 255.718
348.121 168.854 375.729 168.854 375.729 253.502 348.121 253.502
348.903 167.143 376.519 167.143 376.519 252.244 348.903 252.244
349.801 168.144 377.531 168.144 377.531 253.477 349.801 253.477
350.199 166.941 377.892 166.941 377.892 252.457 350.199 252.457
350.754 165.166 378.384 165.166 378.384 250.735 350.754 250.735
350.989 166.771 378.737 166.771 378.737 252.094 350.989 252.094
351.608 164.995 379.351 164.995 379.351 250.244 351.608 250.244
352.116 164.557 379.734 164.557 379.734 249.710 352.116 249.710
352.298 164.900 379.901 164.900 379.901 249.827 352.298 249.827
352.559 164.786 380.131 164.786 380.131 249.308 352.559 249.308
352.547 164.338 380.142 164.338 380.142 248.635 352.547 248.635
352.758 163.832 380.392 163.832 380.392 247.576 352.758 247.576
353.082 164.499 380.640 164.499 380.640 248.333 353.082 248.333
353.859 164.966 381.474 164.966 381.474 248.661 353.859 248.661
354.167 164.168 381.779 164.168 381.779 247.957 354.167 247.957
354.653 164.504 382.225 164.504 382.225 248.405 354.653 248.405
355.314 163.682 382.857 163.682 382.857 247.825 355.314 247.825
356.313 163.758 383.822 163.758 383.822 247.892 356.313 247.892
357.020 162.249 384.544 162.249 384.544 246.412 357.020 246.412
357.594 163.589 385.283 163.589 385.283 247.407 357.594 247.407
357.973 162.534 385.843 162.534 385.843 246.198 357.973 246.198
358.463 161.921 386.625 161.921 386.625 245.158 358.463 245.158
359.126 162.045 387.394 162.045 387.394 245.269 359.126 245.269
359.712 161.616 388.164 161.616 388.164 244.723 359.712 244.723
360.150 160.672 388.782 160.672 388.782 243.280 360.150 243.280
360.825 161.310 389.602 161.310 389.602 243.325 360.825 243.325
361.670 161.572 390.457 161.572 390.457 243.307 361.670 243.307
362.848 162.628 391.715 162.628 391.715 244.247 362.848 244.247
363.757 161.506 392.703 161.506 392.703 243.101 363.757 243.101
364.690 161.274 393.778 161.274 393.778 242.691 364.690 242.691
365.583 161.320 394.806 161.320 394.806 242.563 365.583 242.563
366.665 163.472 396.041 163.472 396.041 244.371 366.665 244.371
367.842 160.771 397.290 160.771 397.290 241.387 367.842 241.387
368.369 161.423 397.838 161.423 397.838 242.079 368.369 242.079
369.747 161.359 399.283 161.359 399.283 242.065 369.747 242.065
371.464 160.393 401.070 160.393 401.070 241.243 371.464 241.243
372.428 160.873 402.154 160.873 402.154 241.634 372.428 241.634
374.056 158.188 403.672 158.188 403.672 239.198 374.056 239.198
373.981 158.180 403.518 158.180 403.518 238.890 373.981 238.890
375.016 158.680 404.383 158.680 404.383 239.300 375.016 239.300
375.374 158.971 404.516 158.971 404.516 239.533 375.374 239.533
376.272 158.811 405.326 158.811 405.326 239.183 376.272 239.183
377.450 159.048 406.596 159.048 406.596 238.801 377.450 238.801
377.919 159.171 407.186 159.171 407.186 238.176 377.919 238.176
378.825 158.096 408.116 158.096 408.116 236.643 378.825 236.643
380.011 158.270 409.311 158.270 409.311 236.534 380.011 236.534
380.763 157.700 410.153 157.700 410.153 235.458 380.763 235.458
381.234 155.665 410.594 155.665 410.594 233.381 381.234 233.381
382.040 155.431 411.391 155.431 411.391 233.033 382.040 233.033
383.018 154.612 412.194 154.612 412.194 232.530 383.018 232.530
384.326 155.072 412.903 155.072 412.903 233.904 384.326 233.904
384.644 154.927 412.869 154.927 412.869 233.987 384.644 233.987
385.207 154.847 413.353 154.847 413.353 233.764 385.207 233.764
386.012 154.867 414.264 154.867 414.264 233.275 386.012 233.275
386.604 154.287 414.984 154.287 414.984 232.282 386.604 232.282
387.162 153.311 415.646 153.311 415.646 231.068 387.162 231.068
387.607 153.226 415.859 153.226 415.859 231.076 387.607 231.076
388.180 152.504 416.214 152.504 416.214 230.475 388.180 230.475
388.498 150.800 416.349 150.800 416.349 228.888 388.498 228.888
394.995 151.789 422.488 151.789 422.488 230.220 394.995 230.220
400.765 151.098 428.278 151.098 428.278 229.553 400.765 229.553
400.433 150.913 427.854 150.913 427.854 229.334 400.433 229.334
406.742 150.134 434.316 150.134 434.316 228.363 406.742 228.363
406.035 149.185 433.878 149.185 433.878 227.093 406.035 227.093
405.478 148.769 433.542 148.769 433.542 226.547 405.478 226.547
405.784 149.125 433.909 149.125 433.909 226.907 405.784 226.907
405.969 148.043 434.159 148.043 434.159 225.860 405.969 225.860
406.185 149.241 434.321 149.241 434.321 227.043 406.185 227.043
406.856 150.094 434.876 150.094 434.876 227.797 406.856 227.797
407.630 148.735 435.573 148.735 435.573 226.422 407.630 226.422
414.551 148.369 442.436 148.369 442.436 225.872 414.551 225.872
415.265 148.602 443.174 148.602 443.174 225.659 415.265 225.659
416.109 147.476 443.831 147.476 443.831 224.767 416.109 224.767
416.440 148.295 444.063 148.295 444.063 225.334 416.440 225.334
416.541 146.580 443.907 146.580 443.907 223.852 416.541 223.852
416.431 145.963 443.638 145.963 443.638 223.425 416.431 223.425
409.273 145.202 436.350 145.202 436.350 222.850 409.273 222.850
408.725 148.025 435.585 148.025 435.585 225.501 408.725 225.501
408.219 148.434 434.770 148.434 434.770 225.947 408.219 225.947
401.658 148.764 428.198 148.764 428.198 226.130 401.658 226.130
401.651 147.594 428.427 147.594 428.427 224.256 401.651 224.256
401.473 148.592 428.230 148.592 428.230 224.791 401.473 224.791
401.754 148.577 428.301 148.577 428.301 224.677 401.754 224.677
401.813 148.850 428.130 148.850 428.130 225.146 401.813 225.146
401.809 148.636 427.975 148.636 427.975 224.804 401.809 224.804
401.729 147.400 427.762 147.400 427.762 223.610 401.729 223.610
401.748 147.846 427.800 147.846 427.800 223.669 401.748 223.669
402.439 147.732 428.428 147.732 428.428 223.220 402.439 223.220
402.183 148.086 428.340 148.086 428.340 222.896 402.183 222.896
401.604 146.577 427.928 146.577 427.928 220.592 401.604 220.592
401.521 148.225 427.833 148.225 427.833 221.853 401.521 221.853
402.794 148.862 429.014 148.862 429.014 222.289 402.794 222.289
402.526 147.399 428.697 147.399 428.697 220.804 402.526 220.804
403.618 146.448 429.605 146.448 429.605 219.660 403.618 219.660
404.151 144.712 430.058 144.712 430.058 218.163 404.151 218.163
404.461 143.829 430.357 143.829 430.357 217.144 404.461 217.144
404.481 144.148 430.405 144.148 430.405 217.265 404.481 217.265
404.510 144.275 430.610 144.275 430.610 216.848 404.510 216.848
405.083 144.234 431.423 144.234 431.423 216.333 405.083 216.333
406.229 145.356 432.553 145.356 432.553 217.055 406.229 217.055
406.385 144.465 432.667 144.465 432.667 216.060 406.385 216.060
406.965 143.209 433.161 143.209 433.161 214.593 406.965 214.593
407.500 144.124 433.401 144.124 433.401 215.480 407.500 215.480
408.109 143.647 433.803 143.647 433.803 215.150 408.109 215.150
408.443 143.984 434.021 143.984 434.021 215.419 408.443 215.419
408.205 144.210 433.695 144.210 433.695 215.688 408.205 215.688
408.645 144.099 434.235 144.099 434.235 215.264 408.645 215.264
408.142 144.997 433.763 144.997 433.763 216.065 408.142 216.065
408.149 144.489 433.423 144.489 433.423 215.860 408.149 215.860
408.148 143.768 432.973 143.768 432.973 215.721 408.148 215.721
408.366 142.402 432.891 142.402 432.891 214.650 408.366 214.650
408.328 142.338 432.935 142.338 432.935 214.527 408.328 214.527
407.577 142.107 432.384 142.107 432.384 214.006 407.577 214.006
406.444 142.327 431.460 142.327 431.460 213.776 406.444 213.776
406.274 142.032 431.448 142.032 431.448 213.121 406.274 213.121
406.086 142.172 431.416 142.172 431.416 212.962 406.086 212.962
406.671 141.717 432.083 141.717 432.083 212.327 406.671 212.327
406.953 141.918 432.266 141.918 432.266 212.707 406.953 212.707
407.435 141.357 432.541 141.357 432.541 212.379 407.435 212.379
407.473 141.404 432.350 141.404 432.350 212.893 407.473 212.893
407.549 142.917 432.599 142.917 432.599 213.981 407.549 213.981
406.738 141.292 431.561 141.292 431.561 212.524 406.738 212.524
405.803 141.147 430.730 141.147 430.730 212.257 405.803 212.257
405.210 141.411 430.186 141.411 430.186 211.987 405.210 211.987
404.923 139.102 429.687 139.102 429.687 209.772 404.923 209.772
404.949 139.301 429.522 139.301 429.522 209.777 404.949 209.777
405.333 138.420 429.496 138.420 429.496 209.401 405.333 209.401
405.639 138.047 429.452 138.047 429.452 209.593 405.639 209.593
406.217 139.032 429.804 139.032 429.804 211.044 406.217 211.044
406.127 139.061 429.925 139.061 429.925 210.628 406.127 210.628
406.186 139.998 430.190 139.998 430.190 210.987 406.186 210.987
406.698 137.977 430.689 137.977 430.689 208.794 406.698 208.794
406.953 140.709 430.977 140.709 430.977 211.057 406.953 211.057
406.831 139.744 430.815 139.744 430.815 209.829 406.831 209.829
406.505 138.376 430.642 138.376 430.642 208.148 406.505 208.148
406.704 139.725 430.752 139.725 430.752 209.463 406.704 209.463
406.951 137.540 431.022 137.540 431.022 207.253 406.951 207.253
407.340 138.931 431.057 138.931 431.057 209.139 407.340 209.139
407.775 139.253 431.371 139.253 431.371 209.411 407.775 209.411
407.935 139.006 431.613 139.006 431.613 208.929 407.935 208.929
407.326 139.047 431.257 139.047 431.257 208.489 407.326 208.489
407.070 138.826 431.183 138.826 431.183 207.581 407.070 207.581
407.034 138.116 431.257 138.116 431.257 206.445 407.034 206.445
407.037 138.207 431.417 138.207 431.417 206.210 407.037 206.210
407.306 137.747 431.638 137.747 431.638 205.726 407.306 205.726
407.445 138.428 431.747 138.428 431.747 206.199 407.445 206.199
407.742 138.273 431.856 138.273 431.856 206.136 407.742 206.136
408.119 137.471 432.165 137.471 432.165 205.339 408.119 205.339
408.370 137.577 432.538 137.577 432.538 205.165 408.370 205.165
408.319 136.970 432.359 136.970 432.359 204.747 408.319 204.747
408.316 136.508 432.374 136.508 432.374 204.173 408.316 204.173
408.418 136.424 432.462 136.424 432.462 203.964 408.418 203.964
408.701 136.902 432.590 136.902 432.590 204.728 408.701 204.728
408.892 137.071 432.668 137.071 432.668 205.026 408.892 205.026
409.130 136.683 432.698 136.683 432.698 204.768 409.130 204.768
409.332 136.984 433.101 136.984 433.101 204.704 409.332 204.704
408.844 136.488 432.822 136.488 432.822 203.860 408.844 203.860
408.764 136.638 432.814 136.638 432.814 203.735 408.764 203.735
408.823 136.409 432.821 136.409 432.821 203.211 408.823 203.211
409.029 136.061 432.856 136.061 432.856 202.662 409.029 202.662
409.028 135.981 432.606 135.981 432.606 202.683 409.028 202.683
408.672 136.695 432.103 136.695 432.103 203.608 408.672 203.608
408.354 135.262 431.619 135.262 431.619 202.377 408.354 202.377
403.354 135.462 426.500 135.462 426.500 202.475 403.354 202.475
403.762 134.637 426.793 134.637 426.793 201.459 403.762 201.459
403.653 134.501 426.630 134.501 426.630 201.133 403.653 201.133
403.265 134.236 426.055 134.236 426.055 201.104 403.265 201.104
402.774 135.105 425.376 135.105 425.376 201.996 402.774 201.996
401.514 132.364 424.208 132.364 424.208 199.055 401.514 199.055
400.616 134.540 423.134 134.540 423.134 200.900 400.616 200.900
399.728 132.678 422.075 132.678 422.075 198.823 399.728 198.823
399.586 134.359 421.728 134.359 421.728 200.345 399.586 200.345
399.421 134.590 421.573 134.590 421.573 200.132 399.421 200.132
399.179 134.488 421.356 134.488 421.356 199.434 399.179 199.434
399.197 133.077 421.272 133.077 421.272 197.711 399.197 197.711
398.940 133.611 420.838 133.611 420.838 198.197 398.940 198.197
403.059 133.191 424.903 133.191 424.903 197.795 403.059 197.795
401.923 132.306 423.687 132.306 423.687 197.068 401.923 197.068
401.334 133.749 422.861 133.749 422.861 198.602 401.334 198.602
400.644 132.643 422.001 132.643 422.001 197.469 400.644 197.469
399.994 131.965 421.377 131.965 421.377 196.452 399.994 196.452
399.609 132.576 420.899 132.576 420.899 196.880 399.609 196.880
399.247 132.575 420.502 132.575 420.502 196.764 399.247 196.764
398.804 133.427 420.030 133.427 420.030 197.296 398.804 197.296
398.495 132.662 419.549 132.662 419.549 196.639 398.495 196.639
398.519 132.890 419.528 132.890 419.528 196.673 398.519 196.673
398.700 132.896 419.622 132.896 419.622 196.679 398.700 196.679
398.848 132.879 419.769 132.879 419.769 196.579 398.848 196.579
403.357 131.537 424.554 131.537 424.554 194.888 403.357 194.888
402.819 131.232 424.129 131.232 424.129 194.429 402.819 194.429
401.974 131.714 423.359 131.714 423.359 194.798 401.974 194.798
401.509 131.634 422.898 131.634 422.898 194.585 401.509 194.585
401.142 131.589 422.385 131.589 422.385 194.645 401.142 194.645
400.855 131.780 422.108 131.780 422.108 194.707 400.855 194.707
400.633 131.148 421.848 131.148 421.848 194.004 400.633 194.004
400.834 129.864 422.158 129.864 422.158 192.379 400.834 192.379
401.210 129.350 422.784 129.350 422.784 191.401 401.210 191.401
401.185 131.454 423.052 131.454 423.052 192.943 401.185 192.943
401.355 131.229 423.169 131.229 423.169 192.650 401.355 192.650
401.820 129.858 423.365 129.858 423.365 191.361 401.820 191.361
401.752 129.582 423.090 129.582 423.090 191.500 401.752 191.500
401.959 129.186 423.392 129.186 423.392 191.102 401.959 191.102
402.285 130.899 423.728 130.899 423.728 192.799 402.285 192.799
402.501 130.390 423.944 130.390 423.944 192.247 402.501 192.247
402.657 128.395 424.307 128.395 424.307 190.068 402.657 190.068
402.920 128.442 424.576 128.442 424.576 190.002 402.920 190.002
403.039 128.869 424.906 128.869 424.906 190.369 403.039 190.369
407.947 130.155 430.014 130.155 430.014 191.339 407.947 191.339
408.034 131.013 430.096 131.013 430.096 191.982 408.034 191.982
407.980 128.997 429.836 128.997 429.836 190.379 407.980 190.379
407.751 128.473 429.557 128.473 429.557 189.970 407.751 189.970
407.547 127.436 429.206 127.436 429.206 189.274 407.547 189.274
406.755 127.554 428.405 127.554 428.405 189.408 406.755 189.408
406.273 127.895 427.834 127.895 427.834 189.858 406.273 189.858
405.807 127.691 427.230 127.691 427.230 189.744 405.807 189.744
405.969 127.153 427.351 127.153 427.351 189.311 405.969 189.311
406.018 126.519 427.305 126.519 427.305 188.892 406.018 188.892
406.303 127.273 427.703 127.273 427.703 189.537 406.303 189.537
406.622 126.620 427.949 126.620 427.949 189.046 406.622 189.046
406.269 127.142 427.530 127.142 427.530 189.555 406.269 189.555
406.949 126.098 428.017 126.098 428.017 188.714 406.949 188.714
406.614 127.526 427.650 127.526 427.650 189.916 406.614 189.916
407.322 127.851 428.202 127.851 428.202 190.290 407.322 190.290
406.737 127.120 427.482 127.120 427.482 189.561 406.737 189.561
406.441 126.745 426.926 126.745 426.926 189.422 406.441 189.422
406.356 125.867 426.738 125.867 426.738 188.597 406.356 188.597
406.611 126.114 427.113 126.114 427.113 188.724 406.611 188.724
406.292 123.668 426.533 123.668 426.533 186.402 406.292 186.402
405.878 122.867 425.993 122.867 425.993 186.058 405.878 186.058
406.208 123.376 426.344 123.376 426.344 186.359 406.208 186.359
406.548 123.056 426.712 123.056 426.712 185.955 406.548 185.955
406.966 122.787 427.304 122.787 427.304 185.317 406.966 185.317
406.611 123.266 426.836 123.266 426.836 185.637 406.611 185.637
405.948 123.290 426.353 123.290 426.353 185.344 405.948 185.344
405.850 121.048 426.084 121.048 426.084 183.001 405.850 183.001
405.275 120.937 425.510 120.937 425.510 182.698 405.275 182.698
404.580 121.319 424.951 121.319 424.951 182.751 404.580 182.751
403.446 120.352 423.847 120.352 423.847 181.635 403.446 181.635
402.810 119.993 423.314 119.993 423.314 180.861 402.810 180.861
402.489 119.719 423.226 119.719 423.226 180.269 402.489 180.269
401.804 120.087 422.573 120.087 422.573 180.483 401.804 180.483
401.123 120.673 421.859 120.673 421.859 181.093 401.123 181.093
401.030 119.598 422.066 119.598 422.066 179.722 401.030 179.722
400.891 119.684 422.058 119.684 422.058 179.713 400.891 179.713
401.414 118.899 422.505 118.899 422.505 178.941 401.414 178.941
401.859 119.129 423.009 119.129 423.009 179.210 401.859 179.210
401.979 118.653 422.846 118.653 422.846 179.045 401.979 179.045
401.825 118.594 422.529 118.594 422.529 179.278 401.825 179.278
402.370 117.001 423.243 117.001 423.243 177.731 402.370 177.731
402.298 118.644 423.386 118.644 423.386 179.071 402.298 179.071
401.977 119.009 423.074 119.009 423.074 179.376 401.977 179.376
401.890 118.576 423.083 118.576 423.083 178.753 401.890 178.753
401.872 119.400 423.110 119.400 423.110 179.364 401.872 179.364
401.473 118.965 422.525 118.965 422.525 179.059 401.473 179.059
401.252 118.310 422.177 118.310 422.177 178.374 401.252 178.374
401.071 118.537 421.961 118.537 421.961 178.671 401.071 178.671
400.804 118.279 421.486 118.279 421.486 178.406 400.804 178.406
400.763 117.791 421.679 117.791 421.679 177.608 400.763 177.608
400.245 117.657 421.382 117.657 421.382 177.128 400.245 177.128
400.404 116.378 421.526 116.378 421.526 176.126 400.404 176.126
400.466 119.334 421.575 119.334 421.575 179.055 400.466 179.055
400.372 118.146 421.523 118.146 421.523 177.978 400.372 177.978
400.514 116.167 421.687 116.167 421.687 176.115 400.514 176.115
400.779 117.450 421.885 117.450 421.885 177.675 400.779 177.675
400.284 115.798 421.289 115.798 421.289 176.137 400.284 176.137
400.872 115.811 421.898 115.811 421.898 176.185 400.872 176.185
400.839 115.361 421.806 115.361 421.806 175.754 400.839 175.754
400.745 116.035 421.704 116.035 421.704 176.469 400.745 176.469
401.118 115.840 422.344 115.840 422.344 176.090 401.118 176.090
401.059 116.440 422.353 116.440 422.353 176.196 401.059 176.196
401.116 116.593 422.288 116.593 422.288 176.407 401.116 176.407
400.972 114.954 422.017 114.954 422.017 174.790 400.972 174.790
401.286 115.217 422.239 115.217 422.239 175.327 401.286 175.327
401.260 115.996 422.056 115.996 422.056 176.250 401.260 176.250
401.723 115.112 422.620 115.112 422.620 175.135 401.723 175.135
402.110 115.310 422.998 115.310 422.998 175.495 402.110 175.495
402.018 115.427 422.802 115.427 422.802 175.613 402.018 175.613
401.319 115.688 422.051 115.688 422.051 175.779 401.319 175.779
401.094 115.046 421.963 115.046 421.963 174.987 401.094 174.987
401.271 114.198 422.137 114.198 422.137 174.336 401.271 174.336
401.303 114.787 422.325 114.787 422.325 174.740 401.303 174.740
401.507 114.624 422.587 114.624 422.587 174.412 401.507 174.412
402.120 115.939 423.283 115.939 423.283 175.361 402.120 175.361
401.992 115.484 423.158 115.484 423.158 174.840 401.992 174.840
401.961 114.730 423.059 114.730 423.059 174.156 401.961 174.156
401.764 114.740 422.783 114.740 422.783 174.164 401.764 174.164
401.559 113.335 422.311 113.335 422.311 173.341 401.559 173.341
401.741 113.152 422.225 113.152 422.225 173.721 401.741 173.721
401.864 112.775 422.241 112.775 422.241 173.632 401.864 173.632
402.353 113.389 422.710 113.389 422.710 174.388 402.353 174.388
402.226 112.909 422.748 112.909 422.748 173.682 402.226 173.682
402.466 113.834 423.072 113.834 423.072 174.495 402.466 174.495
402.660 113.919 423.155 113.919 423.155 174.686 402.660 174.686
402.789 114.837 423.193 114.837 423.193 175.518 402.789 175.518
402.974 112.774 423.432 112.774 423.432 173.308 402.974 173.308
403.112 112.697 423.448 112.697 423.448 173.256 403.112 173.256
402.531 112.457 422.835 112.457 422.835 173.074 402.531 173.074
402.261 111.723 422.668 111.723 422.668 172.097 402.261 172.097
402.622 110.502 422.890 110.502 422.890 170.988 402.622 170.988
402.680 110.471 423.054 110.471 423.054 170.794 402.680 170.794
402.588 110.652 422.963 110.652 422.963 170.954 402.588 170.954
401.821 109.778 422.281 109.778 422.281 169.832 401.821 169.832
401.559 110.184 422.217 110.184 422.217 170.060 401.559 170.060
405.903 111.128 426.603 111.128 426.603 170.745 405.903 170.745
405.784 111.336 426.527 111.336 426.527 170.926 405.784 170.926
405.385 110.612 426.207 110.612 426.207 170.154 405.385 170.154
405.027 110.256 425.526 110.256 425.526 170.199 405.027 170.199
405.026 110.247 425.454 110.247 425.454 170.279 405.026 170.279
404.622 110.088 424.910 110.088 424.910 170.113 404.622 170.113
404.410 109.855 424.592 109.855 424.592 169.894 404.410 169.894
404.875 108.161 425.214 108.161 425.214 168.189 404.875 168.189
405.129 109.588 425.465 109.588 425.465 169.720 405.129 169.720
405.401 107.973 425.853 107.973 425.853 168.182 405.401 168.182
405.863 107.743 426.355 107.743 426.355 167.990 405.863 167.990
410.067 107.316 430.898 107.316 430.898 166.951 410.067 166.951
409.782 107.561 430.703 107.561 430.703 166.806 409.782 166.806
409.506 107.328 430.365 107.328 430.365 166.450 409.506 166.450
408.789 106.228 429.704 106.228 429.704 164.965 408.789 164.965
408.474 107.679 429.339 107.679 429.339 166.355 408.474 166.355
392.797 105.127 413.374 105.127 413.374 164.145 392.797 164.145
391.917 104.562 412.522 104.562 412.522 163.519 391.917 163.519
390.650 105.004 411.221 105.004 411.221 163.935 390.650 163.935
389.361 104.897 410.038 104.897 410.038 163.655 389.361 163.655
388.779 105.109 409.338 105.109 409.338 164.218 388.779 164.218
388.154 104.814 408.682 104.814 408.682 164.006 388.154 164.006
387.667 104.045 408.119 104.045 408.119 163.568 387.667 163.568
387.431 102.601 407.824 102.601 407.824 162.610 387.431 162.610
387.663 102.558 408.050 102.558 408.050 162.606 387.663 162.606
387.552 102.442 407.932 102.442 407.932 162.639 387.552 162.639
387.277 102.221 407.671 102.221 407.671 162.414 387.277 162.414
387.003 102.879 407.364 102.879 407.364 163.031 387.003 163.031
387.078 103.171 407.391 103.171 407.391 163.176 387.078 163.176
386.979 103.213 407.412 103.213 407.412 163.007 386.979 163.007
387.075 102.776 407.651 102.776 407.651 162.312 387.075 162.312
387.258 103.488 407.868 103.488 407.868 162.948 387.258 162.948
391.476 104.202 412.003 104.202 412.003 163.703 391.476 163.703
390.818 103.557 411.364 103.557 411.364 162.862 390.818 162.862
395.297 103.297 415.857 103.297 415.857 162.537 395.297 162.537
394.718 104.477 415.268 104.477 415.268 163.941 394.718 163.941
393.948 104.493 414.320 104.493 414.320 164.132 393.948 164.132
398.542 102.718 418.823 102.718 418.823 162.702 398.542 162.702
398.325 102.389 418.498 102.389 418.498 162.765 398.325 162.765
392.801 101.973 412.992 101.973 412.992 162.323 392.801 162.323
392.259 102.296 412.578 102.296 412.578 162.187 392.259 162.187
