182.000 295.000 221.000 295.000 221.000 393.000 182.000 393.000
182.249 294.177 219.636 294.177 219.636 394.376 182.249 394.376
186.452 292.715 222.590 292.715 222.590 394.131 186.452 394.131
186.597 292.131 221.834 292.131 221.834 394.527 186.597 394.527
191.039 289.310 225.508 289.310 225.508 392.258 191.039 392.258
194.585 290.047 228.394 290.047 228.394 392.846 194.585 392.846
197.016 290.124 230.243 290.124 230.243 392.957 197.016 392.957
201.041 289.733 234.362 289.733 234.362 392.623 201.041 392.623
203.105 288.579 236.395 288.579 236.395 391.589 203.105 391.589
206.820 288.073 240.018 288.073 240.018 391.543 206.820 391.543
208.854 285.728 241.642 285.728 241.642 389.826 208.854 389.826
211.652 284.089 244.052 284.089 244.052 388.479 211.652 388.479
214.628 284.160 247.043 284.160 247.043 388.804 214.628 388.804
217.536 283.873 249.883 283.873 249.883 388.599 217.536 388.599
220.414 286.018 252.860 286.018 252.860 389.970 220.414 389.970
224.696 281.097 257.118 281.097 257.118 385.418 224.696 385.418
228.788 286.435 261.393 286.435 261.393 390.792 228.788 390.792
231.417 279.917 263.894 279.917 263.894 384.776 231.417 384.776
233.506 284.099 265.909 284.099 265.909 388.732 233.506 388.732
236.240 281.207 268.690 281.207 268.690 385.948 236.240 385.948
238.936 279.287 271.497 279.287 271.497 383.411 238.936 383.411
241.777 280.551 273.976 280.551 273.976 384.706 241.777 384.706
243.702 280.831 275.546 280.831 275.546 384.601 243.702 384.601
245.039 279.618 276.755 279.618 276.755 383.109 245.039 383.109
247.683 281.696 279.145 281.696 279.145 385.240 247.683 385.240
250.549 279.670 281.916 279.670 281.916 383.527 250.549 383.527
253.479 280.171 285.054 280.171 285.054 383.953 253.479 383.953
255.388 277.890 287.057 277.890 287.057 381.698 255.388 381.698
257.169 276.565 288.756 276.565 288.756 380.269 257.169 380.269
258.969 275.284 290.499 275.284 290.499 378.416 258.969 378.416
261.983 277.091 293.539 277.091 293.539 379.563 261.983 379.563
263.536 277.065 295.105 277.065 295.105 378.923 263.536 378.923
266.245 278.688 297.849 278.688 297.849 379.681 266.245 379.681
269.301 273.279 300.794 273.279 300.794 374.198 269.301 374.198
273.245 280.184 304.761 280.184 304.761 380.366 273.245 380.366
275.290 273.474 306.961 273.474 306.961 373.320 275.290 373.320
278.212 281.395 309.875 281.395 309.875 380.786 278.212 380.786
280.291 271.123 312.335 271.123 312.335 370.741 280.291 370.741
282.291 278.564 314.009 278.564 314.009 378.032 282.291 378.032
285.374 269.385 317.448 269.385 317.448 368.853 285.374 368.853
287.399 277.343 318.814 277.343 318.814 377.657 287.399 377.657
288.796 268.847 320.229 268.847 320.229 369.372 288.796 369.372
291.240 277.131 322.239 277.131 322.239 377.447 291.240 377.447
294.174 268.645 325.541 268.645 325.541 368.453 294.174 368.453
296.554 275.879 328.137 275.879 328.137 374.969 296.554 374.969
299.627 269.529 331.451 269.529 331.451 368.137 299.627 368.137
302.250 274.155 333.928 274.155 333.928 372.158 302.250 372.158
303.177 270.820 335.045 270.820 335.045 368.946 303.177 368.946
304.909 273.178 336.863 273.178 336.863 371.213 304.909 371.213
307.061 269.176 339.011 269.176 339.011 367.977 307.061 367.977
308.842 270.405 340.704 270.405 340.704 369.201 308.842 369.201
311.239 269.907 343.272 269.907 343.272 368.250 311.239 368.250
313.515 271.507 345.759 271.507 345.759 368.652 313.515 368.652
316.306 272.559 349.067 272.559 349.067 368.353 316.306 368.353
317.957 278.987 350.512 278.987 350.512 374.394 317.957 374.394
319.729 261.847 352.358 261.847 352.358 357.862 319.729 357.862
321.315 276.914 353.735 276.914 353.735 373.299 321.315 373.299
323.521 260.616 356.391 260.616 356.391 357.500 323.521 357.500
325.922 273.030 358.566 273.030 358.566 370.064 325.922 370.064
328.760 258.052 361.199 258.052 361.199 355.243 328.760 355.243
331.074 272.701 363.549 272.701 363.549 369.042 331.074 369.042
333.135 261.683 365.633 261.683 365.633 357.553 333.135 357.553
335.779 272.087 367.956 272.087 367.956 367.858 335.779 367.858
338.224 261.714 370.370 261.714 370.370 357.123 338.224 357.123
340.572 269.097 372.355 269.097 372.355 364.171 340.572 364.171
342.592 259.668 374.399 259.668 374.399 354.972 342.592 354.972
344.672 268.780 376.068 268.780 376.068 364.151 344.672 364.151
346.851 260.932 378.514 260.932 378.514 356.084 346.851 356.084
348.510 267.724 380.045 267.724 380.045 362.283 348.510 362.283
351.398 262.470 382.774 262.470 382.774 356.874 351.398 356.874
354.343 267.585 385.302 267.585 385.302 361.560 354.343 361.560
356.866 261.082 387.454 261.082 387.454 355.017 356.866 355.017
360.049 266.848 390.335 266.848 390.335 360.366 360.049 360.366
362.067 262.432 392.436 262.432 392.436 355.572 362.067 355.572
364.881 264.509 394.878 264.509 394.878 357.977 364.881 357.977
366.159 260.682 395.999 260.682 395.999 354.359 366.159 354.359
368.058 264.134 397.503 264.134 397.503 358.287 368.058 358.287
368.592 260.463 397.860 260.463 397.860 354.522 368.592 354.522
371.021 263.324 399.993 263.324 399.993 357.090 371.021 357.090
372.572 260.244 401.536 260.244 401.536 353.728 372.572 353.728
374.802 261.660 403.642 261.660 403.642 355.318 374.802 355.318
376.372 259.349 405.203 259.349 405.203 353.010 376.372 353.010
377.539 261.885 406.471 261.885 406.471 355.071 377.539 355.071
379.616 258.434 408.373 258.434 408.373 351.700 379.616 351.700
381.100 261.018 409.631 261.018 409.631 354.045 381.100 354.045
383.727 259.313 412.221 259.313 412.221 352.021 383.727 352.021
384.625 258.242 413.247 258.242 413.247 350.544 384.625 350.544
387.604 258.830 416.067 258.830 416.067 351.176 387.604 351.176
389.148 260.004 417.702 260.004 417.702 351.238 389.148 351.238
391.113 257.480 419.747 257.480 419.747 348.719 391.113 348.719
392.137 260.606 420.693 260.606 420.693 351.650 392.137 351.650
394.495 257.580 423.124 257.580 423.124 348.802 394.495 348.802
396.133 257.151 424.988 257.151 424.988 348.186 396.133 348.186
397.600 257.944 426.426 257.944 426.426 349.368 397.600 349.368
399.004 255.611 427.882 255.611 427.882 346.929 399.004 346.929
399.745 258.567 428.667 258.567 428.667 349.723 399.745 349.723
401.290 254.331 430.202 254.331 430.202 345.567 401.290 345.567
402.232 256.844 431.114 256.844 431.114 347.834 402.232 347.834
404.353 253.439 433.147 253.439 433.147 344.625 404.353 344.625
405.834 257.786 434.504 257.786 434.504 348.987 405.834 348.987
406.496 251.369 434.868 251.369 434.868 342.631 406.496 342.631
407.262 258.289 435.692 258.289 435.692 349.127 407.262 349.127
408.926 250.053 437.475 250.053 437.475 340.894 408.926 340.894
410.480 257.595 439.093 257.595 439.093 348.280 410.480 348.280
411.359 251.069 440.156 251.069 440.156 341.401 411.359 341.401
412.592 257.755 441.154 257.755 441.154 347.808 412.592 347.808
414.868 249.928 443.139 249.928 443.139 339.921 414.868 339.921
416.438 257.486 444.639 257.486 444.639 347.159 416.438 347.159
417.459 248.645 445.924 248.645 445.924 338.176 417.459 338.176
420.894 253.986 449.009 253.986 449.009 344.470 420.894 344.470
422.864 247.049 451.048 247.049 451.048 337.026 422.864 337.026
425.401 251.292 453.580 251.292 453.580 340.827 425.401 340.827
427.243 245.864 455.386 245.864 455.386 335.252 427.243 335.252
429.246 250.176 457.470 250.176 457.470 339.480 429.246 339.480
430.600 247.809 458.767 247.809 458.767 337.036 430.600 337.036
432.297 250.853 460.260 250.853 460.260 339.602 432.297 339.602
433.644 249.669 461.194 249.669 461.194 337.738 433.644 337.738
435.668 248.294 462.993 248.294 462.993 335.204 435.668 335.204
437.130 251.489 464.354 251.489 464.354 337.164 437.130 337.164
439.427 244.827 466.365 244.827 466.365 330.610 439.427 330.610
441.408 249.929 468.149 249.929 468.149 335.791 441.408 335.791
443.497 245.015 470.478 245.015 470.478 331.137 443.497 331.137
445.960 248.277 473.153 248.277 473.153 334.208 445.960 334.208
447.180 245.601 474.306 245.601 474.306 332.007 447.180 332.007
447.947 244.829 474.923 244.829 474.923 331.273 447.947 331.273
448.382 246.263 475.211 246.263 475.211 332.826 448.382 332.826
448.802 243.663 475.490 243.663 475.490 330.354 448.802 330.354
450.012 246.983 476.708 246.983 476.708 333.285 450.012 333.285
450.484 244.287 477.334 244.287 477.334 330.093 450.484 330.093
452.826 243.745 479.465 243.745 479.465 328.910 452.826 328.910
454.743 243.696 481.310 243.696 481.310 328.181 454.743 328.181
456.932 242.429 483.295 242.429 483.295 327.115 456.932 327.115
459.166 242.474 485.506 242.474 485.506 327.377 459.166 327.377
460.954 242.511 487.355 242.511 487.355 327.373 460.954 327.373
462.653 242.393 489.067 242.393 489.067 327.070 462.653 327.070
463.848 241.227 490.112 241.227 490.112 325.824 463.848 325.824
464.516 241.699 490.693 241.699 490.693 326.357 464.516 326.357
464.278 240.481 490.607 240.481 490.607 325.397 464.278 325.397
464.771 241.685 490.949 241.685 490.949 326.979 464.771 326.979
465.389 237.750 491.351 237.750 491.351 323.335 465.389 323.335
465.988 243.158 492.055 243.158 492.055 328.227 465.988 328.227
466.821 236.244 492.965 236.244 492.965 321.165 466.821 321.165
467.530 243.645 493.544 243.645 493.544 328.142 467.530 328.142
468.247 233.512 494.283 233.512 494.283 318.160 468.247 318.160
468.758 242.362 494.585 242.362 494.585 326.207 468.758 326.207
468.491 233.883 494.576 233.883 494.576 317.917 468.491 317.917
469.789 240.792 495.642 240.792 495.642 324.466 469.789 324.466
471.045 234.983 496.933 234.983 496.933 319.035 471.045 319.035
471.925 239.941 497.814 239.941 497.814 323.816 471.925 323.816
473.516 233.359 499.383 233.359 499.383 317.285 473.516 317.285
474.970 239.190 500.803 239.190 500.803 322.953 474.970 322.953
475.956 232.391 501.679 232.391 501.679 316.236 475.956 316.236
476.772 236.655 502.601 236.655 502.601 319.532 476.772 319.532
477.366 233.716 503.287 233.716 503.287 316.460 477.366 316.460
478.261 237.423 504.231 237.423 504.231 319.437 478.261 319.437
479.096 233.818 504.832 233.818 504.832 315.506 479.096 315.506
479.812 237.123 505.420 237.123 505.420 317.933 479.812 317.933
480.372 235.462 505.963 235.462 505.963 315.569 480.372 315.569
480.789 234.987 506.326 234.987 506.326 314.141 480.789 314.141
481.029 235.136 506.383 235.136 506.383 313.859 481.029 313.859
481.471 234.184 506.788 234.184 506.788 312.237 481.471 312.237
481.407 234.751 506.608 234.751 506.608 312.462 481.407 312.462
481.594 234.844 506.869 234.844 506.869 312.279 481.594 312.279
482.107 233.839 507.461 233.839 507.461 311.289 482.107 311.289
481.874 236.110 507.156 236.110 507.156 313.730 481.874 313.730
481.230 233.439 506.591 233.439 506.591 310.942 481.230 310.942
481.849 235.418 507.102 235.418 507.102 312.793 481.849 312.793
482.112 233.225 507.298 233.225 507.298 310.519 482.112 310.519
482.657 233.865 507.765 233.865 507.765 311.112 482.657 311.112
483.142 230.755 508.121 230.755 508.121 307.573 483.142 307.573
483.632 232.220 508.557 232.220 508.557 308.458 483.632 308.458
483.999 230.963 508.980 230.963 508.980 306.966 483.999 306.966
484.784 231.011 509.595 231.011 509.595 306.758 484.784 306.758
485.331 231.831 509.974 231.831 509.974 307.442 485.331 307.442
485.806 232.794 510.542 232.794 510.542 307.680 485.806 307.680
485.977 229.914 510.509 229.914 510.509 304.898 485.977 304.898
485.648 230.088 510.030 230.088 510.030 304.876 485.648 304.876
484.970 229.121 509.488 229.121 509.488 303.763 484.970 303.763
484.813 229.256 509.410 229.256 509.410 304.258 484.813 304.258
484.787 227.290 509.408 227.290 509.408 302.537 484.787 302.537
485.023 230.179 509.642 230.179 509.642 305.103 485.023 305.103
485.037 227.215 509.708 227.215 509.708 302.044 485.037 302.044
486.047 227.539 510.478 227.539 510.478 302.032 486.047 302.032
486.678 225.688 511.150 225.688 511.150 299.761 486.678 299.761
487.013 227.137 511.266 227.137 511.266 301.064 487.013 301.064
487.344 226.610 511.646 226.610 511.646 300.259 487.344 300.259
487.200 227.062 511.611 227.062 511.611 300.328 487.200 300.328
487.337 226.898 511.582 226.898 511.582 299.927 487.337 299.927
487.445 227.728 511.435 227.728 511.435 300.453 487.445 300.453
487.448 226.189 511.182 226.189 511.182 298.568 487.448 298.568
487.324 227.453 510.977 227.453 510.977 299.175 487.324 299.175
486.842 225.865 510.183 225.865 510.183 297.391 486.842 297.391
486.244 224.924 509.447 224.924 509.447 296.298 486.244 296.298
485.335 226.865 508.538 226.865 508.538 298.323 485.335 298.323
484.821 223.283 507.879 223.283 507.879 295.340 484.821 295.340
484.316 226.369 507.506 226.369 507.506 298.498 484.316 298.498
483.769 223.045 506.936 223.045 506.936 295.686 483.769 295.686
483.349 225.350 506.717 225.350 506.717 298.105 483.349 298.105
482.862 222.921 506.511 222.921 506.511 295.823 482.862 295.823
482.457 224.902 506.305 224.902 506.305 297.712 482.457 297.712
482.392 222.183 506.306 222.183 506.306 295.250 482.392 295.250
482.351 223.007 506.523 223.007 506.523 296.334 482.351 296.334
482.147 223.016 506.541 223.016 506.541 296.556 482.147 296.556
481.617 220.769 506.181 220.769 506.181 294.701 481.617 294.701
481.626 222.996 506.101 222.996 506.101 297.125 481.626 297.125
481.140 220.406 505.823 220.406 505.823 294.852 481.140 294.852
480.741 223.500 505.543 223.500 505.543 298.336 480.741 298.336
480.532 220.165 505.371 220.165 505.371 295.252 480.532 295.252
480.176 222.033 505.143 222.033 505.143 296.696 480.176 296.696
480.087 222.655 504.808 222.655 504.808 297.031 480.087 297.031
480.517 220.607 505.076 220.607 505.076 294.852 480.517 294.852
480.541 220.079 504.977 220.079 504.977 294.099 480.541 294.099
480.642 219.511 504.975 219.511 504.975 293.114 480.642 293.114
480.829 219.845 504.905 219.845 504.905 293.413 480.829 293.413
480.948 219.641 504.779 219.641 504.779 293.145 480.948 293.145
481.693 218.832 505.364 218.832 505.364 292.655 481.693 292.655
482.331 219.901 506.012 219.901 506.012 293.407 482.331 293.407
482.761 219.825 506.488 219.825 506.488 293.114 482.761 293.114
483.233 217.977 506.808 217.977 506.808 291.572 483.233 291.572
483.317 217.316 507.018 217.316 507.018 290.720 483.317 290.720
483.898 217.001 507.799 217.001 507.799 290.390 483.898 290.390
484.124 215.627 507.990 215.627 507.990 289.166 484.124 289.166
484.835 216.253 508.599 216.253 508.599 289.774 484.835 289.774
485.530 215.061 509.054 215.061 509.054 288.544 485.530 288.544
486.273 216.161 509.732 216.161 509.732 289.535 486.273 289.535
486.781 215.903 510.425 215.903 510.425 288.457 486.781 288.457
487.201 217.445 510.865 217.445 510.865 289.403 487.201 289.403
488.032 214.632 511.708 214.632 511.708 285.981 488.032 285.981
488.882 218.280 512.462 218.280 512.462 289.156 488.882 289.156
489.548 214.339 513.081 214.339 513.081 284.647 489.548 284.647
489.970 215.844 513.560 215.844 513.560 285.933 489.970 285.933
490.434 214.056 513.989 214.056 513.989 283.952 490.434 283.952
490.588 214.185 514.035 214.185 514.035 283.875 490.588 283.875
490.845 212.837 514.252 212.837 514.252 281.927 490.845 281.927
491.494 214.374 514.915 214.374 514.915 282.996 491.494 282.996
491.810 215.613 515.267 215.613 515.267 283.925 491.810 283.925
491.859 213.918 515.309 213.918 515.309 281.727 491.859 281.727
492.001 215.515 515.427 215.515 515.427 283.244 492.001 283.244
492.599 213.670 515.938 213.670 515.938 281.261 492.599 281.261
492.771 213.173 515.828 213.173 515.828 280.818 492.771 280.818
492.957 211.071 515.767 211.071 515.767 278.608 492.957 278.608
493.190 211.609 515.653 211.609 515.653 279.298 493.190 279.298
493.514 210.096 515.742 210.096 515.742 277.971 493.514 277.971
493.376 210.329 515.454 210.329 515.454 278.141 493.376 278.141
493.491 209.652 515.355 209.652 515.355 277.379 493.491 277.379
493.189 210.914 515.068 210.914 515.068 278.238 493.189 278.238
493.533 210.665 515.355 210.665 515.355 278.046 493.533 278.046
493.776 211.159 515.443 211.159 515.443 278.444 493.776 278.444
493.645 210.637 515.295 210.637 515.295 277.734 493.645 277.734
493.140 209.984 514.809 209.984 514.809 276.862 493.140 276.862
492.468 209.920 514.136 209.920 514.136 276.361 492.468 276.361
492.018 209.638 513.696 209.638 513.696 276.067 492.018 276.067
491.199 208.510 512.845 208.510 512.845 275.004 491.199 275.004
490.960 207.833 512.501 207.833 512.501 274.864 490.960 274.864
490.780 209.005 512.210 209.005 512.210 276.708 490.780 276.708
490.224 207.023 511.845 207.023 511.845 274.609 490.224 274.609
489.614 208.911 511.303 208.911 511.303 276.421 489.614 276.421
488.966 206.768 510.813 206.768 510.813 274.434 488.966 274.434
488.543 208.569 510.414 208.569 510.414 276.346 488.543 276.346
487.971 206.269 509.899 206.269 509.899 273.934 487.971 273.934
487.896 207.842 509.913 207.842 509.913 275.396 487.896 275.396
487.918 206.119 510.090 206.119 510.090 273.620 487.918 273.620
488.023 207.155 510.199 207.155 510.199 274.602 488.023 274.602
488.194 206.152 510.176 206.152 510.176 273.869 488.194 273.869
488.327 205.297 510.363 205.297 510.363 273.015 488.327 273.015
488.435 204.779 510.336 204.779 510.336 272.737 488.435 272.737
488.565 207.304 510.341 207.304 510.341 275.303 488.565 275.303
489.276 205.650 510.924 205.650 510.924 273.691 489.276 273.691
489.085 206.489 510.894 206.489 510.894 274.343 489.085 274.343
489.317 206.205 511.295 206.205 511.295 273.811 489.317 273.811
489.311 204.266 511.295 204.266 511.295 271.947 489.311 271.947
488.908 204.023 510.871 204.023 510.871 271.659 488.908 271.659
488.701 203.412 510.445 203.412 510.445 271.489 488.701 271.489
488.647 203.651 510.347 203.651 510.347 271.752 488.647 271.752
488.461 203.519 510.199 203.519 510.199 271.758 488.461 271.758
488.190 203.393 509.941 203.393 509.941 271.630 488.190 271.630
487.868 202.010 509.801 202.010 509.801 270.242 487.868 270.242
487.002 203.086 508.894 203.086 508.894 271.628 487.002 271.628
486.631 201.613 508.627 201.613 508.627 270.574 486.631 270.574
486.226 201.663 508.208 201.663 508.208 270.768 486.226 270.768
485.591 199.738 507.554 199.738 507.554 269.180 485.591 269.180
485.676 199.933 507.745 199.933 507.745 269.471 485.676 269.471
485.627 199.421 507.700 199.421 507.700 269.089 485.627 269.089
485.422 198.388 507.482 198.388 507.482 268.066 485.422 268.066
485.101 199.686 507.131 199.686 507.131 269.018 485.101 269.018
484.858 200.338 506.916 200.338 506.916 269.472 484.858 269.472
484.760 200.008 506.789 200.008 506.789 268.575 484.760 268.575
484.614 200.770 506.571 200.770 506.571 268.990 484.614 268.990
483.646 201.040 505.556 201.040 505.556 268.870 483.646 268.870
483.237 200.219 504.943 200.219 504.943 267.922 483.237 267.922
482.655 201.651 504.388 201.651 504.388 268.918 482.655 268.918
482.281 198.860 504.141 198.860 504.141 265.714 482.281 265.714
482.050 200.560 503.706 200.560 503.706 267.704 482.050 267.704
481.872 199.124 503.415 199.124 503.415 266.063 481.872 266.063
481.450 200.508 502.883 200.508 502.883 267.306 481.450 267.306
481.449 199.497 502.648 199.497 502.648 266.186 481.449 266.186
481.352 199.535 502.308 199.535 502.308 266.056 481.352 266.056
481.126 199.400 501.869 199.400 501.869 265.893 481.126 265.893
481.306 197.347 501.900 197.347 501.900 264.115 481.306 264.115
481.547 197.824 502.130 197.824 502.130 264.537 481.547 264.537
481.335 200.255 502.076 200.255 502.076 266.850 481.335 266.850
481.500 197.252 502.015 197.252 502.015 263.919 481.500 263.919
481.557 199.289 501.994 199.289 501.994 265.678 481.557 265.678
481.651 197.843 501.989 197.843 501.989 264.121 481.651 264.121
481.619 199.650 501.881 199.650 501.881 266.139 481.619 266.139
481.504 199.585 501.813 199.585 501.813 266.010 481.504 266.010
481.611 195.727 501.859 195.727 501.859 262.122 481.611 262.122
481.291 198.450 501.397 198.450 501.397 264.630 481.291 264.630
481.278 196.385 501.268 196.385 501.268 262.596 481.278 262.596
481.012 197.563 500.977 197.563 500.977 263.512 481.012 263.512
480.858 195.566 500.781 195.566 500.781 261.288 480.858 261.288
480.610 198.224 500.445 198.224 500.445 263.941 480.610 263.941
480.454 195.872 500.486 195.872 500.486 261.069 480.454 261.069
480.275 196.974 500.303 196.974 500.303 261.861 480.275 261.861
480.157 196.263 500.056 196.263 500.056 261.239 480.157 261.239
480.211 196.355 500.141 196.355 500.141 261.327 480.211 261.327
480.214 194.539 500.307 194.539 500.307 259.401 480.214 259.401
480.885 194.569 500.839 194.569 500.839 259.531 480.885 259.531
481.844 195.461 501.729 195.461 501.729 260.315 481.844 260.315
482.333 193.969 502.217 193.969 502.217 258.484 482.333 258.484
482.961 194.680 502.800 194.680 502.800 259.243 482.961 259.243
483.364 195.260 503.176 195.260 503.176 259.737 483.364 259.737
483.892 194.621 503.652 194.621 503.652 259.033 483.892 259.033
484.341 194.230 503.941 194.230 503.941 258.625 484.341 258.625
484.227 193.517 503.840 193.517 503.840 257.806 484.227 257.806
484.240 193.704 503.876 193.704 503.876 257.921 484.240 257.921
484.305 192.023 503.783 192.023 503.783 256.260 484.305 256.260
483.871 193.623 503.578 193.623 503.578 257.639 483.871 257.639
483.908 193.047 503.571 193.047 503.571 257.364 483.908 257.364
484.066 192.870 503.633 192.870 503.633 257.481 484.066 257.481
484.230 192.425 503.741 192.425 503.741 257.271 484.230 257.271
484.167 192.575 503.759 192.575 503.759 257.287 484.167 257.287
484.159 192.355 503.654 192.355 503.654 257.158 484.159 257.158
483.866 192.193 503.354 192.193 503.354 256.935 483.866 256.935
483.766 192.108 503.249 192.108 503.249 256.619 483.766 256.619
483.864 191.526 503.618 191.526 503.618 255.823 483.864 255.823
484.351 191.048 504.346 191.048 504.346 255.266 484.351 255.266
484.517 190.848 504.659 190.848 504.659 255.063 484.517 255.063
485.129 189.907 505.352 189.907 505.352 254.230 485.129 254.230
485.988 190.496 506.063 190.496 506.063 254.824 485.988 254.824
486.575 190.388 506.567 190.388 506.567 254.629 486.575 254.629
487.205 190.838 507.118 190.838 507.118 255.230 487.205 255.230
487.582 190.360 507.458 190.360 507.458 254.597 487.582 254.597
487.833 190.445 507.871 190.445 507.871 254.724 487.833 254.724
487.790 189.725 507.957 189.725 507.957 253.949 487.790 253.949
487.918 190.231 507.826 190.231 507.826 254.757 487.918 254.757
488.476 189.098 508.229 189.098 508.229 253.703 488.476 253.703
488.487 188.363 508.053 188.363 508.053 252.736 488.487 252.736
488.615 188.297 507.968 188.297 507.968 252.796 488.615 252.796
489.043 188.688 508.429 188.688 508.429 252.968 489.043 252.968
489.216 188.837 508.771 188.837 508.771 252.845 489.216 252.845
489.520 188.325 508.947 188.325 508.947 252.343 489.520 252.343
489.874 188.192 509.026 188.192 509.026 252.106 489.874 252.106
489.927 188.916 508.937 188.916 508.937 252.351 489.927 252.351
489.901 188.806 508.766 188.806 508.766 252.197 489.901 252.197
489.539 189.938 508.378 189.938 508.378 252.973 489.539 252.973
489.370 188.726 508.080 188.726 508.080 251.683 489.370 251.683
489.232 189.212 507.731 189.212 507.731 252.131 489.232 252.131
488.990 186.924 507.479 186.924 507.479 250.022 488.990 250.022
488.650 188.804 507.049 188.804 507.049 251.758 488.650 251.758
488.085 188.042 506.602 188.042 506.602 251.224 488.085 251.224
487.683 188.700 506.219 188.700 506.219 252.187 487.683 252.187
487.198 187.351 505.943 187.351 505.943 250.706 487.198 250.706
487.229 187.707 505.939 187.707 505.939 251.190 487.229 251.190
487.429 187.130 506.233 187.130 506.233 250.760 487.429 250.760
487.625 187.203 506.683 187.203 506.683 250.622 487.625 250.622
488.047 185.959 507.212 185.959 507.212 249.011 488.047 249.011
487.758 187.248 506.858 187.248 506.858 250.159 487.758 250.159
487.546 186.476 506.662 186.476 506.662 249.522 487.546 249.522
487.187 185.787 506.142 185.787 506.142 249.001 487.187 249.001
486.840 186.669 505.795 186.669 505.795 249.585 486.840 249.585
486.725 185.085 505.605 185.085 505.605 248.233 486.725 248.233
486.591 188.282 505.508 188.282 505.508 251.246 486.591 251.246
486.620 185.239 505.738 185.239 505.738 247.694 486.620 247.694
486.428 186.697 505.341 186.697 505.341 249.131 486.428 249.131
486.329 185.753 505.175 185.753 505.175 248.373 486.329 248.373
486.178 184.957 505.162 184.957 505.162 247.393 486.178 247.393
486.007 185.375 504.963 185.375 504.963 247.325 486.007 247.325
486.005 184.120 504.813 184.120 504.813 246.237 486.005 246.237
485.886 186.141 504.471 186.141 504.471 248.330 485.886 248.330
486.058 183.026 504.493 183.026 504.493 245.274 486.058 245.274
486.433 184.854 504.679 184.854 504.679 247.297 486.433 247.297
486.616 184.734 505.060 184.734 505.060 246.647 486.616 246.647
487.027 183.246 505.537 183.246 505.537 244.469 487.027 244.469
486.717 183.792 505.133 183.792 505.133 244.867 486.717 244.867
486.258 182.289 504.479 182.289 504.479 243.344 486.258 243.344
485.535 184.006 503.690 184.006 503.690 244.636 485.535 244.636
484.738 183.342 503.052 183.342 503.052 243.573 484.738 243.573
484.232 183.323 502.416 183.323 502.416 243.389 484.232 243.389
483.464 182.516 501.554 182.516 501.554 242.830 483.464 242.830
483.041 182.372 500.987 182.372 500.987 243.147 483.041 243.147
482.427 181.984 500.403 181.984 500.403 243.262 482.427 243.262
482.090 181.660 500.078 181.660 500.078 242.911 482.090 242.911
481.769 181.814 499.936 181.814 499.936 242.999 481.769 242.999
481.768 182.269 500.036 182.269 500.036 243.483 481.768 243.483
481.776 182.277 500.316 182.277 500.316 243.334 481.776 243.334
481.682 182.092 500.213 182.092 500.213 243.229 481.682 243.229
481.624 180.995 500.201 180.995 500.201 241.941 481.624 241.941
481.723 180.878 500.159 180.878 500.159 241.890 481.723 241.890
481.973 179.567 500.239 179.567 500.239 240.840 481.973 240.840
482.054 179.944 500.254 179.944 500.254 241.030 482.054 241.030
481.783 180.448 499.977 180.448 499.977 241.392 481.783 241.392
481.910 180.365 500.079 180.365 500.079 240.848 481.910 240.848
481.586 181.342 499.697 181.342 499.697 241.566 481.586 241.566
481.281 181.423 499.471 181.423 499.471 241.504 481.281 241.504
480.916 179.037 499.238 179.037 499.238 238.706 480.916 238.706
480.029 181.690 498.437 181.690 498.437 241.006 480.029 241.006
479.605 180.754 498.181 180.754 498.181 240.043 479.605 240.043
479.042 179.191 497.741 179.191 497.741 238.477 479.042 238.477
478.317 179.472 497.037 179.472 497.037 238.953 478.317 238.953
477.972 178.116 496.714 178.116 496.714 237.711 477.972 237.711
477.749 178.545 496.552 178.545 496.552 237.759 477.749 237.759
477.410 179.525 496.292 179.525 496.292 238.258 477.410 238.258
477.426 179.340 496.448 179.340 496.448 237.490 477.426 237.490
477.128 180.136 496.072 180.136 496.072 238.051 477.128 238.051
472.887 180.614 491.623 180.614 491.623 238.101 472.887 238.101
473.345 178.174 491.711 178.174 491.711 235.858 473.345 235.858
473.443 178.734 491.424 178.734 491.424 236.454 473.443 236.454
473.295 177.641 491.421 177.641 491.421 234.982 473.295 234.982
473.246 178.001 491.020 178.001 491.020 235.167 473.246 235.167
473.071 179.125 490.642 179.125 490.642 236.289 473.071 236.289
472.845 178.710 490.243 178.710 490.243 235.854 472.845 235.854
472.125 178.389 489.735 178.389 489.735 235.212 472.125 235.212
472.035 180.939 489.502 180.939 489.502 237.782 472.035 237.782
471.783 180.130 489.289 180.130 489.289 237.116 471.783 237.116
471.403 180.967 489.025 180.967 489.025 237.649 471.403 237.649
470.919 179.869 488.592 179.869 488.592 236.513 470.919 236.513
470.726 179.890 488.427 179.890 488.427 236.262 470.726 236.262
470.482 178.918 488.256 178.918 488.256 235.014 470.482 235.014
470.176 177.883 488.024 177.883 488.024 234.034 470.176 234.034
470.010 178.024 487.756 178.024 487.756 234.182 470.010 234.182
469.609 178.556 487.272 178.556 487.272 234.763 469.609 234.763
469.198 177.721 486.903 177.721 486.903 233.966 469.198 233.966
468.925 178.338 486.546 178.338 486.546 234.430 468.925 234.430
468.484 179.055 485.971 179.055 485.971 235.374 468.484 235.374
468.152 177.100 485.936 177.100 485.936 232.840 468.152 232.840
467.846 178.329 485.627 178.329 485.627 234.105 467.846 234.105
467.653 177.076 485.540 177.076 485.540 232.608 467.653 232.608
467.225 176.731 485.106 176.731 485.106 232.430 467.225 232.430
466.449 177.024 484.325 177.024 484.325 232.830 466.449 232.830
465.997 177.266 483.818 177.266 483.818 233.232 465.997 233.232
465.457 178.829 483.308 178.829 483.308 235.037 465.457 235.037
464.964 177.579 482.774 177.579 482.774 233.757 464.964 233.757
464.174 178.317 482.061 178.317 482.061 234.675 464.174 234.675
463.239 177.015 481.269 177.015 481.269 233.214 463.239 233.214
462.504 177.024 480.608 177.024 480.608 233.340 462.504 233.340
461.844 174.747 479.998 174.747 479.998 231.152 461.844 231.152
461.298 174.977 479.391 174.977 479.391 231.373 461.298 231.373
460.692 174.353 478.865 174.353 478.865 230.632 460.692 230.632
460.386 174.384 478.458 174.384 478.458 230.612 460.386 230.612
460.355 175.423 478.365 175.423 478.365 231.627 460.355 231.627
460.047 175.846 477.953 175.846 477.953 232.062 460.047 232.062
459.776 175.304 477.630 175.304 477.630 231.454 459.776 231.454
459.564 175.774 477.424 175.774 477.424 231.905 459.564 231.905
459.597 174.505 477.643 174.505 477.643 230.193 459.597 230.193
459.339 175.540 477.339 175.540 477.339 231.132 459.339 231.132
459.197 173.395 477.202 173.395 477.202 228.907 459.197 228.907
459.240 174.019 477.217 174.019 477.217 229.919 459.240 229.919
459.042 173.320 476.991 173.320 476.991 229.362 459.042 229.362
453.960 172.852 472.116 172.852 472.116 228.637 453.960 228.637
453.426 174.320 471.557 174.320 471.557 229.683 453.426 229.683
452.547 174.330 470.650 174.330 470.650 229.807 452.547 229.807
451.636 173.684 469.731 173.684 469.731 229.153 451.636 229.153
450.789 173.680 468.783 173.680 468.783 229.064 450.789 229.064
450.098 172.616 468.016 172.616 468.016 227.880 450.098 227.880
449.457 171.120 467.401 171.120 467.401 226.234 449.457 226.234
449.108 173.376 466.986 173.376 466.986 228.580 449.108 228.580
449.075 173.613 466.832 173.613 466.832 228.825 449.075 228.825
449.036 173.792 466.628 173.792 466.628 229.212 449.036 229.212
449.017 173.541 466.529 173.541 466.529 229.042 449.017 229.042
448.824 173.145 466.417 173.145 466.417 228.293 448.824 228.293
448.470 175.918 465.870 175.918 465.870 231.249 448.470 231.249
448.155 178.942 465.417 178.942 465.417 233.892 448.155 233.892
443.855 187.618 460.739 187.618 460.739 242.763 443.855 242.763
443.824 188.220 460.574 188.220 460.574 243.290 443.824 243.290
443.908 187.844 460.482 187.844 460.482 242.752 443.908 242.752
443.832 187.694 460.119 187.694 460.119 242.789 443.832 242.789
443.866 187.925 459.924 187.925 459.924 243.445 443.866 243.445
444.091 192.194 459.932 192.194 459.932 247.937 444.091 247.937
444.341 191.888 459.967 191.888 459.967 248.204 444.341 248.204
444.671 192.987 460.202 192.987 460.202 249.880 444.671 249.880
444.945 191.911 460.362 191.911 460.362 249.163 444.945 249.163
445.336 192.830 460.724 192.830 460.724 250.259 445.336 250.259
445.404 192.993 460.716 192.993 460.716 250.557 445.404 250.557
445.521 193.246 460.755 193.246 460.755 250.869 445.521 250.869
445.589 192.834 460.712 192.834 460.712 250.293 445.589 250.293
445.836 194.044 460.962 194.044 460.962 251.540 445.836 251.540
445.699 193.652 460.902 193.652 460.902 250.796 445.699 250.796
446.098 194.915 461.209 194.915 461.209 252.185 446.098 252.185
446.039 194.546 461.227 194.546 461.227 251.606 446.039 251.606
445.928 195.677 461.255 195.677 461.255 252.955 445.928 252.955
445.805 194.688 461.268 194.688 461.268 251.626 445.805 251.626
445.736 195.275 461.210 195.275 461.210 251.960 445.736 251.960
445.907 194.072 461.363 194.072 461.363 250.352 445.907 250.352
446.046 194.591 461.541 194.591 461.541 250.901 446.046 250.901
445.829 194.578 461.393 194.578 461.393 251.020 445.829 251.020
445.934 194.847 461.474 194.847 461.474 251.614 445.934 251.614
445.632 195.207 461.213 195.207 461.213 251.919 445.632 251.919
445.781 194.999 461.385 194.999 461.385 251.908 445.781 251.908
445.718 195.172 461.429 195.172 461.429 252.240 445.718 252.240
445.671 195.557 461.573 195.557 461.573 252.597 445.671 252.597
445.637 194.976 461.639 194.976 461.639 252.108 445.637 252.108
445.372 194.914 461.380 194.914 461.380 251.891 445.372 251.891
445.514 195.122 461.408 195.122 461.408 252.292 445.514 252.292
445.651 196.143 461.629 196.143 461.629 253.062 445.651 253.062
445.997 196.629 461.758 196.629 461.758 253.666 445.997 253.666
446.130 196.565 461.780 196.565 461.780 253.760 446.130 253.760
446.280 198.389 461.632 198.389 461.632 255.650 446.280 255.650
446.260 197.434 461.611 197.434 461.611 254.450 446.260 254.450
446.392 196.979 461.758 196.979 461.758 253.754 446.392 253.754
446.797 199.245 462.033 199.245 462.033 255.970 446.797 255.970
446.781 198.217 462.023 198.217 462.023 254.673 446.781 254.673
446.945 197.745 462.222 197.745 462.222 254.313 446.945 254.313
447.322 199.606 462.513 199.606 462.513 255.916 447.322 255.916
447.606 198.419 462.888 198.419 462.888 254.621 447.606 254.621
448.102 198.243 463.516 198.243 463.516 254.173 448.102 254.173
448.373 198.036 463.707 198.036 463.707 254.398 448.373 254.398
448.437 197.908 463.954 197.908 463.954 254.208 448.437 254.208
448.169 198.348 463.882 198.348 463.882 255.009 448.169 255.009
448.275 197.793 464.209 197.793 464.209 253.965 448.275 253.965
448.367 197.450 464.419 197.450 464.419 253.671 448.367 253.671
448.235 197.610 464.381 197.610 464.381 253.895 448.235 253.895
448.214 197.410 464.474 197.410 464.474 253.905 448.214 253.905
448.338 200.393 464.601 200.393 464.601 256.384 448.338 256.384
448.531 199.687 464.734 199.687 464.734 256.084 448.531 256.084
449.105 200.980 465.233 200.980 465.233 257.186 449.105 257.186
449.548 202.519 465.555 202.519 465.555 258.306 449.548 258.306
449.816 203.145 465.581 203.145 465.581 258.707 449.816 258.707
450.032 204.308 465.684 204.308 465.684 259.520 450.032 259.520
450.362 203.638 465.930 203.638 465.930 258.658 450.362 258.658
450.336 203.444 465.829 203.444 465.829 258.274 450.336 258.274
450.683 204.029 466.002 204.029 466.002 259.106 450.683 259.106
451.043 203.760 466.227 203.760 466.227 259.082 451.043 259.082
451.408 205.625 466.691 205.625 466.691 260.506 451.408 260.506
451.814 206.438 467.046 206.438 467.046 261.639 451.814 261.639
451.800 205.531 467.152 205.531 467.152 260.515 451.800 260.515
451.933 205.453 467.373 205.453 467.373 260.177 451.933 260.177
452.127 204.376 467.710 204.376 467.710 258.911 452.127 258.911
452.406 205.086 468.120 205.086 468.120 259.472 452.406 259.472
452.782 205.661 468.354 205.661 468.354 260.098 452.782 260.098
452.767 206.448 468.283 206.448 468.283 260.763 452.767 260.763
452.968 207.043 468.289 207.043 468.289 261.276 452.968 261.276
453.415 209.424 468.364 209.424 468.364 263.470 453.415 263.470
453.976 209.352 468.811 209.352 468.811 263.183 453.976 263.183
454.750 211.390 469.405 211.390 469.405 264.933 454.750 264.933
455.283 209.663 469.678 209.663 469.678 263.206 455.283 263.206
455.657 209.381 469.863 209.381 469.863 262.887 455.657 262.887
456.189 208.180 470.227 208.180 470.227 261.823 456.189 261.823
456.651 208.256 470.839 208.256 470.839 261.820 456.651 261.820
456.876 208.011 471.212 208.011 471.212 261.460 456.876 261.460
457.057 208.074 471.613 208.074 471.613 261.434 457.057 261.434
460.793 209.217 475.518 209.217 475.518 262.598 460.793 262.598
461.071 209.420 475.783 209.420 475.783 263.106 461.071 263.106
461.020 209.426 475.664 209.426 475.664 263.385 461.020 263.385
461.172 211.710 475.659 211.710 475.659 265.518 461.172 265.518
461.337 212.858 475.661 212.858 475.661 266.693 461.337 266.693
461.722 213.971 475.899 213.971 475.899 267.544 461.722 267.544
461.622 212.485 475.776 212.485 475.776 265.942 461.622 265.942
461.678 214.963 475.678 214.963 475.678 268.618 461.678 268.618
462.069 213.576 475.977 213.576 475.977 267.387 462.069 267.387
462.404 214.970 476.277 214.970 476.277 268.686 462.404 268.686
462.825 212.300 476.644 212.300 476.644 266.095 462.825 266.095
463.048 211.716 476.937 211.716 476.937 265.877 463.048 265.877
463.279 211.574 477.349 211.574 477.349 265.857 463.279 265.857
463.911 213.075 477.940 213.075 477.940 267.474 463.911 267.474
464.142 212.098 478.244 212.098 478.244 266.887 464.142 266.887
464.556 213.167 478.814 213.167 478.814 267.737 464.556 267.737
464.681 212.213 479.044 212.213 479.044 266.868 464.681 266.868
464.903 213.946 479.387 213.946 479.387 268.467 464.903 268.467
465.000 212.601 479.572 212.601 479.572 267.325 465.000 267.325
465.531 214.853 480.035 214.853 480.035 270.171 465.531 270.171
465.949 216.035 480.480 216.035 480.480 271.220 465.949 271.220
466.103 213.959 480.607 213.959 480.607 269.110 466.103 269.110
466.615 215.890 480.992 215.890 480.992 271.372 466.615 271.372
466.714 215.929 480.938 215.929 480.938 271.546 466.714 271.546
467.047 218.082 481.133 218.082 481.133 273.433 467.047 273.433
467.395 220.079 481.551 220.079 481.551 274.996 467.395 274.996
467.658 218.772 481.763 218.772 481.763 273.734 467.658 273.734
471.493 216.900 485.598 216.900 485.598 271.969 471.493 271.969
471.164 217.447 485.345 217.447 485.345 272.358 471.164 272.358
471.107 214.559 485.235 214.559 485.235 269.848 471.107 269.848
471.579 216.710 485.709 216.710 485.709 272.145 471.579 272.145
471.911 215.023 486.172 215.023 486.172 270.563 471.911 270.563
472.298 216.422 486.705 216.422 486.705 271.895 472.298 271.895
472.604 215.871 487.250 215.871 487.250 271.093 472.604 271.093
473.074 216.678 487.944 216.678 487.944 271.774 473.074 271.774
473.582 218.810 488.596 218.810 488.596 273.898 473.582 273.898
474.269 219.344 489.224 219.344 489.224 274.249 474.269 274.249
474.500 220.163 489.525 220.163 489.525 275.043 474.500 275.043
474.419 218.608 489.455 218.608 489.455 273.389 474.419 273.389
474.613 221.944 489.519 221.944 489.519 276.568 474.613 276.568
475.206 221.397 490.000 221.397 490.000 275.947 475.206 275.947
475.862 221.353 490.454 221.353 490.454 275.966 475.862 275.966
476.198 221.942 490.611 221.942 490.611 276.354 476.198 276.354
476.555 225.405 490.787 225.405 490.787 279.911 476.555 279.911
476.903 224.127 491.054 224.127 491.054 278.389 476.903 278.389
477.604 226.525 491.791 226.525 491.791 280.565 477.604 280.565
478.305 225.747 492.523 225.747 492.523 279.614 478.305 279.614
479.239 223.181 493.491 223.181 493.491 277.306 479.239 277.306
480.069 220.824 494.633 220.824 494.633 275.380 480.069 275.380
481.020 220.309 495.796 220.309 495.796 275.512 481.020 275.512
481.631 219.735 496.739 219.735 496.739 275.379 481.631 275.379
481.813 219.966 497.126 219.966 497.126 275.992 481.813 275.992
481.850 219.659 497.417 219.659 497.417 276.291 481.850 276.291
482.248 220.455 498.014 220.455 498.014 277.619 482.248 277.619
482.594 221.266 498.486 221.266 498.486 278.694 482.594 278.694
482.640 221.172 498.504 221.172 498.504 279.206 482.640 279.206
482.989 221.537 499.143 221.537 499.143 279.648 482.989 279.648
483.543 221.968 499.864 221.968 499.864 280.174 483.543 280.174
483.889 221.146 500.188 221.146 500.188 279.732 483.889 279.732
483.975 219.939 500.162 219.939 500.162 278.951 483.975 278.951
484.167 221.297 500.263 221.297 500.263 280.324 484.167 280.324
484.545 222.871 500.717 222.871 500.717 282.135 484.545 282.135
485.147 223.083 501.381 223.083 501.381 282.482 485.147 282.482
485.449 224.578 501.621 224.578 501.621 284.307 485.449 284.307
485.874 224.048 501.869 224.048 501.869 284.118 485.874 284.118
486.369 224.929 502.421 224.929 502.421 285.319 486.369 285.319
486.817 225.011 503.007 225.011 503.007 285.696 486.817 285.696
487.371 225.872 503.616 225.872 503.616 286.662 487.371 286.662
487.644 223.875 503.878 223.875 503.878 285.210 487.644 285.210
487.828 223.611 504.270 223.611 504.270 285.464 487.828 285.464
488.186 222.706 504.855 222.706 504.855 284.702 488.186 284.702
488.303 222.918 505.166 222.918 505.166 285.271 488.303 285.271
488.264 223.501 505.382 223.501 505.382 285.863 488.264 285.863
488.542 223.675 505.832 223.675 505.832 286.363 488.542 286.363
488.742 222.551 506.377 222.551 506.377 285.093 488.742 285.093
488.859 223.749 506.706 223.749 506.706 286.295 488.859 286.295
489.302 223.594 507.184 223.594 507.184 286.194 489.302 286.194
489.484 224.398 507.386 224.398 507.386 287.146 489.484 287.146
489.875 224.230 507.695 224.230 507.695 287.441 489.875 287.441
490.239 224.276 507.996 224.276 507.996 287.502 490.239 287.502
490.664 224.653 508.146 224.653 508.146 288.376 490.664 288.376
491.186 225.831 508.701 225.831 508.701 289.515 491.186 289.515
496.010 226.365 513.451 226.365 513.451 290.358 496.010 290.358
496.807 227.346 514.128 227.346 514.128 291.896 496.807 291.896
497.175 227.883 514.659 227.883 514.659 292.371 497.175 292.371
497.201 226.765 514.895 226.765 514.895 291.676 497.201 291.676
497.237 226.039 515.300 226.039 515.300 290.529 497.237 290.529
497.235 226.915 515.549 226.915 515.549 290.815 497.235 290.815
501.151 229.386 519.352 229.386 519.352 293.519 501.151 293.519
500.796 229.488 518.907 229.488 518.907 293.918 500.796 293.918
501.158 228.780 519.057 228.780 519.057 293.463 501.158 293.463
501.353 228.617 519.216 228.617 519.216 293.125 501.353 293.125
501.932 229.392 519.678 229.392 519.678 294.105 501.932 294.105
502.395 231.066 520.075 231.066 520.075 296.061 502.395 296.061
503.077 231.499 520.704 231.499 520.704 296.740 503.077 296.740
503.635 231.354 521.312 231.354 521.312 296.976 503.635 296.976
504.095 231.621 521.844 231.621 521.844 297.290 504.095 297.290
504.544 231.771 522.488 231.771 522.488 297.766 504.544 297.766
505.369 231.789 523.442 231.789 523.442 298.102 505.369 298.102
505.586 230.341 524.032 230.341 524.032 296.507 505.586 296.507
506.085 230.583 524.720 230.583 524.720 296.588 506.085 296.588
506.748 229.450 525.413 229.450 525.413 295.595 506.748 295.595
511.131 231.566 529.913 231.566 529.913 297.184 511.131 297.184
515.522 232.269 534.290 232.269 534.290 298.019 515.522 298.019
514.909 232.794 533.396 232.794 533.396 299.106 514.909 299.106
515.250 233.309 533.449 233.309 533.449 300.066 515.250 300.066
516.052 233.113 534.135 233.113 534.135 300.269 516.052 300.269
516.678 232.994 534.710 232.994 534.710 300.195 516.678 300.195
517.286 234.679 535.288 234.679 535.288 302.047 517.286 302.047
518.112 235.273 536.050 235.273 536.050 303.198 518.112 303.198
518.744 234.755 536.657 234.755 536.657 303.238 518.744 303.238
519.119 234.193 537.081 234.193 537.081 302.917 519.119 302.917
519.672 234.835 537.931 234.835 537.931 303.425 519.672 303.425
520.254 233.393 538.779 233.393 538.779 302.102 520.254 302.102
520.753 232.844 539.404 232.844 539.404 301.758 520.753 301.758
520.701 234.072 539.501 234.072 539.501 303.063 520.701 303.063
521.038 233.672 539.882 233.672 539.882 303.200 521.038 303.200
521.336 234.049 540.422 234.049 540.422 303.423 521.336 303.423
521.724 234.842 540.826 234.842 540.826 304.213 521.724 304.213
521.381 233.230 540.595 233.230 540.595 302.895 521.381 302.895
521.426 233.684 540.710 233.684 540.710 303.183 521.426 303.183
521.923 234.441 541.268 234.441 541.268 303.857 521.923 303.857
525.789 235.793 545.021 235.793 545.021 305.567 525.789 305.567
525.387 236.211 544.593 236.211 544.593 306.378 525.387 306.378
526.431 239.520 545.335 239.520 545.335 310.049 526.431 310.049
527.275 238.191 545.979 238.191 545.979 309.030 527.275 309.030
527.904 238.445 546.391 238.445 546.391 310.192 527.904 310.192
528.204 241.097 546.630 241.097 546.630 312.795 528.204 312.795
527.622 235.319 546.197 235.319 546.197 306.937 527.622 306.937
527.403 237.079 546.028 237.079 546.028 308.910 527.403 308.910
527.651 236.102 546.499 236.102 546.499 307.761 527.651 307.761
555.604 223.745 574.677 223.745 574.677 294.489 555.604 294.489
555.579 219.732 574.672 219.732 574.672 289.873 555.579 289.873
550.865 220.841 569.849 220.841 569.849 290.590 550.865 290.590
550.914 221.803 569.697 221.803 569.697 291.096 550.914 291.096
545.754 228.779 564.586 228.779 564.586 297.237 545.754 297.237
546.052 227.124 564.778 227.124 564.778 294.765 546.052 294.765
546.029 229.698 564.617 229.698 564.617 296.820 546.029 296.820
545.947 228.702 564.300 228.702 564.300 295.585 545.947 295.585
539.941 235.154 558.584 235.154 558.584 301.783 539.941 301.783
538.795 239.224 557.348 239.224 557.348 306.495 538.795 306.495
537.795 235.348 556.460 235.348 556.460 302.707 537.795 302.707
536.674 236.878 555.442 236.878 555.442 303.968 536.674 303.968
536.319 249.234 554.411 249.234 554.411 317.252 536.319 317.252
536.714 248.525 554.404 248.525 554.404 317.678 536.714 317.678
536.859 245.289 554.299 245.289 554.299 315.752 536.859 315.752
536.462 244.672 553.948 244.672 553.948 316.168 536.462 316.168
536.927 243.972 554.483 243.972 554.483 316.468 536.927 316.468
541.235 247.506 558.737 247.506 558.737 320.665 541.235 320.665
540.943 247.984 558.464 247.984 558.464 321.764 540.943 321.764
540.867 248.493 558.540 248.493 558.540 322.756 540.867 322.756
541.059 248.876 558.901 248.876 558.901 323.501 541.059 323.501
541.090 247.332 559.121 247.332 559.121 322.671 541.090 322.671
541.451 246.932 559.673 246.932 559.673 322.730 541.451 322.730
540.793 243.261 559.754 243.261 559.754 318.470 540.793 318.470
541.695 248.864 560.755 248.864 560.755 324.267 541.695 324.267
545.837 245.977 565.136 245.977 565.136 321.599 545.837 321.599
544.712 246.046 564.182 246.046 564.182 322.136 544.712 322.136
544.995 248.650 564.449 248.650 564.449 324.785 544.995 324.785
545.199 247.498 564.558 247.498 564.558 323.724 545.199 323.724
545.437 246.855 564.717 246.855 564.717 323.495 545.437 323.495
545.724 246.161 564.980 246.161 564.980 323.338 545.724 323.338
546.045 245.428 565.369 245.428 565.369 322.908 546.045 322.908
545.373 243.417 565.009 243.417 565.009 320.606 545.373 320.606
549.936 246.637 569.933 246.637 569.933 323.222 549.936 323.222
549.405 248.390 569.361 248.390 569.361 325.267 549.405 325.267
549.519 247.338 569.405 247.338 569.405 325.213 549.519 325.213
549.696 245.952 569.673 245.952 569.673 324.236 549.696 324.236
554.837 254.097 574.568 254.097 574.568 332.010 554.837 332.010
554.982 251.981 574.571 251.981 574.571 329.800 554.982 329.800
555.439 254.227 574.873 254.227 574.873 332.122 555.439 332.122
555.913 257.317 575.268 257.317 575.268 335.025 555.913 335.025
556.303 259.233 575.540 259.233 575.540 336.756 556.303 336.756
556.909 260.305 576.133 260.305 576.133 337.153 556.909 337.153
557.345 259.769 576.782 259.769 576.782 335.565 557.345 335.565
557.928 260.375 577.376 260.375 577.376 335.794 557.928 335.794
558.649 260.973 578.139 260.973 578.139 336.207 558.649 336.207
559.168 262.972 578.690 262.972 578.690 337.715 559.168 337.715
559.956 258.251 579.466 258.251 579.466 332.472 559.956 332.472
560.936 258.913 580.285 258.913 580.285 332.843 560.936 332.843
561.795 260.357 581.090 260.357 581.090 333.883 561.795 333.883
562.609 261.487 581.766 261.487 581.766 335.112 562.609 335.112
563.138 262.677 582.024 262.677 582.024 336.302 563.138 336.302
563.733 263.292 582.538 263.292 582.538 336.834 563.733 336.834
564.524 266.119 583.346 266.119 583.346 339.479 564.524 339.479
570.407 267.060 589.120 267.060 589.120 340.214 570.407 340.214
570.474 262.458 588.947 262.458 588.947 336.222 570.474 336.222
570.784 257.824 589.177 257.824 589.177 333.098 570.784 333.098
570.941 255.273 589.522 255.273 589.522 331.734 570.941 331.734
570.843 251.267 589.845 251.267 589.845 327.787 570.843 327.787
571.205 250.551 590.474 250.551 590.474 327.402 571.205 327.402
571.873 250.249 591.562 250.249 591.562 327.168 571.873 327.168
572.548 250.460 592.396 250.460 592.396 327.658 572.548 327.658
573.177 251.129 593.216 251.129 593.216 328.049 573.177 328.049
573.222 251.729 593.581 251.729 593.581 328.337 573.222 328.337
573.622 252.735 594.277 252.735 594.277 328.925 573.622 328.925
578.934 253.689 599.863 253.689 599.863 329.762 578.934 329.762
579.466 254.150 600.554 254.150 600.554 329.884 579.466 329.884
580.240 255.970 601.314 255.970 601.314 332.338 580.240 332.338
581.210 254.525 602.330 254.525 602.330 330.710 581.210 330.710
585.784 251.586 607.114 251.586 607.114 327.267 585.784 327.267
584.746 250.045 606.218 250.045 606.218 325.632 584.746 325.632
584.517 251.305 606.029 251.305 606.029 327.152 584.517 327.152
583.988 250.041 605.826 250.041 605.826 325.113 583.988 325.113
589.242 250.749 610.909 250.749 610.909 326.479 589.242 326.479
588.784 252.105 610.273 252.105 610.273 328.590 588.784 328.590
588.816 252.185 610.278 252.185 610.278 329.302 588.816 329.302
589.583 250.766 611.197 250.766 611.197 328.352 589.583 328.352
590.252 252.089 611.850 252.089 611.850 329.898 590.252 329.898
595.617 252.733 617.124 252.733 617.124 331.413 595.617 331.413
595.260 249.127 616.983 249.127 616.983 327.397 595.260 327.397
595.191 248.274 617.212 248.274 617.212 326.613 595.191 326.613
595.631 247.922 617.910 247.922 617.910 326.149 595.631 326.149
596.187 248.997 618.719 248.997 618.719 326.985 596.187 326.985
601.747 249.770 624.029 249.770 624.029 328.627 601.747 328.627
601.523 249.753 623.732 249.753 623.732 328.863 601.523 328.863
606.591 249.231 628.446 249.231 628.446 328.852 606.591 328.852
606.276 249.780 628.006 249.780 628.006 329.722 606.276 329.722
606.708 248.431 628.286 248.431 628.286 328.679 606.708 328.679
607.295 248.135 628.693 248.135 628.693 328.431 607.295 328.431
607.730 248.841 629.139 248.841 629.139 328.762 607.730 328.762
607.559 249.321 628.917 249.321 628.917 329.246 607.559 329.246
571.840 272.993 593.222 272.993 593.222 352.177 571.840 352.177
572.720 265.250 593.738 265.250 593.738 344.728 572.720 344.728
573.292 264.151 593.978 264.151 593.978 344.466 573.292 344.466
572.554 255.530 593.514 255.530 593.514 334.872 572.554 334.872
572.414 257.865 593.170 257.865 593.170 336.790 572.414 336.790
572.975 258.747 593.494 258.747 593.494 337.860 572.975 337.860
573.439 256.248 594.085 256.248 594.085 334.225 573.439 334.225
578.476 259.098 599.317 259.098 599.317 336.570 578.476 336.570
578.563 256.266 599.692 256.266 599.692 332.569 578.563 332.569
583.134 258.471 604.409 258.471 604.409 334.489 583.134 334.489
582.083 260.838 603.280 260.838 603.280 336.948 582.083 336.948
583.599 270.442 604.407 270.442 604.407 347.680 583.599 347.680
585.164 274.513 605.864 274.513 605.864 351.607 585.164 351.607
586.169 277.537 606.929 277.537 606.929 353.954 586.169 353.954
587.123 278.308 607.656 278.308 607.656 355.022 587.123 355.022
587.697 277.935 608.049 277.935 608.049 354.799 587.697 354.799
588.427 277.281 608.643 277.281 608.643 354.181 588.427 354.181
587.920 264.375 608.241 264.375 608.241 341.292 587.920 341.292
591.836 264.075 612.127 264.075 612.127 341.488 591.836 341.488
591.265 263.173 611.471 263.173 611.471 341.025 591.265 341.025
590.863 262.747 611.074 262.747 611.074 340.908 590.863 340.908
590.778 264.778 611.025 264.778 611.025 343.058 590.778 343.058
591.388 266.753 611.634 266.753 611.634 345.069 591.388 345.069
591.649 267.866 611.853 267.866 611.853 346.562 591.649 346.562
592.193 267.287 612.292 267.287 612.292 346.878 592.193 346.878
592.851 267.333 613.081 267.333 613.081 347.012 592.851 347.012
593.608 270.471 613.897 270.471 613.897 349.703 593.608 349.703
598.967 270.913 619.364 270.913 619.364 350.545 598.967 350.545
598.880 271.774 619.296 271.774 619.296 351.703 598.880 351.703
599.175 271.030 619.662 271.030 619.662 351.317 599.175 351.317
600.102 271.976 620.565 271.976 620.565 352.803 600.102 352.803
601.417 272.758 621.890 272.758 621.890 354.156 601.417 354.156
602.020 268.300 622.553 268.300 622.553 349.664 602.020 349.664
606.930 267.076 627.131 267.076 627.131 349.562 606.930 349.562
606.830 268.337 626.889 268.337 626.889 351.771 606.830 351.771
607.504 268.313 627.407 268.313 627.407 352.737 607.504 352.737
608.166 267.805 627.965 267.805 627.965 352.506 608.166 352.506
608.666 268.701 628.551 268.701 628.551 352.887 608.666 352.887
609.367 270.594 629.238 270.594 629.238 354.399 609.367 354.399
610.354 269.776 630.283 269.776 630.283 353.427 610.354 353.427
611.431 271.296 631.304 271.296 631.304 354.625 611.431 354.625
611.783 270.467 631.466 270.467 631.466 354.188 611.783 354.188
611.887 270.947 631.487 270.947 631.487 354.557 611.887 354.557
612.063 269.780 631.573 269.780 631.573 353.467 612.063 353.467
612.612 277.510 631.975 277.510 631.975 361.592 612.612 361.592
612.589 270.735 631.912 270.735 631.912 354.776 612.589 354.776
612.793 274.716 632.101 274.716 632.101 358.755 612.793 358.755
612.684 272.780 632.001 272.780 632.001 356.805 612.684 356.805
612.856 269.729 632.177 269.729 632.177 353.751 612.856 353.751
613.237 264.720 632.559 264.720 632.559 348.739 613.237 348.739
613.437 258.195 632.760 258.195 632.760 342.212 613.437 342.212
613.796 254.924 633.119 254.924 633.119 338.941 613.796 338.941
613.913 252.612 633.236 252.612 633.236 336.629 613.913 336.629
613.786 248.891 633.109 248.891 633.109 332.908 613.786 332.908
613.611 245.599 632.934 245.599 632.934 329.616 613.611 329.616
613.704 240.044 633.027 240.044 633.027 324.061 613.704 324.061
613.722 231.832 633.045 231.832 633.045 315.849 613.722 315.849
613.909 222.581 633.232 222.581 633.232 306.598 613.909 306.598
613.695 215.203 633.018 215.203 633.018 299.221 613.695 299.221
612.745 209.725 632.069 209.725 632.069 293.743 612.745 293.743
612.262 207.096 631.619 207.096 631.619 291.096 612.262 291.096
611.764 202.931 631.122 202.931 631.122 286.931 611.764 286.931
611.303 199.548 630.663 199.548 630.663 283.550 611.303 283.550
611.257 198.054 630.618 198.054 630.618 282.056 611.257 282.056
611.349 196.288 630.711 196.288 630.711 280.290 611.349 280.290
611.674 194.387 631.037 194.387 631.037 278.390 611.674 278.390
611.598 192.146 630.961 192.146 630.961 276.149 611.598 276.149
611.463 190.031 630.826 190.031 630.826 274.035 611.463 274.035
611.502 188.498 630.865 188.498 630.865 272.502 611.502 272.502
611.360 187.524 630.724 187.524 630.724 271.528 611.360 271.528
611.336 186.376 630.700 186.376 630.700 270.381 611.336 270.381
611.292 185.956 630.656 185.956 630.656 269.961 611.292 269.961
611.063 185.404 630.428 185.404 630.428 269.410 611.063 269.410
610.943 184.519 630.308 184.519 630.308 268.525 610.943 268.525
610.739 182.152 630.104 182.152 630.104 266.158 610.739 266.158
610.576 179.876 629.941 179.876 629.941 263.882 610.576 263.882
610.564 177.934 629.929 177.934 629.929 261.940 610.564 261.940
610.633 174.728 629.998 174.728 629.998 258.734 610.633 258.734
610.576 170.821 629.942 170.821 629.942 254.827 610.576 254.827
610.798 165.461 630.164 165.461 630.164 249.467 610.798 249.467
610.922 158.697 630.288 158.697 630.288 242.702 610.922 242.702
610.424 153.124 629.792 153.124 629.792 237.129 610.424 237.129
610.125 150.781 629.496 150.781 629.496 234.786 610.125 234.786
609.554 149.461 628.926 149.461 628.926 233.466 609.554 233.466
609.060 149.197 628.433 149.197 628.433 233.202 609.060 233.202
608.834 148.928 628.208 148.928 628.208 232.933 608.834 232.933
608.749 148.223 628.123 148.223 628.123 232.228 608.749 232.228
608.563 148.717 627.938 148.717 627.938 232.722 608.563 232.722
608.241 147.251 627.617 147.251 627.617 231.256 608.241 231.256
608.042 147.058 627.418 147.058 627.418 231.063 608.042 231.063
607.937 147.951 627.313 147.951 627.313 231.956 607.937 231.956
607.751 146.873 627.129 146.873 627.129 230.878 607.751 230.878
607.564 146.761 626.942 146.761 626.942 230.767 607.564 230.767
607.320 148.455 626.699 148.455 626.699 232.461 607.320 232.461
