404.000 233.000 424.000 233.000 424.000 248.000 404.000 248.000
404.360 233.359 424.536 233.359 424.536 248.229 404.360 248.229
404.869 233.766 424.938 233.766 424.938 248.540 404.869 248.540
404.493 234.062 424.649 234.062 424.649 248.733 404.493 248.733
404.257 234.697 424.493 234.697 424.493 249.279 404.257 249.279
405.801 234.184 426.013 234.184 426.013 248.685 405.801 248.685
405.716 234.503 425.867 234.503 425.867 248.907 405.716 248.907
405.745 234.809 425.739 234.809 425.739 249.212 405.745 249.212
406.542 235.609 426.521 235.609 426.521 250.018 406.542 250.018
406.541 235.584 426.443 235.584 426.443 250.040 406.541 250.040
406.775 236.062 426.624 236.062 426.624 250.458 406.775 250.458
406.689 235.629 426.564 235.629 426.564 249.998 406.689 249.998
406.346 237.569 426.260 237.569 426.260 251.856 406.346 251.856
406.838 237.054 426.733 237.054 426.733 251.386 406.838 251.386
407.433 236.388 427.391 236.388 427.391 250.729 407.433 250.729
407.155 236.973 427.235 236.973 427.235 251.294 407.155 251.294
407.124 236.038 427.214 236.038 427.214 250.428 407.124 250.428
406.964 236.070 426.995 236.070 426.995 250.541 406.964 250.541
407.670 236.291 427.704 236.291 427.704 250.708 407.670 250.708
408.239 237.268 428.360 237.268 428.360 251.633 408.239 251.633
408.457 237.266 428.540 237.266 428.540 251.722 408.457 251.722
408.492 237.983 428.763 237.983 428.763 252.343 408.492 252.343
409.116 238.367 429.510 238.367 429.510 252.747 409.116 252.747
409.645 237.580 429.923 237.580 429.923 251.989 409.645 251.989
409.653 237.707 429.967 237.707 429.967 252.253 409.653 252.253
410.003 237.545 430.303 237.545 430.303 252.214 410.003 252.214
410.138 237.494 430.330 237.494 430.330 252.273 410.138 252.273
410.356 237.680 430.509 237.680 430.509 252.558 410.356 252.558
410.546 238.743 430.621 238.743 430.621 253.614 410.546 253.614
411.320 239.361 431.272 239.361 431.272 254.359 411.320 254.359
411.049 239.326 431.058 239.326 431.058 254.299 411.049 254.299
411.139 239.385 431.193 239.385 431.193 254.338 411.139 254.338
411.537 239.286 431.588 239.286 431.588 254.262 411.537 254.262
411.600 239.082 431.639 239.082 431.639 254.014 411.600 254.014
411.597 239.437 431.659 239.437 431.659 254.427 411.597 254.427
412.322 238.785 432.272 238.785 432.272 253.761 412.322 253.761
412.390 239.146 432.328 239.146 432.328 254.075 412.390 254.075
412.771 238.953 432.715 238.953 432.715 253.884 412.771 253.884
412.419 239.967 432.497 239.967 432.497 254.932 412.419 254.932
412.538 240.778 432.739 240.778 432.739 255.681 412.538 255.681
413.025 241.160 433.154 241.160 433.154 256.093 413.025 256.093
413.255 241.753 433.422 241.753 433.422 256.650 413.255 256.650
413.432 240.468 433.634 240.468 433.634 255.326 413.432 255.326
414.043 241.170 434.202 241.170 434.202 256.013 414.043 256.013
414.251 240.757 434.536 240.757 434.536 255.591 414.251 255.591
414.251 240.360 434.574 240.360 434.574 255.175 414.251 255.175
414.145 241.359 434.570 241.359 434.570 256.138 414.145 256.138
414.399 241.522 434.824 241.522 434.824 256.380 414.399 256.380
414.545 242.062 435.002 242.062 435.002 256.985 414.545 256.985
414.516 242.016 435.017 242.016 435.017 256.956 414.516 256.956
414.669 242.186 435.217 242.186 435.217 257.123 414.669 257.123
414.450 243.117 435.046 243.117 435.046 258.027 414.450 258.027
413.961 242.656 434.504 242.656 434.504 257.681 413.961 257.681
415.166 242.508 435.658 242.508 435.658 257.632 415.166 257.632
413.985 242.229 434.605 242.229 434.605 257.273 413.985 257.273
414.456 241.709 435.060 241.709 435.060 256.800 414.456 256.800
413.998 242.877 434.685 242.877 434.685 257.966 413.998 257.966
414.677 243.048 435.423 243.048 435.423 258.096 414.677 258.096
415.358 242.909 436.052 242.909 436.052 258.003 415.358 258.003
414.246 243.827 435.098 243.827 435.098 258.959 414.246 258.959
414.960 243.462 435.753 243.462 435.753 258.653 414.960 258.653
415.574 243.248 436.241 243.248 436.241 258.531 415.574 258.531
415.527 243.094 436.247 243.094 436.247 258.444 415.527 258.444
414.987 243.360 435.810 243.360 435.810 258.806 414.987 258.806
414.658 243.196 435.679 243.196 435.679 258.723 414.658 258.723
414.455 243.796 435.579 243.796 435.579 259.364 414.455 259.364
413.964 243.629 435.076 243.629 435.076 259.376 413.964 259.376
413.331 244.601 434.520 244.601 434.520 260.407 413.331 260.407
412.967 244.440 434.127 244.440 434.127 260.385 412.967 260.385
412.816 244.631 433.918 244.631 433.918 260.670 412.816 260.670
412.523 244.798 433.630 244.798 433.630 260.906 412.523 260.906
412.206 245.214 433.254 245.214 433.254 261.357 412.206 261.357
412.874 244.593 433.887 244.593 433.887 260.714 412.874 260.714
411.302 244.993 432.504 244.993 432.504 261.086 411.302 261.086
411.024 245.186 432.379 245.186 432.379 261.339 411.024 261.339
410.835 245.820 432.185 245.820 432.185 261.996 410.835 261.996
410.560 246.119 431.858 246.119 431.858 262.302 410.560 262.302
410.328 246.982 431.706 246.982 431.706 263.115 410.328 263.115
410.282 247.116 431.733 247.116 431.733 263.267 410.282 263.267
409.736 247.158 431.208 247.158 431.208 263.269 409.736 263.269
410.145 246.815 431.600 246.815 431.600 262.977 410.145 262.977
409.510 246.020 430.990 246.020 430.990 262.201 409.510 262.201
409.399 246.313 430.961 246.313 430.961 262.444 409.399 262.444
408.336 247.418 429.934 247.418 429.934 263.537 408.336 263.537
408.461 247.169 430.105 247.169 430.105 263.384 408.461 263.384
407.702 247.966 429.375 247.966 429.375 264.262 407.702 264.262
407.217 248.026 428.961 248.026 428.961 264.369 407.217 264.369
406.781 248.245 428.516 248.245 428.516 264.592 406.781 264.592
406.874 248.343 428.607 248.343 428.607 264.619 406.874 264.619
406.352 248.060 428.206 248.060 428.206 264.263 406.352 264.263
405.089 247.892 427.004 247.892 427.004 264.075 405.089 264.075
404.643 247.812 426.628 247.812 426.628 264.136 404.643 264.136
404.865 248.059 426.750 248.059 426.750 264.459 404.865 264.459
404.513 248.270 426.435 248.270 426.435 264.588 404.513 264.588
404.487 249.484 426.492 249.484 426.492 265.711 404.487 265.711
404.606 250.446 426.638 250.446 426.638 266.633 404.606 266.633
404.977 250.541 426.999 250.541 426.999 266.729 404.977 266.729
404.195 250.726 426.264 250.726 426.264 266.843 404.195 266.843
404.182 250.682 426.219 250.682 426.219 266.774 404.182 266.774
403.408 250.135 425.523 250.135 425.523 266.250 403.408 266.250
403.202 249.536 425.392 249.536 425.392 265.533 403.202 265.533
403.112 249.741 425.381 249.741 425.381 265.762 403.112 265.762
402.814 250.584 425.138 250.584 425.138 266.566 402.814 266.566
402.871 251.371 425.179 251.371 425.179 267.344 402.871 267.344
403.025 251.030 425.395 251.030 425.395 267.029 403.025 267.029
402.303 252.009 424.754 252.009 424.754 267.990 402.303 267.990
401.903 251.804 424.421 251.804 424.421 267.802 401.903 267.802
402.008 251.571 424.431 251.571 424.431 267.678 402.008 267.678
402.089 251.085 424.419 251.085 424.419 267.342 402.089 267.342
401.238 252.024 423.685 252.024 423.685 268.235 401.238 268.235
401.214 251.840 423.619 251.840 423.619 268.109 401.214 268.109
400.392 251.739 422.817 251.739 422.817 267.976 400.392 267.976
400.652 252.339 423.163 252.339 423.163 268.440 400.652 268.440
400.168 253.200 422.730 253.200 422.730 269.372 400.168 269.372
400.156 253.299 422.613 253.299 422.613 269.566 400.156 269.566
400.583 253.376 422.985 253.376 422.985 269.814 400.583 269.814
400.480 253.696 422.857 253.696 422.857 270.294 400.480 270.294
401.151 253.530 423.386 253.530 423.386 270.145 401.151 270.145
400.416 254.080 422.764 254.080 422.764 270.734 400.416 270.734
399.985 253.505 422.419 253.505 422.419 270.090 399.985 270.090
399.747 251.621 422.220 251.621 422.220 268.228 399.747 268.228
400.233 247.726 422.834 247.726 422.834 264.242 400.233 264.242
400.281 245.033 422.965 245.033 422.965 261.389 400.281 261.389
400.336 242.275 423.062 242.275 423.062 258.433 400.336 258.433
399.975 238.621 422.817 238.621 422.817 254.604 399.975 254.604
399.773 236.827 422.532 236.827 422.532 252.696 399.773 252.696
400.614 232.718 423.359 232.718 423.359 248.480 400.614 248.480
400.102 229.683 422.848 229.683 422.848 245.450 400.102 245.450
398.930 231.450 421.672 231.450 421.672 247.090 398.930 247.090
398.970 231.862 421.838 231.862 421.838 247.506 398.970 247.506
399.850 231.079 422.631 231.079 422.631 246.761 399.850 246.761
399.100 232.522 421.837 232.522 421.837 248.253 399.100 248.253
400.088 231.941 422.702 231.941 422.702 247.549 400.088 247.549
399.792 232.991 422.298 232.991 422.298 248.640 399.792 248.640
399.601 232.854 422.129 232.854 422.129 248.532 399.601 248.532
400.376 232.930 422.813 232.930 422.813 248.650 400.376 248.650
400.156 233.140 422.514 233.140 422.514 249.042 400.156 249.042
400.039 233.487 422.640 233.487 422.640 249.322 400.039 249.322
400.756 231.835 423.338 231.835 423.338 247.671 400.756 247.671
400.688 228.595 423.385 228.595 423.385 244.247 400.688 244.247
400.840 224.489 423.440 224.489 423.440 240.082 400.840 240.082
400.925 220.870 423.553 220.870 423.553 236.390 400.925 236.390
401.502 218.621 424.240 218.621 424.240 234.090 401.502 234.090
402.680 214.277 425.254 214.277 425.254 229.837 402.680 229.837
403.187 212.525 425.814 212.525 425.814 228.142 403.187 228.142
402.464 213.283 425.289 213.283 425.289 228.901 402.464 228.901
402.560 212.785 425.497 212.785 425.497 228.533 402.560 228.533
402.842 212.832 425.923 212.832 425.923 228.700 402.842 228.700
402.973 214.319 426.155 214.319 426.155 230.245 402.973 230.245
403.743 213.609 426.793 213.609 426.793 229.597 403.743 229.597
404.000 214.413 427.094 214.413 427.094 230.466 404.000 230.466
404.810 213.262 428.056 213.262 428.056 229.204 404.810 229.204
404.465 213.810 427.942 213.810 427.942 229.764 404.465 229.764
404.971 214.202 428.399 214.202 428.399 230.239 404.971 230.239
405.050 216.605 428.375 216.605 428.375 232.763 405.050 232.763
406.204 215.543 429.547 215.543 429.547 231.787 406.204 231.787
406.261 216.875 429.684 216.875 429.684 233.118 406.261 233.118
407.045 216.259 430.571 216.259 430.571 232.458 407.045 232.458
407.456 215.910 431.045 215.910 431.045 232.182 407.456 232.182
408.054 215.639 431.803 215.639 431.803 231.779 408.054 231.779
408.264 215.982 432.245 215.982 432.245 232.073 408.264 232.073
408.876 215.792 433.022 215.792 433.022 231.899 408.876 231.899
409.432 217.303 433.416 217.303 433.416 233.500 409.432 233.500
409.398 216.746 433.368 216.746 433.368 232.989 409.398 232.989
410.035 214.710 433.994 214.710 433.994 231.055 410.035 231.055
410.752 210.818 434.727 210.818 434.727 227.002 410.752 227.002
411.139 208.818 435.161 208.818 435.161 224.904 411.139 224.904
411.920 201.460 435.838 201.460 435.838 217.515 411.920 217.515
412.546 198.408 436.518 198.408 436.518 214.375 412.546 214.375
412.716 193.548 436.412 193.548 436.412 209.534 412.716 209.534
412.266 189.949 436.133 189.949 436.133 205.973 412.266 205.973
412.197 186.907 435.985 186.907 435.985 202.984 412.197 202.984
412.822 183.366 436.380 183.366 436.380 199.530 412.822 199.530
413.977 180.927 437.405 180.927 437.405 197.284 413.977 197.284
413.967 181.044 437.471 181.044 437.471 197.473 413.967 197.473
414.915 178.921 438.395 178.921 438.395 195.474 414.915 195.474
415.560 179.665 439.142 179.665 439.142 196.302 415.560 196.302
414.914 180.422 438.627 180.422 438.627 197.206 414.914 197.206
415.936 180.003 439.638 180.003 439.638 196.989 415.936 196.989
415.866 181.244 439.469 181.244 439.469 198.258 415.866 198.258
417.204 181.453 440.687 181.453 440.687 198.583 417.204 198.583
417.167 182.617 440.534 182.617 440.534 199.714 417.167 199.714
418.120 182.612 441.453 182.612 441.453 199.703 418.120 199.703
418.246 183.099 441.639 183.099 441.639 200.153 418.246 200.153
418.746 182.277 442.125 182.277 442.125 199.527 418.746 199.527
418.939 182.595 442.426 182.595 442.426 199.936 418.939 199.936
419.491 182.679 442.934 182.679 442.934 200.108 419.491 200.108
419.010 183.214 442.631 183.214 442.631 200.693 419.010 200.693
419.060 183.874 442.851 183.874 442.851 201.337 419.060 201.337
419.630 184.713 443.458 184.713 443.458 202.216 419.630 202.216
419.414 185.382 443.396 185.382 443.396 202.914 419.414 202.914
419.708 183.375 443.838 183.375 443.838 200.573 419.708 200.573
419.619 179.704 443.740 179.704 443.740 196.816 419.619 196.816
420.338 176.388 444.650 176.388 444.650 193.389 420.338 193.389
420.478 172.220 444.776 172.220 444.776 189.255 420.478 189.255
420.341 170.353 444.735 170.353 444.735 187.369 420.341 187.369
420.972 167.639 445.525 167.639 445.525 184.767 420.972 184.767
421.835 168.910 446.271 168.910 446.271 186.085 421.835 186.085
422.103 169.263 446.603 169.263 446.603 186.604 422.103 186.604
422.954 170.481 447.488 170.481 447.488 187.865 422.954 187.865
423.015 169.596 447.696 169.596 447.696 186.890 423.015 186.890
422.456 170.601 447.219 170.601 447.219 187.910 422.456 187.910
422.881 170.085 447.649 170.085 447.649 187.371 422.881 187.371
421.633 170.870 446.490 170.870 446.490 188.275 421.633 188.275
423.011 170.415 447.787 170.415 447.787 187.978 423.011 187.978
423.437 170.602 448.142 170.602 448.142 188.355 423.437 188.355
423.529 170.796 448.384 170.796 448.384 188.662 423.529 188.662
424.044 171.924 449.056 171.924 449.056 189.779 424.044 189.779
423.873 172.631 448.900 172.631 448.900 190.590 423.873 190.590
423.688 172.434 448.936 172.434 448.936 190.354 423.688 190.354
424.502 172.524 449.779 172.524 449.779 190.447 424.502 190.447
424.456 173.064 449.905 173.064 449.905 190.957 424.456 190.957
424.446 172.657 449.960 172.657 449.960 190.710 424.446 190.710
424.331 173.108 449.997 173.108 449.997 191.283 424.331 191.283
424.932 171.964 450.786 171.964 450.786 190.084 424.932 190.084
425.419 173.293 451.430 173.293 451.430 191.336 425.419 191.336
425.747 173.344 451.776 173.344 451.776 191.428 425.747 191.428
426.570 174.504 452.458 174.504 452.458 192.719 426.570 192.719
426.348 174.855 452.326 174.855 452.326 193.119 426.348 193.119
426.227 175.010 452.321 175.010 452.321 193.283 426.227 193.283
426.048 175.090 452.328 175.090 452.328 193.429 426.048 193.429
425.600 175.318 452.002 175.318 452.002 193.783 425.600 193.783
427.034 175.628 453.233 175.628 453.233 194.284 427.034 194.284
427.282 174.773 453.542 174.773 453.542 193.603 427.282 193.603
427.836 175.121 454.084 175.121 454.084 194.173 427.836 194.173
427.676 175.438 453.981 175.438 453.981 194.735 427.676 194.735
428.317 176.007 454.549 176.007 454.549 195.289 428.317 195.289
428.944 178.007 455.195 178.007 455.195 197.272 428.944 197.272
428.915 178.451 455.265 178.451 455.265 197.883 428.915 197.883
429.433 176.937 455.836 176.937 455.836 196.364 429.433 196.364
429.409 175.121 455.564 175.121 455.564 194.625 429.409 194.625
429.949 171.703 456.153 171.703 456.153 190.958 429.949 190.958
430.392 166.472 456.642 166.472 456.642 185.648 430.392 185.648
431.419 164.280 457.648 164.280 457.648 183.451 431.419 183.451
431.466 162.850 457.625 162.850 457.625 182.183 431.466 182.183
431.125 163.272 457.497 163.272 457.497 182.557 431.125 182.557
431.630 164.060 457.988 164.060 457.988 183.484 431.630 183.484
431.912 164.999 458.309 164.999 458.309 184.441 431.912 184.441
432.383 164.847 458.800 164.847 458.800 184.369 432.383 184.369
432.441 164.347 458.956 164.347 458.956 183.808 432.441 183.808
432.624 164.082 459.078 164.082 459.078 183.673 432.624 183.673
433.716 164.612 460.147 164.612 460.147 184.265 433.716 184.265
435.656 166.033 461.975 166.033 461.975 185.869 435.656 185.869
437.680 167.852 463.938 167.852 463.938 187.660 437.680 187.660
439.130 167.462 465.559 167.462 465.559 187.321 439.130 187.321
438.792 167.924 465.414 167.924 465.414 187.925 438.792 187.925
438.525 168.885 465.529 168.885 465.529 188.908 438.525 188.908
438.777 169.265 465.930 169.265 465.930 189.286 438.777 189.286
438.901 170.064 466.055 170.064 466.055 190.139 438.901 190.139
439.766 170.636 466.862 170.636 466.862 190.747 439.766 190.747
439.665 170.255 466.887 170.255 466.887 190.381 439.665 190.381
440.078 170.065 467.426 170.065 467.426 190.187 440.078 190.187
434.366 170.283 462.411 170.283 462.411 189.960 434.366 189.960
431.187 170.643 459.379 170.643 459.379 190.209 431.187 190.209
425.823 171.747 454.126 171.747 454.126 191.114 425.823 191.114
420.396 172.460 448.609 172.460 448.609 191.726 420.396 191.726
414.183 173.929 442.586 173.929 442.586 193.016 414.183 193.016
407.599 174.836 436.324 174.836 436.324 193.795 407.599 193.795
405.075 175.139 433.966 175.139 433.966 193.985 405.075 193.985
399.868 175.214 428.741 175.214 428.741 194.015 399.868 194.015
394.253 175.656 423.239 175.656 423.239 194.367 394.253 194.367
389.090 175.908 418.054 175.908 418.054 194.674 389.090 194.674
386.607 175.172 415.369 175.172 415.369 193.982 386.607 193.982
383.804 175.820 412.411 175.820 412.411 194.805 383.804 194.805
381.369 175.666 410.106 175.666 410.106 194.722 381.369 194.722
382.014 177.541 410.636 177.541 410.636 196.646 382.014 196.646
382.803 177.058 411.338 177.058 411.338 196.188 382.803 196.188
383.930 178.639 412.108 178.639 412.108 197.798 383.930 197.798
385.535 178.347 413.223 178.347 413.223 197.644 385.535 197.644
384.653 179.161 412.205 179.161 412.205 198.477 384.653 198.477
380.787 177.537 408.123 177.537 408.123 196.844 380.787 196.844
374.169 179.058 401.215 179.058 401.215 198.325 374.169 198.325
368.027 180.619 394.859 180.619 394.859 199.890 368.027 199.890
362.264 181.068 388.679 181.068 388.679 200.462 362.264 200.462
359.124 181.612 385.173 181.612 385.173 200.994 359.124 200.994
358.692 182.448 384.427 182.448 384.427 201.762 358.692 201.762
358.458 184.035 383.923 184.035 383.923 203.252 358.458 203.252
359.312 184.135 384.373 184.135 384.373 203.230 359.312 203.230
360.026 183.995 384.779 183.995 384.779 202.889 360.026 202.889
360.263 184.192 384.776 184.192 384.776 202.852 360.263 202.852
360.150 184.096 384.430 184.096 384.430 202.501 360.150 202.501
360.357 184.068 384.572 184.068 384.572 202.322 360.357 202.322
361.368 184.059 385.199 184.059 385.199 202.308 361.368 202.308
361.381 184.868 385.106 184.868 385.106 203.000 361.381 203.000
364.579 186.357 387.655 186.357 387.655 204.577 364.579 204.577
367.415 187.106 390.238 187.106 390.238 205.373 367.415 205.373
367.844 187.647 390.165 187.647 390.165 205.998 367.844 205.998
370.786 190.521 392.208 190.521 392.208 209.754 370.786 209.754
370.868 188.261 392.053 188.261 392.053 207.528 370.868 207.528
359.731 178.840 381.206 178.840 381.206 197.708 359.731 197.708
359.476 179.575 381.326 179.575 381.326 198.055 359.476 198.055
359.491 180.049 381.780 180.049 381.780 198.018 359.491 198.018
359.614 180.987 381.911 180.987 381.911 198.839 359.614 198.839
358.744 181.725 381.175 181.725 381.175 199.421 358.744 199.421
353.212 182.016 375.586 182.016 375.586 199.759 353.212 199.759
349.454 180.480 372.046 180.480 372.046 198.048 349.454 198.048
343.759 183.130 366.443 183.130 366.443 200.659 343.759 200.659
340.258 183.799 363.149 183.799 363.149 201.222 340.258 201.222
334.109 184.546 357.139 184.546 357.139 201.773 334.109 201.773
327.732 185.451 350.957 185.451 350.957 202.507 327.732 202.507
321.252 186.079 344.660 186.079 344.660 202.986 321.252 202.986
317.515 189.009 340.696 189.009 340.696 206.058 317.515 206.058
314.026 187.528 336.946 187.528 336.946 204.669 314.026 204.669
313.372 187.905 336.092 187.905 336.092 205.273 313.372 205.273
315.077 188.361 337.580 188.361 337.580 205.865 315.077 205.865
314.984 188.672 337.164 188.672 337.164 206.310 314.984 206.310
317.396 189.635 339.373 189.635 339.373 207.329 317.396 207.329
317.107 190.753 338.918 190.753 338.918 208.435 317.107 208.435
314.301 189.641 336.002 189.641 336.002 207.240 314.301 207.240
311.900 191.252 333.285 191.252 333.285 208.779 311.900 208.779
312.023 192.595 333.009 192.595 333.009 210.131 312.023 210.131
309.960 193.850 330.567 193.850 330.567 211.481 309.960 211.481
307.881 194.366 328.050 194.366 328.050 212.165 307.881 212.165
311.153 194.775 330.977 194.775 330.977 212.571 311.153 212.571
311.534 195.571 331.046 195.571 331.046 213.254 311.534 213.254
310.234 196.987 329.833 196.987 329.833 214.334 310.234 214.334
307.882 197.947 327.287 197.947 327.287 215.112 307.882 215.112
302.849 198.015 322.235 198.015 322.235 214.928 302.849 214.928
297.524 198.948 316.965 198.948 316.965 215.421 297.524 215.421
296.326 199.828 315.603 199.828 315.603 216.210 296.326 216.210
296.019 199.820 315.329 199.820 315.329 216.200 296.019 216.200
295.715 199.942 315.065 199.942 315.065 216.307 295.715 216.307
296.393 200.481 315.645 200.481 315.645 216.930 296.393 216.930
297.232 201.254 316.512 201.254 316.512 217.810 297.232 217.810
298.421 201.776 317.551 201.776 317.551 218.644 298.421 218.644
299.024 202.385 318.221 202.385 318.221 219.378 299.024 219.378
299.917 203.030 319.287 203.030 319.287 220.020 299.917 220.020
300.110 203.300 319.687 203.300 319.687 220.351 300.110 220.351
300.866 203.524 320.556 203.524 320.556 220.689 300.866 220.689
301.937 203.942 321.794 203.942 321.794 221.134 301.937 221.134
302.473 204.274 322.605 204.274 322.605 221.535 302.473 221.535
302.547 204.856 323.008 204.856 323.008 222.162 302.547 222.162
303.056 205.388 323.751 205.388 323.751 222.830 303.056 222.830
303.637 205.809 324.529 205.809 324.529 223.419 303.637 223.419
304.721 205.637 325.769 205.637 325.769 223.358 304.721 223.358
305.263 206.183 326.557 206.183 326.557 223.911 305.263 223.911
305.902 207.020 327.394 207.020 327.394 224.868 305.902 224.868
306.078 207.771 327.976 207.771 327.976 225.546 306.078 225.546
307.337 208.872 329.551 208.872 329.551 226.715 307.337 226.715
308.271 210.051 330.833 210.051 330.833 227.865 308.271 227.865
308.419 210.335 331.512 210.335 331.512 228.179 308.419 228.179
308.772 210.935 332.496 210.935 332.496 228.678 308.772 228.678
308.506 212.538 332.958 212.538 332.958 230.136 308.506 230.136
308.929 212.939 333.803 212.939 333.803 230.666 308.929 230.666
307.833 213.432 333.009 213.432 333.009 231.248 307.833 231.248
307.056 213.555 332.605 213.555 332.605 231.617 307.056 231.617
307.351 213.273 333.400 213.273 333.400 231.515 307.351 231.515
307.853 213.952 334.157 213.952 334.157 232.406 307.853 232.406
307.504 214.149 334.298 214.149 334.298 232.680 307.504 232.680
306.834 215.033 334.011 215.033 334.011 233.818 306.834 233.818
306.630 216.005 334.082 216.005 334.082 234.882 306.630 234.882
305.769 217.028 333.592 217.028 333.592 236.044 305.769 236.044
304.195 217.273 332.493 217.273 332.493 236.266 304.195 236.266
296.921 217.397 325.323 217.397 325.323 236.449 296.921 236.449
291.784 216.252 320.215 216.252 320.215 235.377 291.784 235.377
285.949 217.388 314.582 217.388 314.582 236.530 285.949 236.530
280.698 217.193 309.647 217.193 309.647 236.392 280.698 236.392
275.087 218.046 304.330 218.046 304.330 237.168 275.087 237.168
269.340 219.231 298.792 219.231 298.792 238.305 269.340 238.305
260.278 221.054 290.037 221.054 290.037 240.206 260.278 240.206
251.891 221.538 282.082 221.538 282.082 240.732 251.891 240.732
249.190 223.134 279.504 223.134 279.504 242.295 249.190 242.295
247.683 223.248 278.450 223.248 278.450 242.451 247.683 242.451
246.832 222.437 277.955 222.437 277.955 241.829 246.832 241.829
245.671 221.583 277.164 221.583 277.164 241.109 245.671 241.109
245.086 222.785 276.811 222.785 276.811 242.403 245.086 242.403
244.531 222.407 276.655 222.407 276.655 242.228 244.531 242.228
243.247 224.221 275.858 224.221 275.858 244.065 243.247 244.065
243.181 226.277 275.531 226.277 275.531 246.563 243.181 246.563
242.546 227.650 274.874 227.650 274.874 248.161 242.546 248.161
241.443 229.091 273.856 229.091 273.856 249.731 241.443 249.731
240.791 228.760 273.256 228.760 273.256 249.577 240.791 249.577
239.991 227.462 272.650 227.462 272.650 248.424 239.991 248.424
239.929 228.372 272.780 228.372 272.780 249.427 239.929 249.427
239.750 227.192 272.438 227.192 272.438 248.459 239.750 248.459
237.882 227.239 270.453 227.239 270.453 248.831 237.882 248.831
236.636 227.805 269.476 227.805 269.476 249.420 236.636 249.420
235.991 229.898 269.005 229.898 269.005 251.590 235.991 251.590
234.253 230.528 267.571 230.528 267.571 252.224 234.253 252.224
233.067 231.537 266.676 231.537 266.676 253.286 233.067 253.286
232.117 232.588 266.040 232.588 266.040 254.286 232.117 254.286
230.990 232.839 265.196 232.839 265.196 254.626 230.990 254.626
230.279 231.811 264.621 231.811 264.621 253.688 230.279 253.688
228.844 232.244 263.420 232.244 263.420 254.117 228.844 254.117
229.176 231.869 263.741 231.869 263.741 253.969 229.176 253.969
227.970 232.767 262.576 232.767 262.576 254.952 227.970 254.952
227.348 234.314 261.798 234.314 261.798 256.657 227.348 256.657
226.819 235.628 261.315 235.628 261.315 258.052 226.819 258.052
226.775 236.529 261.370 236.529 261.370 258.942 226.775 258.942
225.733 237.571 260.572 237.571 260.572 260.021 225.733 260.021
226.425 236.480 261.121 236.480 261.121 259.258 226.425 259.258
225.103 237.274 259.981 237.274 259.981 259.991 225.103 259.991
224.408 236.259 259.122 236.259 259.122 259.305 224.408 259.305
224.110 236.566 258.768 236.566 258.768 259.820 224.110 259.820
224.367 236.108 259.029 236.108 259.029 259.501 224.367 259.501
223.257 236.681 257.935 236.681 257.935 260.154 223.257 260.154
222.055 237.368 256.784 237.368 256.784 260.915 222.055 260.915
220.758 239.244 255.759 239.244 255.759 262.802 220.758 262.802
221.066 240.097 256.141 240.097 256.141 263.684 221.066 263.684
220.257 241.136 255.258 241.136 255.258 264.816 220.257 264.816
219.748 241.680 254.895 241.680 254.895 265.366 219.748 265.366
219.035 241.893 254.355 241.893 254.355 265.699 219.035 265.699
218.508 241.866 254.135 241.866 254.135 265.711 218.508 265.711
218.387 241.712 254.333 241.712 254.333 265.624 218.387 265.624
217.727 242.249 253.707 242.249 253.707 266.409 217.727 266.409
217.710 242.571 253.777 242.571 253.777 266.932 217.710 266.932
216.806 243.148 253.031 243.148 253.031 267.462 216.806 267.462
217.894 244.028 254.095 244.028 254.095 268.449 217.894 268.449
217.284 245.651 253.737 245.651 253.737 270.072 217.284 270.072
216.466 247.178 252.942 247.178 252.942 271.574 216.466 271.574
216.722 247.721 253.180 247.721 253.180 272.109 216.722 272.109
216.089 248.025 252.630 248.025 252.630 272.513 216.089 272.513
216.355 248.645 252.863 248.645 252.863 273.307 216.355 273.307
216.403 248.585 252.784 248.585 252.784 273.536 216.403 273.536
216.652 248.872 252.919 248.872 252.919 273.970 216.652 273.970
215.931 249.981 252.344 249.981 252.344 275.083 215.931 275.083
215.755 251.102 252.090 251.102 252.090 276.272 215.755 276.272
215.460 251.943 251.811 251.943 251.811 277.112 215.460 277.112
214.508 253.414 250.987 253.414 250.987 278.462 214.508 278.462
213.977 254.083 250.415 254.083 250.415 279.213 213.977 279.213
213.349 254.317 249.825 254.317 249.825 279.448 213.349 279.448
212.906 254.783 249.403 254.783 249.403 279.945 212.906 279.945
212.240 253.509 248.946 253.509 248.946 278.623 212.240 278.623
212.105 254.246 248.873 254.246 248.873 279.529 212.105 279.529
211.385 255.259 248.118 255.259 248.118 280.630 211.385 280.630
211.283 256.391 248.054 256.391 248.054 281.703 211.283 281.703
211.234 257.377 248.184 257.377 248.184 282.547 211.234 282.547
210.524 259.403 247.497 259.403 247.497 284.409 210.524 284.409
210.729 259.857 247.726 259.857 247.726 284.910 210.729 284.910
210.229 260.989 247.243 260.989 247.243 285.987 210.229 285.987
209.420 261.749 246.399 261.749 246.399 286.825 209.420 286.825
209.244 262.182 246.309 262.182 246.309 287.246 209.244 287.246
209.166 261.716 246.308 261.716 246.308 286.964 209.166 286.964
209.009 262.048 246.410 262.048 246.410 287.466 209.009 287.466
208.724 262.981 246.294 262.981 246.294 288.508 208.724 288.508
208.282 262.610 246.055 262.610 246.055 288.148 208.282 288.148
210.151 262.841 248.142 262.841 248.142 288.387 210.151 288.387
215.707 263.404 253.418 263.404 253.418 288.762 215.707 288.762
219.278 264.068 256.744 264.068 256.744 289.378 219.278 289.378
227.736 264.962 265.274 264.962 265.274 289.963 227.736 289.963
232.422 266.071 269.856 266.071 269.856 291.004 232.422 291.004
236.233 266.825 273.713 266.825 273.713 291.471 236.233 291.471
244.397 267.496 281.722 267.496 281.722 292.349 244.397 292.349
247.195 267.388 284.695 267.388 284.695 292.413 247.195 292.413
246.889 267.104 284.607 267.104 284.607 292.239 246.889 292.239
246.822 267.592 284.512 267.592 284.512 292.977 246.822 292.977
246.053 268.924 284.236 268.924 284.236 294.266 246.053 294.266
245.417 271.031 283.981 271.031 283.981 296.361 245.417 296.361
245.525 271.343 284.471 271.343 284.471 296.698 245.525 296.698
