104.000 268.000 255.000 268.000 255.000 394.000 104.000 394.000
98.496 269.238 250.330 269.238 250.330 394.317 98.496 394.317
97.021 264.564 249.183 264.564 249.183 389.524 97.021 389.524
94.701 266.571 245.490 266.571 245.490 391.591 94.701 391.591
92.401 265.360 244.346 265.360 244.346 389.507 92.401 389.507
89.606 266.029 242.297 266.029 242.297 389.276 89.606 389.276
89.506 261.913 242.393 261.913 242.393 384.477 89.506 384.477
88.254 263.911 240.507 263.911 240.507 387.154 88.254 387.154
84.957 256.328 235.600 256.328 235.600 379.856 84.957 379.856
85.674 259.353 236.070 259.353 236.070 382.540 85.674 382.540
83.242 259.048 233.140 259.048 233.140 381.555 83.242 381.555
82.097 258.252 231.825 258.252 231.825 380.204 82.097 380.204
82.313 257.593 230.780 257.593 230.780 380.085 82.313 380.085
79.255 255.795 226.486 255.795 226.486 378.995 79.255 378.995
75.969 252.152 223.858 252.152 223.858 374.214 75.969 374.214
79.407 254.345 225.040 254.345 225.040 376.714 79.407 376.714
76.433 253.922 220.692 253.922 220.692 375.717 76.433 375.717
79.005 254.164 221.779 254.164 221.779 375.443 79.005 375.443
75.224 253.940 217.617 253.940 217.617 374.674 75.224 374.674
73.997 251.411 216.244 251.411 216.244 370.474 73.997 370.474
75.509 251.124 215.755 251.124 215.755 370.507 75.509 370.507
72.559 248.138 211.902 248.138 211.902 366.425 72.559 366.425
76.637 251.164 213.997 251.164 213.997 369.836 76.637 369.836
72.709 250.561 209.074 250.561 209.074 367.924 72.709 367.924
76.102 250.946 211.023 250.946 211.023 367.277 76.102 367.277
72.678 250.673 207.658 250.673 207.658 365.036 72.678 365.036
72.779 248.173 206.411 248.173 206.411 361.084 72.779 361.084
71.452 247.555 202.818 247.555 202.818 360.934 71.452 360.934
71.840 245.862 202.652 245.862 202.652 357.353 71.840 357.353
72.139 247.946 200.617 247.946 200.617 360.406 72.139 360.406
73.362 244.163 200.885 244.163 200.885 355.190 73.362 355.190
70.111 244.689 197.344 244.689 197.344 354.666 70.111 354.666
71.547 245.734 197.144 245.734 197.144 355.861 71.547 355.861
69.736 242.100 195.583 242.100 195.583 350.581 69.736 350.581
70.759 244.466 195.215 244.466 195.215 352.707 70.759 352.707
70.788 244.807 193.524 244.807 193.524 352.536 70.788 352.536
71.240 243.467 193.361 243.467 193.361 350.047 71.240 350.047
70.027 241.875 191.717 241.875 191.717 347.253 70.027 347.253
69.856 243.814 189.478 243.814 189.478 349.990 69.856 349.990
71.384 239.889 190.014 239.889 190.014 345.230 71.384 345.230
69.030 241.485 187.227 241.485 187.227 346.067 69.030 346.067
70.590 241.629 187.066 241.629 187.066 345.741 70.590 345.741
70.346 242.209 186.995 242.209 186.995 344.971 70.346 344.971
69.844 238.958 185.082 238.958 185.082 341.367 69.844 341.367
71.149 240.414 185.024 240.414 185.024 342.525 71.149 342.525
69.822 240.444 183.004 240.444 183.004 342.421 69.822 342.421
71.906 238.115 183.811 238.115 183.811 339.257 71.906 339.257
70.745 240.697 181.582 240.697 181.582 341.583 70.745 341.583
71.931 238.471 181.046 238.471 181.046 339.099 71.931 339.099
72.297 239.772 180.243 239.772 180.243 339.961 72.297 339.961
72.406 235.719 178.412 235.719 178.412 335.763 72.406 335.763
73.343 235.733 178.389 235.733 178.389 335.298 73.343 335.298
73.454 236.658 177.556 236.658 177.556 335.515 73.454 335.515
73.646 235.981 176.518 235.981 176.518 334.310 73.646 334.310
74.201 236.045 176.183 236.045 176.183 333.635 74.201 333.635
73.433 236.016 175.216 236.016 175.216 332.479 73.433 332.479
73.862 234.299 174.232 234.299 174.232 330.017 73.862 330.017
75.594 235.297 174.156 235.297 174.156 331.036 75.594 331.036
75.874 233.857 173.072 233.857 173.072 329.197 75.874 329.197
75.128 235.446 172.123 235.446 172.123 329.312 75.128 329.312
76.638 232.757 172.870 232.757 172.870 325.693 76.638 325.693
76.462 233.720 171.604 233.720 171.604 326.263 76.462 326.263
77.737 230.877 171.860 230.877 171.860 322.544 77.737 322.544
77.358 231.254 170.397 231.254 170.397 322.488 77.358 322.488
78.733 231.213 171.559 231.213 171.559 321.534 78.733 321.534
79.023 231.000 170.716 231.000 170.716 320.943 79.023 320.943
78.380 230.332 169.060 230.332 169.060 320.298 78.380 320.298
79.035 230.168 169.149 230.168 169.149 319.424 79.035 319.424
78.835 230.300 169.254 230.300 169.254 318.672 78.835 318.672
79.614 228.460 169.255 228.460 169.255 316.822 79.614 316.822
79.098 230.057 168.725 230.057 168.725 317.710 79.098 317.710
80.141 228.726 169.204 228.726 169.204 316.127 80.141 316.127
80.460 228.836 169.377 228.836 169.377 315.622 80.460 315.622
80.766 228.518 169.283 228.518 169.283 314.768 80.766 314.768
80.608 227.304 168.395 227.304 168.395 314.052 80.608 314.052
79.642 226.853 167.376 226.853 167.376 312.976 79.642 312.976
81.166 227.246 168.281 227.246 168.281 313.062 81.166 313.062
82.026 226.387 169.282 226.387 169.282 311.421 82.026 311.421
81.942 225.751 169.014 225.751 169.014 310.714 81.942 310.714
81.281 224.888 167.909 224.888 167.909 309.389 81.281 309.389
82.193 224.502 168.748 224.502 168.748 308.567 82.193 308.567
83.012 224.639 169.269 224.639 169.269 308.514 83.012 308.514
82.260 224.870 167.519 224.870 167.519 309.090 82.260 309.090
83.246 224.251 168.018 224.251 168.018 308.386 83.246 308.386
83.936 223.166 167.969 223.166 167.969 307.251 83.936 307.251
83.774 222.123 167.473 222.123 167.473 306.032 83.774 306.032
84.757 222.602 168.624 222.602 168.624 306.121 84.757 306.121
83.856 221.466 167.186 221.466 167.186 304.701 83.856 304.701
85.175 221.208 167.707 221.208 167.707 304.437 85.175 304.437
85.535 221.288 167.447 221.288 167.447 304.637 85.535 304.637
85.663 220.877 167.122 220.877 167.122 303.593 85.663 303.593
86.313 220.464 167.398 220.464 167.398 302.845 86.313 302.845
86.595 220.368 167.470 220.368 167.470 302.333 86.595 302.333
86.821 218.103 166.811 218.103 166.811 299.897 86.821 299.897
86.812 218.025 166.863 218.025 166.863 299.179 86.812 299.179
87.174 217.081 167.028 217.081 167.028 297.676 87.174 297.676
87.598 218.010 167.008 218.010 167.008 298.030 87.598 298.030
88.087 216.322 166.783 216.322 166.783 296.307 88.087 296.307
87.139 215.156 165.303 215.156 165.303 295.019 87.139 295.019
87.141 215.081 164.900 215.081 164.900 294.703 87.141 294.703
88.385 215.196 165.582 215.196 165.582 294.637 88.385 294.637
88.875 216.286 165.936 216.286 165.936 295.114 88.875 295.114
89.557 216.395 166.158 216.395 166.158 294.741 89.557 294.741
90.062 215.593 166.240 215.593 166.240 293.641 90.062 293.641
89.227 216.369 164.961 216.369 164.961 294.059 89.227 294.059
89.872 213.207 164.952 213.207 164.952 290.216 89.872 290.216
91.340 212.495 165.537 212.495 165.537 288.968 91.340 288.968
92.684 213.884 166.304 213.884 166.304 289.238 92.684 289.238
92.307 213.320 165.581 213.320 165.581 288.258 92.307 288.258
91.706 213.979 164.937 213.979 164.937 288.609 91.706 288.609
93.838 212.343 166.487 212.343 166.487 286.431 93.838 286.431
93.790 212.580 166.178 212.580 166.178 286.071 93.790 286.071
93.394 210.462 165.443 210.462 165.443 283.557 93.394 283.557
94.981 210.475 166.590 210.475 166.590 282.767 94.981 282.767
95.325 211.181 166.252 211.181 166.252 282.933 95.325 282.933
94.075 210.397 164.714 210.397 164.714 281.401 94.075 281.401
95.668 209.847 165.557 209.847 165.557 280.674 95.668 280.674
96.023 210.092 165.335 210.092 165.335 280.538 96.023 280.538
94.574 208.420 163.418 208.420 163.418 278.432 94.574 278.432
96.030 207.442 164.393 207.442 164.393 277.019 96.030 277.019
97.441 207.575 165.668 207.575 165.668 276.725 97.441 276.725
96.239 206.743 163.706 206.743 163.706 275.888 96.239 275.888
98.757 206.986 165.878 206.986 165.878 275.905 98.757 275.905
98.260 207.064 165.262 207.064 165.262 276.199 98.260 276.199
98.867 205.809 165.468 205.809 165.468 275.029 98.867 275.029
99.289 205.665 165.885 205.665 165.885 275.033 99.289 275.033
99.158 205.394 165.478 205.394 165.478 274.679 99.158 274.679
99.674 204.783 166.172 204.783 166.172 274.045 99.674 274.045
99.349 203.818 165.933 203.818 165.933 272.648 99.349 272.648
100.318 203.769 167.378 203.769 167.378 272.211 100.318 272.211
100.638 203.892 167.936 203.892 167.936 272.174 100.638 272.174
101.013 202.741 168.252 202.741 168.252 270.770 101.013 270.770
103.491 204.119 170.913 204.119 170.913 271.954 103.491 271.954
101.053 203.832 168.667 203.832 168.667 270.898 101.053 270.898
103.948 205.433 171.823 205.433 171.823 272.283 103.948 272.283
105.044 204.002 172.949 204.002 172.949 270.508 105.044 270.508
106.090 204.572 174.158 204.572 174.158 270.717 106.090 270.717
104.155 200.881 172.081 200.881 172.081 266.493 104.155 266.493
103.862 200.154 171.563 200.154 171.563 265.666 103.862 265.666
105.315 198.791 173.315 198.791 173.315 263.812 105.315 263.812
105.220 200.076 173.761 200.076 173.761 264.835 105.220 264.835
104.245 199.264 173.525 199.264 173.525 263.931 104.245 263.931
104.406 199.653 174.191 199.653 174.191 264.137 104.406 264.137
105.754 198.466 176.227 198.466 176.227 262.694 105.754 262.694
106.567 197.412 177.466 197.412 177.466 261.596 106.567 261.596
106.346 196.871 177.351 196.871 177.351 260.827 106.346 260.827
108.034 196.281 178.924 196.281 178.924 260.060 108.034 260.060
109.494 196.478 180.084 196.478 180.084 259.976 109.494 259.976
110.746 196.910 180.991 196.910 180.991 260.490 110.746 260.490
111.466 196.502 181.449 196.502 181.449 259.545 111.466 259.545
112.728 195.332 182.792 195.332 182.792 258.093 112.728 258.093
115.030 195.348 184.644 195.348 184.644 258.113 115.030 258.113
116.814 195.603 186.010 195.603 186.010 258.137 116.814 258.137
117.595 195.500 186.807 195.500 186.807 258.112 117.595 258.112
118.557 194.711 187.526 194.711 187.526 257.471 118.557 257.471
119.598 193.399 188.421 193.399 188.421 256.008 119.598 256.008
119.408 193.053 188.453 193.053 188.453 255.249 119.408 255.249
120.138 191.448 189.389 191.448 189.389 252.903 120.138 252.903
122.360 191.316 191.513 191.316 191.513 252.744 122.360 252.744
121.967 191.833 191.161 191.833 191.161 253.081 121.967 253.081
123.743 191.463 192.698 191.463 192.698 252.794 123.743 252.794
125.423 191.982 194.333 191.982 194.333 252.866 125.423 252.866
125.016 190.073 193.747 190.073 193.747 250.642 125.016 250.642
126.316 188.761 194.338 188.761 194.338 249.382 126.316 249.382
127.282 189.428 195.221 189.428 195.221 249.731 127.282 249.731
129.090 190.329 197.706 190.329 197.706 249.975 129.090 249.975
129.498 190.989 197.885 190.989 197.885 250.616 129.498 250.616
130.107 190.745 198.173 190.745 198.173 250.035 130.107 250.035
131.095 189.474 199.220 189.474 199.220 248.319 131.095 248.319
132.225 188.821 199.812 188.821 199.812 247.650 132.225 247.650
133.546 186.620 200.694 186.620 200.694 245.401 133.546 245.401
134.797 187.985 201.957 187.985 201.957 246.582 134.797 246.582
136.364 187.989 203.513 187.989 203.513 246.448 136.364 246.448
137.320 188.718 204.692 188.718 204.692 247.013 137.320 247.013
137.445 187.600 205.223 187.600 205.223 245.495 137.445 245.495
138.933 186.753 206.568 186.753 206.568 244.518 138.933 244.518
139.638 185.679 207.199 185.679 207.199 243.362 139.638 243.362
141.026 184.140 207.995 184.140 207.995 242.119 141.026 242.119
142.948 186.108 210.049 186.108 210.049 244.017 142.948 244.017
143.688 185.655 210.297 185.655 210.297 243.395 143.688 243.395
144.822 185.902 211.102 185.902 211.102 243.539 144.822 243.539
146.843 185.259 212.482 185.259 212.482 242.955 146.843 242.955
146.942 183.924 212.775 183.924 212.775 241.569 146.942 241.569
147.798 183.764 213.571 183.764 213.571 241.143 147.798 241.143
149.481 183.224 215.151 183.224 215.151 240.412 149.481 240.412
151.698 183.121 217.138 183.121 217.138 240.204 151.698 240.204
151.212 183.216 217.114 183.216 217.114 239.980 151.212 239.980
152.312 182.827 217.785 182.827 217.785 239.508 152.312 239.508
154.709 182.860 219.534 182.860 219.534 239.528 154.709 239.528
156.522 181.974 220.942 181.974 220.942 238.672 156.522 238.672
158.406 181.555 222.702 181.555 222.702 237.888 158.406 237.888
158.659 180.916 223.121 180.916 223.121 237.099 158.659 237.099
158.529 181.211 223.769 181.211 223.769 237.176 158.529 237.176
159.655 180.714 224.885 180.714 224.885 236.631 159.655 236.631
161.113 179.692 226.451 179.692 226.451 235.432 161.113 235.432
162.320 179.922 227.821 179.922 227.821 235.678 162.320 235.678
163.975 179.336 229.578 179.336 229.578 234.835 163.975 234.835
164.426 179.713 230.155 179.713 230.155 235.309 164.426 235.309
165.123 179.530 231.351 179.530 231.351 234.677 165.123 234.677
166.426 179.431 232.824 179.431 232.824 234.340 166.426 234.340
167.687 178.716 233.952 178.716 233.952 233.535 167.687 233.535
168.399 178.367 234.367 178.367 234.367 233.392 168.399 233.392
169.215 177.923 235.198 177.923 235.198 232.615 169.215 232.615
170.098 176.145 235.962 176.145 235.962 230.514 170.098 230.514
172.031 177.008 237.438 177.008 237.438 231.411 172.031 231.411
173.688 177.722 239.095 177.722 239.095 231.934 173.688 231.934
174.810 178.647 239.943 178.647 239.943 232.762 174.810 232.762
176.939 177.676 241.563 177.676 241.563 231.549 176.939 231.549
177.495 177.018 241.680 177.018 241.680 231.163 177.495 231.163
178.400 176.426 242.502 176.426 242.502 230.310 178.400 230.310
179.358 175.631 243.669 175.631 243.669 229.130 179.358 229.130
181.149 176.687 245.366 176.687 245.366 230.114 181.149 230.114
183.546 176.032 247.566 176.032 247.566 229.407 183.546 229.407
184.330 176.417 248.410 176.417 248.410 229.533 184.330 229.533
185.685 176.108 249.450 176.108 249.450 229.391 185.685 229.391
187.030 175.382 250.566 175.382 250.566 228.699 187.030 228.699
187.317 174.512 250.804 174.512 250.804 227.771 187.317 227.771
189.684 172.732 252.793 172.732 252.793 226.293 189.684 226.293
190.039 173.447 253.092 173.447 253.092 226.805 190.039 226.805
192.407 173.974 255.139 173.974 255.139 227.329 192.407 227.329
193.258 174.318 255.639 174.318 255.639 227.986 193.258 227.986
193.019 173.337 254.977 173.337 254.977 227.137 193.019 227.137
195.118 171.709 257.475 171.709 257.475 225.034 195.118 225.034
195.167 170.412 257.368 170.412 257.368 223.953 195.167 223.953
197.221 171.683 259.843 171.683 259.843 225.029 197.221 225.029
197.352 172.030 259.600 172.030 259.600 225.470 197.352 225.470
198.506 172.172 260.345 172.172 260.345 225.935 198.506 225.935
201.711 171.116 263.054 171.116 263.054 225.050 201.711 225.050
203.217 169.655 264.375 169.655 264.375 223.495 203.217 223.495
203.624 168.534 264.845 168.534 264.845 221.722 203.624 221.722
203.581 168.959 265.154 168.959 265.154 221.885 203.581 221.885
204.502 170.186 266.471 170.186 266.471 222.902 204.502 222.902
205.990 170.977 267.670 170.977 267.670 223.340 205.990 223.340
207.768 170.211 269.076 170.211 269.076 222.537 207.768 222.537
209.721 169.503 270.711 169.503 270.711 221.837 209.721 221.837
210.787 168.776 271.042 168.776 271.042 221.430 210.787 221.430
211.867 168.828 271.699 168.828 271.699 221.758 211.867 221.758
212.003 168.425 271.693 168.425 271.693 221.696 212.003 221.696
214.739 169.370 274.591 169.370 274.591 222.649 214.739 222.649
215.636 167.974 275.529 167.974 275.529 221.210 215.636 221.210
215.144 166.592 274.799 166.592 274.799 219.690 215.144 219.690
217.101 166.795 276.647 166.795 276.647 219.695 217.101 219.695
218.165 166.465 277.599 166.465 277.599 219.296 218.165 219.296
219.134 167.107 278.678 167.107 278.678 219.609 219.134 219.609
221.035 168.071 280.547 168.071 280.547 220.191 221.035 220.191
222.094 167.081 280.954 167.081 280.954 219.423 222.094 219.423
222.722 165.547 281.273 165.547 281.273 217.870 222.722 217.870
223.567 166.019 282.182 166.019 282.182 217.858 223.567 217.858
224.046 166.798 282.363 166.798 282.363 218.647 224.046 218.647
225.832 166.670 283.942 166.670 283.942 218.483 225.832 218.483
227.539 166.876 285.605 166.876 285.605 218.596 227.539 218.596
229.418 166.338 287.238 166.338 287.238 218.134 229.418 218.134
231.580 166.528 288.945 166.528 288.945 218.380 231.580 218.380
233.773 166.102 291.062 166.102 291.062 217.908 233.773 217.908
234.946 166.240 291.755 166.240 291.755 218.198 234.946 218.198
236.410 166.330 292.929 166.330 292.929 218.371 236.410 218.371
237.334 165.914 293.483 165.914 293.483 217.675 237.334 217.675
238.384 164.908 293.909 164.908 293.909 216.761 238.384 216.761
238.721 165.190 293.754 165.190 293.754 216.785 238.721 216.785
239.665 165.636 294.582 165.636 294.582 217.134 239.665 217.134
240.616 166.295 295.500 166.295 295.500 217.377 240.616 217.377
240.946 165.731 295.507 165.731 295.507 216.961 240.946 216.961
241.743 166.212 296.159 166.212 296.159 217.567 241.743 217.567
241.393 165.570 295.662 165.570 295.662 217.039 241.393 217.039
242.048 165.422 295.821 165.422 295.821 217.511 242.048 217.511
242.750 164.982 296.138 164.982 296.138 217.059 242.750 217.059
243.433 165.094 296.449 165.094 296.449 217.331 243.433 217.331
244.009 164.367 296.586 164.367 296.586 216.862 244.009 216.862
247.608 164.266 300.514 164.266 300.514 216.748 247.608 216.748
246.629 163.102 299.192 163.102 299.192 216.045 246.629 216.045
245.646 164.069 298.943 164.069 298.943 216.716 245.646 216.716
244.877 164.985 298.625 164.985 298.625 217.806 244.877 217.806
247.979 163.561 301.797 163.561 301.797 216.830 247.979 216.830
246.461 163.136 300.502 163.136 300.502 216.487 246.461 216.487
248.900 162.497 302.894 162.497 302.894 215.810 248.900 215.810
247.135 162.841 301.552 162.841 301.552 216.242 247.135 216.242
245.070 158.341 300.677 158.341 300.677 211.076 245.070 211.076
249.990 159.023 306.096 159.023 306.096 211.204 249.990 211.204
253.622 157.818 309.629 157.818 309.629 209.542 253.622 209.542
250.641 158.580 306.737 158.580 306.737 210.171 250.641 210.171
253.856 151.969 309.868 151.969 309.868 203.093 253.856 203.093
251.753 152.307 308.227 152.307 308.227 202.664 251.753 202.664
255.623 153.236 311.862 153.236 311.862 203.427 255.623 203.427
260.376 152.149 315.957 152.149 315.957 202.920 260.376 202.920
257.285 152.388 312.716 152.388 312.716 202.960 257.285 202.960
254.919 152.954 310.807 152.954 310.807 203.158 254.919 203.158
253.412 152.839 310.012 152.839 310.012 203.054 253.412 203.054
257.423 151.583 313.738 151.583 313.738 202.027 257.423 202.027
261.745 150.225 317.551 150.225 317.551 200.861 261.745 200.861
259.007 154.644 314.187 154.644 314.187 205.883 259.007 205.883
263.969 153.213 318.374 153.213 318.374 204.644 263.969 204.644
263.456 152.338 317.788 152.338 317.788 203.991 263.456 203.991
263.006 152.476 317.156 152.476 317.156 204.402 263.006 204.402
261.866 152.001 316.634 152.001 316.634 203.573 261.866 203.573
262.621 153.144 317.338 153.144 317.338 204.796 262.621 204.796
264.719 153.167 319.014 153.167 319.014 204.802 264.719 204.802
265.905 153.422 319.854 153.422 319.854 205.044 265.905 205.044
266.337 152.788 319.720 152.788 319.720 204.550 266.337 204.550
265.675 159.073 318.935 159.073 318.935 210.918 265.675 210.918
