449.000 257.000 489.000 257.000 489.000 331.000 449.000 331.000
447.991 255.661 488.237 255.661 488.237 329.238 447.991 329.238
449.070 258.922 489.314 258.922 489.314 332.356 449.070 332.356
448.998 256.109 489.229 256.109 489.229 329.477 448.998 329.477
447.694 258.866 487.789 258.866 487.789 332.484 447.694 332.484
447.223 258.103 487.379 258.103 487.379 331.395 447.223 331.395
447.413 260.152 487.356 260.152 487.356 333.418 447.413 333.418
447.809 259.381 487.546 259.381 487.546 332.803 447.809 332.803
447.956 259.075 487.681 259.075 487.681 332.236 447.956 332.236
447.350 257.782 487.220 257.782 487.220 330.812 447.350 330.812
447.654 259.839 487.656 259.839 487.656 332.688 447.654 332.688
446.436 258.897 486.818 258.897 486.818 331.705 446.436 331.705
446.160 260.189 486.785 260.189 486.785 332.812 446.160 332.812
446.126 259.151 486.960 259.151 486.960 331.691 446.126 331.691
445.468 258.378 486.350 258.378 486.350 330.917 445.468 330.917
444.793 259.814 485.930 259.814 485.930 331.991 444.793 331.991
443.861 258.430 485.338 258.430 485.338 330.572 443.861 330.572
443.579 259.072 485.232 259.072 485.232 331.393 443.579 331.393
442.543 258.074 483.992 258.074 483.992 330.816 442.543 330.816
442.173 257.496 483.365 257.496 483.365 330.435 442.173 330.435
440.595 257.000 481.768 257.000 481.768 330.288 440.595 330.288
439.627 257.277 480.870 257.277 480.870 330.620 439.627 330.620
437.759 256.141 479.346 256.141 479.346 329.214 437.759 329.214
435.748 256.789 477.464 256.789 477.464 329.880 435.748 329.880
432.967 257.673 475.041 257.673 475.041 330.760 432.967 330.760
430.664 256.121 472.896 256.121 472.896 329.018 430.664 329.018
428.445 257.137 470.853 257.137 470.853 329.781 428.445 329.781
424.294 253.880 466.821 253.880 466.821 326.711 424.294 326.711
418.966 255.269 461.551 255.269 461.551 328.483 418.966 328.483
417.923 254.317 460.469 254.317 460.469 327.816 417.923 327.816
415.512 254.008 458.336 254.008 458.336 327.596 415.512 327.596
413.958 252.343 456.929 252.343 456.929 326.127 413.958 326.127
412.877 252.122 455.796 252.122 455.796 326.342 412.877 326.342
412.226 253.256 454.801 253.256 454.801 327.728 412.226 327.728
411.628 251.719 454.029 251.719 454.029 326.269 411.628 326.269
411.813 252.603 453.584 252.603 453.584 327.477 411.813 327.477
411.518 251.001 453.250 251.001 453.250 325.999 411.518 325.999
411.659 251.694 453.335 251.694 453.335 326.503 411.659 326.503
412.477 252.436 454.000 252.436 454.000 327.532 412.477 327.532
413.081 252.170 454.399 252.170 454.399 327.250 413.081 327.250
413.930 251.462 455.361 251.462 455.361 326.783 413.930 326.783
413.936 250.962 455.367 250.962 455.367 326.385 413.936 326.385
413.946 249.087 455.359 249.087 455.359 324.919 413.946 324.919
413.558 250.087 454.995 250.087 454.995 326.130 413.558 326.130
412.878 247.962 454.331 247.962 454.331 324.514 412.878 324.514
412.044 248.789 453.437 248.789 453.437 325.456 412.044 325.456
410.972 247.936 452.551 247.936 452.551 324.346 410.972 324.346
408.868 248.254 450.396 248.254 450.396 324.748 408.868 324.748
407.653 247.578 449.365 247.578 449.365 323.708 407.653 323.708
403.678 248.813 445.504 248.813 445.504 324.688 403.678 324.688
402.040 248.147 443.947 248.147 443.947 323.705 402.040 323.705
398.872 248.668 440.881 248.668 440.881 323.773 398.872 323.773
396.344 246.796 438.494 246.796 438.494 321.247 396.344 321.247
393.973 247.366 436.076 247.366 436.076 321.447 393.973 321.447
392.763 245.101 434.807 245.101 434.807 318.809 392.763 318.809
390.919 245.170 432.690 245.170 432.690 318.885 390.919 318.885
389.723 245.748 431.207 245.748 431.207 319.548 389.723 319.548
387.623 245.586 429.023 245.586 429.023 319.239 387.623 319.239
385.460 246.306 427.031 246.306 427.031 319.602 385.460 319.602
383.508 246.423 425.242 246.423 425.242 319.089 383.508 319.089
381.411 245.710 422.852 245.710 422.852 318.278 381.411 318.278
378.094 247.433 419.638 247.433 419.638 319.868 378.094 319.868
374.564 247.723 416.070 247.723 416.070 320.033 374.564 320.033
372.178 246.359 413.425 246.359 413.425 318.779 372.178 318.779
365.875 244.105 407.023 244.105 407.023 316.144 365.875 316.144
365.344 244.064 406.186 244.064 406.186 315.892 365.344 315.892
362.714 244.984 403.218 244.984 403.218 316.573 362.714 316.573
360.802 244.032 400.984 244.032 400.984 315.372 360.802 315.372
358.695 242.061 398.690 242.061 398.690 312.880 358.695 312.880
356.256 242.239 396.292 242.239 396.292 312.478 356.256 312.478
354.062 241.532 393.801 241.532 393.801 311.278 354.062 311.278
351.889 241.274 391.177 241.274 391.177 310.729 351.889 310.729
350.246 240.991 389.092 240.991 389.092 310.161 350.246 310.161
347.006 241.201 385.443 241.201 385.443 310.298 347.006 310.298
345.089 240.938 383.271 240.938 383.271 309.785 345.089 309.785
342.653 239.229 380.861 239.229 380.861 307.857 342.653 307.857
341.111 238.015 379.355 238.015 379.355 306.556 341.111 306.556
339.558 237.328 378.089 237.328 378.089 305.711 339.558 305.711
336.624 237.126 375.626 237.126 375.626 305.179 336.624 305.179
333.703 238.417 372.939 238.417 372.939 306.466 333.703 306.466
330.661 237.589 370.085 237.589 370.085 305.722 330.661 305.722
328.210 239.777 367.894 239.777 367.894 307.834 328.210 307.834
324.353 238.770 364.408 238.770 364.408 307.093 324.353 307.093
321.018 238.411 361.674 238.411 361.674 306.837 321.018 306.837
317.581 238.407 358.855 238.407 358.855 307.094 317.581 307.094
314.961 235.853 356.764 235.853 356.764 304.932 314.961 304.932
312.997 233.346 355.379 233.346 355.379 302.690 312.997 302.690
311.169 232.804 354.096 232.804 354.096 302.120 311.169 302.120
308.152 233.363 351.371 233.363 351.371 302.736 308.152 302.736
306.989 231.719 350.711 231.719 350.711 301.026 306.989 301.026
306.253 232.913 350.081 232.913 350.081 302.429 306.253 302.429
302.942 233.770 346.931 233.770 346.931 303.436 302.942 303.436
302.239 231.184 346.428 231.184 346.428 301.079 302.239 301.079
300.195 232.760 344.468 232.760 344.468 302.666 300.195 302.666
299.544 232.085 343.941 232.085 343.941 302.330 299.544 302.330
298.760 230.780 343.176 230.780 343.176 301.684 298.760 301.684
296.165 228.312 340.838 228.312 340.838 298.596 296.165 298.596
293.312 227.808 337.729 227.808 337.729 298.610 293.312 298.610
291.958 229.626 336.672 229.626 336.672 300.289 291.958 300.289
289.308 230.408 334.390 230.408 334.390 301.281 289.308 301.281
286.808 229.543 332.208 229.543 332.208 300.734 286.808 300.734
283.961 229.325 329.409 229.325 329.409 301.028 283.961 301.028
281.607 227.573 326.831 227.573 326.831 300.219 281.607 300.219
279.503 226.623 324.689 226.623 324.689 300.027 279.503 300.027
277.392 224.599 322.611 224.599 322.611 298.827 277.392 298.827
275.376 224.315 320.740 224.315 320.740 299.070 275.376 299.070
274.224 223.215 319.875 223.215 319.875 298.450 274.224 298.450
270.720 220.901 316.376 220.901 316.376 296.334 270.720 296.334
269.832 220.683 315.517 220.683 315.517 296.280 269.832 296.280
268.734 224.221 315.013 224.221 315.013 299.229 268.734 299.229
267.574 224.880 314.333 224.880 314.333 299.737 267.574 299.737
265.742 225.303 312.999 225.303 312.999 299.296 265.742 299.296
264.563 223.679 311.708 223.679 311.708 297.363 264.563 297.363
263.051 224.879 309.996 224.879 309.996 298.146 263.051 298.146
260.661 222.476 307.414 222.476 307.414 295.604 260.661 295.604
258.025 223.305 304.926 223.305 304.926 295.798 258.025 295.798
255.168 223.401 301.817 223.401 301.817 296.127 255.168 296.127
252.218 222.907 298.821 222.907 298.821 295.747 252.218 295.747
248.703 222.820 295.349 222.820 295.349 295.570 248.703 295.570
246.443 220.363 292.989 220.363 292.989 293.532 246.443 293.532
243.348 220.408 290.122 220.408 290.122 293.435 243.348 293.435
240.426 217.935 287.202 217.935 287.202 290.910 240.426 290.910
237.278 216.839 284.062 216.839 284.062 289.689 237.278 289.689
235.424 215.194 281.972 215.194 281.972 287.924 235.424 287.924
232.576 215.516 279.049 215.516 279.049 287.893 232.576 287.893
226.649 213.817 272.698 213.817 272.698 286.325 226.649 286.325
226.972 215.323 272.851 215.323 272.851 287.900 226.972 287.900
225.212 218.682 270.952 218.682 270.952 291.035 225.212 291.035
224.104 216.485 269.337 216.485 269.337 288.919 224.104 288.919
219.651 212.634 263.909 212.634 263.909 285.691 219.651 285.691
219.700 215.353 263.566 215.353 263.566 288.379 219.700 288.379
218.321 211.908 261.461 211.908 261.461 285.659 218.321 285.659
215.774 213.784 258.694 213.784 258.694 287.393 215.774 287.393
213.780 213.492 256.349 213.492 256.349 287.332 213.780 287.332
210.828 213.456 253.414 213.456 253.414 286.858 210.828 286.858
208.983 211.353 251.702 211.353 251.702 284.223 208.983 284.223
203.415 207.326 245.847 207.326 245.847 280.070 203.415 280.070
197.428 206.665 239.764 206.665 239.764 278.731 197.428 278.731
198.070 206.924 240.190 206.924 240.190 278.624 198.070 278.624
192.468 204.277 234.467 204.277 234.467 274.998 192.468 274.998
192.687 204.168 234.623 204.168 234.623 274.170 192.687 274.170
187.309 199.887 229.150 199.887 229.150 269.054 187.309 269.054
187.256 201.837 229.531 201.837 229.531 269.579 187.256 269.579
186.318 202.043 228.672 202.043 228.672 268.831 186.318 268.831
181.449 199.228 223.078 199.228 223.078 265.832 181.449 265.832
181.684 205.212 222.957 205.212 222.957 271.046 181.684 271.046
181.290 204.554 222.236 204.554 222.236 269.723 181.290 269.723
180.182 197.656 220.839 197.656 220.839 262.508 180.182 262.508
179.908 201.244 220.160 201.244 220.160 265.762 179.908 265.762
178.097 201.129 217.769 201.129 217.769 265.113 178.097 265.113
173.371 196.549 212.327 196.549 212.327 260.529 173.371 260.529
172.531 198.500 211.315 198.500 211.315 262.447 172.531 262.447
167.244 205.196 205.567 205.196 205.567 269.459 167.244 269.459
166.351 199.721 204.408 199.721 204.408 264.020 166.351 264.020
166.273 199.827 203.889 199.827 203.889 264.277 166.273 264.277
161.422 200.566 198.762 200.566 198.762 265.051 161.422 265.051
162.291 201.455 199.359 201.455 199.359 265.795 162.291 265.795
157.723 194.655 194.568 194.655 194.568 259.016 157.723 259.016
157.765 188.752 194.542 188.752 194.542 252.931 157.765 252.931
157.622 196.445 194.332 196.445 194.332 260.511 157.622 260.511
152.397 192.219 189.081 192.219 189.081 256.186 152.397 256.186
152.870 194.146 189.547 194.146 189.547 258.027 152.870 258.027
147.109 196.165 183.759 196.165 183.759 259.825 147.109 259.825
146.974 192.478 183.551 192.478 183.551 255.906 146.974 255.906
146.360 192.645 182.908 192.645 182.908 255.502 146.360 255.502
146.050 193.012 182.467 193.012 182.467 255.209 146.050 255.209
145.813 189.282 182.012 189.282 182.012 250.753 145.813 250.753
144.726 190.034 180.618 190.034 180.618 250.874 144.726 250.874
143.613 190.000 179.282 190.000 179.282 250.689 143.613 250.689
137.747 191.305 173.336 191.305 173.336 251.964 137.747 251.964
137.308 188.702 172.839 188.702 172.839 249.338 137.308 249.338
130.965 187.293 166.419 187.293 166.419 247.887 130.965 247.887
130.254 186.164 165.655 186.164 165.655 246.722 130.254 246.722
128.868 183.235 164.263 183.235 164.263 243.787 128.868 243.787
123.046 184.749 158.425 184.749 158.425 245.295 123.046 245.295
123.094 182.999 158.503 182.999 158.503 243.426 123.094 243.426
122.859 181.707 158.234 181.707 158.234 242.091 122.859 242.091
117.584 184.915 152.910 184.915 152.910 245.292 117.584 245.292
117.456 181.864 152.790 181.864 152.790 242.112 117.456 242.112
117.832 185.831 153.141 185.831 153.141 246.077 117.832 246.077
112.830 189.316 148.065 189.316 148.065 249.411 112.830 249.411
107.723 186.552 142.874 186.552 142.874 246.661 107.723 246.661
108.821 188.016 143.898 188.016 143.898 247.932 108.821 247.932
103.689 186.874 138.401 186.874 138.401 246.876 103.689 246.876
104.825 185.515 139.345 185.515 139.345 245.468 104.825 245.468
104.924 185.933 139.368 185.933 139.368 245.623 104.924 245.623
99.235 184.972 133.486 184.972 133.486 244.428 99.235 244.428
99.544 184.394 133.430 184.394 133.430 243.936 99.544 243.936
98.079 186.396 131.947 186.396 131.947 245.629 98.079 245.629
96.711 185.852 130.490 185.852 130.490 244.854 96.711 244.854
91.304 185.855 124.688 185.855 124.688 245.171 91.304 245.171
92.076 185.530 125.042 185.530 125.042 244.904 92.076 244.904
90.992 185.032 124.120 185.032 124.120 244.162 90.992 244.162
90.427 185.396 123.848 185.396 123.848 244.349 90.427 244.349
85.889 184.317 119.291 184.317 119.291 243.175 85.889 243.175
86.377 184.747 120.131 184.747 120.131 243.153 86.377 243.153
85.747 184.750 119.497 184.750 119.497 243.104 85.747 243.104
85.386 185.040 119.081 185.040 119.081 243.539 85.386 243.539
84.293 186.527 118.173 186.527 118.173 244.765 84.293 244.765
78.953 187.354 112.452 187.354 112.452 245.839 78.953 245.839
79.513 186.707 112.459 186.707 112.459 245.699 79.513 245.699
79.162 185.013 112.451 185.013 112.451 244.035 79.162 244.035
78.627 184.340 111.839 184.340 111.839 243.420 78.627 243.420
77.905 183.282 110.992 183.282 110.992 242.747 77.905 242.747
72.402 185.207 105.516 185.207 105.516 244.458 72.402 244.458
72.087 185.192 104.974 185.192 104.974 244.495 72.087 244.495
70.539 185.718 103.633 185.718 103.633 244.719 70.539 244.719
69.356 183.371 102.347 183.371 102.347 242.353 69.356 242.353
68.025 183.869 101.033 183.869 101.033 242.582 68.025 242.582
66.538 181.069 99.507 181.069 99.507 239.815 66.538 239.815
65.103 179.083 97.957 179.083 97.957 237.800 65.103 237.800
64.081 177.626 96.834 177.626 96.834 236.104 64.081 236.104
63.153 177.945 95.805 177.945 95.805 235.939 63.153 235.939
62.265 182.163 95.030 182.163 95.030 239.832 62.265 239.832
60.607 181.434 93.728 181.434 93.728 238.904 60.607 238.904
59.047 181.618 92.263 181.618 92.263 238.827 59.047 238.827
57.854 181.535 91.236 181.535 91.236 238.212 57.854 238.212
56.561 180.983 89.872 180.983 89.872 237.410 56.561 237.410
56.049 184.028 89.236 184.028 89.236 240.539 56.049 240.539
50.598 180.458 83.334 180.458 83.334 237.098 50.598 237.098
50.885 177.978 83.377 177.978 83.377 234.549 50.885 234.549
46.153 177.070 78.051 177.070 78.051 233.812 46.153 233.812
47.020 176.265 78.405 176.265 78.405 233.256 47.020 233.256
46.927 178.246 78.487 178.246 78.487 234.353 46.927 234.353
44.844 177.917 76.364 177.917 76.364 233.657 44.844 233.657
43.999 179.546 75.497 179.546 75.497 235.230 43.999 235.230
42.324 179.408 73.987 179.408 73.987 234.761 42.324 234.761
38.283 177.421 69.578 177.421 69.578 232.769 38.283 232.769
38.277 176.011 69.422 176.011 69.422 231.135 38.277 231.135
33.657 177.840 64.487 177.840 64.487 232.848 33.657 232.848
33.291 174.828 64.133 174.828 64.133 229.202 33.291 229.202
31.880 172.828 62.858 172.828 62.858 226.993 31.880 226.993
27.657 175.388 58.528 175.388 58.528 229.526 27.657 229.526
28.077 173.207 58.668 173.207 58.668 227.706 28.077 227.706
23.713 177.070 53.848 177.070 53.848 231.706 23.713 231.706
23.826 176.170 53.997 176.170 53.997 230.965 23.826 230.965
23.791 175.133 53.594 175.133 53.594 229.739 23.791 229.739
23.213 173.655 52.849 173.655 52.849 228.187 23.213 228.187
19.824 177.072 48.967 177.072 48.967 231.801 19.824 231.801
19.449 175.374 48.499 175.374 48.499 230.304 19.449 230.304
18.104 176.384 47.382 176.384 47.382 231.149 18.104 231.149
17.353 175.496 46.559 175.496 46.559 230.412 17.353 230.412
12.778 175.793 42.473 175.793 42.473 230.212 12.778 230.212
7.672 176.393 37.734 176.393 37.734 230.654 7.672 230.654
-1.842 170.545 27.309 170.545 27.309 226.056 -1.842 226.056
15.292 144.848 44.571 144.848 44.571 200.095 15.292 200.095
15.134 142.166 44.701 142.166 44.701 196.991 15.134 196.991
15.700 142.219 45.178 142.219 45.178 196.820 15.700 196.820
10.366 143.803 39.951 143.803 39.951 197.886 10.366 197.886
10.161 145.816 39.814 145.816 39.814 199.476 10.161 199.476
10.587 144.356 39.962 144.356 39.962 198.067 10.587 198.067
6.177 135.786 35.361 135.786 35.361 189.528 6.177 189.528
5.409 135.829 34.722 135.829 34.722 189.251 5.409 189.251
4.898 136.994 34.209 136.994 34.209 190.254 4.898 190.254
4.243 137.300 33.437 137.300 33.437 190.732 4.243 190.732
-0.320 132.721 28.445 132.721 28.445 186.688 -0.320 186.688
-0.413 127.989 27.908 127.989 27.908 182.653 -0.413 182.653
-0.616 128.556 27.178 128.556 27.178 184.112 -0.616 184.112
46.468 163.005 74.685 163.005 74.685 217.959 46.468 217.959
78.759 151.843 106.758 151.843 106.758 206.740 78.759 206.740
46.877 131.608 75.250 131.608 75.250 186.055 46.877 186.055
47.136 118.406 75.379 118.406 75.379 172.898 47.136 172.898
47.161 115.178 75.405 115.178 75.405 169.667 47.161 169.667
47.398 111.358 75.651 111.358 75.651 165.833 47.398 165.833
47.733 104.974 75.942 104.974 75.942 159.296 47.733 159.296
72.567 69.940 102.034 69.940 102.034 122.730 72.567 122.730
73.291 66.982 102.745 66.982 102.745 119.759 73.291 119.759
73.370 61.568 102.824 61.568 102.824 114.345 73.370 114.345
72.781 57.598 102.235 57.598 102.235 110.375 72.781 110.375
71.687 53.104 101.141 53.104 101.141 105.881 71.687 105.881
70.791 49.202 100.244 49.202 100.244 101.979 70.791 101.979
70.377 46.240 99.827 46.240 99.827 99.020 70.377 99.020
70.422 44.758 99.871 44.758 99.871 97.538 70.422 97.538
70.500 42.960 99.947 42.960 99.947 95.741 70.500 95.741
70.184 40.699 99.631 40.699 99.631 93.480 70.184 93.480
70.400 39.233 99.842 39.233 99.842 92.015 70.400 92.015
70.994 36.778 100.425 36.778 100.425 89.565 70.994 89.565
71.250 35.089 100.668 35.089 100.668 87.876 71.250 87.876
72.368 33.513 101.784 33.513 101.784 86.301 72.368 86.301
73.605 33.632 103.023 33.632 103.023 86.417 73.605 86.417
74.622 34.619 104.040 34.619 104.040 87.403 74.622 87.403
74.985 33.603 104.402 33.603 104.402 86.387 74.985 86.387
75.947 33.375 105.365 33.375 105.365 86.157 75.947 86.157
76.346 33.671 105.765 33.671 105.765 86.453 76.346 86.453
76.406 31.865 105.822 31.865 105.822 84.646 76.406 84.646
76.828 30.939 106.243 30.939 106.243 83.719 76.828 83.719
77.156 30.851 106.573 30.851 106.573 83.629 77.156 83.629
77.570 28.771 106.987 28.771 106.987 81.548 77.570 81.548
78.596 27.374 108.013 27.374 108.013 80.151 78.596 80.151
79.500 23.492 108.916 23.492 108.916 76.269 79.500 76.269
80.475 20.206 109.891 20.206 109.891 72.983 80.475 72.983
81.953 15.085 111.369 15.085 111.369 67.862 81.953 67.862
83.066 11.683 112.482 11.683 112.482 64.460 83.066 64.460
83.270 9.034 112.686 9.034 112.686 61.811 83.270 61.811
83.688 8.153 113.104 8.153 113.104 60.929 83.688 60.929
83.230 6.967 112.645 6.967 112.645 59.743 83.230 59.743
83.770 6.294 113.185 6.294 113.185 59.070 83.770 59.070
83.910 5.243 113.325 5.243 113.325 58.019 83.910 58.019
84.138 4.035 113.552 4.035 113.552 56.811 84.138 56.811
84.519 3.650 113.933 3.650 113.933 56.426 84.519 56.426
84.555 3.069 113.969 3.069 113.969 55.845 84.555 55.845
85.011 2.987 114.424 2.987 114.424 55.763 85.011 55.763
85.047 2.944 114.460 2.944 114.460 55.720 85.047 55.720
84.932 1.708 114.345 1.708 114.345 54.484 84.932 54.484
84.903 1.159 114.315 1.159 114.315 53.935 84.903 53.935
85.076 1.368 114.488 1.368 114.488 54.144 85.076 54.144
85.215 1.445 114.627 1.445 114.627 54.221 85.215 54.221
85.165 1.711 114.577 1.711 114.577 54.487 85.165 54.487
85.250 2.120 114.662 2.120 114.662 54.895 85.250 54.895
85.333 2.280 114.744 2.280 114.744 55.055 85.333 55.055
85.201 2.896 114.612 2.896 114.612 55.671 85.201 55.671
85.067 2.535 114.478 2.535 114.478 55.310 85.067 55.310
85.104 2.063 114.515 2.063 114.515 54.838 85.104 54.838
84.626 2.341 114.036 2.341 114.036 55.116 84.626 55.116
84.560 1.142 113.970 1.142 113.970 53.917 84.560 53.917
84.422 1.362 113.831 1.362 113.831 54.137 84.422 54.137
83.930 0.807 113.339 0.807 113.339 53.581 83.930 53.581
83.830 1.801 113.239 1.801 113.239 54.575 83.830 54.575
83.504 1.531 112.912 1.531 112.912 54.305 83.504 54.305
83.376 0.835 112.784 0.835 112.784 53.609 83.376 53.609
83.395 0.969 112.803 0.969 112.803 53.743 83.395 53.743
83.602 0.742 113.009 0.742 113.009 53.515 83.602 53.515
83.716 1.086 113.123 1.086 113.123 53.859 83.716 53.859
83.830 1.269 113.237 1.269 113.237 54.042 83.830 54.042
83.651 1.964 113.058 1.964 113.058 54.737 83.651 54.737
83.565 2.804 112.971 2.804 112.971 55.577 83.565 55.577
83.319 2.856 112.725 2.856 112.725 55.629 83.319 55.629
83.184 3.994 112.590 3.994 112.590 56.764 83.184 56.764
83.441 3.898 112.846 3.898 112.846 56.668 83.441 56.668
83.549 3.587 112.953 3.587 112.953 56.357 83.549 56.357
83.333 4.357 112.737 4.357 112.737 57.127 83.333 57.127
84.013 3.716 113.417 3.716 113.417 56.486 84.013 56.486
84.061 4.755 113.465 4.755 113.465 57.525 84.061 57.525
84.076 4.268 113.479 4.268 113.479 57.037 84.076 57.037
84.258 4.042 113.661 4.042 113.661 56.811 84.258 56.811
84.375 2.113 113.778 2.113 113.778 54.882 84.375 54.882
84.570 2.655 113.972 2.655 113.972 55.424 84.570 55.424
84.598 2.846 114.000 2.846 114.000 55.615 84.598 55.615
84.466 4.327 113.868 4.327 113.868 57.096 84.466 57.096
84.569 4.997 113.971 4.997 113.971 57.766 84.569 57.766
84.414 4.216 113.815 4.216 113.815 56.985 84.414 56.985
84.615 3.856 114.016 3.856 114.016 56.624 84.615 56.624
84.791 2.959 114.192 2.959 114.192 55.727 84.791 55.727
84.567 3.299 113.967 3.299 113.967 56.067 84.567 56.067
84.516 3.181 113.916 3.181 113.916 55.949 84.516 55.949
84.445 3.857 113.844 3.857 113.844 56.624 84.445 56.624
84.604 4.212 114.003 4.212 114.003 56.979 84.604 56.979
84.735 4.871 114.134 4.871 114.134 57.638 84.735 57.638
84.377 4.762 113.775 4.762 113.775 57.529 84.377 57.529
84.373 4.338 113.769 4.338 113.769 57.105 84.373 57.105
84.001 3.815 113.397 3.815 113.397 56.581 84.001 56.581
83.592 3.788 112.987 3.788 112.987 56.553 83.592 56.553
83.413 3.222 112.808 3.222 112.808 55.987 83.413 55.987
83.607 2.474 113.001 2.474 113.001 55.239 83.607 55.239
83.821 3.071 113.215 3.071 113.215 55.836 83.821 55.836
83.860 3.831 113.251 3.831 113.251 56.594 83.860 56.594
84.396 2.505 113.787 2.505 113.787 55.268 84.396 55.268
84.486 2.908 113.876 2.908 113.876 55.671 84.486 55.671
84.574 2.338 113.964 2.338 113.964 55.101 84.574 55.101
84.617 1.532 114.006 1.532 114.006 54.294 84.617 54.294
84.552 1.074 113.941 1.074 113.941 53.836 84.552 53.836
84.634 2.015 114.023 2.015 114.023 54.777 84.634 54.777
85.136 1.786 114.525 1.786 114.525 54.548 85.136 54.548
85.384 2.766 114.773 2.766 114.773 55.528 85.384 55.528
85.602 2.005 114.990 2.005 114.990 54.767 85.602 54.767
85.442 2.077 114.830 2.077 114.830 54.839 85.442 54.839
85.848 0.734 115.236 0.734 115.236 53.496 85.848 53.496
86.078 0.153 115.466 0.153 115.466 52.915 86.078 52.915
86.572 1.105 115.960 1.105 115.960 53.867 86.572 53.867
86.718 1.333 116.106 1.333 116.106 54.095 86.718 54.095
86.759 0.254 116.147 0.254 116.147 53.015 86.759 53.015
86.776 0.708 116.164 0.708 116.164 53.469 86.776 53.469
86.725 0.092 116.113 0.092 116.113 52.853 86.725 52.853
86.255 1.975 115.642 1.975 115.642 54.736 86.255 54.736
85.986 2.571 115.373 2.571 115.373 55.332 85.986 55.332
