395.000 364.000 442.000 364.000 442.000 399.000 395.000 399.000
392.715 363.902 438.954 363.902 438.954 399.267 392.715 399.267
394.064 364.261 440.078 364.261 440.078 399.753 394.064 399.753
393.074 364.495 438.597 364.495 438.597 400.245 393.074 400.245
392.824 364.419 437.850 364.419 437.850 400.333 392.824 400.333
391.243 364.627 436.042 364.627 436.042 400.611 391.243 400.611
389.856 364.809 434.422 364.809 434.422 400.704 389.856 400.704
389.223 365.514 433.536 365.514 433.536 401.366 389.223 401.366
388.474 365.529 432.767 365.529 432.767 401.366 388.474 401.366
386.697 365.643 430.968 365.643 430.968 401.340 386.697 401.340
385.640 365.988 429.981 365.988 429.981 401.651 385.640 401.651
384.769 366.440 429.183 366.440 429.183 401.899 384.769 401.899
382.958 366.817 427.156 366.817 427.156 402.368 382.958 402.368
381.762 367.040 426.042 367.040 426.042 402.434 381.762 402.434
380.322 367.472 424.583 367.472 424.583 402.859 380.322 402.859
379.228 368.080 423.440 368.080 423.440 403.457 379.228 403.457
377.574 368.357 421.969 368.357 421.969 403.681 377.574 403.681
376.089 368.913 420.475 368.913 420.475 404.234 376.089 404.234
375.551 369.358 419.856 369.358 419.856 404.570 375.551 404.570
374.467 369.443 418.909 369.443 418.909 404.610 374.467 404.610
372.742 370.002 417.039 370.002 417.039 405.373 372.742 405.373
371.505 370.268 415.890 370.268 415.890 405.477 371.505 405.477
370.281 370.560 414.761 370.560 414.761 405.703 370.281 405.703
367.841 371.295 412.545 371.295 412.545 406.428 367.841 406.428
366.232 371.725 411.246 371.725 411.246 406.651 366.232 406.651
363.428 372.556 408.466 372.556 408.466 407.438 363.428 407.438
361.986 373.159 407.095 373.159 407.095 407.975 361.986 407.975
360.447 373.805 405.715 373.805 405.715 408.692 360.447 408.692
358.731 373.993 403.986 373.993 403.986 408.959 358.731 408.959
357.378 374.384 402.682 374.384 402.682 409.328 357.378 409.328
355.346 375.432 400.610 375.432 400.610 410.448 355.346 410.448
353.984 376.613 399.213 376.613 399.213 411.574 353.984 411.574
351.991 376.871 397.066 376.871 397.066 411.889 351.991 411.889
350.212 377.070 395.325 377.070 395.325 412.053 350.212 412.053
349.457 377.311 394.548 377.311 394.548 412.332 349.457 412.332
346.904 377.821 392.058 377.821 392.058 412.761 346.904 412.761
345.466 378.019 390.753 378.019 390.753 413.010 345.466 413.010
343.311 378.424 388.535 378.424 388.535 413.481 343.311 413.481
340.872 379.186 386.515 379.186 386.515 414.010 340.872 414.010
339.145 379.631 384.929 379.631 384.929 414.491 339.145 414.491
337.566 379.885 383.517 379.885 383.517 414.770 337.566 414.770
335.949 380.200 382.037 380.200 382.037 415.115 335.949 415.115
334.080 380.501 380.172 380.501 380.172 415.625 334.080 415.625
331.058 380.800 377.456 380.800 377.456 415.954 331.058 415.954
328.838 381.737 375.270 381.737 375.270 416.960 328.838 416.960
327.158 382.420 373.593 382.420 373.593 417.742 327.158 417.742
325.758 382.977 372.364 382.977 372.364 418.274 325.758 418.274
323.566 383.364 370.421 383.364 370.421 418.704 323.566 418.704
320.917 383.200 367.934 383.200 367.934 418.594 320.917 418.594
319.026 383.660 365.897 383.660 365.897 419.268 319.026 419.268
316.731 384.434 363.608 384.434 363.608 420.005 316.731 420.005
315.404 384.497 362.173 384.497 362.173 420.339 315.404 420.339
313.459 384.796 360.104 384.796 360.104 420.736 313.459 420.736
311.251 383.963 357.856 383.963 357.856 420.195 311.251 420.195
309.079 382.998 355.552 382.998 355.552 419.466 309.079 419.466
306.972 381.052 353.352 381.052 353.352 417.715 306.972 417.715
305.212 379.191 351.622 379.191 351.622 416.144 305.212 416.144
303.540 375.866 350.236 375.866 350.236 412.942 303.540 412.942
297.390 369.155 344.437 369.155 344.437 406.360 297.390 406.360
295.708 367.528 342.819 367.528 342.819 404.781 295.708 404.781
294.767 365.766 341.990 365.766 341.990 403.190 294.767 403.190
292.960 359.833 340.617 359.833 340.617 397.038 292.960 397.038
291.498 357.782 339.260 357.782 339.260 395.321 291.498 395.321
286.612 355.978 334.439 355.978 334.439 393.689 286.612 393.689
286.571 353.896 334.361 353.896 334.361 391.976 286.571 391.976
284.736 348.857 332.673 348.857 332.673 386.787 284.736 386.787
283.584 346.742 331.845 346.742 331.845 384.834 283.584 384.834
277.530 343.571 326.180 343.571 326.180 381.948 277.530 381.948
276.612 340.708 325.533 340.708 325.533 379.418 276.612 379.418
275.135 338.466 324.379 338.466 324.379 377.318 275.135 377.318
274.197 332.414 323.369 332.414 323.369 371.716 274.197 371.716
268.557 330.229 318.278 330.229 318.278 369.476 268.557 369.476
267.399 328.420 317.698 328.420 317.698 367.883 267.399 367.883
265.970 322.849 316.505 322.849 316.505 362.493 265.970 362.493
264.862 320.763 315.263 320.763 315.263 360.926 264.862 360.926
262.110 319.601 312.331 319.601 312.331 360.242 262.110 360.242
255.681 316.410 306.287 316.410 306.287 357.156 255.681 357.156
255.017 313.247 305.994 313.247 305.994 354.302 255.017 354.302
253.611 308.999 304.606 308.999 304.606 350.395 253.611 350.395
251.535 305.654 302.516 305.654 302.516 347.399 251.535 347.399
249.719 299.378 300.585 299.378 300.585 341.376 249.719 341.376
247.673 297.358 298.440 297.358 298.440 339.582 247.673 339.582
241.426 294.879 292.949 294.879 292.949 337.031 241.426 337.031
240.497 292.443 292.442 292.443 292.442 334.625 240.497 334.625
234.878 289.605 287.010 289.605 287.010 331.898 234.878 331.898
234.695 286.950 287.219 286.950 287.219 329.323 234.695 329.323
234.159 283.741 287.391 283.741 287.391 325.923 234.159 325.923
229.375 278.320 282.750 278.320 282.750 320.536 229.375 320.536
228.597 277.141 282.216 277.141 282.216 319.637 228.597 319.637
227.163 271.952 280.901 271.952 280.901 314.605 227.163 314.605
221.744 267.916 275.442 267.916 275.442 310.626 221.744 310.626
220.464 266.653 274.313 266.653 274.313 309.712 220.464 309.712
218.683 263.648 272.855 263.648 272.855 306.810 218.683 306.810
217.685 258.138 272.128 258.138 272.128 301.295 217.685 301.295
212.104 257.032 266.838 257.032 266.838 300.252 212.104 300.252
210.962 251.574 266.033 251.574 266.033 294.855 210.962 294.855
209.939 245.858 265.109 245.858 265.109 289.106 209.939 289.106
204.362 244.345 259.356 244.345 259.356 287.900 204.362 287.900
203.166 242.657 258.547 242.657 258.547 286.397 203.166 286.397
202.424 236.747 258.041 236.747 258.041 280.602 202.424 280.602
196.076 234.467 251.595 234.467 251.595 278.800 196.076 278.800
195.669 232.151 251.573 232.151 251.573 276.742 195.669 276.742
194.467 226.084 250.185 226.084 250.185 271.114 194.467 271.114
192.844 224.531 248.884 224.531 248.884 269.762 192.844 269.762
186.583 222.195 242.868 222.195 242.868 267.680 186.583 267.680
187.381 216.709 243.694 216.709 243.694 262.287 187.381 262.287
185.592 214.571 242.113 214.571 242.113 260.574 185.592 260.574
184.343 212.348 241.240 212.348 241.240 258.656 184.343 258.656
182.261 209.560 239.448 209.560 239.448 256.072 182.261 256.072
180.749 203.467 238.032 203.467 238.032 250.333 180.749 250.333
179.412 201.926 237.242 201.926 237.242 248.925 179.412 248.925
177.712 199.784 235.884 199.784 235.884 246.984 177.712 246.984
176.076 197.393 234.652 197.393 234.652 244.896 176.076 244.896
170.654 194.717 229.263 194.717 229.263 242.542 170.654 242.542
170.249 192.248 229.403 192.248 229.403 240.107 170.249 240.107
169.737 190.020 229.255 190.020 229.255 237.979 169.737 237.979
169.119 183.542 228.856 183.542 228.856 231.898 169.119 231.898
167.835 182.658 227.871 182.658 227.871 231.085 167.835 231.085
166.684 180.537 226.846 180.537 226.846 229.270 166.684 229.270
164.944 177.999 225.505 177.999 225.505 226.870 164.944 226.870
163.775 174.923 224.323 174.923 224.323 224.201 163.775 224.201
163.544 168.621 224.116 168.621 224.116 218.132 163.544 218.132
162.703 166.672 223.306 166.672 223.306 216.574 162.703 216.574
161.896 164.494 222.579 164.494 222.579 214.762 161.896 214.762
160.663 159.149 221.510 159.149 221.510 209.688 160.663 209.688
159.051 158.448 219.961 158.448 219.961 209.278 159.051 209.278
157.637 156.438 219.056 156.438 219.056 207.332 157.637 207.332
157.016 150.121 218.377 150.121 218.377 201.439 157.016 201.439
156.480 149.857 217.839 149.857 217.839 201.639 156.480 201.639
156.116 147.389 217.790 147.389 217.790 199.428 156.116 199.428
155.745 145.469 217.995 145.469 217.995 197.767 155.745 197.767
154.754 138.631 217.179 138.631 217.179 191.221 154.754 191.221
153.639 137.566 216.476 137.566 216.476 190.529 153.639 190.529
152.702 136.608 216.090 136.608 216.090 189.673 152.702 189.673
152.735 134.220 216.530 134.220 216.530 187.557 152.735 187.557
152.441 132.203 216.687 132.203 216.687 185.839 152.441 185.839
151.992 124.773 216.388 124.773 216.388 178.863 151.992 178.863
151.243 125.329 215.913 125.329 215.913 179.566 151.243 179.566
151.400 124.924 216.225 124.924 216.225 179.389 151.400 179.389
151.629 118.268 216.318 118.268 216.318 173.192 151.629 173.192
151.748 118.262 216.579 118.262 216.579 173.467 151.748 173.467
151.182 112.080 216.192 112.080 216.192 167.295 151.182 167.295
150.745 112.829 216.166 112.829 216.166 168.190 150.745 168.190
151.498 111.344 216.886 111.344 216.886 167.160 151.498 167.160
151.718 110.422 217.542 110.422 217.542 166.458 151.718 166.458
152.329 108.514 218.526 108.514 218.526 164.603 152.329 164.603
152.630 100.799 219.214 100.799 219.214 157.147 152.630 157.147
152.318 101.186 219.261 101.186 219.261 157.670 152.318 157.670
153.886 99.627 221.117 99.627 221.117 156.465 153.886 156.465
154.152 98.511 221.540 98.511 221.540 155.705 154.152 155.705
155.034 92.290 222.506 92.290 222.506 149.822 155.034 149.822
154.937 92.967 222.821 92.967 222.821 150.554 154.937 150.554
155.804 86.353 223.779 86.353 223.779 144.240 155.804 144.240
157.245 87.323 225.482 87.323 225.482 145.412 157.245 145.412
159.098 86.140 227.568 86.140 227.568 144.457 159.098 144.457
161.039 85.283 229.712 85.283 229.712 143.870 161.039 143.870
161.578 84.021 230.311 84.021 230.311 142.733 161.578 142.733
162.870 77.245 231.519 77.245 231.519 136.044 162.870 136.044
163.564 77.135 232.453 77.135 232.453 136.172 163.564 136.172
164.127 76.842 233.542 76.842 233.542 135.793 164.127 135.793
165.138 70.796 234.967 70.796 234.967 129.576 165.138 129.576
167.836 71.056 237.599 71.056 237.599 130.142 167.836 130.142
168.898 70.484 238.744 70.484 238.744 129.779 168.898 129.779
177.886 69.874 248.027 69.874 248.027 129.370 177.886 129.370
177.196 64.377 247.442 64.377 247.442 123.746 177.196 123.746
177.690 64.151 247.589 64.151 247.589 123.925 177.690 123.925
178.498 64.414 248.337 64.414 248.337 124.289 178.498 124.289
179.837 59.411 250.575 59.411 250.575 118.753 179.837 118.753
188.310 61.364 259.077 61.364 259.077 120.738 188.310 120.738
188.795 60.925 259.592 60.925 259.592 120.401 188.795 120.401
190.399 60.245 261.348 60.245 261.348 119.971 190.399 119.971
191.546 54.520 263.041 54.520 263.041 113.824 191.546 113.824
200.460 55.154 271.694 55.154 271.694 114.987 200.460 114.987
202.634 54.774 273.638 54.774 273.638 115.181 202.634 115.181
204.550 53.778 275.658 53.778 275.658 114.443 204.550 114.443
211.982 47.163 282.584 47.163 282.584 108.108 211.982 108.108
213.031 48.634 283.666 48.634 283.666 110.154 213.031 110.154
215.051 49.767 285.800 49.767 285.800 111.640 215.051 111.640
223.176 42.629 293.728 42.629 293.728 104.825 223.176 104.825
231.291 43.667 301.645 43.667 301.645 106.362 231.291 106.362
240.390 44.272 310.605 44.272 310.605 107.580 240.390 107.580
241.976 44.744 312.350 44.744 312.350 108.315 241.976 108.315
243.393 38.232 313.600 38.232 313.600 102.068 243.393 102.068
252.167 39.904 321.941 39.904 321.941 104.693 252.167 104.693
260.358 41.266 329.948 41.266 329.948 106.728 260.358 106.728
261.792 42.518 331.337 42.518 331.337 108.430 261.792 108.430
270.757 52.745 340.626 52.745 340.626 119.021 270.757 119.021
279.890 54.903 350.178 54.903 350.178 121.282 279.890 121.282
281.064 48.312 352.072 48.312 352.072 114.377 281.064 114.377
290.964 49.891 362.217 49.891 362.217 115.785 290.964 115.785
300.045 51.584 371.923 51.584 371.923 117.035 300.045 117.035
310.644 61.190 383.011 61.190 383.011 126.459 310.644 126.459
369.317 97.612 441.656 97.612 441.656 162.849 369.317 162.849
375.404 99.383 447.915 99.383 447.915 164.461 375.404 164.461
383.073 101.130 455.995 101.130 455.995 165.885 383.073 165.885
398.691 109.282 471.799 109.282 471.799 173.952 398.691 173.952
406.627 111.878 479.733 111.878 479.733 176.442 406.627 176.442
405.345 113.490 478.300 113.490 478.300 178.090 405.345 178.090
414.062 123.869 486.970 123.869 486.970 188.172 414.062 188.172
431.972 126.655 504.748 126.655 504.748 190.852 431.972 190.852
441.374 136.449 514.114 136.449 514.114 200.617 441.374 200.617
450.347 145.286 523.144 145.286 523.144 209.519 450.347 209.519
458.248 153.201 530.922 153.201 530.922 217.615 458.248 217.615
474.831 161.692 547.508 161.692 547.508 226.250 474.831 226.250
482.550 171.092 555.216 171.092 555.216 235.779 482.550 235.779
490.992 171.890 563.678 171.890 563.678 236.624 490.992 236.624
499.998 171.307 572.724 171.307 572.724 236.019 499.998 236.019
509.075 179.301 581.873 179.301 581.873 243.960 509.075 243.960
509.887 177.960 582.679 177.960 582.679 242.656 509.887 242.656
526.413 178.713 598.903 178.713 598.903 243.594 526.413 243.594
523.153 162.931 595.859 162.931 595.859 227.186 523.153 227.186
539.709 169.709 612.993 169.709 612.993 233.493 539.709 233.493
