249.000 132.000 265.000 132.000 265.000 177.000 249.000 177.000
248.465 134.364 264.886 134.364 264.886 178.851 248.465 178.851
248.639 133.585 265.304 133.585 265.304 177.855 248.639 177.855
248.636 135.336 265.506 135.336 265.506 179.411 248.636 179.411
248.982 133.085 266.047 133.085 266.047 176.720 248.982 176.720
249.750 135.429 266.814 135.429 266.814 179.151 249.750 179.151
249.830 132.443 267.147 132.443 267.147 175.683 249.830 175.683
250.275 135.641 267.540 135.641 267.540 179.045 250.275 179.045
250.681 132.443 267.939 132.443 267.939 175.598 250.681 175.598
251.695 134.993 268.993 134.993 268.993 177.957 251.695 177.957
252.441 134.228 269.609 134.228 269.609 177.003 252.441 177.003
253.061 135.973 270.243 135.973 270.243 178.534 253.061 178.534
253.793 134.616 270.837 134.616 270.837 177.160 253.793 177.160
254.902 134.640 271.845 134.640 271.845 177.225 254.902 177.225
255.784 134.509 272.612 134.509 272.612 177.047 255.784 177.047
256.433 133.409 273.281 133.409 273.281 175.934 256.433 175.934
256.839 133.955 273.811 133.955 273.811 176.435 256.839 176.435
257.126 135.301 274.091 135.301 274.091 177.760 257.126 177.760
257.106 134.507 273.928 134.507 273.928 176.959 257.106 176.959
257.082 137.171 273.868 137.171 273.868 179.586 257.082 179.586
256.367 136.725 272.989 136.725 272.989 179.079 256.367 179.079
255.331 137.279 271.983 137.279 271.983 179.614 255.331 179.614
254.439 136.007 271.152 136.007 271.152 178.011 254.439 178.011
253.585 136.020 270.381 136.020 270.381 177.781 253.585 177.781
252.740 137.084 269.606 137.084 269.606 178.844 252.740 178.844
252.084 135.638 268.967 135.638 268.967 177.267 252.084 177.267
250.851 138.424 267.801 138.424 267.801 179.975 250.851 179.975
249.637 137.667 266.557 137.667 266.557 179.062 249.637 179.062
248.645 136.854 265.476 136.854 265.476 178.272 248.645 178.272
247.637 138.625 264.385 138.625 264.385 180.250 247.637 180.250
246.786 136.793 263.486 136.793 263.486 178.208 246.786 178.208
245.822 138.306 262.598 138.306 262.598 179.697 245.822 179.697
244.892 138.129 261.717 138.129 261.717 179.430 244.892 179.430
243.927 140.206 260.764 140.206 260.764 181.507 243.927 181.507
243.019 139.679 259.990 139.679 259.990 181.023 243.019 181.023
242.669 139.801 259.506 139.801 259.506 181.327 242.669 181.327
241.562 139.153 258.396 139.153 258.396 180.597 241.562 180.597
240.752 138.163 257.615 138.163 257.615 179.615 240.752 179.615
239.828 137.820 256.761 137.820 256.761 179.310 239.828 179.310
238.789 136.419 255.747 136.419 255.747 177.828 238.789 177.828
238.099 138.447 255.180 138.447 255.180 179.811 238.099 179.811
236.893 137.727 254.107 137.727 254.107 178.771 236.893 178.771
236.037 138.884 253.229 138.884 253.229 180.015 236.037 180.015
235.291 138.774 252.368 138.774 252.368 179.617 235.291 179.617
235.214 139.102 252.294 139.102 252.294 179.793 235.214 179.793
235.136 139.003 252.116 139.003 252.116 179.997 235.136 179.997
234.659 138.999 251.697 138.999 251.697 179.955 234.659 179.955
234.201 138.683 251.239 138.683 251.239 179.665 234.201 179.665
233.986 138.575 250.906 138.575 250.906 179.593 233.986 179.593
233.673 137.765 250.575 137.765 250.575 178.879 233.673 178.879
233.521 137.881 250.338 137.881 250.338 179.016 233.521 179.016
234.000 139.689 250.850 139.689 250.850 180.949 234.000 180.949
233.903 137.489 250.698 137.489 250.698 178.612 233.903 178.612
233.486 139.402 250.189 139.402 250.189 180.475 233.486 180.475
233.534 138.711 250.165 138.711 250.165 179.598 233.534 179.598
233.448 139.258 250.020 139.258 250.020 180.208 233.448 180.208
233.489 139.946 250.038 139.946 250.038 180.889 233.489 180.889
233.544 140.974 250.104 140.974 250.104 181.881 233.544 181.881
233.622 140.262 250.032 140.262 250.032 181.290 233.622 181.290
233.570 139.258 250.043 139.258 250.043 180.203 233.570 180.203
232.417 139.341 248.964 139.341 248.964 180.032 232.417 180.032
230.965 139.411 247.613 139.411 247.613 180.084 230.965 180.084
226.410 137.538 243.214 137.538 243.214 178.008 226.410 178.008
218.713 139.511 235.615 139.511 235.615 179.910 218.713 179.910
214.146 137.189 231.005 137.189 231.005 177.684 214.146 177.684
209.338 139.373 226.171 139.373 226.171 179.776 209.338 179.776
201.467 138.590 218.276 138.590 218.276 179.044 201.467 179.044
193.572 138.656 210.396 138.656 210.396 179.185 193.572 179.185
189.360 139.406 206.229 139.406 206.229 180.015 189.360 180.015
181.218 139.311 198.386 139.311 198.386 179.735 181.218 179.735
176.829 139.307 194.045 139.307 194.045 180.033 176.829 180.033
168.943 140.604 186.191 140.604 186.191 181.510 168.943 181.510
161.476 140.243 178.748 140.243 178.748 181.355 161.476 181.355
157.364 140.697 174.613 140.697 174.613 182.054 157.364 182.054
152.049 140.137 169.360 140.137 169.360 181.572 152.049 181.572
146.985 139.745 164.189 139.745 164.189 181.451 146.985 181.451
138.352 140.504 155.612 140.504 155.612 182.152 138.352 182.152
133.928 140.824 151.186 140.824 151.186 182.651 133.928 182.651
128.457 140.772 145.634 140.772 145.634 182.591 128.457 182.591
123.982 140.634 141.170 140.634 141.170 182.292 123.982 182.292
119.382 140.402 136.407 140.402 136.407 181.930 119.382 181.930
111.377 140.830 128.332 140.830 128.332 182.425 111.377 182.425
103.927 141.486 120.785 141.486 120.785 182.757 103.927 182.757
99.461 143.422 116.331 143.422 116.331 184.559 99.461 184.559
95.065 144.007 111.956 144.007 111.956 185.115 95.065 185.115
91.096 143.049 107.923 143.049 107.923 184.190 91.096 184.190
83.128 142.212 99.938 142.212 99.938 183.416 83.128 183.416
78.827 142.772 95.535 142.772 95.535 184.129 78.827 184.129
75.176 142.472 91.940 142.472 91.940 183.959 75.176 183.959
74.780 143.170 91.629 143.170 91.629 184.755 74.780 184.755
74.887 142.250 91.807 142.250 91.807 183.803 74.887 183.803
75.582 142.468 92.648 142.468 92.648 184.014 75.582 184.014
75.955 143.967 92.973 143.967 92.973 185.706 75.955 185.706
76.544 143.204 93.489 143.204 93.489 185.116 76.544 185.116
77.195 143.168 94.273 143.168 94.273 185.140 77.195 185.140
77.647 143.208 94.691 143.208 94.691 185.336 77.647 185.336
78.331 144.995 95.411 144.995 95.411 187.183 78.331 187.183
78.911 146.143 96.087 146.143 96.087 188.311 78.911 188.311
79.511 147.387 96.718 147.387 96.718 189.521 79.511 189.521
80.567 146.330 97.764 146.330 97.764 188.118 80.567 188.118
81.508 146.029 98.731 146.029 98.731 187.767 81.508 187.767
82.629 145.865 99.916 145.865 99.916 187.625 82.629 187.625
83.766 143.814 100.897 143.814 100.897 185.691 83.766 185.691
84.559 142.376 101.580 142.376 101.580 184.658 84.559 184.658
85.541 141.439 102.601 141.439 102.601 183.972 85.541 183.972
86.392 141.617 103.487 141.617 103.487 184.439 86.392 184.439
87.024 140.956 104.020 140.956 104.020 183.995 87.024 183.995
87.151 141.203 104.193 141.203 104.193 184.415 87.151 184.415
87.845 141.566 104.940 141.566 104.940 184.879 87.845 184.879
88.527 140.916 105.647 140.916 105.647 184.242 88.527 184.242
88.988 140.947 106.241 140.947 106.241 184.253 88.988 184.253
89.254 141.757 106.626 141.757 106.626 185.143 89.254 185.143
90.022 141.089 107.382 141.089 107.382 184.755 90.022 184.755
90.780 140.957 108.141 140.957 108.141 184.977 90.780 184.977
91.372 141.777 108.743 141.777 108.743 185.972 91.372 185.972
92.426 142.957 109.753 142.957 109.753 187.240 92.426 187.240
93.755 145.044 111.079 145.044 111.079 189.108 93.755 189.108
94.954 146.559 112.331 146.559 112.331 190.491 94.954 190.491
96.136 146.937 113.449 146.937 113.449 190.511 96.136 190.511
97.378 146.332 114.709 146.332 114.709 189.595 97.378 189.595
98.647 145.492 115.987 145.492 115.987 188.162 98.647 188.162
99.756 145.557 116.902 145.557 116.902 188.085 99.756 188.085
100.440 145.263 117.514 145.263 117.514 187.489 100.440 187.489
101.142 143.859 118.131 143.859 118.131 185.586 101.142 185.586
101.805 143.775 118.766 143.775 118.766 185.230 101.805 185.230
102.148 143.799 119.106 143.799 119.106 184.884 102.148 184.884
102.491 143.303 119.332 143.303 119.332 184.226 102.491 184.226
102.967 143.928 119.766 143.928 119.766 184.910 102.967 184.910
103.265 144.279 120.038 144.279 120.038 185.273 103.265 185.273
103.759 143.783 120.461 143.783 120.461 184.726 103.759 184.726
103.985 144.842 120.623 144.842 120.623 185.924 103.985 185.924
104.687 145.004 121.369 145.004 121.369 186.121 104.687 186.121
105.175 145.770 121.983 145.770 121.983 187.064 105.175 187.064
106.145 145.509 122.920 145.509 122.920 187.147 106.145 187.147
106.916 147.721 123.735 147.721 123.735 189.646 106.916 189.646
107.669 146.479 124.494 146.479 124.494 188.509 107.669 188.509
108.861 146.754 125.829 146.754 125.829 188.901 108.861 188.901
109.701 145.971 126.718 145.971 126.718 188.138 109.701 188.138
110.421 144.819 127.406 144.819 127.406 187.089 110.421 187.089
111.329 144.287 128.299 144.287 128.299 186.757 111.329 186.757
111.973 144.653 128.926 144.653 128.926 187.115 111.973 187.115
112.714 144.985 129.674 144.985 129.674 187.560 112.714 187.560
113.241 144.815 130.224 144.815 130.224 187.328 113.241 187.328
113.142 144.476 130.075 144.476 130.075 186.985 113.142 186.985
113.103 144.834 130.149 144.834 130.149 187.346 113.103 187.346
113.593 145.050 130.635 145.050 130.635 187.620 113.593 187.620
113.892 145.138 130.950 145.138 130.950 187.936 113.892 187.936
114.007 145.297 130.988 145.297 130.988 188.218 114.007 188.218
114.170 145.480 131.071 145.480 131.071 188.428 114.170 188.428
114.535 145.459 131.380 145.459 131.380 188.384 114.535 188.384
114.728 146.070 131.586 146.070 131.586 188.981 114.728 188.981
115.052 146.015 131.897 146.015 131.897 189.195 115.052 189.195
115.558 145.655 132.387 145.655 132.387 188.871 115.558 188.871
115.972 146.027 132.805 146.027 132.805 189.392 115.972 189.392
115.881 145.502 132.728 145.502 132.728 188.919 115.881 188.919
115.912 145.328 132.740 145.328 132.740 189.036 115.912 189.036
116.413 144.978 133.256 144.978 133.256 188.938 116.413 188.938
116.512 144.763 133.309 144.763 133.309 188.834 116.512 188.834
116.406 145.534 133.192 145.534 133.192 189.721 116.406 189.721
116.930 145.455 133.795 145.455 133.795 189.654 116.930 189.654
117.151 146.248 134.043 146.248 134.043 190.620 117.151 190.620
117.476 145.227 134.486 145.227 134.486 189.374 117.476 189.374
117.902 145.797 134.984 145.797 134.984 189.956 117.902 189.956
118.008 145.873 135.127 145.873 135.127 190.159 118.008 190.159
118.333 146.473 135.543 146.473 135.543 190.532 118.333 190.532
118.765 147.394 136.035 147.394 136.035 191.402 118.765 191.402
119.246 148.981 136.538 148.981 136.538 192.945 119.246 192.945
120.121 148.157 137.421 148.157 137.421 192.098 120.121 192.098
120.876 147.613 138.174 147.613 138.174 191.405 120.876 191.405
121.781 147.500 139.067 147.500 139.067 191.215 121.781 191.215
122.449 145.519 139.778 145.519 139.778 189.111 122.449 189.111
122.683 145.448 139.928 145.448 139.928 188.939 122.683 188.939
123.292 145.506 140.445 145.506 140.445 188.981 123.292 188.981
124.171 145.906 141.290 145.906 141.290 189.296 124.171 189.296
124.712 145.666 141.796 145.666 141.796 188.901 124.712 188.901
125.689 145.049 142.658 145.049 142.658 188.419 125.689 188.419
126.383 145.043 143.290 145.043 143.290 188.518 126.383 188.518
126.882 145.225 143.746 145.225 143.746 188.714 126.882 188.714
127.562 146.044 144.445 146.044 144.445 189.538 127.562 189.538
128.495 146.673 145.416 146.673 145.416 190.249 128.495 190.249
129.245 147.525 146.118 147.525 146.118 191.175 129.245 191.175
129.926 147.299 146.826 147.299 146.826 191.156 129.926 191.156
130.978 148.210 147.911 148.210 147.911 192.159 130.978 192.159
132.188 147.965 149.199 147.965 149.199 192.014 132.188 192.014
133.019 149.088 150.178 149.088 150.178 193.376 133.019 193.376
133.624 149.888 150.909 149.888 150.909 194.105 133.624 194.105
134.809 150.524 152.192 150.524 152.192 194.739 134.809 194.739
135.550 148.081 153.063 148.081 153.063 192.362 135.550 192.362
136.341 146.612 153.904 146.612 153.904 190.962 136.341 190.962
136.767 146.952 154.426 146.952 154.426 191.278 136.767 191.278
137.285 147.441 155.009 147.441 155.009 191.617 137.285 191.617
138.232 148.204 155.979 148.204 155.979 192.288 138.232 192.288
139.149 147.694 156.937 147.694 156.937 191.784 139.149 191.784
139.811 147.515 157.626 147.515 157.626 191.800 139.811 191.800
141.294 148.397 159.038 148.397 159.038 192.914 141.294 192.914
142.099 148.518 159.854 148.518 159.854 193.035 142.099 193.035
142.954 147.901 160.691 147.901 160.691 192.455 142.954 192.455
143.575 148.471 161.288 148.471 161.288 193.155 143.575 193.155
144.491 149.451 162.227 149.451 162.227 194.211 144.491 194.211
146.053 150.227 163.764 150.227 163.764 194.992 146.053 194.992
146.652 151.626 164.338 151.626 164.338 196.555 146.652 196.555
147.554 153.183 165.144 153.183 165.144 198.227 147.554 198.227
148.400 154.761 165.874 154.761 165.874 199.751 148.400 199.751
148.918 152.650 166.399 152.650 166.399 197.616 148.918 197.616
149.247 150.535 166.822 150.535 166.822 195.295 149.247 195.295
150.005 147.771 167.574 147.771 167.574 192.338 150.005 192.338
150.644 149.547 168.090 149.547 168.090 194.138 150.644 194.138
151.306 157.061 168.715 157.061 168.715 201.531 151.306 201.531
152.107 162.435 169.592 162.435 169.592 206.610 152.107 206.610
152.841 161.966 170.196 161.966 170.196 205.950 152.841 205.950
153.178 162.048 170.613 162.048 170.613 205.515 153.178 205.515
154.332 163.243 171.836 163.243 171.836 206.485 154.332 206.485
155.176 163.645 172.656 163.645 172.656 206.694 155.176 206.694
155.921 164.318 173.420 164.318 173.420 207.076 155.921 207.076
157.109 164.482 174.607 164.482 174.607 207.081 157.109 207.081
157.775 165.369 175.217 165.369 175.217 207.900 157.775 207.900
158.576 165.269 175.983 165.269 175.983 207.799 158.576 207.799
158.995 164.749 176.429 164.749 176.429 207.074 158.995 207.074
159.755 165.349 177.052 165.349 177.052 207.576 159.755 207.576
160.473 166.245 177.662 166.245 177.662 208.603 160.473 208.603
163.474 167.841 180.704 167.841 180.704 210.242 163.474 210.242
163.489 169.409 180.842 169.409 180.842 211.451 163.489 211.451
167.110 171.949 184.473 171.949 184.473 213.889 167.110 213.889
168.512 173.679 185.883 173.679 185.883 215.781 168.512 215.781
169.314 172.477 186.812 172.477 186.812 214.470 169.314 214.470
169.967 171.618 187.569 171.618 187.569 213.572 169.967 213.572
170.213 172.807 187.877 172.807 187.877 214.834 170.213 214.834
170.716 173.378 188.361 173.378 188.361 215.434 170.716 215.434
171.544 173.989 189.324 173.989 189.324 215.931 171.544 215.931
172.259 174.286 190.015 174.286 190.015 216.262 172.259 216.262
172.644 174.693 190.420 174.693 190.420 216.600 172.644 216.600
173.681 176.070 191.685 176.070 191.685 217.731 173.681 217.731
174.586 177.630 192.594 177.630 192.594 219.203 174.586 219.203
175.373 177.789 193.305 177.789 193.305 219.449 175.373 219.449
176.157 179.148 194.153 179.148 194.153 220.715 176.157 220.715
179.747 180.196 197.707 180.196 197.707 221.672 179.747 221.672
179.998 180.687 197.838 180.687 197.838 222.289 179.998 222.289
180.708 180.708 198.519 180.708 198.519 222.398 180.708 222.398
181.503 180.636 199.312 180.636 199.312 222.414 181.503 222.414
181.486 180.770 199.382 180.770 199.382 222.525 181.486 222.525
181.563 181.554 199.489 181.554 199.489 223.360 181.563 223.360
182.048 181.559 199.989 181.559 199.989 223.249 182.048 223.249
182.313 180.637 200.239 180.637 200.239 222.224 182.313 222.224
182.564 180.761 200.452 180.761 200.452 222.220 182.564 222.220
183.118 182.733 201.045 182.733 201.045 224.085 183.118 224.085
183.327 184.173 201.149 184.173 201.149 225.589 183.327 225.589
184.277 183.989 202.141 183.989 202.141 225.349 184.277 225.349
185.082 185.406 202.848 185.406 202.848 226.826 185.082 226.826
185.684 186.427 203.428 186.427 203.428 227.775 185.684 227.775
186.295 187.125 204.052 187.125 204.052 228.261 186.295 228.261
186.603 185.685 204.253 185.685 204.253 226.922 186.603 226.922
187.104 183.972 204.673 183.972 204.673 224.968 187.104 224.968
187.411 185.291 204.867 185.291 204.867 226.262 187.411 226.262
187.490 183.469 204.873 183.469 204.873 224.225 187.490 224.225
187.810 184.299 205.099 184.299 205.099 224.995 187.810 224.995
188.444 186.663 205.539 186.663 205.539 227.156 188.444 227.156
188.716 186.120 205.727 186.120 205.727 226.373 188.716 226.373
189.019 182.393 206.025 182.393 206.025 222.448 189.019 222.448
189.191 182.613 206.192 182.613 206.192 222.652 189.191 222.652
192.618 183.336 209.592 183.336 209.592 223.343 192.618 223.343
192.412 183.620 209.375 183.620 209.375 223.612 192.412 223.612
192.462 183.447 209.430 183.447 209.430 223.427 192.462 223.427
192.435 183.919 209.406 183.919 209.406 223.893 192.435 223.893
191.846 184.088 208.819 184.088 208.819 224.056 191.846 224.056
191.586 185.055 208.560 185.055 208.560 225.020 191.586 225.020
191.235 185.666 208.207 185.666 208.207 225.627 191.235 225.627
190.951 185.075 207.926 185.075 207.926 225.031 190.951 225.031
187.344 181.076 204.304 181.076 204.304 221.033 187.344 221.033
187.037 183.599 203.924 183.599 203.924 223.591 187.037 223.591
183.525 184.330 200.321 184.330 200.321 224.516 183.525 224.516
183.291 185.141 200.051 185.141 200.051 225.406 183.291 225.406
183.003 188.739 199.743 188.739 199.743 229.024 183.003 229.024
182.785 188.379 199.505 188.379 199.505 228.693 182.785 228.693
179.211 187.883 195.922 187.883 195.922 228.211 179.211 228.211
178.997 188.457 195.731 188.457 195.731 228.754 178.997 228.754
178.983 189.340 195.675 189.340 195.675 229.711 178.983 229.711
178.945 189.277 195.605 189.277 195.605 229.669 178.945 229.669
182.716 189.235 199.318 189.235 199.318 229.641 182.716 229.641
182.733 186.444 199.286 186.444 199.286 226.922 182.733 226.922
182.937 187.851 199.428 187.851 199.428 228.499 182.937 228.499
182.899 185.263 199.365 185.263 199.365 225.910 182.899 225.910
179.556 189.082 195.976 189.082 195.976 229.806 179.556 229.806
179.841 190.346 196.367 190.346 196.367 230.913 179.841 230.913
180.164 190.177 196.847 190.177 196.847 230.532 180.164 230.532
180.346 189.855 196.971 189.855 196.971 230.289 180.346 230.289
180.432 190.441 196.983 190.441 196.983 230.948 180.432 230.948
180.446 186.653 196.991 186.653 196.991 227.182 180.446 227.182
176.846 189.714 193.321 189.714 193.321 230.309 176.846 230.309
180.431 185.813 196.870 185.813 196.870 226.512 180.431 226.512
183.802 185.537 200.213 185.537 200.213 226.256 183.802 226.256
183.751 185.851 200.157 185.851 200.157 226.567 183.751 226.567
183.798 185.738 200.189 185.738 200.189 226.473 183.798 226.473
183.674 181.653 200.061 181.653 200.061 222.365 183.674 222.365
179.882 185.189 196.321 185.189 196.321 225.839 179.882 225.839
172.999 201.793 189.516 201.793 189.516 242.125 172.999 242.125
173.296 199.779 189.877 199.779 189.877 239.731 173.296 239.731
173.434 197.778 190.089 197.778 190.089 237.546 173.434 237.546
173.507 198.417 190.190 198.417 190.190 238.007 173.507 238.007
170.316 200.658 187.033 200.658 187.033 240.082 170.316 240.082
173.867 197.841 190.590 197.841 190.590 237.189 173.867 237.189
170.762 199.008 187.485 199.008 187.485 238.194 170.762 238.194
171.096 196.744 187.857 196.744 187.857 235.713 171.096 235.713
171.333 189.873 188.099 189.873 188.099 228.777 171.333 228.777
174.598 186.573 191.484 186.573 191.484 225.409 174.598 225.409
185.067 186.937 201.864 186.937 201.864 225.858 185.067 225.858
181.798 185.053 198.545 185.053 198.545 224.046 181.798 224.046
185.318 184.961 202.013 184.961 202.013 223.956 185.318 223.956
182.085 184.971 198.686 184.971 198.686 224.026 182.085 224.026
182.198 184.727 198.732 184.727 198.732 223.710 182.198 223.710
182.249 187.482 198.705 187.482 198.705 226.406 182.249 226.406
182.022 186.176 198.460 186.176 198.460 225.111 182.022 225.111
178.590 190.300 194.995 190.300 194.995 229.205 178.590 229.205
178.564 186.177 195.019 186.177 195.019 224.968 178.564 224.968
178.616 186.376 194.975 186.376 194.975 225.206 178.616 225.206
175.267 185.931 191.562 185.931 191.562 224.719 175.267 224.719
175.222 183.624 191.465 183.624 191.465 222.433 175.222 222.433
178.528 184.002 194.751 184.002 194.751 222.788 178.528 222.788
175.123 184.900 191.313 184.900 191.313 223.714 175.123 223.714
175.128 185.620 191.309 185.620 191.309 224.429 175.128 224.429
178.646 186.230 194.783 186.230 194.783 225.117 178.646 225.117
182.163 186.291 198.190 186.291 198.190 225.334 182.163 225.334
182.350 185.567 198.342 185.567 198.342 224.630 182.350 224.630
182.379 185.613 198.354 185.613 198.354 224.704 182.379 224.704
178.875 186.050 194.829 186.050 194.829 225.166 178.875 225.166
179.025 189.191 194.970 189.191 194.970 228.330 179.025 228.330
179.306 185.720 195.243 185.720 195.243 224.870 179.306 224.870
182.863 185.658 198.781 185.658 198.781 224.850 182.863 224.850
183.259 185.509 199.175 185.509 199.175 224.706 183.259 224.706
183.526 185.851 199.442 185.851 199.442 225.037 183.526 225.037
176.670 186.317 192.602 186.317 192.602 225.479 176.670 225.479
179.933 186.744 195.860 186.744 195.860 225.889 179.933 225.889
179.553 186.830 195.478 186.830 195.478 225.973 179.553 225.973
175.757 187.311 191.879 187.311 191.879 226.202 175.757 226.202
175.794 186.147 191.914 186.147 191.914 225.038 175.794 225.038
175.520 185.958 191.636 185.958 191.636 224.849 175.520 224.849
175.575 185.350 191.692 185.350 191.692 224.243 175.575 224.243
175.404 184.968 191.521 184.968 191.521 223.854 175.404 223.854
175.468 184.628 191.585 184.628 191.585 223.511 175.468 223.511
175.216 184.357 191.338 184.357 191.338 223.208 175.216 223.208
174.971 184.425 191.092 184.425 191.092 223.273 174.971 223.273
174.982 184.881 191.099 184.881 191.099 223.728 174.982 223.728
174.869 183.855 190.982 183.855 190.982 222.677 174.869 222.677
154.694 197.662 170.809 197.662 170.809 236.163 154.694 236.163
155.031 199.298 171.158 199.298 171.158 237.598 155.031 237.598
155.002 203.425 171.036 203.425 171.036 241.742 155.002 241.742
158.266 202.770 174.185 202.770 174.185 241.013 158.266 241.013
157.814 203.229 173.623 203.229 173.623 241.407 157.814 241.407
157.966 204.009 173.755 204.009 173.755 242.099 157.966 242.099
157.934 201.602 173.691 201.602 173.691 239.617 157.934 239.617
158.025 200.464 173.816 200.464 173.816 238.310 158.025 238.310
158.024 200.653 173.749 200.653 173.749 238.392 158.024 238.392
158.259 199.824 173.951 199.824 173.951 237.389 158.259 237.389
158.046 198.590 173.665 198.590 173.665 236.003 158.046 236.003
158.277 199.768 173.866 199.768 173.866 237.101 158.277 237.101
158.315 198.867 173.924 198.867 173.924 236.068 158.315 236.068
158.597 197.918 174.190 197.918 174.190 234.966 158.597 234.966
159.145 198.253 174.661 198.253 174.661 235.149 159.145 235.149
159.023 197.618 174.488 197.618 174.488 234.346 159.023 234.346
159.263 199.291 174.574 199.291 174.574 235.869 159.263 235.869
159.496 197.414 174.822 197.414 174.822 233.897 159.496 233.897
159.751 197.287 174.950 197.287 174.950 233.600 159.751 233.600
159.850 197.424 175.032 197.424 175.032 233.353 159.850 233.353
159.811 197.552 174.981 197.552 174.981 233.271 159.811 233.271
159.844 197.440 175.002 197.440 175.002 233.002 159.844 233.002
162.271 198.634 177.552 198.634 177.552 233.772 162.271 233.772
159.641 196.936 174.783 196.936 174.783 231.903 159.641 231.903
159.833 197.706 174.780 197.706 174.780 232.777 159.833 232.777
162.855 195.606 177.794 195.606 177.794 230.594 162.855 230.594
159.758 193.952 174.727 193.952 174.727 228.756 159.758 228.756
160.025 194.816 175.010 194.816 175.010 229.514 160.025 229.514
160.107 195.603 175.089 195.603 175.089 230.244 160.107 230.244
159.976 196.254 174.949 196.254 174.949 230.853 159.976 230.853
162.736 197.547 177.667 197.547 177.667 232.146 162.736 232.146
162.511 197.677 177.434 197.677 177.434 232.267 162.511 232.267
165.005 198.333 179.920 198.333 179.920 232.913 165.005 232.913
170.688 198.640 185.593 198.640 185.593 233.185 170.688 233.185
170.160 197.632 185.054 197.632 185.054 232.164 170.160 232.164
169.523 198.489 184.398 198.489 184.398 233.033 169.523 233.033
166.272 196.688 181.132 196.688 181.132 231.189 166.272 231.189
168.947 198.087 183.685 198.087 183.685 232.751 168.947 232.751
168.923 198.090 183.446 198.090 183.446 232.785 168.923 232.785
165.935 196.070 180.267 196.070 180.267 231.077 165.935 231.077
168.751 197.770 182.997 197.770 182.997 232.817 168.751 232.817
166.175 196.166 180.443 196.166 180.443 231.032 166.175 231.032
166.388 197.057 180.514 197.057 180.514 231.931 166.388 231.931
169.239 198.122 183.243 198.122 183.243 233.095 169.239 233.095
169.372 196.770 183.404 196.770 183.404 231.423 169.372 231.423
169.483 198.087 183.282 198.087 183.282 232.902 169.483 232.902
169.769 198.712 183.343 198.712 183.343 233.616 169.769 233.616
170.057 195.256 183.601 195.256 183.601 229.827 170.057 229.827
170.369 195.159 184.045 195.159 184.045 229.380 170.369 229.380
172.895 195.492 186.558 195.492 186.558 229.660 172.895 229.660
170.409 196.378 184.000 196.378 184.000 230.285 170.409 230.285
170.820 196.313 184.192 196.313 184.192 230.371 170.820 230.371
173.549 196.460 186.874 196.460 186.874 230.708 173.549 230.708
173.358 197.265 186.737 197.265 186.737 231.251 173.358 231.251
175.878 197.436 189.378 197.436 189.378 231.105 175.878 231.105
175.567 197.802 188.927 197.802 188.927 231.661 175.567 231.661
175.175 197.656 188.404 197.656 188.404 231.690 175.175 231.690
174.851 198.376 188.122 198.376 188.122 232.177 174.851 232.177
175.114 198.137 188.218 198.137 188.218 231.902 175.114 231.902
175.298 197.315 188.479 197.315 188.479 230.650 175.298 230.650
175.856 197.284 188.899 197.284 188.899 230.405 175.856 230.405
176.262 197.148 189.163 197.148 189.163 230.230 176.262 230.230
176.263 196.095 189.067 196.095 189.067 229.248 176.263 229.248
176.383 198.636 189.071 198.636 189.071 231.585 176.383 231.585
176.620 195.698 189.323 195.698 189.323 228.408 176.620 228.408
176.711 197.018 189.371 197.018 189.371 229.265 176.711 229.265
177.010 197.288 189.688 197.288 189.688 229.339 177.010 229.339
176.988 198.042 189.698 198.042 189.698 229.686 176.988 229.686
176.760 197.782 189.463 197.782 189.463 229.225 176.760 229.225
176.424 200.516 189.080 200.516 189.080 232.152 176.424 232.152
173.778 202.106 186.395 202.106 186.395 233.474 173.778 233.474
173.884 201.712 186.447 201.712 186.447 233.007 173.884 233.007
173.833 201.847 186.384 201.847 186.384 233.095 173.833 233.095
171.602 201.634 184.063 201.634 184.063 232.888 171.602 232.888
171.670 199.262 184.175 199.262 184.175 230.309 171.670 230.309
171.239 200.338 183.835 200.338 183.835 231.306 171.239 231.306
170.873 198.401 183.590 198.401 183.590 229.260 170.873 229.260
168.144 189.370 180.746 189.370 180.746 220.242 168.144 220.242
168.005 190.011 180.585 190.011 180.585 220.924 168.005 220.924
165.349 198.275 177.930 198.275 177.930 229.110 165.349 229.110
165.098 197.674 177.617 197.674 177.617 228.501 165.098 228.501
162.951 197.395 175.390 197.395 175.390 228.147 162.951 228.147
165.328 201.649 177.734 201.649 177.734 232.421 165.328 232.421
160.058 194.332 172.586 194.332 172.586 224.872 160.058 224.872
157.583 197.619 169.970 197.619 169.970 228.322 157.583 228.322
155.294 198.469 167.627 198.469 167.627 229.283 155.294 229.283
154.970 199.407 167.434 199.407 167.434 230.074 154.970 230.074
152.148 199.629 164.706 199.629 164.706 230.361 152.148 230.361
149.639 200.524 162.133 200.524 162.133 231.243 149.639 231.243
146.924 198.633 159.402 198.633 159.402 229.318 146.924 229.318
144.435 194.312 156.992 194.312 156.992 224.863 144.435 224.863
141.835 198.482 154.325 198.482 154.325 229.210 141.835 229.210
139.471 198.898 151.938 198.898 151.938 229.789 139.471 229.789
137.398 196.897 149.939 196.897 149.939 227.794 137.398 227.794
135.003 197.527 147.532 197.527 147.532 228.543 135.003 228.543
132.772 197.419 145.241 197.419 145.241 228.420 132.772 228.420
130.510 197.839 142.953 197.839 142.953 228.872 130.510 228.872
135.559 213.630 147.933 213.630 147.933 244.905 135.559 244.905
135.025 215.299 147.395 215.299 147.395 246.562 135.025 246.562
132.218 212.544 144.530 212.544 144.530 243.887 132.218 243.887
121.510 196.944 134.173 196.944 134.173 228.017 121.510 228.017
119.048 197.551 131.799 197.551 131.799 228.575 119.048 228.575
116.685 196.248 129.604 196.248 129.604 227.263 116.685 227.263
116.664 197.809 129.592 197.809 129.592 229.092 116.664 229.092
113.813 196.559 126.835 196.559 126.835 227.824 113.813 227.824
111.382 197.288 124.453 197.288 124.453 228.491 111.382 228.491
111.134 199.590 124.169 199.590 124.169 230.867 111.134 230.867
110.778 200.967 123.775 200.967 123.775 232.459 110.778 232.459
105.081 198.855 118.079 198.855 118.079 230.363 105.081 230.363
102.207 199.903 115.259 199.903 115.259 231.712 102.207 231.712
99.279 199.230 112.374 199.230 112.374 231.389 99.279 231.389
96.527 199.953 109.641 199.953 109.641 232.560 96.527 232.560
93.598 201.197 106.671 201.197 106.671 234.314 93.598 234.314
90.578 199.161 103.717 199.161 103.717 232.422 90.578 232.422
90.368 200.917 103.490 200.917 103.490 234.469 90.368 234.469
87.407 205.496 100.514 205.496 100.514 239.198 87.407 239.198
87.321 204.871 100.422 204.871 100.422 238.742 87.321 238.742
86.866 204.386 99.967 204.386 99.967 238.261 86.866 238.261
78.196 203.048 91.275 203.048 91.275 237.035 78.196 237.035
78.123 200.593 91.226 200.593 91.226 234.587 78.123 234.587
77.942 202.045 91.152 202.045 91.152 236.031 77.942 236.031
72.346 199.853 85.487 199.853 85.487 234.029 72.346 234.029
72.326 200.860 85.469 200.860 85.469 235.048 72.326 235.048
69.322 203.097 82.522 203.097 82.522 237.422 69.322 237.422
66.440 212.256 79.543 212.256 79.543 247.056 66.440 247.056
63.608 212.270 76.722 212.270 76.722 247.341 63.608 247.341
63.605 212.720 76.705 212.720 76.705 248.313 63.605 248.313
60.400 212.557 73.499 212.557 73.499 248.550 60.400 248.550
57.267 208.902 70.494 208.902 70.494 244.978 57.267 244.978
54.411 208.789 67.754 208.789 67.754 245.296 54.411 245.296
53.528 208.974 67.055 208.974 67.055 245.943 53.528 245.943
50.256 210.267 63.838 210.267 63.838 247.917 50.256 247.917
49.695 213.619 63.335 213.619 63.335 251.950 49.695 251.950
48.777 213.451 62.457 213.451 62.457 252.462 48.777 252.462
44.576 213.531 58.495 213.531 58.495 252.844 44.576 252.844
40.333 213.121 54.412 213.121 54.412 252.600 40.333 252.600
36.815 202.184 51.123 202.184 51.123 241.550 36.815 241.550
32.945 201.721 47.474 201.721 47.474 241.076 32.945 241.076
35.888 205.403 50.646 205.403 50.646 244.806 35.888 244.806
38.950 211.349 53.982 211.349 53.982 250.728 38.950 250.728
41.826 211.067 57.244 211.067 57.244 250.177 41.826 250.177
45.057 211.965 60.666 211.965 60.666 250.933 45.057 250.933
48.553 212.763 63.931 212.763 63.931 252.045 48.553 252.045
52.275 215.283 67.831 215.283 67.831 254.727 52.275 254.727
53.009 212.013 68.685 212.013 68.685 251.724 53.009 251.724
57.031 208.573 72.604 208.573 72.604 249.007 57.031 249.007
60.973 207.703 76.440 207.703 76.440 248.617 60.973 248.617
64.939 205.277 80.506 205.277 80.506 246.075 64.939 246.075
68.138 203.379 83.857 203.379 83.857 243.942 68.138 243.942
71.501 202.932 87.574 202.932 87.574 242.899 71.501 242.899
78.156 200.452 94.198 200.452 94.198 240.377 78.156 240.377
78.388 200.506 94.413 200.506 94.413 240.389 78.388 240.389
85.082 203.530 101.191 203.530 101.191 243.629 85.082 243.629
88.451 201.902 104.675 201.902 104.675 241.814 88.451 241.814
92.002 202.534 108.340 202.534 108.340 242.353 92.002 242.353
95.630 201.903 111.895 201.903 111.895 241.850 95.630 241.850
105.657 212.620 121.993 212.620 121.993 252.729 105.657 252.729
105.956 213.012 122.395 213.012 122.395 253.156 105.956 253.156
110.024 210.089 126.559 210.089 126.559 250.182 110.024 250.182
113.882 217.332 130.241 217.332 130.241 257.988 113.882 257.988
120.605 216.128 137.131 216.128 137.131 257.006 120.605 257.006
124.218 214.601 140.626 214.601 140.626 256.041 124.218 256.041
127.706 210.775 144.075 210.775 144.075 252.562 127.706 252.562
131.446 205.750 147.931 205.750 147.931 247.520 131.446 247.520
131.452 201.749 147.862 201.749 147.862 243.393 131.452 243.393
134.963 204.406 151.424 204.406 151.424 246.199 134.963 246.199
139.059 201.020 155.549 201.020 155.549 242.358 139.059 242.358
142.602 203.089 159.175 203.089 159.175 244.229 142.602 244.229
146.443 205.178 163.069 205.178 163.069 246.404 146.443 246.404
150.050 207.155 166.757 207.155 166.757 248.414 150.050 248.414
153.558 208.751 170.310 208.751 170.310 250.271 153.558 250.271
157.174 205.033 173.808 205.033 173.808 247.008 157.174 247.008
160.606 202.313 177.197 202.313 177.197 244.385 160.606 244.385
164.042 204.869 180.638 204.869 180.638 247.215 164.042 247.215
167.334 209.164 183.982 209.164 183.982 251.608 167.334 251.608
171.192 207.979 188.295 207.979 188.295 250.270 171.192 250.270
175.088 210.836 192.511 210.836 192.511 253.001 175.088 253.001
178.726 212.021 196.301 212.021 196.301 254.052 178.726 254.052
182.535 211.445 200.302 211.445 200.302 253.513 182.535 253.513
187.071 206.590 204.765 206.590 204.765 248.851 187.071 248.851
191.211 206.671 209.041 206.671 209.041 248.897 191.211 248.897
194.995 209.502 212.739 209.502 212.739 252.050 194.995 252.050
198.932 207.815 216.662 207.815 216.662 250.533 198.932 250.533
199.033 204.563 216.518 204.563 216.518 247.502 199.033 247.502
206.509 206.768 223.627 206.768 223.627 250.358 206.509 250.358
210.422 211.050 227.403 211.050 227.403 255.153 210.422 255.153
214.178 211.290 230.958 211.290 230.958 255.749 214.178 255.749
217.644 218.932 234.348 218.932 234.348 263.219 217.644 263.219
217.774 214.168 234.297 214.168 234.297 258.607 217.774 258.607
221.963 225.423 238.495 225.423 238.495 269.483 221.963 269.483
229.359 214.828 245.897 214.828 245.897 259.372 229.359 259.372
233.573 212.031 250.121 212.031 250.121 256.808 233.573 256.808
240.918 211.916 257.525 211.916 257.525 256.816 240.918 256.816
244.964 220.911 261.519 220.911 261.519 266.036 244.964 266.036
249.145 228.452 265.758 228.452 265.758 273.386 249.145 273.386
256.979 228.215 273.724 228.215 273.724 272.818 256.979 272.818
257.629 227.748 274.446 227.748 274.446 272.068 257.629 272.068
257.789 227.995 274.681 227.995 274.681 271.995 257.789 271.995
265.361 211.317 282.181 211.317 282.181 255.486 265.361 255.486
272.551 209.584 289.259 209.584 289.259 253.803 272.551 253.803
272.492 225.708 289.115 225.708 289.115 269.857 272.492 269.857
276.312 226.845 292.965 226.845 292.965 270.812 276.312 270.812
280.345 229.861 297.073 229.861 297.073 273.737 280.345 273.737
287.935 231.193 305.125 231.193 305.125 274.549 287.935 274.549
284.693 229.863 301.730 229.863 301.730 273.440 284.693 273.440
284.928 231.720 302.155 231.720 302.155 275.068 284.928 275.068
288.710 230.552 306.167 230.552 306.167 274.005 288.710 274.005
296.505 231.028 314.235 231.028 314.235 274.126 296.505 274.126
304.109 229.642 321.892 229.642 321.892 272.824 304.109 272.824
307.913 231.062 325.904 231.062 325.904 273.935 307.913 273.935
307.905 210.613 326.045 210.613 326.045 253.551 307.905 253.551
308.307 207.964 326.613 207.964 326.613 250.773 308.307 250.773
312.378 203.959 330.584 203.959 330.584 246.755 312.378 246.755
316.193 207.315 334.152 207.315 334.152 250.457 316.193 250.457
319.534 205.382 337.507 205.382 337.507 248.666 319.534 248.666
326.647 207.964 344.687 207.964 344.687 251.447 326.647 251.447
330.072 210.497 348.175 210.497 348.175 253.936 330.072 253.936
300.193 233.115 317.985 233.115 317.985 276.771 300.193 276.771
304.393 232.540 321.973 232.540 321.973 276.226 304.393 276.226
309.394 231.670 326.775 231.670 326.775 275.350 309.394 275.350
317.014 231.531 334.311 231.531 334.311 275.065 317.014 275.065
320.950 231.984 338.210 231.984 338.210 275.426 320.950 275.426
328.882 234.396 346.132 234.396 346.132 277.789 328.882 277.789
332.957 233.399 350.195 233.399 350.195 276.776 332.957 276.776
355.360 220.295 372.462 220.295 372.462 263.703 355.360 263.703
355.386 219.058 372.478 219.058 372.478 262.444 355.386 262.444
358.851 214.958 375.832 214.958 375.832 258.605 358.851 258.605
359.116 212.793 376.306 212.793 376.306 256.298 359.116 256.298
363.045 230.652 380.245 230.652 380.245 274.168 363.045 274.168
367.448 230.652 384.671 230.652 384.671 274.203 367.448 274.203
372.036 233.415 389.372 233.415 389.372 276.854 372.036 276.854
376.048 224.274 393.322 224.274 393.322 267.355 376.048 267.355
376.083 214.170 393.529 214.170 393.529 257.397 376.083 257.397
380.170 213.450 397.545 213.450 397.545 256.757 380.170 256.757
384.184 211.176 401.706 211.176 401.706 254.423 384.184 254.423
384.782 207.760 402.230 207.760 402.230 250.980 384.782 250.980
388.165 205.543 405.604 205.543 405.604 248.641 388.165 248.641
391.847 205.067 409.306 205.067 409.306 247.683 391.847 247.683
395.304 204.145 412.729 204.145 412.729 246.477 395.304 246.477
398.772 203.170 416.200 203.170 416.200 245.147 398.772 245.147
402.728 208.525 420.031 208.525 420.031 250.600 402.728 250.600
406.323 217.375 423.513 217.375 423.513 259.770 406.323 259.770
409.921 215.614 426.994 215.614 426.994 258.430 409.921 258.430
414.084 216.428 431.173 216.428 431.173 259.268 414.084 259.268
418.125 210.190 435.254 210.190 435.254 253.061 418.125 253.061
418.575 209.823 435.697 209.823 435.697 252.709 418.575 252.709
418.852 208.785 435.967 208.785 435.967 251.692 418.852 251.692
426.638 208.704 443.736 208.704 443.736 251.642 426.638 251.642
430.704 209.391 447.800 209.391 447.800 252.341 430.704 252.341
434.686 208.156 451.765 208.156 451.765 251.137 434.686 251.137
435.369 208.816 452.455 208.816 452.455 251.785 435.369 251.785
442.910 209.075 459.969 209.075 459.969 252.106 442.910 252.106
443.557 207.076 460.647 207.076 460.647 250.041 443.557 250.041
446.923 208.835 464.045 208.835 464.045 251.718 446.923 251.718
450.975 212.306 468.139 212.306 468.139 255.137 450.975 255.137
454.829 211.746 472.054 211.746 472.054 254.548 454.829 254.548
455.238 212.067 472.406 212.067 472.406 254.892 455.238 254.892
462.241 208.610 479.643 208.610 479.643 251.025 462.241 251.025
462.331 206.569 479.837 206.569 479.837 248.795 462.331 248.795
462.552 211.706 479.853 211.706 479.853 254.453 462.552 254.453
462.472 212.645 479.679 212.645 479.679 256.006 462.472 256.006
458.776 210.774 475.978 210.774 475.978 254.183 458.776 254.183
