577.000 262.000 607.000 262.000 607.000 343.000 577.000 343.000
577.743 261.536 607.488 261.536 607.488 343.269 577.743 343.269
576.234 262.181 605.959 262.181 605.959 344.387 576.234 344.387
574.902 262.032 604.456 262.032 604.456 344.642 574.902 344.642
573.807 258.354 603.303 258.354 603.303 341.497 573.807 341.497
571.417 259.500 601.035 259.500 601.035 342.985 571.417 342.985
559.626 251.706 589.350 251.706 589.350 334.719 559.626 334.719
556.140 255.376 586.056 255.376 586.056 337.855 556.140 337.855
554.626 250.720 584.302 250.720 584.302 332.562 554.626 332.562
553.671 253.977 583.527 253.977 583.527 334.564 553.671 334.564
553.433 249.434 583.118 249.434 583.118 328.973 553.433 328.973
552.685 247.739 582.200 247.739 582.200 327.310 552.685 327.310
551.860 249.729 581.437 249.729 581.437 328.873 551.860 328.873
549.848 255.041 579.290 255.041 579.290 334.808 549.848 334.808
548.580 255.958 578.052 255.958 578.052 336.278 548.580 336.278
547.659 253.449 576.950 253.449 576.950 335.607 547.659 335.607
546.306 251.965 575.616 251.965 575.616 335.316 546.306 335.316
545.969 249.471 575.002 249.471 575.002 333.921 545.969 333.921
545.763 250.226 574.944 250.226 574.944 334.719 545.763 334.719
545.433 250.276 574.710 250.276 574.710 334.926 545.433 334.926
544.962 250.545 574.446 250.545 574.446 335.009 544.962 335.009
544.402 247.704 574.136 247.704 574.136 331.640 544.402 331.640
544.481 250.703 574.278 250.703 574.278 334.538 544.481 334.538
544.572 252.634 574.375 252.634 574.375 336.458 544.572 336.458
544.066 251.711 573.881 251.711 573.881 335.515 544.066 335.515
543.743 250.612 573.560 250.612 573.560 334.412 543.743 334.412
543.221 250.114 573.041 250.114 573.041 333.901 543.221 333.901
542.786 250.259 572.605 250.259 572.605 334.041 542.786 334.041
541.614 246.195 571.467 246.195 571.467 329.821 541.614 329.821
535.371 246.283 565.256 246.283 565.256 329.734 535.371 329.734
535.299 247.111 565.453 247.111 565.453 330.151 535.299 330.151
541.384 254.660 571.555 254.660 571.555 337.732 541.384 337.732
527.666 246.366 558.016 246.366 558.016 329.312 527.666 329.312
529.726 242.600 559.910 242.600 559.910 325.204 529.726 325.204
529.388 239.210 558.994 239.210 558.994 321.733 529.388 321.733
527.731 237.695 557.177 237.695 557.177 319.915 527.731 319.915
526.855 236.277 556.248 236.277 556.248 317.876 526.855 317.876
526.179 233.794 555.320 233.794 555.320 314.428 526.179 314.428
525.178 234.258 554.072 234.258 554.072 313.633 525.178 313.633
523.735 233.048 552.325 233.048 552.325 311.501 523.735 311.501
521.254 238.734 549.716 238.734 549.716 317.117 521.254 317.117
520.339 234.458 548.436 234.458 548.436 312.506 520.339 312.506
519.664 237.306 547.810 237.306 547.810 315.092 519.664 315.092
517.259 236.802 545.336 236.802 545.336 314.165 517.259 314.165
516.901 235.782 544.922 235.782 544.922 312.972 516.901 312.972
515.452 234.895 543.274 234.895 543.274 312.385 515.452 312.385
513.659 235.228 541.549 235.228 541.549 312.231 513.659 312.231
512.720 229.244 540.557 229.244 540.557 305.486 512.720 305.486
511.575 230.370 539.326 230.370 539.326 305.991 511.575 305.991
508.511 231.341 535.970 231.341 535.970 306.798 508.511 306.798
508.494 229.937 535.632 229.937 535.632 305.508 508.494 305.508
505.096 232.038 531.932 232.038 531.932 307.612 505.096 307.612
505.726 229.395 532.337 229.395 532.337 304.797 505.726 304.797
502.418 233.340 528.919 233.340 528.919 308.848 502.418 308.848
501.888 227.199 528.437 227.199 528.437 302.638 501.888 302.638
501.654 231.592 528.180 231.592 528.180 306.858 501.654 306.858
500.948 230.055 527.486 230.055 527.486 305.181 500.948 305.181
500.829 227.850 527.216 227.850 527.216 302.733 500.829 302.733
500.981 228.466 527.294 228.466 527.294 303.011 500.981 303.011
500.806 226.784 526.982 226.784 526.982 301.059 500.806 301.059
500.070 227.534 526.107 227.534 526.107 301.787 500.070 301.787
499.899 227.519 525.875 227.519 525.875 301.418 499.899 301.418
498.910 229.465 524.984 229.465 524.984 303.178 498.910 303.178
497.637 230.923 523.799 230.923 523.799 304.239 497.637 304.239
497.332 230.272 523.451 230.272 523.451 303.371 497.332 303.371
496.627 225.558 522.726 225.558 522.726 298.518 496.627 298.518
496.700 225.420 522.895 225.420 522.895 297.742 496.700 297.742
492.202 231.702 518.211 231.702 518.211 303.981 492.202 303.981
497.595 229.902 523.302 229.902 523.302 303.315 497.595 303.315
485.706 226.626 511.470 226.626 511.470 300.024 485.706 300.024
492.144 228.825 517.976 228.825 517.976 302.206 492.144 302.206
492.201 231.561 518.040 231.561 518.040 304.937 492.201 304.937
493.066 233.708 518.912 233.708 518.912 307.060 493.066 307.060
493.354 235.252 519.203 235.252 519.203 308.598 493.354 308.598
493.635 235.283 519.486 235.283 519.486 308.627 493.635 308.627
494.544 234.380 520.400 234.380 520.400 307.717 494.544 307.717
488.890 235.077 514.766 235.077 514.766 308.375 488.890 308.375
489.110 236.369 514.996 236.369 514.996 309.649 489.110 309.649
489.189 236.782 515.081 236.782 515.081 310.052 489.189 310.052
489.843 236.738 515.738 236.738 515.738 310.004 489.843 310.004
496.163 239.177 522.083 239.177 522.083 312.387 496.163 312.387
520.538 232.527 546.559 232.527 546.559 306.160 520.538 306.160
507.736 230.244 533.928 230.244 533.928 304.624 507.736 304.624
493.952 225.719 520.243 225.719 520.243 300.331 493.952 300.331
474.929 221.440 501.315 221.440 501.315 296.432 474.929 296.432
468.792 217.481 495.349 217.481 495.349 292.649 468.792 292.649
456.335 217.122 483.001 217.122 483.001 292.493 456.335 292.493
455.577 217.004 482.324 217.004 482.324 292.876 455.577 292.876
449.247 215.554 476.089 215.554 476.089 291.714 449.247 291.714
442.529 215.151 469.458 215.151 469.458 291.445 442.529 291.445
417.365 208.631 444.412 208.631 444.412 285.225 417.365 285.225
409.796 203.949 436.933 203.949 436.933 280.515 409.796 280.515
403.205 202.184 430.472 202.184 430.472 278.694 403.205 278.694
390.496 197.224 417.867 197.224 417.867 273.709 390.496 273.709
383.909 195.199 411.429 195.199 411.429 271.607 383.909 271.607
377.819 193.434 405.535 193.434 405.535 269.879 377.819 269.879
371.447 188.513 399.452 188.513 399.452 264.747 371.447 264.747
359.988 184.223 387.982 184.223 387.982 260.223 359.988 260.223
354.135 184.495 382.039 184.495 382.039 260.667 354.135 260.667
353.909 181.847 381.912 181.847 381.912 258.036 353.909 258.036
353.552 180.373 381.737 180.373 381.737 256.545 353.552 256.545
352.527 179.516 380.782 179.516 380.782 255.744 352.527 255.744
346.107 177.434 374.480 177.434 374.480 253.647 346.107 253.647
351.164 178.349 379.603 178.349 379.603 254.616 351.164 254.616
350.016 177.271 378.466 177.271 378.466 253.575 350.016 253.575
342.104 171.969 370.591 171.969 370.591 248.317 342.104 248.317
341.593 169.184 370.081 169.184 370.081 245.539 341.593 245.539
341.403 165.671 369.890 165.671 369.890 242.028 341.403 242.028
341.475 161.107 369.961 161.107 369.961 237.468 341.475 237.468
341.076 159.083 369.561 159.083 369.561 235.449 341.076 235.449
341.014 155.011 369.499 155.011 369.499 231.380 341.014 231.380
340.768 152.635 369.248 152.635 369.248 229.022 340.768 229.022
341.036 147.194 369.515 147.194 369.515 223.585 341.036 223.585
340.948 144.996 369.427 144.996 369.427 221.391 340.948 221.391
342.268 140.126 370.743 140.126 370.743 216.529 342.268 216.529
343.311 136.356 371.786 136.356 371.786 212.760 343.311 212.760
345.293 134.089 373.768 134.089 373.768 210.493 345.293 210.493
347.776 132.183 376.251 132.183 376.251 208.587 347.776 208.587
349.974 130.701 378.449 130.701 378.449 207.105 349.974 207.105
352.301 128.685 380.776 128.685 380.776 205.089 352.301 205.089
353.265 124.316 381.740 124.316 381.740 200.720 353.265 200.720
353.973 121.779 382.448 121.779 382.448 198.183 353.973 198.183
354.857 117.963 383.332 117.963 383.332 194.367 354.857 194.367
355.736 115.610 384.211 115.610 384.211 192.014 355.736 192.014
356.202 112.864 384.677 112.864 384.677 189.268 356.202 189.268
356.803 109.723 385.278 109.723 385.278 186.127 356.803 186.127
356.592 104.076 385.067 104.076 385.067 180.480 356.592 180.480
356.422 97.072 384.897 97.072 384.897 173.476 356.422 173.476
356.231 88.931 384.706 88.931 384.706 165.335 356.231 165.335
356.081 83.343 384.556 83.343 384.556 159.746 356.081 159.746
355.760 80.620 384.235 80.620 384.235 157.023 355.760 157.023
355.462 79.069 383.937 79.069 383.937 155.472 355.462 155.472
354.831 78.708 383.307 78.708 383.307 155.111 354.831 155.111
354.096 77.402 382.572 77.402 382.572 153.805 354.096 153.805
353.674 76.854 382.150 76.854 382.150 153.257 353.674 153.257
352.743 76.600 381.219 76.600 381.219 153.004 352.743 153.004
352.003 76.414 380.479 76.414 380.479 152.818 352.003 152.818
351.235 76.529 379.711 76.529 379.711 152.934 351.235 152.934
350.447 76.116 378.923 76.116 378.923 152.521 350.447 152.521
349.890 75.855 378.366 75.855 378.366 152.261 349.890 152.261
349.163 75.893 377.639 75.893 377.639 152.300 349.163 152.300
348.491 75.620 376.967 75.620 376.967 152.028 348.491 152.028
347.665 76.328 376.140 76.328 376.140 152.739 347.665 152.739
347.011 76.862 375.486 76.862 375.486 153.275 347.011 153.275
346.401 76.404 374.876 76.404 374.876 152.818 346.401 152.818
345.786 76.373 374.261 76.373 374.261 152.789 345.786 152.789
345.401 75.871 373.876 75.871 373.876 152.292 345.401 152.292
345.182 75.908 373.657 75.908 373.657 152.330 345.182 152.330
344.838 75.260 373.312 75.260 373.312 151.685 344.838 151.685
344.338 76.274 372.812 76.274 372.812 152.700 344.338 152.700
343.907 76.798 372.381 76.798 372.381 153.225 343.907 153.225
343.820 76.441 372.293 76.441 372.293 152.871 343.820 152.871
343.872 76.073 372.345 76.073 372.345 152.505 343.872 152.505
343.549 77.067 372.022 77.067 372.022 153.502 343.549 153.502
343.174 76.334 371.646 76.334 371.646 152.772 343.174 152.772
343.488 77.047 371.960 77.047 371.960 153.487 343.488 153.487
343.440 77.349 371.912 77.349 371.912 153.791 343.440 153.791
343.500 76.048 371.972 76.048 371.972 152.491 343.500 152.491
343.337 77.063 371.808 77.063 371.808 153.509 343.337 153.509
343.154 77.048 371.625 77.048 371.625 153.495 343.154 153.495
343.247 76.478 371.717 76.478 371.717 152.930 343.247 152.930
342.968 76.541 371.438 76.541 371.438 152.996 342.968 152.996
343.428 75.597 371.898 75.597 371.898 152.053 343.428 152.053
343.238 75.158 371.708 75.158 371.708 151.616 343.238 151.616
343.233 74.825 371.703 74.825 371.703 151.284 343.233 151.284
343.341 74.755 371.810 74.755 371.810 151.217 343.341 151.217
343.297 75.347 371.766 75.347 371.766 151.812 343.297 151.812
343.439 74.756 371.908 74.756 371.908 151.222 343.439 151.222
343.342 75.390 371.811 75.390 371.811 151.857 343.342 151.857
343.423 74.224 371.892 74.224 371.892 150.692 343.423 150.692
343.417 74.781 371.885 74.781 371.885 151.251 343.417 151.251
343.508 75.171 371.977 75.171 371.977 151.643 343.508 151.643
343.679 75.567 372.148 75.567 372.148 152.040 343.679 152.040
343.804 76.010 372.273 76.010 372.273 152.484 343.804 152.484
343.934 75.600 372.402 75.600 372.402 152.076 343.934 152.076
344.085 75.751 372.554 75.751 372.554 152.230 344.085 152.230
344.089 74.954 372.557 74.954 372.557 151.436 344.089 151.436
344.237 75.612 372.705 75.612 372.705 152.094 344.237 152.094
344.139 76.746 372.607 76.746 372.607 153.229 344.139 153.229
343.654 76.873 372.123 76.873 372.123 153.357 343.654 153.357
343.338 77.066 371.805 77.066 371.805 153.556 343.338 153.556
343.446 76.724 371.913 76.724 371.913 153.217 343.446 153.217
343.391 76.190 371.858 76.190 371.858 152.684 343.391 152.684
343.273 77.515 371.739 77.515 371.739 154.014 343.273 154.014
343.036 76.916 371.502 76.916 371.502 153.418 343.036 153.418
342.883 77.121 371.347 77.121 371.347 153.633 342.883 153.633
342.983 76.872 371.447 76.872 371.447 153.387 342.983 153.387
343.034 77.027 371.499 77.027 371.499 153.543 343.034 153.543
343.251 77.528 371.716 77.528 371.716 154.046 343.251 154.046
342.860 76.613 371.325 76.613 371.325 153.135 342.860 153.135
342.776 77.156 371.240 77.156 371.240 153.679 342.776 153.679
342.737 76.464 371.201 76.464 371.201 152.991 342.737 152.991
342.934 76.101 371.398 76.101 371.398 152.630 342.934 152.630
342.784 75.690 371.247 75.690 371.247 152.226 342.784 152.226
342.671 76.781 371.134 76.781 371.134 153.319 342.671 153.319
342.795 76.999 371.257 76.999 371.257 153.543 342.795 153.543
342.453 77.070 370.914 77.070 370.914 153.621 342.453 153.621
342.011 78.285 370.470 78.285 370.470 154.845 342.011 154.845
341.636 78.237 370.094 78.237 370.094 154.814 341.636 154.814
341.764 79.495 370.223 79.495 370.223 156.074 341.764 156.074
341.573 78.636 370.030 78.636 370.030 155.227 341.573 155.227
341.351 78.179 369.808 78.179 369.808 154.771 341.351 154.771
341.152 78.264 369.608 78.264 369.608 154.863 341.152 154.863
341.321 77.244 369.775 77.244 369.775 153.852 341.321 153.852
341.445 76.700 369.899 76.700 369.899 153.320 341.445 153.320
341.379 77.238 369.831 77.238 369.831 153.871 341.379 153.871
341.240 77.522 369.692 77.522 369.692 154.161 341.240 154.161
341.300 77.810 369.750 77.810 369.750 154.455 341.300 154.455
341.372 77.685 369.822 77.685 369.822 154.332 341.372 154.332
341.277 77.085 369.727 77.085 369.727 153.734 341.277 153.734
341.020 77.731 369.469 77.731 369.469 154.396 341.020 154.396
340.647 78.151 369.096 78.151 369.096 154.817 340.647 154.817
340.459 78.717 368.907 78.717 368.907 155.393 340.459 155.393
340.169 77.767 368.606 77.767 368.606 154.499 340.169 154.499
340.060 78.665 368.497 78.665 368.497 155.403 340.060 155.403
340.079 78.982 368.515 78.982 368.515 155.725 340.079 155.725
340.114 78.616 368.549 78.616 368.549 155.370 340.114 155.370
339.810 79.306 368.244 79.306 368.244 156.067 339.810 156.067
339.732 79.663 368.166 79.663 368.166 156.427 339.732 156.427
339.763 79.692 368.197 79.692 368.197 156.458 339.763 156.458
339.957 80.365 368.390 80.365 368.390 157.139 339.957 157.139
339.945 79.918 368.378 79.918 368.378 156.699 339.945 156.699
