529.000 73.000 556.000 73.000 556.000 186.000 529.000 186.000
530.503 69.997 557.546 69.997 557.546 183.976 530.503 183.976
529.443 73.126 556.614 73.126 556.614 187.166 529.443 187.166
528.413 69.623 555.962 69.623 555.962 183.655 528.413 183.655
525.814 73.437 553.479 73.437 553.479 187.657 525.814 187.657
524.052 71.039 552.108 71.039 552.108 185.934 524.052 185.934
521.518 72.440 549.880 72.440 549.880 187.591 521.518 187.591
520.346 70.690 548.990 70.690 548.990 186.318 520.346 186.318
518.806 73.179 547.499 73.179 547.499 189.282 518.806 189.282
518.450 70.565 547.576 70.565 547.576 186.608 518.450 186.608
516.570 75.347 545.857 75.347 545.857 190.747 516.570 190.747
515.485 73.514 544.988 73.514 544.988 188.910 515.485 188.910
514.095 74.154 543.488 74.154 543.488 189.752 514.095 189.752
512.863 75.669 542.405 75.669 542.405 191.226 512.863 191.226
511.839 74.006 541.447 74.006 541.447 189.880 511.839 189.880
510.050 77.797 539.653 77.797 539.653 193.663 510.050 193.663
509.228 74.566 538.961 74.566 538.961 190.938 509.228 190.938
506.749 77.782 536.800 77.782 536.800 193.740 506.749 193.740
505.053 76.371 535.250 76.371 535.250 192.563 505.053 192.563
502.848 76.732 533.230 76.732 533.230 192.950 502.848 192.950
500.719 75.758 531.117 75.758 531.117 192.241 500.719 192.241
498.312 75.898 528.718 75.898 528.718 192.386 498.312 192.386
496.976 74.146 527.245 74.146 527.245 191.106 496.976 191.106
494.509 73.996 524.673 73.996 524.673 190.788 494.509 190.788
493.273 71.117 523.201 71.117 523.201 187.798 493.273 187.798
490.783 75.982 520.977 75.982 520.977 191.782 490.783 191.782
489.382 74.367 519.936 74.367 519.936 189.826 489.382 189.826
487.781 76.555 518.490 76.555 518.490 191.640 487.781 191.640
486.762 76.048 517.681 76.048 517.681 191.006 486.762 191.006
485.048 76.531 515.758 76.531 515.758 191.790 485.048 191.790
482.997 76.886 513.768 76.886 513.768 191.852 482.997 191.852
481.391 78.032 511.959 78.032 511.959 193.102 481.391 193.102
479.930 78.368 510.689 78.368 510.689 193.009 479.930 193.009
477.832 79.855 508.700 79.855 508.700 194.411 477.832 194.411
476.107 78.484 506.834 78.484 506.834 193.572 476.107 193.572
474.442 79.185 505.201 79.185 505.201 194.356 474.442 194.356
472.143 77.373 502.707 77.373 502.707 192.751 472.143 192.751
470.125 79.896 500.602 79.896 500.602 195.626 470.125 195.626
468.234 77.105 498.807 77.105 498.807 192.919 468.234 192.919
465.995 78.673 496.465 78.673 496.465 194.727 465.995 194.727
463.892 80.214 494.286 80.214 494.286 197.268 463.892 197.268
462.497 78.041 493.129 78.041 493.129 195.238 462.497 195.238
461.045 80.063 491.631 80.063 491.631 197.515 461.045 197.515
459.915 77.516 490.834 77.516 490.834 194.787 459.915 194.787
458.317 81.129 489.225 81.129 489.225 198.173 458.317 198.173
457.657 78.398 488.390 78.398 488.390 195.867 457.657 195.867
456.323 81.238 486.868 81.238 486.868 198.672 456.323 198.672
455.274 80.815 485.672 80.815 485.672 198.580 455.274 198.580
453.528 80.101 484.020 80.101 484.020 197.656 453.528 197.656
452.223 81.616 482.525 81.616 482.525 199.274 452.223 199.274
450.614 81.592 480.814 81.592 480.814 199.146 450.614 199.146
449.665 83.183 479.821 83.183 479.821 200.941 449.665 200.941
448.783 83.045 478.820 83.045 478.820 201.838 448.783 201.838
447.072 83.230 477.294 83.230 477.294 201.884 447.072 201.884
445.348 83.526 475.582 83.526 475.582 202.373 445.348 202.373
443.767 82.259 474.104 82.259 474.104 200.711 443.767 200.711
442.164 82.423 472.301 82.423 472.301 200.796 442.164 200.796
440.344 81.074 470.648 81.074 470.648 198.560 440.344 198.560
438.965 83.175 469.410 83.175 469.410 200.092 438.965 200.092
437.810 82.156 468.368 82.156 468.368 198.782 437.810 198.782
436.414 85.305 467.007 85.305 467.007 201.835 436.414 201.835
435.653 84.111 466.296 84.111 466.296 200.840 435.653 200.840
434.265 84.152 465.221 84.152 465.221 200.273 434.265 200.273
432.698 84.605 463.745 84.605 463.745 200.176 432.698 200.176
431.435 87.928 462.590 87.928 462.590 203.109 431.435 203.109
430.740 86.418 462.232 86.418 462.232 201.288 430.740 201.288
428.940 89.391 460.688 89.391 460.688 203.955 428.940 203.955
427.607 89.206 459.468 89.206 459.468 203.992 427.607 203.992
426.358 88.911 458.278 88.911 458.278 204.161 426.358 204.161
424.839 90.263 456.797 90.263 456.797 205.622 424.839 205.622
422.858 89.216 455.228 89.216 455.228 203.912 422.858 203.912
420.662 87.858 453.302 87.858 453.302 202.375 420.662 202.375
418.127 89.474 450.949 89.474 450.949 203.640 418.127 203.640
416.766 87.383 449.720 87.383 449.720 201.449 416.766 201.449
414.305 87.572 447.223 87.572 447.223 201.690 414.305 201.690
411.836 88.247 444.471 88.247 444.471 202.988 411.836 202.988
409.809 89.069 442.517 89.069 442.517 203.628 409.809 203.628
407.881 90.186 440.693 90.186 440.693 204.182 407.881 204.182
406.076 90.403 438.958 90.403 438.958 204.081 406.076 204.081
404.760 89.231 437.636 89.231 437.636 202.838 404.760 202.838
403.400 92.258 436.244 92.258 436.244 205.295 403.400 205.295
402.855 91.871 435.339 91.871 435.339 205.305 402.855 205.305
401.603 92.224 433.975 92.224 433.975 205.600 401.603 205.600
400.393 91.632 432.666 91.632 432.666 205.114 400.393 205.114
399.027 92.294 431.041 92.294 431.041 206.370 399.027 206.370
397.235 91.974 429.070 91.974 429.070 206.302 397.235 206.302
395.914 91.008 427.689 91.008 427.689 205.271 395.914 205.271
395.108 91.837 426.555 91.837 426.555 206.650 395.108 206.650
394.808 91.194 425.923 91.194 425.923 206.598 394.808 206.598
393.933 93.411 424.860 93.411 424.860 208.822 393.933 208.822
393.042 93.561 423.844 93.561 423.844 208.740 393.042 208.740
391.331 95.026 421.993 95.026 421.993 210.221 391.331 210.221
389.886 94.998 420.493 94.998 420.493 210.364 389.886 210.364
388.160 96.255 418.869 96.255 418.869 211.234 388.160 211.234
386.779 97.803 417.498 97.803 417.498 212.811 386.779 212.811
385.564 99.276 416.187 99.276 416.187 214.504 385.564 214.504
384.262 100.388 415.038 100.388 415.038 215.501 384.262 215.501
382.993 100.425 413.850 100.425 413.850 215.775 382.993 215.775
381.587 99.907 412.484 99.907 412.484 215.365 381.587 215.365
379.445 100.356 410.761 100.356 410.761 215.456 379.445 215.456
377.848 99.529 409.438 99.529 409.438 214.561 377.848 214.561
376.037 99.050 407.731 99.050 407.731 214.141 376.037 214.141
374.540 99.762 405.975 99.762 405.975 215.657 374.540 215.657
373.884 97.952 405.073 97.952 405.073 214.847 373.884 214.847
372.696 97.997 403.773 97.997 403.773 215.564 372.696 215.564
370.852 98.502 401.964 98.502 401.964 216.149 370.852 216.149
369.547 97.855 400.534 97.855 400.534 215.708 369.547 215.708
368.087 97.687 399.104 97.687 399.104 215.907 368.087 215.907
366.705 96.565 397.704 96.565 397.704 214.893 366.705 214.893
364.623 99.185 395.571 99.185 395.571 217.902 364.623 217.902
362.838 99.653 393.741 99.653 393.741 218.461 362.838 218.461
361.005 99.197 392.044 99.197 392.044 217.617 361.005 217.617
359.064 99.882 389.981 99.882 389.981 218.638 359.064 218.638
357.066 98.152 387.988 98.152 387.988 217.158 357.066 217.158
355.125 96.821 386.051 96.821 386.051 216.220 355.125 216.220
352.975 97.248 383.961 97.248 383.961 216.582 352.975 216.582
351.200 95.797 382.195 95.797 382.195 215.030 351.200 215.030
349.526 93.347 380.498 93.347 380.498 212.832 349.526 212.832
348.102 93.271 379.093 93.271 379.093 212.380 348.102 212.380
346.184 93.909 377.152 93.909 377.152 212.864 346.184 212.864
344.515 94.704 375.351 94.704 375.351 213.904 344.515 213.904
342.970 97.058 373.774 97.058 373.774 216.445 342.970 216.445
341.081 98.582 371.974 98.582 371.974 218.112 341.081 218.112
339.343 99.038 370.596 99.038 370.596 218.232 339.343 218.232
338.064 101.083 369.435 101.083 369.435 220.267 338.064 220.267
337.262 102.349 368.642 102.349 368.642 221.300 337.262 221.300
336.293 104.290 367.860 104.290 367.860 222.943 336.293 222.943
334.885 104.521 366.773 104.521 366.773 222.702 334.885 222.702
333.565 104.486 365.188 104.486 365.188 223.369 333.565 223.369
331.511 103.380 363.033 103.380 363.033 222.602 331.511 222.602
329.919 102.326 361.394 102.326 361.394 222.014 329.919 222.014
328.158 102.587 359.257 102.587 359.257 223.047 328.158 223.047
327.136 102.887 357.978 102.887 357.978 223.672 327.136 223.672
325.578 101.886 356.340 101.886 356.340 222.389 325.578 222.389
324.120 101.474 354.738 101.474 354.738 221.845 324.120 221.845
322.162 101.222 353.031 101.222 353.031 220.880 322.162 220.880
320.293 101.375 351.372 101.375 351.372 220.673 320.293 220.673
318.815 102.274 349.874 102.274 349.874 221.373 318.815 221.373
316.891 104.368 347.991 104.368 347.991 223.196 316.891 223.196
315.438 103.809 346.515 103.809 346.515 222.433 315.438 222.433
313.604 105.011 344.724 105.011 344.724 223.230 313.604 223.230
311.844 104.992 343.040 104.992 343.040 222.970 311.844 222.970
310.165 106.032 341.160 106.032 341.160 224.368 310.165 224.368
308.311 106.127 339.358 106.127 339.358 224.612 308.311 224.612
306.581 107.001 337.593 107.001 337.593 225.778 306.581 225.778
304.852 107.828 335.849 107.828 335.849 226.747 304.852 226.747
302.789 106.565 333.908 106.565 333.908 225.586 302.789 225.586
299.925 106.154 331.179 106.154 331.179 225.110 299.925 225.110
297.151 106.577 328.638 106.577 328.638 225.345 297.151 225.345
295.397 106.596 326.811 106.596 326.811 225.405 295.397 225.405
294.010 105.260 325.232 105.260 325.232 224.189 294.010 224.189
292.449 105.250 323.442 105.250 323.442 224.915 292.449 224.915
290.896 106.295 321.898 106.295 321.898 226.078 290.896 226.078
288.815 106.587 320.031 106.587 320.031 226.297 288.815 226.297
287.135 106.707 318.257 106.707 318.257 226.625 287.135 226.625
284.773 107.154 316.184 107.154 316.184 226.812 284.773 226.812
282.963 108.936 314.442 108.936 314.442 228.587 282.963 228.587
281.186 108.774 312.886 108.774 312.886 228.134 281.186 228.134
279.266 109.888 311.290 109.888 311.290 229.246 279.266 229.246
276.958 112.612 309.444 112.612 309.444 231.699 276.958 231.699
275.051 111.639 307.952 111.639 307.952 230.330 275.051 230.330
272.443 113.066 305.472 113.066 305.472 231.794 272.443 231.794
270.183 111.495 303.345 111.495 303.345 230.316 270.183 230.316
267.971 114.150 301.088 114.150 301.088 232.921 267.971 232.921
266.538 111.128 299.681 111.128 299.681 229.857 266.538 229.857
264.398 111.542 297.482 111.542 297.482 230.192 264.398 230.192
262.396 110.742 295.700 110.742 295.700 228.846 262.396 228.846
260.539 111.440 293.844 111.440 293.844 229.644 260.539 229.644
258.565 112.532 291.775 112.532 291.775 230.738 258.565 230.738
256.491 112.605 289.555 112.605 289.555 230.734 256.491 230.734
253.930 114.663 287.014 114.663 287.014 232.611 253.930 232.611
251.810 113.396 284.817 113.396 284.817 231.736 251.810 231.736
250.219 112.862 282.989 112.862 282.989 231.617 250.219 231.617
247.472 117.387 280.382 117.387 280.382 236.024 247.472 236.024
245.036 114.928 278.167 114.928 278.167 233.653 245.036 233.653
242.740 114.886 276.054 114.886 276.054 233.895 242.740 233.895
240.750 115.065 274.153 115.065 274.153 234.473 240.750 234.473
237.815 115.795 271.458 115.795 271.458 235.107 237.815 235.107
235.078 114.715 268.936 114.715 268.936 234.033 235.078 234.033
231.967 116.291 266.011 116.291 266.011 235.490 231.967 235.490
229.662 113.740 263.671 113.740 263.671 233.097 229.662 233.097
226.972 112.859 261.258 112.859 261.258 231.793 226.972 231.793
224.808 113.399 259.205 113.399 259.205 231.734 224.808 231.734
222.763 111.341 256.832 111.341 256.832 229.807 222.763 229.807
220.707 111.960 254.371 111.960 254.371 230.825 220.707 230.825
213.023 108.921 246.388 108.921 246.388 227.379 213.023 227.379
213.303 107.312 246.866 107.312 246.866 225.197 213.303 225.197
211.987 112.686 245.099 112.686 245.099 230.222 211.987 230.222
210.819 113.139 243.449 113.139 243.449 231.586 210.819 231.586
209.060 115.153 241.603 115.153 241.603 233.971 209.060 233.971
206.911 115.060 239.638 115.060 239.638 233.678 206.911 233.678
205.439 115.409 238.149 115.409 238.149 234.680 205.439 234.680
203.914 114.688 236.610 114.688 236.610 234.362 203.914 234.362
201.802 116.019 234.784 116.019 234.784 235.441 201.802 235.441
198.937 115.844 232.551 115.844 232.551 234.858 198.937 234.858
196.301 115.643 229.841 115.643 229.841 235.050 196.301 235.050
194.213 115.720 227.906 115.720 227.906 235.187 194.213 235.187
191.697 114.462 225.394 114.462 225.394 234.093 191.697 234.093
188.907 114.809 222.617 114.809 222.617 234.750 188.907 234.750
186.790 113.362 220.788 113.362 220.788 232.998 186.790 232.998
184.039 111.708 218.366 111.708 218.366 230.999 184.039 230.999
181.204 113.644 215.603 113.644 215.603 232.842 181.204 232.842
178.726 115.044 212.732 115.044 212.732 235.072 178.726 235.072
175.758 116.263 210.060 116.263 210.060 235.952 175.758 235.952
172.876 117.485 207.102 117.485 207.102 237.150 172.876 237.150
170.930 115.346 204.928 115.346 204.928 235.505 170.930 235.505
168.297 114.812 201.991 114.812 201.991 235.772 168.297 235.772
166.199 114.119 199.769 114.119 199.769 236.131 166.199 236.131
163.599 114.583 197.243 114.583 197.243 237.062 163.599 237.062
161.229 114.118 195.142 114.118 195.142 236.649 161.229 236.649
159.358 113.447 193.182 113.447 193.182 236.526 159.358 236.526
157.261 113.952 191.100 113.952 191.100 237.569 157.261 237.569
155.524 113.676 189.620 113.676 189.620 236.971 155.524 236.971
152.997 112.490 187.199 112.490 187.199 235.862 152.997 235.862
150.858 111.589 185.313 111.589 185.313 234.460 150.858 234.460
148.615 110.749 183.136 110.749 183.136 232.902 148.615 232.902
146.586 109.807 181.039 109.807 181.039 231.697 146.586 231.697
143.956 108.825 178.310 108.825 178.310 230.355 143.956 230.355
142.209 109.252 176.178 109.252 176.178 230.943 142.209 230.943
140.054 110.468 173.730 110.468 173.730 232.079 140.054 232.079
138.013 112.093 171.347 112.093 171.347 234.318 138.013 234.318
136.009 113.645 169.413 113.645 169.413 235.793 136.009 235.793
133.606 113.873 167.212 113.873 167.212 235.966 133.606 235.966
131.008 113.979 164.974 113.979 164.974 235.589 131.008 235.589
128.682 115.824 162.732 115.824 162.732 237.556 128.682 237.556
126.030 116.970 160.507 116.970 160.507 238.349 126.030 238.349
123.324 118.218 158.173 118.218 158.173 239.535 123.324 239.535
120.174 117.994 155.341 117.994 155.341 239.129 120.174 239.129
117.655 117.184 152.737 117.184 152.737 238.820 117.655 238.820
114.888 116.538 149.946 116.538 149.946 238.557 114.888 238.557
112.655 114.271 147.591 114.271 147.591 236.973 112.655 236.973
110.377 113.308 145.114 113.308 145.114 236.520 110.377 236.520
108.032 111.223 142.838 111.223 142.838 234.225 108.032 234.225
105.892 110.558 140.642 110.558 140.642 233.125 105.892 233.125
104.059 109.940 138.433 109.940 138.433 232.877 104.059 232.877
102.256 109.897 136.381 109.897 136.381 233.027 102.256 233.027
100.657 110.255 134.379 110.255 134.379 233.986 100.657 233.986
98.551 111.404 131.755 111.404 131.755 236.298 98.551 236.298
96.486 110.802 129.404 110.802 129.404 236.712 96.486 236.712
94.369 111.403 127.370 111.403 127.370 237.426 94.369 237.426
91.943 112.517 124.935 112.517 124.935 238.976 91.943 238.976
89.557 114.290 122.553 114.290 122.553 241.203 89.557 241.203
86.842 113.311 120.172 113.311 120.172 239.732 86.842 239.732
84.538 114.777 118.168 114.777 118.168 241.177 84.538 241.177
81.795 114.590 115.673 114.590 115.673 240.724 81.795 240.724
79.582 112.970 113.550 112.970 113.550 239.104 79.582 239.104
77.024 111.150 110.909 111.150 110.909 237.544 77.024 237.544
74.277 109.042 108.419 109.042 108.419 234.286 74.277 234.286
71.826 108.849 105.839 108.849 105.839 233.226 71.826 233.226
69.697 108.430 103.704 108.430 103.704 232.225 69.697 232.225
67.747 108.372 101.736 108.372 101.736 231.363 67.747 231.363
65.955 109.500 99.851 109.500 99.851 232.047 65.955 232.047
63.999 109.687 97.649 109.687 97.649 231.774 63.999 231.774
62.455 111.381 95.827 111.381 95.827 233.640 62.455 233.640
60.943 110.039 94.203 110.039 94.203 232.281 60.943 232.281
59.008 111.800 92.118 111.800 92.118 234.016 59.008 234.016
57.389 112.191 90.527 112.191 90.527 234.258 57.389 234.258
55.564 113.358 89.002 113.358 89.002 234.420 55.564 234.420
53.730 113.250 87.293 113.250 87.293 233.707 53.730 233.707
52.698 110.100 87.021 110.100 87.021 229.141 52.698 229.141
53.433 109.268 87.992 109.268 87.992 227.383 53.433 227.383
63.201 107.205 98.237 107.205 98.237 224.055 63.201 224.055
72.661 106.137 107.788 106.137 107.788 221.762 72.661 221.762
82.249 107.754 117.081 107.754 117.081 222.627 82.249 222.627
91.645 106.508 126.478 106.508 126.478 220.628 91.645 220.628
93.097 102.187 127.647 102.187 127.647 215.937 93.097 215.937
102.395 100.148 136.904 100.148 136.904 213.083 102.395 213.083
112.072 100.088 146.405 100.088 146.405 212.253 112.072 212.253
130.175 100.776 164.309 100.776 164.309 212.581 130.175 212.581
139.534 101.463 173.139 101.463 173.139 213.355 139.534 213.355
139.523 102.000 172.945 102.000 172.945 213.429 139.523 213.429
148.584 101.884 182.169 101.884 182.169 212.591 148.584 212.591
166.474 102.744 199.672 102.744 199.672 213.349 166.474 213.349
175.342 103.027 208.822 103.027 208.822 212.737 175.342 212.737
184.096 102.841 217.574 102.841 217.574 212.137 184.096 212.137
201.496 101.870 234.597 101.870 234.597 211.295 201.496 211.295
209.826 100.045 242.963 100.045 242.963 209.455 209.826 209.455
218.275 98.577 251.188 98.577 251.188 208.558 218.275 208.558
226.722 96.966 259.483 96.966 259.483 207.444 226.722 207.444
243.284 113.787 276.148 113.787 276.148 224.017 243.284 224.017
251.012 121.560 284.457 121.560 284.457 230.531 251.012 230.531
258.943 119.522 292.803 119.522 292.803 227.109 258.943 227.109
266.821 116.853 300.675 116.853 300.675 223.867 266.821 223.867
274.527 121.488 308.925 121.488 308.925 226.879 274.527 226.879
282.773 122.986 316.997 122.986 316.997 227.192 282.773 227.192
290.586 124.338 324.803 124.338 324.803 227.851 290.586 227.851
299.148 119.618 333.147 119.618 333.147 222.983 299.148 222.983
307.198 120.963 341.435 120.963 341.435 223.786 307.198 223.786
315.643 122.223 349.903 122.223 349.903 224.680 315.643 224.680
331.593 117.722 365.626 117.722 365.626 220.241 331.593 220.241
339.600 119.480 373.774 119.480 373.774 221.408 339.600 221.408
354.914 121.128 388.980 121.128 388.980 223.062 354.914 223.062
362.340 123.454 396.462 123.454 396.462 224.935 362.340 224.935
370.384 117.840 404.470 117.840 404.470 218.613 370.384 218.613
371.061 113.355 404.753 113.355 404.753 214.330 371.061 214.330
380.190 102.961 413.972 102.961 413.972 202.712 380.190 202.712
389.531 104.050 422.850 104.050 422.850 203.018 389.531 203.018
398.723 102.896 431.416 102.896 431.416 201.872 398.723 201.872
407.845 102.910 440.529 102.910 440.529 200.600 407.845 200.600
417.193 101.419 449.373 101.419 449.373 198.460 417.193 198.460
426.347 100.732 458.328 100.732 458.328 197.496 426.347 197.496
435.693 100.936 467.201 100.936 467.201 197.474 435.693 197.474
444.849 101.497 475.825 101.497 475.825 198.095 444.849 198.095
446.678 103.751 477.641 103.751 477.641 199.792 446.678 199.792
448.029 104.185 478.768 104.185 478.768 200.295 448.029 200.295
448.288 103.468 478.696 103.468 478.696 200.421 448.288 200.421
448.497 104.221 478.781 104.221 478.781 201.651 448.497 201.651
447.305 104.994 477.586 104.994 477.586 202.905 447.305 202.905
445.327 104.398 475.604 104.398 475.604 202.683 445.327 202.683
443.945 104.255 474.102 104.255 474.102 203.477 443.945 203.477
441.234 104.565 471.337 104.565 471.337 204.364 441.234 204.364
438.722 105.610 468.894 105.610 468.894 206.190 438.722 206.190
436.126 105.815 466.384 105.815 466.384 207.115 436.126 207.115
434.075 104.065 464.429 104.065 464.429 206.198 434.075 206.198
431.202 103.453 461.793 103.453 461.793 206.237 431.202 206.237
428.234 102.682 459.114 102.682 459.114 205.298 428.234 205.298
425.876 102.108 457.028 102.108 457.028 204.834 425.876 204.834
423.728 102.848 455.035 102.848 455.035 205.749 423.728 205.749
421.756 102.446 453.053 102.446 453.053 205.743 421.756 205.743
419.770 103.775 451.150 103.775 451.150 207.537 419.770 207.537
417.883 102.195 449.301 102.195 449.301 206.831 417.883 206.831
415.682 103.507 447.091 103.507 447.091 208.708 415.682 208.708
414.069 103.430 445.451 103.430 445.451 209.351 414.069 209.351
411.754 104.978 443.300 104.978 443.300 211.252 411.754 211.252
409.497 106.008 441.191 106.008 441.191 212.744 409.497 212.744
407.258 106.922 439.055 106.922 439.055 214.604 407.258 214.604
404.862 106.451 437.036 106.451 437.036 214.333 404.862 214.333
402.662 105.417 434.854 105.417 434.854 213.952 402.662 213.952
400.779 105.310 433.240 105.310 433.240 214.185 400.779 214.185
398.480 104.693 431.112 104.693 431.112 213.607 398.480 213.607
395.756 103.443 428.545 103.443 428.545 212.450 395.756 212.450
392.909 102.747 425.956 102.747 425.956 211.490 392.909 211.490
390.053 103.944 423.095 103.944 423.095 212.835 390.053 212.835
387.079 104.300 420.307 104.300 420.307 213.248 387.079 213.248
384.756 103.027 418.084 103.027 418.084 211.914 384.756 211.914
382.451 102.821 415.907 102.821 415.907 211.687 382.451 211.687
380.015 104.391 413.512 104.391 413.512 213.507 380.015 213.507
377.998 106.368 411.625 106.368 411.625 215.797 377.998 215.797
375.353 108.032 409.170 108.032 409.170 217.347 375.353 217.347
372.708 108.330 406.408 108.330 406.408 218.193 372.708 218.193
370.474 107.792 404.144 107.792 404.144 218.503 370.474 218.503
368.191 108.832 401.786 108.832 401.786 220.341 368.191 220.341
366.099 108.209 399.790 108.209 399.790 220.361 366.099 220.361
364.677 108.081 398.351 108.081 398.351 220.832 364.677 220.832
362.731 108.130 396.564 108.130 396.564 221.339 362.731 221.339
360.637 105.764 394.455 105.764 394.455 219.757 360.637 219.757
358.418 105.220 392.457 105.220 392.457 219.221 358.418 219.221
355.713 104.572 389.869 104.572 389.869 218.703 355.713 218.703
353.961 105.517 388.125 105.517 388.125 219.804 353.961 219.804
351.843 103.250 386.227 103.250 386.227 217.411 351.843 217.411
349.827 103.938 384.448 103.938 384.448 217.788 349.827 217.788
347.646 101.779 382.142 101.779 382.142 215.804 347.646 215.804
346.120 101.216 380.329 101.216 380.329 215.576 346.120 215.576
343.562 101.480 377.667 101.480 377.667 215.829 343.562 215.829
341.306 104.302 375.090 104.302 375.090 219.365 341.306 219.365
339.400 102.774 372.950 102.774 372.950 218.918 339.400 218.918
337.656 103.235 370.866 103.235 370.866 220.413 337.656 220.413
335.906 103.353 368.921 103.353 368.921 221.400 335.906 221.400
334.002 103.094 367.019 103.094 367.019 221.580 334.002 221.580
331.681 103.336 364.839 103.336 364.839 222.366 331.681 222.366
329.208 103.058 362.816 103.058 362.816 221.933 329.208 221.933
327.382 102.652 361.342 102.652 361.342 221.580 327.382 221.580
324.567 102.964 358.718 102.964 358.718 222.226 324.567 222.226
321.619 102.643 355.830 102.643 355.830 222.055 321.619 222.055
319.237 103.357 353.463 103.357 353.463 222.988 319.237 222.988
317.183 101.879 351.614 101.879 351.614 221.249 317.183 221.249
314.331 102.142 348.855 102.142 348.855 220.886 314.331 220.886
311.735 100.921 346.596 100.921 346.596 218.849 311.735 218.849
309.552 101.052 344.399 101.052 344.399 218.694 309.552 218.694
307.587 102.160 342.160 102.160 342.160 219.987 307.587 219.987
305.273 102.676 339.918 102.676 339.918 220.168 305.273 220.168
303.135 103.554 337.822 103.554 337.822 221.339 303.135 221.339
301.008 103.847 335.646 103.847 335.646 221.818 301.008 221.818
298.794 105.031 333.201 105.031 333.201 223.537 298.794 223.537
296.915 104.859 331.358 104.859 331.358 223.320 296.915 223.320
294.800 106.639 329.291 106.639 329.291 225.087 294.800 225.087
292.481 103.222 326.871 103.222 326.871 222.041 292.481 222.041
290.221 105.519 324.321 105.519 324.321 225.066 290.221 225.066
287.577 104.571 321.916 104.571 321.916 223.994 287.577 223.994
285.100 103.628 319.568 103.628 319.568 222.866 285.100 222.866
282.777 102.212 317.488 102.212 317.488 221.160 282.777 221.160
280.351 103.402 315.306 103.402 315.306 222.019 280.351 222.019
278.382 100.988 313.569 100.988 313.569 219.090 278.382 219.090
276.525 99.134 311.550 99.134 311.550 216.898 276.525 216.898
275.060 97.726 309.918 97.726 309.918 215.181 275.060 215.181
272.870 99.078 307.562 99.078 307.562 216.352 272.870 216.352
270.878 98.713 305.457 98.713 305.457 215.821 270.878 215.821
268.921 100.597 303.194 100.597 303.194 218.075 268.921 218.075
266.356 102.146 300.741 102.146 300.741 219.417 266.356 219.417
263.931 102.594 298.319 102.594 298.319 219.730 263.931 219.730
260.938 101.031 295.606 101.031 295.606 217.957 260.938 217.957
258.657 101.749 293.496 101.749 293.496 218.333 258.657 218.333
256.116 102.749 290.984 102.749 290.984 219.615 256.116 219.615
253.602 103.371 288.493 103.371 288.493 220.475 253.602 220.475
250.763 103.086 285.745 103.086 285.745 219.791 250.763 219.791
248.410 103.921 283.707 103.921 283.707 220.027 248.410 220.027
245.724 104.220 281.054 104.220 281.054 220.389 245.724 220.389
243.076 105.293 278.348 105.293 278.348 221.705 243.076 221.705
241.211 101.523 276.174 101.523 276.174 218.592 241.211 218.592
239.371 101.140 274.323 101.140 274.323 217.777 239.371 217.777
236.790 102.549 271.664 102.549 271.664 219.017 236.790 219.017
234.885 101.295 269.271 101.295 269.271 218.428 234.885 218.428
232.153 101.751 266.377 101.751 266.377 218.944 232.153 218.944
230.131 102.103 264.010 102.103 264.010 219.697 230.131 219.697
228.855 102.719 262.291 102.719 262.291 221.145 228.855 221.145
227.170 104.389 260.415 104.389 260.415 223.692 227.170 223.692
224.098 105.378 257.391 105.378 257.391 224.789 224.098 224.789
221.453 104.372 254.721 104.372 254.721 224.357 221.453 224.357
218.258 105.453 251.806 105.453 251.806 225.659 218.258 225.659
214.985 105.373 248.766 105.373 248.766 225.916 214.985 225.916
212.564 103.614 246.754 103.614 246.754 224.277 212.564 224.277
210.342 104.649 244.910 104.649 244.910 225.719 210.342 225.719
208.985 102.614 243.837 102.614 243.837 224.050 208.985 224.050
206.866 103.762 241.989 103.762 241.989 225.615 206.866 225.615
204.690 100.537 240.091 100.537 240.091 222.096 204.690 222.096
202.557 101.070 238.092 101.070 238.092 222.142 202.557 222.142
200.302 101.174 235.804 101.174 235.804 222.178 200.302 222.178
198.720 101.519 234.439 101.519 234.439 221.935 198.720 221.935
197.065 102.159 232.538 102.159 232.538 222.672 197.065 222.672
194.697 103.428 230.083 103.428 230.083 223.852 194.697 223.852
193.644 103.807 228.763 103.807 228.763 224.424 193.644 224.424
191.973 105.049 226.653 105.049 226.653 226.360 191.973 226.360
189.783 103.634 224.264 103.634 224.264 225.368 189.783 225.368
187.445 105.302 221.887 105.302 221.887 227.338 187.445 227.338
185.235 106.255 219.501 106.255 219.501 228.532 185.235 228.532
182.536 106.222 216.578 106.222 216.578 228.592 182.536 228.592
180.131 106.435 214.352 106.435 214.352 228.693 180.131 228.693
177.517 106.857 211.920 106.857 211.920 229.269 177.517 229.269
175.367 105.803 210.052 105.803 210.052 228.257 175.367 228.257
172.737 105.366 207.562 105.366 207.562 228.040 172.737 228.040
170.956 105.342 206.032 105.342 206.032 228.181 170.956 228.181
168.950 106.929 204.080 106.929 204.080 229.818 168.950 229.818
167.409 108.587 202.169 108.587 202.169 232.003 167.409 232.003
165.695 106.220 200.368 106.220 200.368 229.519 165.695 229.519
163.574 104.669 198.079 104.669 198.079 228.187 163.574 228.187
161.566 102.662 196.116 102.662 196.116 226.081 161.566 226.081
158.962 103.912 193.674 103.912 193.674 226.983 158.962 226.983
157.105 102.288 191.871 102.288 191.871 225.159 157.105 225.159
155.235 104.146 189.990 104.146 189.990 226.897 155.235 226.897
152.886 104.084 187.447 104.084 187.447 227.011 152.886 227.011
150.449 103.745 184.687 103.745 184.687 227.076 150.449 227.076
147.855 105.110 182.154 105.110 182.154 228.410 147.855 228.410
145.260 106.116 179.857 106.116 179.857 228.737 145.260 228.737
143.026 107.727 177.496 107.727 177.496 230.157 143.026 230.157
140.889 108.615 175.455 108.615 175.455 230.635 140.889 230.635
139.735 106.077 173.873 106.077 173.873 228.397 139.735 228.397
137.566 107.172 171.862 107.172 171.862 229.066 137.566 229.066
135.784 105.607 169.621 105.607 169.621 227.785 135.784 227.785
134.024 103.642 167.619 103.642 167.619 225.743 134.024 225.743
132.116 101.354 165.540 101.354 165.540 223.330 132.116 223.330
130.325 102.537 163.463 102.537 163.463 224.706 130.325 224.706
128.746 103.162 161.676 103.162 161.676 225.175 128.746 225.175
127.353 101.783 160.203 101.783 160.203 223.649 127.353 223.649
125.841 102.937 158.313 102.937 158.313 225.290 125.841 225.290
125.838 102.143 158.897 102.143 158.897 223.597 125.838 223.597
136.563 104.340 169.704 104.340 169.704 225.572 136.563 225.572
146.218 103.056 180.069 103.056 180.069 223.334 146.218 223.334
155.628 106.607 189.305 106.607 189.305 227.032 155.628 227.032
164.630 102.496 199.192 102.496 199.192 221.844 164.630 221.844
173.586 104.951 207.907 104.951 207.907 224.397 173.586 224.397
183.093 104.105 217.735 104.105 217.735 223.049 183.093 223.049
192.478 104.970 227.276 104.970 227.276 223.588 192.478 223.588
202.048 104.794 236.702 104.794 236.702 223.394 202.048 223.394
211.566 103.413 246.559 103.413 246.559 221.706 211.566 221.706
214.385 105.182 249.387 105.182 249.387 223.792 214.385 223.792
225.530 103.905 261.080 103.905 261.080 221.781 225.530 221.781
236.292 104.239 271.814 104.239 271.814 221.919 236.292 221.919
247.341 103.106 282.970 103.106 282.970 220.629 247.341 220.629
257.730 101.399 293.087 101.399 293.087 219.206 257.730 219.206
261.124 100.970 296.598 100.970 296.598 218.645 261.124 218.645
272.340 97.431 307.856 97.431 307.856 214.314 272.340 214.314
284.446 101.339 320.019 101.339 320.019 217.757 284.446 217.757
286.445 99.398 321.640 99.398 321.640 216.122 286.445 216.122
286.545 98.242 321.326 98.242 321.326 215.528 286.545 215.528
285.882 98.465 320.305 98.465 320.305 215.863 285.882 215.863
285.013 99.435 319.123 99.435 319.123 217.219 285.013 217.219
283.197 100.707 317.050 100.707 317.050 218.794 283.197 218.794
281.074 99.322 314.855 99.322 314.855 217.314 281.074 217.314
278.875 101.676 312.511 101.676 312.511 219.903 278.875 219.903
277.641 101.384 311.217 101.384 311.217 219.986 277.641 219.986
275.800 100.869 309.389 100.869 309.389 219.432 275.800 219.432
274.032 100.356 307.605 100.356 307.605 218.944 274.032 218.944
272.215 98.671 305.614 98.671 305.614 217.646 272.215 217.646
270.959 98.389 303.974 98.389 303.974 217.837 270.959 217.837
269.704 96.321 302.419 96.321 302.419 215.862 269.704 215.862
267.762 95.848 300.207 95.848 300.207 215.206 267.762 215.206
266.134 95.245 298.288 95.245 298.288 214.453 266.134 214.453
264.406 94.470 296.164 94.470 296.164 213.909 264.406 213.909
256.501 95.814 288.273 95.814 288.273 215.134 256.501 215.134
256.047 98.117 287.587 98.117 287.587 217.379 256.047 217.379
254.933 98.100 286.128 98.100 286.128 217.285 254.933 217.285
253.242 99.723 284.296 99.723 284.296 219.243 253.242 219.243
250.823 99.654 281.955 99.654 281.955 218.659 250.823 218.659
248.837 100.730 279.867 100.730 279.867 219.624 248.837 219.624
238.394 99.234 270.232 99.234 270.232 217.261 238.394 217.261
228.161 97.094 260.599 97.094 260.599 214.296 228.161 214.296
226.857 97.830 259.765 97.830 259.765 213.962 226.857 213.962
216.343 94.574 249.716 94.574 249.716 210.055 216.343 210.055
206.308 91.400 240.427 91.400 240.427 205.541 206.308 205.541
225.184 93.022 259.358 93.022 259.358 206.917 225.184 206.917
226.870 101.491 260.913 101.491 260.913 215.516 226.870 215.516
227.784 102.858 261.918 102.858 261.918 216.406 227.784 216.406
228.029 101.968 262.100 101.968 262.100 215.173 228.029 215.173
227.525 98.092 261.546 98.092 261.546 211.371 227.525 211.371
226.908 96.077 259.852 96.077 259.852 210.995 226.908 210.995
225.291 95.110 258.244 95.110 258.244 210.117 225.291 210.117
224.474 92.796 256.828 92.796 256.828 208.705 224.474 208.705
223.921 96.658 256.222 96.658 256.222 213.479 223.921 213.479
222.340 94.974 254.564 94.974 254.564 212.525 222.340 212.525
221.089 98.035 253.170 98.035 253.170 216.627 221.089 216.627
219.186 98.388 251.060 98.388 251.060 217.287 219.186 217.287
217.609 97.280 249.264 97.280 249.264 217.208 217.609 217.208
216.294 96.431 247.971 96.431 247.971 216.992 216.294 216.992
214.267 96.894 245.950 96.894 245.950 217.948 214.267 217.948
212.336 96.350 243.973 96.350 243.973 217.794 212.336 217.794
210.948 96.302 242.795 96.302 242.795 217.838 210.948 217.838
209.744 95.199 241.289 95.199 241.289 217.176 209.744 217.176
208.394 94.123 239.678 94.123 239.678 216.238 208.394 216.238
207.035 92.557 238.180 92.557 238.180 214.814 207.035 214.814
205.905 94.860 236.830 94.860 236.830 217.226 205.905 217.226
204.492 95.226 235.318 95.226 235.318 217.612 204.492 217.612
202.394 96.241 233.182 96.241 233.182 218.304 202.394 218.304
200.213 93.982 231.073 93.982 231.073 215.653 200.213 215.653
198.876 95.855 229.543 95.855 229.543 218.008 198.876 218.008
196.807 96.546 227.375 96.546 227.375 219.008 196.807 219.008
194.390 96.423 225.047 96.423 225.047 218.657 194.390 218.657
192.204 97.484 223.065 97.484 223.065 219.005 192.204 219.005
189.976 98.905 221.042 98.905 221.042 219.949 189.976 219.949
187.605 98.983 219.096 98.983 219.096 219.233 187.605 219.233
185.173 97.661 216.699 97.661 216.699 218.011 185.173 218.011
182.879 97.684 214.617 97.684 214.617 217.995 182.879 217.995
180.491 95.873 212.475 95.873 212.475 215.903 180.491 215.903
179.053 97.611 211.216 97.611 211.216 217.467 179.053 217.467
178.072 96.966 210.427 96.966 210.427 216.808 178.072 216.808
176.752 97.469 209.215 97.469 209.215 216.952 176.752 216.952
175.453 94.844 207.765 94.844 207.765 214.277 175.453 214.277
173.966 96.038 205.971 96.038 205.971 215.779 173.966 215.779
172.894 95.374 204.603 95.374 204.603 215.366 172.894 215.366
171.543 98.074 203.025 98.074 203.025 217.885 171.543 217.885
170.010 96.790 201.493 96.790 201.493 216.406 170.010 216.406
168.761 95.559 200.190 95.559 200.190 215.454 168.761 215.454
167.163 97.621 198.576 97.621 198.576 217.224 167.163 217.224
165.168 97.969 196.454 97.969 196.454 217.561 165.168 217.561
163.813 97.920 195.131 97.920 195.131 217.230 163.813 217.230
162.441 97.856 193.574 97.856 193.574 217.131 162.441 217.131
161.511 96.493 192.535 96.493 192.535 215.857 161.511 215.857
160.591 95.870 191.596 95.870 191.596 215.042 160.591 215.042
159.228 95.396 190.383 95.396 190.383 214.273 159.228 214.273
157.970 93.565 189.227 93.565 189.227 211.723 157.970 211.723
156.748 94.437 188.095 94.437 188.095 212.076 156.748 212.076
155.059 94.117 186.571 94.117 186.571 210.823 155.059 210.823
153.857 93.998 185.558 93.998 185.558 209.843 153.857 209.843
