385.000 273.000 407.000 273.000 407.000 332.000 385.000 332.000
385.780 274.506 407.773 274.506 407.773 333.231 385.780 333.231
385.985 274.882 408.012 274.882 408.012 333.591 385.985 333.591
385.493 275.705 407.595 275.705 407.595 334.336 385.493 334.336
386.623 275.044 408.745 275.044 408.745 333.622 386.623 333.622
386.331 276.172 408.503 276.172 408.503 334.819 386.331 334.819
387.521 275.962 409.658 275.962 409.658 334.621 387.521 334.621
387.720 276.615 409.911 276.615 409.911 335.008 387.720 335.008
388.525 276.930 410.834 276.930 410.834 334.947 388.525 334.947
390.027 277.227 412.319 277.227 412.319 335.251 390.027 335.251
390.036 276.667 412.423 276.667 412.423 334.357 390.036 334.357
390.441 275.675 413.122 275.675 413.122 332.858 390.441 332.858
390.941 276.955 413.610 276.955 413.610 334.000 390.941 334.000
391.144 276.608 413.844 276.608 413.844 333.612 391.144 333.612
391.263 276.375 413.967 276.375 413.967 333.032 391.263 333.032
391.864 276.784 414.436 276.784 414.436 333.322 391.864 333.322
391.491 277.295 413.878 277.295 413.878 333.730 391.491 333.730
391.704 276.760 413.906 276.760 413.906 333.466 391.704 333.466
392.046 276.086 414.023 276.086 414.023 332.910 392.046 332.910
392.476 276.038 414.379 276.038 414.379 332.640 392.476 332.640
392.495 277.125 414.479 277.125 414.479 333.445 392.495 333.445
392.409 277.838 414.266 277.838 414.266 334.126 392.409 334.126
392.258 277.316 414.025 277.316 414.025 333.470 392.258 333.470
392.867 277.067 414.681 277.067 414.681 333.039 392.867 333.039
392.364 276.461 414.343 276.461 414.343 332.171 392.364 332.171
392.964 276.774 414.798 276.774 414.798 332.489 392.964 332.489
392.127 276.963 414.161 276.963 414.161 332.148 392.127 332.148
391.985 277.218 413.975 277.218 413.975 332.336 391.985 332.336
392.112 278.119 414.007 278.119 414.007 333.413 392.112 333.413
391.917 276.717 413.423 276.717 413.423 332.363 391.917 332.363
392.075 276.671 413.394 276.671 413.394 332.455 392.075 332.455
392.081 275.998 413.133 275.998 413.133 332.296 392.081 332.296
392.203 276.057 413.127 276.057 413.127 332.564 392.203 332.564
392.209 276.531 413.135 276.531 413.135 332.805 392.209 332.805
392.712 277.215 413.681 277.215 413.681 333.316 392.712 333.316
392.870 277.339 413.759 277.339 413.759 333.468 392.870 333.468
393.517 278.947 414.473 278.947 414.473 335.096 393.517 335.096
393.308 278.897 414.555 278.897 414.555 334.723 393.308 334.723
393.338 278.474 414.769 278.474 414.769 334.030 393.338 334.030
393.630 279.052 415.147 279.052 415.147 334.595 393.630 334.595
393.881 279.249 415.361 279.249 415.361 334.872 393.881 334.872
394.605 279.862 416.240 279.862 416.240 335.446 394.605 335.446
394.450 279.782 416.061 279.782 416.061 335.631 394.450 335.631
394.080 280.511 415.747 280.511 415.747 336.420 394.080 336.420
394.193 279.668 415.748 279.668 415.748 335.839 394.193 335.839
394.261 279.497 415.823 279.497 415.823 336.028 394.261 336.028
394.113 279.267 415.747 279.267 415.747 335.670 394.113 335.670
393.745 279.306 415.339 279.306 415.339 335.849 393.745 335.849
394.066 278.849 415.725 278.849 415.725 335.344 394.066 335.344
393.902 280.292 415.595 280.292 415.595 336.697 393.902 336.697
393.673 279.357 415.368 279.357 415.368 335.938 393.673 335.938
393.796 279.046 415.509 279.046 415.509 335.826 393.796 335.826
393.889 279.871 415.615 279.871 415.615 336.826 393.889 336.826
393.347 279.175 415.118 279.175 415.118 336.258 393.347 336.258
393.764 280.079 415.699 280.079 415.699 337.420 393.764 337.420
393.964 279.538 415.928 279.538 415.928 337.179 393.964 337.179
393.814 279.446 415.825 279.446 415.825 337.177 393.814 337.177
393.847 279.914 415.868 279.914 415.868 337.876 393.847 337.876
393.925 279.873 416.030 279.873 416.030 337.840 393.925 337.840
394.231 279.966 416.415 279.966 416.415 337.813 394.231 337.813
394.561 280.442 416.709 280.442 416.709 338.171 394.561 338.171
394.991 281.521 417.140 281.521 417.140 339.115 394.991 339.115
395.788 281.047 417.950 281.047 417.950 338.550 395.788 338.550
396.327 281.408 418.481 281.408 418.481 339.021 396.327 339.021
397.476 280.687 419.619 280.687 419.619 338.341 397.476 338.341
397.188 280.016 419.345 280.016 419.345 337.504 397.188 337.504
397.793 279.443 419.844 279.443 419.844 337.380 397.793 337.380
397.766 279.245 419.722 279.245 419.722 337.644 397.766 337.644
398.522 279.842 420.383 279.842 420.383 338.630 398.522 338.630
398.777 278.766 420.553 278.766 420.553 337.835 398.777 337.835
399.216 279.662 420.897 279.662 420.897 339.198 399.216 339.198
399.596 279.721 421.237 279.721 421.237 339.445 399.596 339.445
400.123 280.518 421.842 280.518 421.842 340.242 400.123 340.242
400.424 278.966 422.181 278.966 422.181 338.710 400.424 338.710
400.017 280.543 421.755 280.543 421.755 340.299 400.017 340.299
401.326 280.312 422.948 280.312 422.948 340.251 401.326 340.251
400.572 280.863 422.365 280.863 422.365 340.899 400.572 340.899
400.924 280.407 422.679 280.407 422.679 340.921 400.924 340.921
402.222 280.934 424.012 280.934 424.012 341.655 402.222 341.655
401.846 279.886 423.612 279.886 423.612 340.934 401.846 340.934
401.750 281.117 423.478 281.117 423.478 342.627 401.750 342.627
401.688 280.007 423.363 280.007 423.363 341.962 401.688 341.962
401.927 280.721 423.716 280.721 423.716 343.006 401.927 343.006
402.122 280.981 424.015 280.981 424.015 343.428 402.122 343.428
403.042 280.529 425.060 280.529 425.060 343.255 403.042 343.255
403.015 280.930 425.066 280.930 425.066 344.019 403.015 344.019
403.408 280.303 425.423 280.303 425.423 343.704 403.408 343.704
404.275 281.047 426.208 281.047 426.208 344.564 404.275 344.564
404.108 280.967 426.025 280.967 426.025 344.491 404.108 344.491
404.495 279.892 426.380 279.892 426.380 343.469 404.495 343.469
404.729 279.168 426.562 279.168 426.562 342.788 404.729 342.788
404.840 279.078 426.644 279.078 426.644 342.784 404.840 342.784
404.990 280.458 426.779 280.458 426.779 344.411 404.990 344.411
404.635 280.004 426.488 280.004 426.488 343.689 404.635 343.689
404.303 280.478 426.039 280.478 426.039 344.310 404.303 344.310
403.550 280.070 425.113 280.070 425.113 344.140 403.550 344.140
403.338 280.483 424.887 280.483 424.887 344.405 403.338 344.405
403.696 280.992 425.108 280.992 425.108 344.955 403.696 344.955
403.121 281.172 424.620 281.172 424.620 344.873 403.121 344.873
402.598 281.618 424.067 281.618 424.067 345.101 402.598 345.101
401.953 281.042 423.463 281.042 423.463 343.895 401.953 343.895
401.822 283.423 423.540 283.423 423.540 345.646 401.822 345.646
401.316 282.136 423.023 282.136 423.023 343.778 401.316 343.778
400.886 284.510 422.566 284.510 422.566 345.706 400.886 345.706
400.480 283.817 422.196 283.817 422.196 344.477 400.480 344.477
400.323 282.901 421.966 282.901 421.966 342.924 400.323 342.924
399.621 284.016 421.347 284.016 421.347 343.722 399.621 343.722
399.181 284.595 421.017 284.595 421.017 343.600 399.181 343.600
399.487 284.626 421.310 284.626 421.310 343.382 399.487 343.382
398.908 284.667 420.972 284.667 420.972 342.762 398.908 342.762
398.682 285.785 420.718 285.785 420.718 343.547 398.682 343.547
398.759 284.691 420.609 284.691 420.609 342.426 398.759 342.426
398.018 286.167 419.748 286.167 419.748 343.561 398.018 343.561
397.522 287.848 419.229 287.848 419.229 344.976 397.522 344.976
397.449 288.243 419.051 288.243 419.051 345.188 397.449 345.188
396.516 288.063 418.057 288.063 418.057 344.739 396.516 344.739
396.117 289.438 417.595 289.438 417.595 346.189 396.117 346.189
396.572 289.668 418.066 289.668 418.066 346.386 396.572 346.386
397.504 287.075 418.817 287.075 418.817 344.037 397.504 344.037
398.170 288.061 419.424 288.061 419.424 345.268 398.170 345.268
398.802 288.443 420.081 288.443 420.081 345.339 398.802 345.339
398.992 288.033 420.046 288.033 420.046 344.741 398.992 344.741
399.122 287.719 420.148 287.719 420.148 344.055 399.122 344.055
399.099 287.903 420.068 287.903 420.068 343.847 399.099 343.847
397.821 287.549 418.727 287.549 418.727 343.262 397.821 343.262
397.708 287.971 418.632 287.971 418.632 343.671 397.708 343.671
397.191 287.588 418.066 287.588 418.066 343.515 397.191 343.515
397.303 287.490 418.112 287.490 418.112 343.405 397.303 343.405
397.633 285.428 417.954 285.428 417.954 342.006 397.633 342.006
397.924 285.040 418.010 285.040 418.010 342.038 397.924 342.038
398.418 283.192 418.097 283.192 418.097 340.843 398.418 340.843
399.863 283.572 419.462 283.572 419.462 341.733 399.863 341.733
401.502 283.698 421.202 283.698 421.202 342.100 401.502 342.100
417.701 284.627 437.490 284.627 437.490 342.860 417.701 342.860
417.778 287.709 437.788 287.709 437.788 345.555 417.778 345.555
417.379 288.051 437.700 288.051 437.700 345.383 417.379 345.383
412.963 288.722 433.865 288.722 433.865 346.058 412.963 346.058
413.023 288.904 434.659 288.904 434.659 345.923 413.023 345.923
413.174 289.358 435.326 289.358 435.326 346.113 413.174 346.113
413.492 288.327 436.121 288.327 436.121 345.127 413.492 345.127
413.699 289.043 436.467 289.043 436.467 346.364 413.699 346.364
414.365 288.077 437.190 288.077 437.190 345.996 414.365 345.996
414.226 288.861 437.386 288.861 437.386 346.980 414.226 346.980
415.224 289.301 438.403 289.301 438.403 348.169 415.224 348.169
415.906 288.565 439.143 288.565 439.143 348.003 415.906 348.003
416.166 288.366 439.441 288.366 439.441 348.494 416.166 348.494
416.718 285.058 439.878 285.058 439.878 346.131 416.718 346.131
434.732 283.600 457.719 283.600 457.719 345.059 434.732 345.059
436.427 281.819 459.382 281.819 459.382 344.059 436.427 344.059
438.082 281.776 460.866 281.776 460.866 345.125 438.082 345.125
439.038 281.350 461.884 281.350 461.884 345.305 439.038 345.305
439.623 281.013 462.730 281.013 462.730 345.232 439.623 345.232
439.560 279.997 462.829 279.997 462.829 344.542 439.560 344.542
440.332 281.041 463.890 281.041 463.890 345.874 440.332 345.874
440.641 280.770 464.512 280.770 464.512 345.625 440.641 345.625
441.469 280.561 465.405 280.561 465.405 345.722 441.469 345.722
442.099 280.627 466.360 280.627 466.360 345.688 442.099 345.688
441.913 280.851 466.514 280.851 466.514 345.684 441.913 345.684
441.189 280.066 466.065 280.066 466.065 344.741 441.189 344.741
440.867 279.593 465.965 279.593 465.965 344.094 440.867 344.094
441.349 279.744 466.293 279.744 466.293 344.308 441.349 344.308
442.625 279.713 467.610 279.713 467.610 344.342 442.625 344.342
443.220 279.620 468.020 279.620 468.020 344.651 443.220 344.651
443.542 278.532 468.234 278.532 468.234 344.096 443.542 344.096
443.730 277.057 468.234 277.057 468.234 343.482 443.730 343.482
444.081 279.118 468.778 279.118 468.778 345.542 444.081 345.542
444.381 277.502 468.992 277.502 468.992 344.517 444.381 344.517
444.914 277.052 469.447 277.052 469.447 344.556 444.914 344.556
445.554 275.678 470.139 275.678 470.139 343.888 445.554 343.888
445.933 274.634 470.655 274.634 470.655 343.463 445.933 343.463
445.902 274.918 470.718 274.918 470.718 344.476 445.902 344.476
446.013 275.199 471.198 275.199 471.198 345.201 446.013 345.201
446.197 274.878 471.483 274.878 471.483 345.659 446.197 345.659
446.713 274.212 472.211 274.212 472.211 345.527 446.713 345.527
447.392 273.124 472.956 273.124 472.956 344.859 447.392 344.859
447.466 271.930 473.080 271.930 473.080 344.070 447.466 344.070
443.283 275.579 469.028 275.579 469.028 347.652 443.283 347.652
455.342 268.381 481.125 268.381 481.125 340.878 455.342 340.878
456.030 269.651 481.966 269.651 481.966 342.582 456.030 342.582
455.782 270.479 481.901 270.479 481.901 343.769 455.782 343.769
455.124 271.793 481.668 271.793 481.668 344.822 455.124 344.822
454.444 272.312 481.168 272.312 481.168 345.512 454.444 345.512
460.704 266.379 487.386 266.379 487.386 339.727 460.704 339.727
461.632 262.589 488.357 262.589 488.357 335.814 461.632 335.814
462.009 262.760 488.613 262.760 488.613 336.116 462.009 336.116
462.919 257.890 489.297 257.890 489.297 331.259 462.919 331.259
456.436 270.249 482.772 270.249 482.772 344.153 456.436 344.153
462.962 263.088 489.103 263.088 489.103 337.309 462.962 337.309
450.698 275.032 477.200 275.032 477.200 349.264 450.698 349.264
450.569 275.262 477.433 275.262 477.433 349.221 450.569 349.221
450.991 275.644 478.272 275.644 478.272 348.989 450.991 348.989
451.267 276.246 479.048 276.246 479.048 348.947 451.267 348.947
457.333 270.911 485.042 270.911 485.042 343.685 457.333 343.685
450.431 277.751 478.823 277.751 478.823 349.737 450.431 349.737
449.834 277.362 478.567 277.362 478.567 348.916 449.834 348.916
444.598 277.636 473.209 277.636 473.209 349.157 444.598 349.157
444.808 278.083 473.388 278.083 473.388 349.597 444.808 349.597
445.237 279.173 473.811 279.173 473.811 350.687 445.237 350.687
445.645 279.954 474.264 279.954 474.264 351.044 445.645 351.044
445.534 279.971 474.108 279.971 474.108 350.917 445.534 350.917
445.390 281.274 473.921 281.274 473.921 352.154 445.390 352.154
444.926 282.041 473.443 282.041 473.443 352.843 444.926 352.843
443.995 281.430 472.336 281.430 472.336 352.287 443.995 352.287
444.059 281.585 472.329 281.585 472.329 352.457 444.059 352.457
444.353 281.601 472.447 281.601 472.447 352.422 444.353 352.422
444.729 282.365 472.757 282.365 472.757 353.544 444.729 353.544
445.356 283.392 473.146 283.392 473.146 354.610 445.356 354.610
445.576 282.118 473.387 282.118 473.387 353.011 445.576 353.011
445.396 283.389 472.986 283.389 472.986 354.347 445.396 354.347
445.183 282.602 472.343 282.602 472.343 353.973 445.183 353.973
445.158 281.394 472.204 281.394 472.204 352.704 445.158 352.704
444.946 281.070 471.841 281.070 471.841 352.464 444.946 352.464
444.752 280.650 471.547 280.650 471.547 352.045 444.752 352.045
444.016 281.244 470.835 281.244 470.835 352.621 444.016 352.621
443.884 281.440 470.752 281.440 470.752 352.766 443.884 352.766
443.128 280.959 469.947 280.959 469.947 352.479 443.128 352.479
442.756 280.377 469.648 280.377 469.648 351.733 442.756 351.733
442.969 281.717 469.948 281.717 469.948 353.239 442.969 353.239
442.150 281.266 469.220 281.266 469.220 352.642 442.150 352.642
442.240 281.301 469.306 281.301 469.306 352.921 442.240 352.921
441.989 280.115 469.107 280.115 469.107 351.997 441.989 351.997
441.466 279.874 468.227 279.874 468.227 352.356 441.466 352.356
441.463 278.736 468.138 278.736 468.138 351.288 441.463 351.288
440.974 278.676 467.588 278.676 467.588 351.691 440.974 351.691
440.117 279.302 466.986 279.302 466.986 352.359 440.117 352.359
440.839 278.559 467.746 278.559 467.746 352.061 440.839 352.061
441.065 281.787 467.815 281.787 467.815 354.894 441.065 354.894
441.334 281.580 467.846 281.580 467.846 354.862 441.334 354.862
441.499 281.462 468.016 281.462 468.016 354.423 441.499 354.423
441.967 281.966 468.379 281.966 468.379 354.902 441.967 354.902
442.198 283.155 468.726 283.155 468.726 355.961 442.198 355.961
443.064 283.458 469.608 283.458 469.608 355.898 443.064 355.898
443.266 283.756 469.897 283.756 469.897 355.881 443.266 355.881
444.279 285.217 470.853 285.217 470.853 357.041 444.279 357.041
444.964 284.278 471.561 284.278 471.561 355.326 444.964 355.326
445.013 285.839 471.695 285.839 471.695 356.190 445.013 356.190
445.450 282.024 472.021 282.024 472.021 352.597 445.450 352.597
445.519 285.187 472.261 285.187 472.261 355.424 445.519 355.424
445.707 287.061 472.726 287.061 472.726 356.506 445.707 356.506
445.557 286.146 472.622 286.146 472.622 355.101 445.557 355.101
445.607 286.504 472.851 286.504 472.851 354.829 445.607 354.829
445.780 288.190 472.985 288.190 472.985 356.272 445.780 356.272
445.929 285.611 473.357 285.611 473.357 353.145 445.929 353.145
446.389 287.838 473.717 287.838 473.717 354.956 446.389 354.956
446.744 289.595 473.706 289.595 473.706 356.940 446.744 356.940
447.125 289.140 473.778 289.140 473.778 356.544 447.125 356.544
448.300 288.869 474.679 288.869 474.679 356.212 448.300 356.212
444.113 288.958 470.465 288.958 470.465 356.292 444.113 356.292
445.943 289.161 472.238 289.161 472.238 356.574 445.943 356.574
446.515 290.782 472.917 290.782 472.917 357.748 446.515 357.748
440.684 290.023 467.261 290.023 467.261 356.458 440.684 356.458
435.401 290.215 461.761 290.215 461.761 356.929 435.401 356.929
430.194 289.434 456.637 289.434 456.637 355.648 430.194 355.648
429.649 289.978 455.954 289.978 455.954 356.262 429.649 356.262
423.348 291.615 449.985 291.615 449.985 357.037 423.348 357.037
417.617 292.361 444.151 292.361 444.151 357.664 417.617 357.664
416.051 291.708 442.451 291.708 442.451 356.695 416.051 356.695
410.225 293.206 436.451 293.206 436.451 358.225 410.225 358.225
404.818 292.690 430.643 292.690 430.643 358.230 404.818 358.230
405.588 292.658 430.991 292.658 430.991 359.025 405.588 359.025
405.993 293.758 431.240 293.758 431.240 360.453 405.993 360.453
405.984 293.446 431.468 293.446 431.468 359.612 405.984 359.612
405.435 293.800 431.097 293.800 431.097 360.060 405.435 360.060
405.126 294.513 430.982 294.513 430.982 360.909 405.126 360.909
405.339 294.915 431.249 294.915 431.249 361.291 405.339 361.291
405.756 294.638 431.621 294.638 431.621 361.189 405.756 361.189
405.199 293.433 431.099 293.433 431.099 360.429 405.199 360.429
405.675 293.903 431.713 293.903 431.713 361.070 405.675 361.070
405.247 293.690 431.361 293.690 431.361 361.246 405.247 361.246
405.284 294.487 431.546 294.487 431.546 362.253 405.284 362.253
404.971 294.337 431.255 294.337 431.255 362.284 404.971 362.284
404.928 294.331 431.200 294.331 431.200 362.588 404.928 362.588
405.066 294.972 431.449 294.972 431.449 363.268 405.066 363.268
404.823 294.978 431.217 294.978 431.217 363.362 404.823 363.362
404.283 294.612 430.822 294.612 430.822 362.626 404.283 362.626
404.459 294.353 431.068 294.353 431.068 362.432 404.459 362.432
404.439 295.059 431.038 295.059 431.038 363.421 404.439 363.421
404.461 296.045 430.967 296.045 430.967 365.017 404.461 365.017
405.002 294.763 431.402 294.763 431.402 364.054 405.002 364.054
400.312 293.280 426.346 293.280 426.346 363.116 400.312 363.116
394.795 291.343 419.944 291.343 419.944 361.876 394.795 361.876
394.720 289.788 419.312 289.788 419.312 361.020 394.720 361.020
393.891 283.637 418.011 283.637 418.011 355.821 393.891 355.821
394.337 283.008 417.900 283.008 417.900 355.877 394.337 355.877
393.997 282.334 417.354 282.334 417.354 355.209 393.997 355.209
398.588 288.286 421.929 288.286 421.929 361.029 398.588 361.029
397.240 288.847 420.545 288.847 420.545 361.223 397.240 361.223
396.209 289.007 419.485 289.007 419.485 360.919 396.209 360.919
395.358 290.026 418.787 290.026 418.787 361.092 395.358 361.092
395.625 290.134 419.229 290.134 419.229 360.427 395.625 360.427
396.806 291.251 420.612 291.251 420.612 360.420 396.806 360.420
396.652 292.151 420.300 292.151 420.300 360.913 396.652 360.913
396.715 292.607 420.143 292.607 420.143 361.054 396.715 361.054
397.306 293.552 420.529 293.552 420.529 361.746 397.306 361.746
397.293 294.547 420.369 294.547 420.369 362.394 397.293 362.394
396.486 295.273 419.444 295.273 419.444 362.644 396.486 362.644
395.357 295.684 418.323 295.684 418.323 362.412 395.357 362.412
395.595 295.235 418.641 295.235 418.641 361.900 395.595 361.900
396.144 296.229 419.483 296.229 419.483 362.242 396.144 362.242
396.196 297.069 419.812 297.069 419.812 362.454 396.196 362.454
396.485 297.952 420.117 297.952 420.117 362.929 396.485 362.929
396.580 298.975 420.229 298.975 420.229 363.638 396.580 363.638
396.383 299.738 420.313 299.738 420.313 363.981 396.383 363.981
396.480 300.558 420.589 300.558 420.589 364.809 396.480 364.809
391.843 299.138 416.006 299.138 416.006 363.426 391.843 363.426
392.240 294.623 416.550 294.623 416.550 359.152 392.240 359.152
392.853 295.050 417.129 295.050 417.129 360.010 392.853 360.010
393.888 294.639 418.080 294.639 418.080 359.817 393.888 359.817
394.755 294.345 418.977 294.345 418.977 359.712 394.755 359.712
395.547 294.348 419.659 294.348 419.659 359.828 395.547 359.828
396.317 295.495 420.307 295.495 420.307 361.103 396.317 361.103
397.481 297.591 421.888 297.591 421.888 362.905 397.481 362.905
398.207 298.823 422.771 298.823 422.771 364.261 398.207 364.261
399.443 298.644 423.692 298.644 423.692 364.582 399.443 364.582
400.188 298.655 424.098 298.655 424.098 364.936 400.188 364.936
400.258 301.972 424.086 301.972 424.086 368.336 400.258 368.336
399.748 301.910 423.631 301.910 423.631 368.185 399.748 368.185
399.094 297.456 422.746 297.456 422.746 364.184 399.094 364.184
399.181 298.561 422.732 298.561 422.732 365.508 399.181 365.508
399.057 299.311 422.642 299.311 422.642 366.326 399.057 366.326
398.562 299.447 422.376 299.447 422.376 366.305 398.562 366.305
398.612 299.029 422.817 299.029 422.817 365.551 398.612 365.551
398.097 301.155 422.392 301.155 422.392 367.716 398.097 367.716
398.590 296.911 422.854 296.911 422.854 363.379 398.590 363.379
398.783 301.472 423.308 301.472 423.308 367.703 398.783 367.703
399.615 296.491 424.246 296.491 424.246 362.418 399.615 362.418
399.419 302.610 424.069 302.610 424.069 368.923 399.419 368.923
399.849 302.274 424.500 302.274 424.500 368.839 399.849 368.839
400.465 301.282 425.125 301.282 425.125 367.849 400.465 367.849
400.917 300.951 425.525 300.951 425.525 367.683 400.917 367.683
401.573 305.049 426.426 305.049 426.426 371.664 401.573 371.664
402.509 304.388 427.622 304.388 427.622 371.070 402.509 371.070
407.750 303.400 432.816 303.400 432.816 370.412 407.750 370.412
407.474 302.735 432.472 302.735 432.472 370.192 407.474 370.192
407.980 301.735 432.893 301.735 432.893 369.432 407.980 369.432
408.828 304.276 433.812 304.276 433.812 372.337 408.828 372.337
409.320 300.015 434.410 300.015 434.410 368.562 409.320 368.562
409.736 297.732 434.908 297.732 434.908 366.570 409.736 366.570
410.549 291.588 435.897 291.588 435.897 360.477 410.549 360.477
415.735 289.938 441.138 289.938 441.138 358.894 415.735 358.894
415.080 286.146 440.809 286.146 440.809 354.552 415.080 354.552
415.464 278.269 441.123 278.269 441.123 346.678 415.464 346.678
416.464 277.733 441.967 277.733 441.967 346.223 416.464 346.223
422.281 274.212 447.416 274.212 447.416 343.190 422.281 343.190
441.975 271.692 467.066 271.692 467.066 341.752 441.975 341.752
443.124 268.542 468.431 268.542 468.431 339.092 443.124 339.092
443.739 265.983 469.150 265.983 469.150 337.003 443.739 337.003
444.292 266.416 469.680 266.416 469.680 337.697 444.292 337.697
444.691 266.382 470.073 266.382 470.073 337.728 444.691 337.728
444.455 265.881 470.002 265.881 470.002 337.137 444.455 337.137
444.732 265.308 470.140 265.308 470.140 337.032 444.732 337.032
445.139 264.917 470.626 264.917 470.626 336.833 445.139 336.833
445.470 266.497 471.013 266.497 471.013 338.967 445.470 338.967
445.671 267.887 471.321 267.887 471.321 340.878 445.671 340.878
446.689 263.606 472.604 263.606 472.604 336.837 446.689 336.837
447.388 261.609 473.594 261.609 473.594 334.623 447.388 334.623
448.058 258.579 474.479 258.579 474.479 331.458 448.058 331.458
448.624 254.627 475.123 254.627 475.123 327.480 448.624 327.480
449.026 253.968 475.745 253.968 475.745 326.397 449.026 326.397
449.656 251.449 476.587 251.449 476.587 323.646 449.656 323.646
450.554 251.077 477.562 251.077 477.562 323.117 450.554 323.117
450.518 251.276 477.713 251.276 477.713 323.250 450.518 323.250
451.547 250.056 478.614 250.056 478.614 322.462 451.547 322.462
452.032 250.194 479.154 250.194 479.154 322.813 452.032 322.813
452.446 251.131 479.596 251.131 479.596 323.764 452.446 323.764
453.048 250.088 480.290 250.088 480.290 322.729 453.048 322.729
453.892 249.200 481.060 249.200 481.060 321.854 453.892 321.854
454.598 249.878 481.691 249.878 481.691 322.652 454.598 322.652
455.054 252.600 482.194 252.600 482.194 324.882 455.054 324.882
456.061 252.260 483.240 252.260 483.240 324.403 456.061 324.403
456.655 250.864 483.706 250.864 483.706 323.032 456.655 323.032
457.177 251.630 484.143 251.630 484.143 323.688 457.177 323.688
457.709 250.489 484.582 250.489 484.582 322.475 457.709 322.475
459.231 251.240 485.934 251.240 485.934 323.698 459.231 323.698
459.295 250.917 485.999 250.917 485.999 323.484 459.295 323.484
459.972 251.401 486.651 251.401 486.651 324.161 459.972 324.161
460.771 253.682 487.740 253.682 487.740 325.916 460.771 325.916
461.568 253.799 488.614 253.799 488.614 326.130 461.568 326.130
462.480 254.597 489.474 254.597 489.474 327.244 462.480 327.244
463.666 255.433 490.612 255.433 490.612 328.310 463.666 328.310
464.310 254.587 491.263 254.587 491.263 327.638 464.310 327.638
464.847 250.314 491.583 250.314 491.583 323.696 464.847 323.696
466.071 252.821 492.834 252.821 492.834 326.313 466.071 326.313
467.683 254.051 494.422 254.051 494.422 327.619 467.683 327.619
469.275 254.579 495.969 254.579 495.969 328.288 469.275 328.288
469.995 255.367 496.757 255.367 496.757 329.275 469.995 329.275
470.816 254.774 497.647 254.774 497.647 328.798 470.816 328.798
472.264 254.251 499.090 254.251 499.090 328.679 472.264 328.679
473.277 255.428 500.205 255.428 500.205 330.216 473.277 330.216
473.815 255.522 500.863 255.522 500.863 330.646 473.815 330.646
474.186 254.309 501.295 254.309 501.295 329.708 474.186 329.708
474.946 253.159 502.088 253.159 502.088 328.762 474.946 328.762
475.008 254.419 502.254 254.419 502.254 330.232 475.008 330.232
475.647 255.629 503.152 255.629 503.152 331.230 475.647 331.230
476.398 255.284 504.049 255.284 504.049 330.743 476.398 330.743
476.988 255.205 504.762 255.205 504.762 330.445 476.988 330.445
476.736 255.278 504.717 255.278 504.717 330.180 476.736 330.180
477.183 255.157 505.290 255.157 505.290 329.524 477.183 329.524
478.869 254.719 506.980 254.719 506.980 329.158 478.869 329.158
480.176 255.031 508.199 255.031 508.199 329.993 480.176 329.993
480.707 255.083 508.641 255.083 508.641 330.363 480.707 330.363
481.417 255.551 509.291 255.551 509.291 331.372 481.417 331.372
481.838 256.711 509.691 256.711 509.691 333.102 481.838 333.102
482.155 256.694 510.207 256.694 510.207 333.053 482.155 333.053
482.890 256.289 511.067 256.289 511.067 332.503 482.890 332.503
487.516 255.739 515.806 255.739 515.806 331.715 487.516 331.715
486.976 256.212 515.396 256.212 515.396 332.024 486.976 332.024
486.767 256.384 515.188 256.384 515.188 331.978 486.767 331.978
486.476 253.656 514.827 253.656 514.827 329.322 486.476 329.322
491.671 255.245 520.017 255.245 520.017 330.804 491.671 330.804
491.207 256.582 519.609 256.582 519.609 331.779 491.207 331.779
491.548 257.328 519.919 257.328 519.919 332.304 491.548 332.304
492.509 257.268 520.727 257.268 520.727 332.375 492.509 332.375
492.719 258.451 520.851 258.451 520.851 333.700 492.719 333.700
497.098 257.814 525.186 257.814 525.186 332.954 497.098 332.954
495.686 258.024 523.830 258.024 523.830 333.151 495.686 333.151
494.946 258.805 523.124 258.805 523.124 333.865 494.946 333.865
494.817 258.502 523.195 258.502 523.195 333.319 494.817 333.319
495.209 259.167 523.604 259.167 523.604 333.891 495.209 333.891
495.479 259.430 523.892 259.430 523.892 333.994 495.479 333.994
496.194 258.562 524.572 258.562 524.572 333.079 496.194 333.079
500.303 258.427 528.687 258.427 528.687 332.662 500.303 332.662
498.980 258.866 527.360 258.866 527.360 332.665 498.980 332.665
498.247 260.461 526.615 260.461 526.615 334.191 498.247 334.191
498.403 260.456 526.743 260.456 526.743 334.129 498.403 334.129
498.951 261.505 527.244 261.505 527.244 335.200 498.951 335.200
499.041 261.776 527.277 261.776 527.277 335.478 499.041 335.478
503.207 262.446 531.499 262.446 531.499 335.826 503.207 335.826
501.280 262.868 529.543 262.868 529.543 336.245 501.280 336.245
501.025 259.997 529.312 259.997 529.312 333.073 501.025 333.073
501.083 261.483 529.360 261.483 529.360 334.534 501.083 334.534
501.403 262.272 529.611 262.272 529.611 335.339 501.403 335.339
501.881 259.186 530.073 259.186 530.073 332.030 501.881 332.030
506.600 261.149 534.778 261.149 534.778 333.765 506.600 333.765
505.468 262.994 533.569 262.994 533.569 335.642 505.468 335.642
504.898 263.533 532.988 263.533 532.988 336.225 504.898 336.225
509.142 263.323 537.199 263.323 537.199 335.893 509.142 335.893
507.968 263.160 535.985 263.160 535.985 335.724 507.968 335.724
507.381 264.212 535.354 264.212 535.354 336.793 507.381 336.793
507.147 265.709 535.090 265.709 535.090 338.226 507.147 338.226
506.685 269.992 534.592 269.992 534.592 342.434 506.685 342.434
507.185 263.976 535.071 263.976 535.071 336.442 507.185 336.442
511.974 264.557 539.876 264.557 539.876 336.853 511.974 336.853
461.951 261.446 489.747 261.446 489.747 333.380 461.951 333.380
461.830 262.406 489.363 262.406 489.363 334.320 461.830 334.320
461.669 262.104 489.040 262.104 489.040 334.499 461.669 334.499
461.673 263.879 489.083 263.879 489.083 336.280 461.673 336.280
461.753 266.239 489.306 266.239 489.306 338.572 461.753 338.572
462.454 266.523 490.102 266.523 490.102 338.785 462.454 338.785
463.181 266.748 490.972 266.748 490.972 338.664 463.181 338.664
463.802 265.666 491.669 265.666 491.669 337.143 463.802 337.143
464.225 264.806 492.200 264.806 492.200 335.605 464.225 335.605
464.054 265.377 492.057 265.377 492.057 335.573 464.054 335.573
463.915 265.975 491.800 265.975 491.800 335.997 463.915 335.997
464.278 267.325 491.965 267.325 491.965 337.275 464.278 337.275
465.387 267.841 492.807 267.841 492.807 337.814 465.387 337.814
465.887 267.726 493.376 267.726 493.376 337.452 465.887 337.452
466.356 267.446 493.920 267.446 493.920 336.701 466.356 336.701
467.988 267.260 495.404 267.260 495.404 336.258 467.988 336.258
467.932 268.957 495.463 268.957 495.463 337.408 467.932 337.408
467.704 268.504 495.265 268.504 495.265 336.680 467.704 336.680
469.293 268.378 496.718 268.378 496.718 336.665 469.293 336.665
469.759 268.677 497.176 268.677 497.176 336.785 469.759 336.785
470.557 268.924 497.941 268.924 497.941 337.185 470.557 337.185
471.187 268.781 498.600 268.781 498.600 337.220 471.187 337.220
472.109 268.121 499.149 268.121 499.149 337.388 472.109 337.388
472.825 268.007 499.628 268.007 499.628 338.291 472.825 338.291
473.905 269.257 500.579 269.257 500.579 340.251 473.905 340.251
473.554 269.009 500.378 269.009 500.378 339.952 473.554 339.952
473.979 268.932 500.908 268.932 500.908 339.915 473.979 339.915
474.321 268.925 501.213 268.925 501.213 339.945 474.321 339.945
474.395 269.192 501.278 269.192 501.278 340.109 474.395 340.109
474.602 268.419 501.492 268.419 501.492 339.486 474.602 339.486
475.231 270.627 502.355 270.627 502.355 341.878 475.231 341.878
475.083 268.920 502.218 268.920 502.218 340.475 475.083 340.475
475.378 270.418 502.592 270.418 502.592 341.874 475.378 341.874
475.153 268.810 502.283 268.810 502.283 340.537 475.153 340.537
476.003 268.032 503.086 268.032 503.086 339.874 476.003 339.874
502.091 264.868 529.379 264.868 529.379 336.004 502.091 336.004
503.676 267.856 530.927 267.856 530.927 339.085 503.676 339.085
503.508 270.038 530.792 270.038 530.792 341.740 503.508 341.740
504.030 270.816 531.425 270.816 531.425 342.916 504.030 342.916
504.100 271.205 531.571 271.205 531.571 343.655 504.100 343.655
504.829 268.463 532.360 268.463 532.360 340.819 504.829 340.819
505.319 270.078 532.997 270.078 532.997 342.340 505.319 342.340
506.890 270.954 534.805 270.954 534.805 343.237 506.890 343.237
507.317 272.924 535.632 272.924 535.632 344.745 507.317 344.745
507.673 272.641 536.139 272.641 536.139 344.652 507.673 344.652
508.915 272.150 537.475 272.150 537.475 344.489 508.915 344.489
510.145 271.988 538.563 271.988 538.563 344.808 510.145 344.808
508.604 272.034 536.857 272.034 536.857 344.905 508.604 344.905
505.844 271.889 534.106 271.889 534.106 344.620 505.844 344.620
499.144 272.989 527.485 272.989 527.485 345.699 499.144 345.699
491.965 272.069 520.368 272.069 520.368 344.764 491.965 344.764
489.787 273.720 518.222 273.720 518.222 346.085 489.787 346.085
482.438 273.035 511.148 273.035 511.148 345.081 482.438 345.081
476.057 272.864 504.778 272.864 504.778 345.006 476.057 345.006
469.965 273.522 498.704 273.522 498.704 345.777 469.965 345.777
464.177 269.243 493.240 269.243 493.240 341.106 464.177 341.106
457.721 270.741 487.067 270.741 487.067 342.337 457.721 342.337
454.923 272.220 484.244 272.220 484.244 343.461 454.923 343.461
448.546 272.813 477.848 272.813 477.848 344.189 448.546 344.189
441.453 275.092 470.777 275.092 470.777 346.438 441.453 346.438
439.267 275.606 468.432 275.606 468.432 346.958 439.267 346.958
432.315 275.092 461.376 275.092 461.376 346.852 432.315 346.852
425.388 271.782 454.702 271.782 454.702 343.231 425.388 343.231
419.659 272.543 448.872 272.543 448.872 344.531 419.659 344.531
417.522 273.097 446.727 273.097 446.727 345.128 417.522 345.128
410.217 270.541 439.417 270.541 439.417 342.649 410.217 342.649
407.679 271.947 437.023 271.947 437.023 343.726 407.679 343.726
401.062 271.765 430.355 271.765 430.355 343.600 401.062 343.600
399.631 271.811 428.868 271.811 428.868 343.826 399.631 343.826
391.973 272.960 421.348 272.960 421.348 344.484 391.973 344.484
386.015 273.815 415.572 273.815 415.572 344.959 386.015 344.959
380.210 270.302 410.052 270.302 410.052 340.839 380.210 340.839
379.505 272.322 409.078 272.322 409.078 342.721 379.505 342.721
373.203 269.067 402.835 269.067 402.835 338.688 373.203 338.688
366.780 273.293 396.334 273.293 396.334 342.574 366.780 342.574
359.579 284.153 388.782 284.153 388.782 353.353 359.579 353.353
352.603 287.701 381.448 287.701 381.448 356.775 352.603 356.775
351.076 286.130 379.570 286.130 379.570 354.941 351.076 354.941
344.247 284.808 372.364 284.808 372.364 353.910 344.247 353.910
337.808 286.591 365.525 286.591 365.525 355.380 337.808 355.380
337.473 288.809 365.118 288.809 365.118 357.534 337.473 357.534
337.163 286.140 364.580 286.140 364.580 354.932 337.163 354.932
336.899 289.104 364.140 289.104 364.140 357.835 336.899 357.835
336.516 288.629 363.652 288.629 363.652 357.416 336.516 357.416
336.787 287.094 363.758 287.094 363.758 356.046 336.787 356.046
336.222 289.858 363.068 289.858 363.068 358.718 336.222 358.718
335.778 288.627 362.486 288.627 362.486 357.575 335.778 357.575
334.675 273.622 361.455 273.622 361.455 342.551 334.675 342.551
334.716 275.881 361.564 275.881 361.564 344.867 334.716 344.867
333.490 273.720 360.443 273.720 360.443 342.517 333.490 342.517
332.768 275.555 359.668 275.555 359.668 344.708 332.768 344.708
331.452 276.335 358.602 276.335 358.602 345.496 331.452 345.496
330.337 274.596 357.685 274.596 357.685 343.240 330.337 343.240
329.333 276.678 356.685 276.678 356.685 345.378 329.333 345.378
327.989 274.201 355.376 274.201 355.376 342.834 327.989 342.834
327.287 272.383 354.866 272.383 354.866 340.567 327.287 340.567
326.838 275.325 354.559 275.325 354.559 343.342 326.838 343.342
326.261 273.860 354.154 273.860 354.154 341.484 326.261 341.484
325.925 271.699 353.809 271.699 353.809 339.180 325.925 339.180
330.571 276.190 358.364 276.190 358.364 343.747 330.571 343.747
329.464 279.439 357.128 279.439 357.128 347.490 329.464 347.490
328.694 277.378 356.129 277.378 356.129 345.855 328.694 345.855
285.564 294.623 312.812 294.623 312.812 363.670 285.564 363.670
284.373 295.526 311.487 295.526 311.487 365.162 284.373 365.162
283.630 296.078 310.869 296.078 310.869 366.555 283.630 366.555
282.928 296.046 310.149 296.046 310.149 367.706 282.928 367.706
282.082 297.636 309.606 297.636 309.606 370.160 282.082 370.160
282.053 296.951 309.772 296.951 309.772 370.438 282.053 370.438
282.403 294.309 310.406 294.309 310.406 368.334 282.403 368.334
281.784 293.087 310.185 293.087 310.185 367.704 281.784 367.704
281.546 293.791 310.329 293.791 310.329 369.032 281.546 369.032
281.961 293.604 310.628 293.604 310.628 369.877 281.961 369.877
282.320 293.598 310.835 293.598 310.835 371.000 282.320 371.000
282.786 293.512 311.116 293.512 311.116 371.947 282.786 371.947
283.398 297.389 311.384 297.389 311.384 377.295 283.398 377.295
