258.000 181.000 281.000 181.000 281.000 236.000 258.000 236.000
258.710 180.724 281.765 180.724 281.765 235.795 258.710 235.795
258.891 181.306 281.933 181.306 281.933 236.663 258.891 236.663
260.020 182.868 283.053 182.868 283.053 238.369 260.020 238.369
259.781 181.000 282.952 181.000 282.952 236.501 259.781 236.501
260.373 182.663 283.661 182.663 283.661 237.964 260.373 237.964
260.944 183.328 284.314 183.328 284.314 238.768 260.944 238.768
261.406 183.139 284.796 183.139 284.796 238.903 261.406 238.903
262.077 181.746 285.636 181.746 285.636 237.755 262.077 237.755
262.292 181.841 285.952 181.841 285.952 237.977 262.292 237.977
263.143 182.647 286.820 182.647 286.820 239.039 263.143 239.039
263.038 181.878 286.876 181.878 286.876 238.425 263.038 238.425
263.370 181.954 287.332 181.954 287.332 238.909 263.370 238.909
263.858 180.345 287.879 180.345 287.879 237.458 263.858 237.458
264.265 181.647 288.441 181.647 288.441 238.796 264.265 238.796
265.312 181.292 289.581 181.292 289.581 238.607 265.312 238.607
265.153 181.193 289.407 181.193 289.407 238.699 265.153 238.699
265.159 181.532 289.349 181.532 289.349 239.088 265.159 239.088
265.360 180.999 289.449 180.999 289.449 238.669 265.360 238.669
265.627 181.914 289.703 181.914 289.703 239.652 265.627 239.652
265.874 182.155 290.059 182.155 290.059 239.983 265.874 239.983
265.724 182.392 289.989 182.392 289.989 240.213 265.724 240.213
265.932 181.604 290.338 181.604 290.338 239.284 265.932 239.284
267.151 182.770 291.476 182.770 291.476 240.294 267.151 240.294
266.982 181.217 291.417 181.217 291.417 238.583 266.982 238.583
267.156 182.954 291.581 182.954 291.581 240.501 267.156 240.501
266.942 182.062 291.408 182.062 291.408 239.720 266.942 239.720
266.336 179.594 291.066 179.594 291.066 237.156 266.336 237.156
244.284 179.633 269.617 179.633 269.617 236.000 244.284 236.000
249.719 179.892 275.168 179.892 275.168 236.019 249.719 236.019
244.907 182.241 270.559 182.241 270.559 237.846 244.907 237.846
246.681 181.676 272.430 181.676 272.430 237.080 246.681 237.080
247.267 181.684 272.942 181.684 272.942 237.605 247.267 237.605
247.222 184.886 272.925 184.886 272.925 241.030 247.222 241.030
249.348 183.734 275.120 183.734 275.120 240.642 249.348 240.642
248.119 184.337 273.901 184.337 273.901 241.443 248.119 241.443
249.458 184.789 275.527 184.789 275.527 241.912 249.458 241.912
248.489 182.364 274.912 182.364 274.912 239.684 248.489 239.684
248.777 182.067 275.336 182.067 275.336 239.350 248.777 239.350
253.319 180.975 280.051 180.975 280.051 237.836 253.319 237.836
252.733 181.509 279.520 181.509 279.520 238.461 252.733 238.461
253.655 180.942 280.510 180.942 280.510 237.624 253.655 237.624
253.460 181.833 280.212 181.833 280.212 238.069 253.460 238.069
253.661 182.600 280.296 182.600 280.296 238.267 253.661 238.267
253.822 181.503 280.278 181.503 280.278 237.117 253.822 237.117
253.832 185.771 280.314 185.771 280.314 241.129 253.832 241.129
254.874 186.402 280.938 186.402 280.938 242.203 254.874 242.203
255.675 187.115 281.728 187.115 281.728 242.954 255.675 242.954
255.645 186.120 281.627 186.120 281.627 242.238 255.645 242.238
256.227 183.255 282.176 183.255 282.176 239.276 256.227 239.276
256.037 183.747 281.996 183.747 281.996 239.477 256.037 239.477
256.277 184.216 282.272 184.216 282.272 239.531 256.277 239.531
256.720 184.533 282.666 184.533 282.666 239.665 256.720 239.665
257.403 185.905 283.140 185.905 283.140 241.231 257.403 241.231
257.993 184.958 283.580 184.958 283.580 240.273 257.993 240.273
258.398 185.918 283.761 185.918 283.761 241.591 258.398 241.591
258.600 184.657 283.931 184.657 283.931 240.325 258.600 240.325
258.387 184.358 283.738 184.358 283.738 239.808 258.387 239.808
258.397 183.901 283.680 183.901 283.680 239.442 258.397 239.442
259.381 184.393 284.583 184.393 284.583 240.140 259.381 240.140
259.625 186.080 284.811 186.080 284.811 241.952 259.625 241.952
260.165 184.930 285.066 184.930 285.066 241.447 260.165 241.447
260.431 186.485 285.126 186.485 285.126 243.600 260.431 243.600
260.505 187.206 285.434 187.206 285.434 244.541 260.505 244.541
260.385 185.403 285.281 185.403 285.281 243.169 260.385 243.169
260.761 186.571 285.731 186.571 285.731 244.702 260.761 244.702
261.008 185.107 286.060 185.107 286.060 243.623 261.008 243.623
261.074 185.373 286.323 185.373 286.323 243.934 261.074 243.934
261.790 185.610 287.247 185.610 287.247 244.462 261.790 244.462
262.462 184.479 288.021 184.479 288.021 243.705 262.462 243.705
262.282 184.691 288.083 184.691 288.083 244.191 262.282 244.191
262.532 184.704 288.542 184.704 288.542 244.545 262.532 244.545
262.725 184.547 288.875 184.547 288.875 244.599 262.725 244.599
262.105 184.273 288.516 184.273 288.516 244.475 262.105 244.475
262.191 184.722 288.670 184.722 288.670 245.256 262.191 245.256
263.051 186.783 289.432 186.783 289.432 248.162 263.051 248.162
263.593 185.705 290.129 185.705 290.129 247.367 263.593 247.367
263.634 185.464 290.504 185.464 290.504 247.233 263.634 247.233
263.551 185.045 290.512 185.045 290.512 247.073 263.551 247.073
263.375 186.175 290.528 186.175 290.528 248.398 263.375 248.398
263.989 186.408 291.188 186.408 291.188 248.785 263.989 248.785
264.278 186.358 291.508 186.358 291.508 248.602 264.278 248.602
264.593 187.247 291.908 187.247 291.908 249.636 264.593 249.636
264.975 187.352 292.258 187.352 292.258 250.071 264.975 250.071
265.437 185.977 292.788 185.977 292.788 248.873 265.437 248.873
264.398 187.442 291.955 187.442 291.955 250.466 264.398 250.466
241.377 189.038 269.156 189.038 269.156 252.454 241.377 252.454
248.707 186.343 276.431 186.343 276.431 250.255 248.707 250.255
244.394 186.235 272.110 186.235 272.110 250.237 244.394 250.237
250.401 184.522 278.369 184.522 278.369 248.610 250.401 248.610
245.974 184.472 274.020 184.472 274.020 248.992 245.974 248.992
248.640 186.116 276.690 186.116 276.690 251.077 248.640 251.077
249.316 186.029 277.486 186.029 277.486 251.042 249.316 251.042
249.983 185.551 278.364 185.551 278.364 250.714 249.983 250.714
251.864 186.694 280.232 186.694 280.232 252.284 251.864 252.284
250.926 185.324 279.346 185.324 279.346 250.992 250.926 250.992
252.388 184.437 280.861 184.437 280.861 250.633 252.388 250.633
252.652 186.059 281.264 186.059 281.264 252.292 252.652 252.292
253.294 186.856 282.057 186.856 282.057 252.899 253.294 252.899
253.727 185.705 282.398 185.705 282.398 251.976 253.727 251.976
254.687 186.548 283.391 186.548 283.391 252.797 254.687 252.797
255.159 187.663 283.623 187.663 283.623 254.861 255.159 254.861
255.427 187.580 283.583 187.580 283.583 256.027 255.427 256.027
256.486 188.653 284.542 188.653 284.542 257.689 256.486 257.689
257.708 184.598 285.948 184.598 285.948 253.242 257.708 253.242
258.954 181.836 287.601 181.836 287.601 249.696 258.954 249.696
254.245 182.304 283.211 182.304 283.211 249.807 254.245 249.807
242.912 176.200 272.212 176.200 272.212 243.936 242.912 243.936
243.093 177.030 272.830 177.030 272.830 244.780 243.093 244.780
238.412 183.626 268.109 183.626 268.109 251.696 238.412 251.696
238.659 182.034 268.556 182.034 268.556 250.642 238.659 250.642
239.816 180.463 269.838 180.463 269.838 249.359 239.816 249.359
240.568 182.153 270.675 182.153 270.675 250.927 240.568 250.927
240.441 180.044 270.851 180.044 270.851 248.929 240.441 248.929
240.402 179.597 270.936 179.597 270.936 248.844 240.402 248.844
239.401 180.459 269.979 180.459 269.979 250.076 239.401 250.076
239.771 178.828 270.689 178.828 270.689 248.861 239.771 248.861
239.297 178.537 270.733 178.537 270.733 248.785 239.297 248.785
240.122 179.381 271.813 179.381 271.813 249.981 240.122 249.981
240.042 176.295 271.942 176.295 271.942 247.057 240.042 247.057
240.075 179.947 272.026 179.947 272.026 251.112 240.075 251.112
240.527 181.902 272.424 181.902 272.424 253.405 240.527 253.405
241.279 180.534 273.090 180.534 273.090 252.196 241.279 252.196
241.832 183.574 273.730 183.574 273.730 255.145 241.832 255.145
242.958 181.600 274.692 181.600 274.692 253.258 242.958 253.258
243.197 180.240 274.809 180.240 274.809 251.807 243.197 251.807
244.271 183.236 275.192 183.236 275.192 255.607 244.271 255.607
244.212 181.762 275.159 181.762 275.159 253.834 244.212 253.834
244.423 179.325 274.842 179.325 274.842 251.922 244.423 251.922
244.773 182.402 274.943 182.402 274.943 255.116 244.773 255.116
244.361 180.406 274.340 180.406 274.340 253.437 244.361 253.437
244.475 183.108 274.507 183.108 274.507 255.993 244.475 255.993
244.102 181.016 274.095 181.016 274.095 254.100 244.102 254.100
244.224 190.828 274.430 190.828 274.430 263.287 244.224 263.287
243.980 182.655 274.496 182.655 274.496 254.204 243.980 254.204
244.891 191.669 275.351 191.669 275.351 263.013 244.891 263.013
245.951 193.622 276.289 193.622 276.289 265.067 245.951 265.067
245.930 186.528 276.235 186.528 276.235 257.705 245.930 257.705
246.845 194.163 277.156 194.163 277.156 265.221 246.845 265.221
246.593 188.518 277.267 188.518 277.267 258.813 246.593 258.813
246.602 188.158 277.121 188.158 277.121 258.461 246.602 258.461
248.243 195.285 278.621 195.285 278.621 265.580 248.243 265.580
248.923 193.453 279.414 193.453 279.414 263.348 248.923 263.348
249.644 195.076 280.121 195.076 280.121 264.815 249.644 264.815
250.127 193.667 280.647 193.667 280.647 263.294 250.127 263.294
250.371 193.296 280.886 193.296 280.886 262.551 250.371 262.551
250.621 195.006 281.221 195.006 281.221 263.877 250.621 263.877
249.745 192.482 280.517 192.482 280.517 261.355 249.745 261.355
225.155 195.475 255.835 195.475 255.835 264.715 225.155 264.715
232.007 193.018 262.783 193.018 262.783 262.857 232.007 262.857
231.683 192.131 262.779 192.131 262.779 261.719 231.683 261.719
230.806 193.900 261.999 193.900 261.999 263.576 230.806 263.576
231.332 192.211 262.558 192.211 262.558 262.041 231.332 262.041
230.970 193.321 262.331 193.321 262.331 263.129 230.970 263.129
232.166 192.604 263.622 192.604 263.622 262.482 232.166 262.482
231.975 195.276 263.359 195.276 263.359 265.581 231.975 265.581
232.590 194.077 264.080 194.077 264.080 264.173 232.590 264.173
232.976 191.865 264.470 191.865 264.470 261.837 232.976 261.837
232.342 192.018 263.876 192.018 263.876 261.640 232.342 261.640
234.140 192.238 265.653 192.238 265.653 261.828 234.140 261.828
232.857 193.309 264.410 193.309 264.410 262.509 232.857 262.509
233.404 191.381 264.648 191.381 264.648 260.884 233.404 260.884
233.587 190.185 264.463 190.185 264.463 259.738 233.587 259.738
233.860 192.603 264.526 192.603 264.526 262.006 233.860 262.006
234.305 193.804 264.810 193.804 264.810 263.240 234.305 263.240
234.939 198.388 265.228 198.388 265.228 267.548 234.939 267.548
234.942 196.641 264.992 196.641 264.992 265.640 234.942 265.640
235.488 199.648 265.326 199.648 265.326 268.710 235.488 268.710
234.898 197.396 264.480 197.396 264.480 266.356 234.898 266.356
235.167 197.361 264.804 197.361 264.804 265.846 235.167 265.846
235.293 196.454 265.077 196.454 265.077 264.377 235.293 264.377
235.810 200.982 265.175 200.982 265.175 268.957 235.810 268.957
236.161 199.193 265.587 199.193 265.587 266.703 236.161 266.703
236.837 201.292 266.164 201.292 266.164 268.872 236.837 268.872
236.500 198.380 265.762 198.380 265.762 265.474 236.500 265.474
236.785 198.801 265.891 198.801 265.891 266.012 236.785 266.012
237.577 198.186 267.022 198.186 267.022 264.927 237.577 264.927
238.393 197.439 268.161 197.439 268.161 263.726 238.393 263.726
238.703 198.804 268.733 198.804 268.733 264.767 238.703 264.767
239.711 199.832 270.032 199.832 270.032 265.342 239.711 265.342
239.878 197.557 270.188 197.557 270.188 263.107 239.878 263.107
240.444 198.175 270.669 198.175 270.669 263.870 240.444 263.870
241.301 198.910 271.635 198.910 271.635 264.487 241.301 264.487
242.067 199.276 272.351 199.276 272.351 264.784 242.067 264.784
242.516 199.062 272.640 199.062 272.640 264.453 242.516 264.453
243.257 199.057 273.354 199.057 273.354 264.506 243.257 264.506
243.626 198.913 273.596 198.913 273.596 264.578 243.626 264.578
244.737 199.551 274.488 199.551 274.488 265.213 244.737 265.213
245.362 199.700 274.888 199.700 274.888 265.626 245.362 265.626
246.022 199.632 275.434 199.632 275.434 265.609 246.022 265.609
246.245 199.750 275.554 199.750 275.554 265.626 246.245 265.626
246.808 199.964 275.913 199.964 275.913 265.771 246.808 265.771
247.242 199.661 276.164 199.661 276.164 265.554 247.242 265.554
248.693 199.971 277.619 199.971 277.619 265.502 248.693 265.502
248.964 200.006 277.898 200.006 277.898 264.832 248.964 264.832
249.735 201.792 278.578 201.792 278.578 266.208 249.735 266.208
250.377 201.969 279.180 201.969 279.180 266.008 250.377 266.008
250.817 203.304 279.421 203.304 279.421 267.239 250.817 267.239
250.067 202.854 278.952 202.854 278.952 266.352 250.067 266.352
221.316 202.408 250.273 202.408 250.273 265.494 221.316 265.494
233.233 200.847 262.359 200.847 262.359 264.556 233.233 264.556
228.431 200.901 257.700 200.901 257.700 264.887 228.431 264.887
229.350 198.744 258.764 198.744 258.764 263.169 229.350 263.169
230.809 198.435 260.338 198.435 260.338 262.520 230.809 262.520
231.606 201.353 261.233 201.353 261.233 265.841 231.606 265.841
232.631 200.410 262.560 200.410 262.560 265.560 232.631 265.560
232.602 202.109 262.603 202.109 262.603 267.828 232.602 267.828
234.298 201.088 264.259 201.088 264.259 267.024 234.298 267.024
234.608 199.908 264.769 199.908 264.769 266.241 234.608 266.241
234.273 202.026 264.825 202.026 264.825 267.904 234.273 267.904
236.552 202.635 267.415 202.635 267.415 268.482 236.552 268.482
236.514 202.036 267.494 202.036 267.494 267.709 236.514 267.709
237.797 202.479 268.838 202.479 268.838 268.223 237.797 268.223
239.155 202.693 270.066 202.693 270.066 268.409 239.155 268.409
240.110 202.809 270.810 202.809 270.810 268.599 240.110 268.599
239.519 202.730 270.151 202.730 270.151 268.657 239.519 268.657
239.868 203.306 270.347 203.306 270.347 269.226 239.868 269.226
240.152 202.808 270.594 202.808 270.594 268.762 240.152 268.762
240.382 203.253 270.913 203.253 270.913 268.852 240.382 268.852
240.065 203.143 270.615 203.143 270.615 268.958 240.065 268.958
241.270 202.060 271.992 202.060 271.992 267.668 241.270 267.668
241.584 203.844 272.198 203.844 272.198 269.615 241.584 269.615
242.407 204.300 272.865 204.300 272.865 270.483 242.407 270.483
243.244 204.015 273.444 204.015 273.444 270.701 243.244 270.701
244.115 203.980 274.053 203.980 274.053 271.455 244.115 271.455
244.612 203.728 274.503 203.728 274.503 271.821 244.612 271.821
244.173 202.034 274.030 202.034 274.030 270.837 244.173 270.837
244.546 204.369 274.441 204.369 274.441 273.557 244.546 273.557
244.867 202.130 274.831 202.130 274.831 271.383 244.867 271.383
243.974 197.057 274.184 197.057 274.184 266.023 243.974 266.023
244.053 196.934 274.371 196.934 274.371 265.303 244.053 265.303
244.718 198.620 274.883 198.620 274.883 267.032 244.718 267.032
245.701 200.115 275.781 200.115 275.781 268.648 245.701 268.648
246.190 203.428 276.282 203.428 276.282 272.144 246.190 272.144
247.215 203.280 277.181 203.280 277.181 272.447 247.215 272.447
247.864 203.957 277.905 203.957 277.905 273.149 247.864 273.149
248.187 204.884 278.272 204.884 278.272 274.027 248.187 274.027
248.582 204.943 278.926 204.943 278.926 273.314 248.582 273.314
248.962 205.265 279.331 205.265 279.331 273.266 248.962 273.266
249.728 204.215 280.019 204.215 280.019 272.142 249.728 272.142
249.975 204.750 280.255 204.750 280.255 272.521 249.975 272.521
250.079 204.232 280.369 204.232 280.369 271.888 250.079 271.888
250.443 204.635 280.868 204.635 280.868 271.813 250.443 271.813
251.017 205.214 281.374 205.214 281.374 272.184 251.017 272.184
251.517 204.637 281.695 204.637 281.695 271.761 251.517 271.761
251.869 206.266 281.858 206.266 281.858 273.535 251.869 273.535
252.603 205.972 282.438 205.972 282.438 273.384 252.603 273.384
253.281 207.088 282.892 207.088 282.892 274.585 253.281 274.585
253.347 207.401 282.966 207.401 282.966 274.970 253.347 274.970
253.611 207.391 283.266 207.391 283.266 275.023 253.611 275.023
254.211 207.467 283.948 207.467 283.948 275.066 254.211 275.066
254.811 209.171 284.698 209.171 284.698 276.679 254.811 276.679
254.775 208.957 284.643 208.957 284.643 276.623 254.775 276.623
255.018 208.731 285.074 208.731 285.074 276.396 255.018 276.396
254.769 208.495 285.021 208.495 285.021 275.882 254.769 275.882
255.084 208.219 285.380 208.219 285.380 275.738 255.084 275.738
255.291 208.425 285.636 208.425 285.636 275.773 255.291 275.773
254.765 208.162 284.976 208.162 284.976 275.804 254.765 275.804
255.498 208.403 285.670 208.403 285.670 276.094 255.498 276.094
256.372 208.111 286.549 208.111 286.549 275.934 256.372 275.934
256.420 207.848 286.354 207.848 286.354 276.238 256.420 276.238
256.677 206.658 286.513 206.658 286.513 275.417 256.677 275.417
257.177 207.356 286.970 207.356 286.970 276.211 257.177 276.211
257.621 207.718 287.448 207.718 287.448 276.609 257.621 276.609
257.903 208.060 287.829 208.060 287.829 276.796 257.903 276.796
257.923 208.358 287.940 208.358 287.940 277.486 257.923 277.486
258.465 208.408 288.549 208.408 288.549 277.972 258.465 277.972
259.506 208.961 289.698 208.961 289.698 279.019 259.506 279.019
260.578 209.007 291.201 209.007 291.201 278.739 260.578 278.739
260.977 208.390 291.726 208.390 291.726 278.011 260.977 278.011
261.911 207.931 292.943 207.931 292.943 277.054 261.911 277.054
261.891 208.486 293.139 208.486 293.139 277.037 261.891 277.037
262.546 208.681 294.075 208.681 294.075 277.162 262.546 277.162
263.376 208.054 295.201 208.054 295.201 276.539 263.376 276.539
263.387 207.807 295.276 207.807 295.276 276.310 263.387 276.310
263.977 208.284 295.844 208.284 295.844 276.651 263.977 276.651
264.359 209.092 296.472 209.092 296.472 277.190 264.359 277.190
264.824 209.210 296.880 209.210 296.880 277.550 264.824 277.550
265.859 209.415 297.936 209.415 297.936 277.917 265.859 277.917
266.665 209.594 298.706 209.594 298.706 278.048 266.665 278.048
267.300 209.963 299.204 209.963 299.204 278.564 267.300 278.564
267.359 209.679 299.337 209.679 299.337 278.461 267.359 278.461
267.559 209.086 299.560 209.086 299.560 278.338 267.559 278.338
267.738 209.301 299.761 209.301 299.761 278.563 267.738 278.563
267.681 209.487 299.763 209.487 299.763 279.099 267.681 279.099
268.433 209.518 300.576 209.518 300.576 279.450 268.433 279.450
268.927 209.277 301.189 209.277 301.189 279.431 268.927 279.431
269.592 209.152 301.797 209.152 301.797 279.647 269.592 279.647
270.759 210.483 302.956 210.483 302.956 280.971 270.759 280.971
271.799 209.688 303.791 209.688 303.791 280.527 271.799 280.527
272.022 210.168 304.105 210.168 304.105 281.169 272.022 281.169
272.930 212.251 305.142 212.251 305.142 283.374 272.930 283.374
273.493 212.220 305.599 212.220 305.599 283.738 273.493 283.738
274.141 211.929 306.050 211.929 306.050 284.187 274.141 284.187
274.824 211.785 306.815 211.785 306.815 284.115 274.824 284.115
274.814 212.087 306.839 212.087 306.839 284.636 274.814 284.636
275.974 212.543 308.104 212.543 308.104 285.435 275.974 285.435
276.534 213.338 308.883 213.338 308.883 286.286 276.534 286.286
277.051 212.873 309.453 212.873 309.453 285.982 277.051 285.982
277.579 211.797 310.058 211.797 310.058 284.901 277.579 284.901
278.448 211.328 310.985 211.328 310.985 284.725 278.448 284.725
278.569 212.209 311.100 212.209 311.100 285.894 278.569 285.894
278.471 211.839 311.077 211.839 311.077 285.402 278.471 285.402
278.831 211.228 311.619 211.228 311.619 284.683 278.831 284.683
279.157 210.986 312.037 210.986 312.037 284.365 279.157 284.365
279.601 212.142 312.513 212.142 312.513 285.367 279.601 285.367
279.998 212.725 312.841 212.725 312.841 285.795 279.998 285.795
280.818 212.369 313.579 212.369 313.579 285.484 280.818 285.484
281.829 212.799 314.563 212.799 314.563 285.833 281.829 285.833
282.636 213.576 315.284 213.576 315.284 286.820 282.636 286.820
283.111 214.440 315.826 214.440 315.826 287.785 283.111 287.785
283.238 215.539 315.880 215.539 315.880 288.755 283.238 288.755
283.704 215.672 316.284 215.672 316.284 289.265 283.704 289.265
284.631 214.522 317.113 214.522 317.113 288.473 284.631 288.473
285.248 214.740 317.561 214.740 317.561 289.061 285.248 289.061
285.544 215.254 317.639 215.254 317.639 290.031 285.544 290.031
286.281 214.648 318.563 214.648 318.563 289.414 286.281 289.414
287.600 215.384 319.973 215.384 319.973 290.244 287.600 290.244
287.766 214.883 320.190 214.883 320.190 289.555 287.766 289.555
288.670 215.159 321.360 215.159 321.360 289.519 288.670 289.519
289.318 215.566 322.021 215.566 322.021 290.057 289.318 290.057
290.969 215.615 323.630 215.615 323.630 290.322 290.969 290.322
292.334 215.031 324.890 215.031 324.890 289.853 292.334 289.853
294.143 214.425 326.569 214.425 326.569 289.517 294.143 289.517
294.587 215.464 326.916 215.464 326.916 290.559 294.587 290.559
295.723 215.282 327.835 215.282 327.835 290.690 295.723 290.690
296.591 214.719 328.633 214.719 328.633 290.181 296.591 290.181
297.362 214.781 329.252 214.781 329.252 290.730 297.362 290.730
298.086 213.448 329.788 213.448 329.788 290.036 298.086 290.036
298.026 212.949 329.637 212.949 329.637 289.816 298.026 289.816
298.276 213.376 329.990 213.376 329.990 290.571 298.276 290.571
298.552 212.991 330.461 212.991 330.461 290.212 298.552 290.212
298.577 213.090 330.464 213.090 330.464 290.481 298.577 290.481
298.996 213.654 331.099 213.654 331.099 290.904 298.996 290.904
299.332 214.323 331.552 214.323 331.552 291.404 299.332 291.404
299.406 214.469 331.566 214.469 331.566 291.553 299.406 291.553
299.616 216.367 331.637 216.367 331.637 293.791 299.616 293.791
300.002 216.350 332.072 216.350 332.072 293.555 300.002 293.555
299.956 216.476 332.054 216.476 332.054 293.572 299.956 293.572
