387.000 373.000 474.000 373.000 474.000 446.000 387.000 446.000
397.125 367.269 480.730 367.269 480.730 443.292 397.125 443.292
416.220 359.301 497.085 359.301 497.085 437.940 416.220 437.940
426.861 354.287 506.019 354.287 506.019 434.609 426.861 434.609
437.260 347.755 514.615 347.755 514.615 429.683 437.260 429.683
455.060 338.776 530.895 338.776 530.895 421.872 455.060 421.872
464.743 332.307 539.532 332.307 539.532 415.561 464.743 415.561
475.152 324.920 548.874 324.920 548.874 408.450 475.152 408.450
484.806 317.480 558.163 317.480 558.163 400.805 484.806 400.805
501.503 307.241 572.950 307.241 572.950 391.286 501.503 391.286
510.104 298.628 581.525 298.628 581.525 381.765 510.104 381.765
518.376 290.172 588.670 290.172 588.670 373.258 518.376 373.258
525.667 283.954 594.737 283.954 594.737 366.487 525.667 366.487
531.350 276.905 599.247 276.905 599.247 358.803 531.350 358.803
537.182 270.007 603.952 270.007 603.952 351.220 537.182 351.220
547.414 254.249 613.031 254.249 613.031 334.689 547.414 334.689
551.548 251.526 612.325 251.526 612.325 334.861 551.548 334.861
555.376 242.129 612.743 242.129 612.743 326.563 555.376 326.563
557.679 237.179 613.093 237.179 613.093 322.125 557.679 322.125
560.395 231.237 612.938 231.237 612.938 316.791 560.395 316.791
561.076 226.501 611.834 226.501 611.834 312.323 561.076 312.323
561.603 223.961 610.406 223.961 610.406 309.798 561.603 309.798
561.265 221.436 608.529 221.436 608.529 306.873 561.265 306.873
560.697 218.705 606.316 218.705 606.316 303.952 560.697 303.952
559.171 215.303 604.528 215.303 604.528 300.428 559.171 300.428
557.178 209.869 602.500 209.869 602.500 294.972 557.178 294.972
549.785 199.339 594.978 199.339 594.978 284.361 549.785 284.361
548.585 194.871 593.716 194.871 593.716 279.806 548.585 279.806
547.394 189.355 592.514 189.355 592.514 274.268 547.394 274.268
539.540 186.235 584.593 186.235 584.593 271.080 539.540 271.080
538.759 180.909 583.790 180.909 583.790 265.717 538.759 265.717
531.661 181.447 576.473 181.447 576.473 266.058 531.661 266.058
524.551 176.379 569.176 176.379 569.176 260.830 524.551 260.830
518.345 170.650 562.897 170.650 562.897 255.029 518.345 255.029
513.318 171.060 557.741 171.060 557.741 255.250 513.318 255.250
513.981 165.228 558.298 165.228 558.298 249.213 513.981 249.213
514.076 162.254 558.390 162.254 558.390 246.237 514.076 246.237
514.042 160.095 558.355 160.095 558.355 244.077 514.042 244.077
512.399 155.342 556.711 155.342 556.711 239.322 512.399 239.322
440.669 229.737 483.975 229.737 483.975 313.140 440.669 313.140
448.519 227.671 489.696 227.671 489.696 312.412 448.519 312.412
448.640 226.594 488.640 226.594 488.640 311.082 448.640 311.082
449.998 226.760 488.931 226.760 488.931 311.236 449.998 311.236
455.645 224.805 493.599 224.805 493.599 308.275 455.645 308.275
456.134 225.309 493.203 225.309 493.203 307.527 456.134 307.527
457.721 225.142 493.630 225.142 493.630 306.737 457.721 306.737
459.834 222.176 495.101 222.176 495.101 302.812 459.834 302.812
461.613 223.177 496.567 223.177 496.567 302.701 461.613 302.701
468.141 219.710 502.442 219.710 502.442 298.707 468.141 298.707
469.198 218.084 503.209 218.084 503.209 295.920 469.198 295.920
474.303 218.222 507.796 218.222 507.796 294.828 474.303 294.828
475.016 216.858 508.007 216.858 508.007 292.734 475.016 292.734
477.020 214.650 509.384 214.650 509.384 289.928 477.020 289.928
478.955 215.207 511.034 215.207 511.034 289.726 478.955 289.726
481.278 213.520 512.842 213.520 512.842 287.356 481.278 287.356
483.371 213.568 514.554 213.568 514.554 286.776 483.371 286.776
485.111 213.845 515.864 213.845 515.864 286.367 485.111 286.367
486.569 212.069 516.857 212.069 516.857 284.192 486.569 284.192
487.471 211.008 517.058 211.008 517.058 282.825 487.471 282.825
488.442 209.748 517.877 209.748 517.877 280.741 488.442 280.741
489.203 209.439 518.212 209.439 518.212 279.918 489.203 279.918
489.824 206.638 518.445 206.638 518.445 276.622 489.824 276.622
490.428 206.770 518.847 206.770 518.847 275.577 490.428 275.577
491.698 204.976 519.708 204.976 519.708 273.163 491.698 273.163
492.516 205.169 520.028 205.169 520.028 272.689 492.516 272.689
493.205 204.905 519.941 204.905 519.941 272.477 493.205 272.477
493.421 202.326 519.532 202.326 519.532 269.766 493.421 269.766
493.914 202.872 519.470 202.872 519.470 269.755 493.914 269.755
494.019 203.443 519.265 203.443 519.265 269.440 494.019 269.440
494.295 202.154 519.044 202.154 519.044 267.758 494.295 267.758
494.455 200.907 518.916 200.907 518.916 266.076 494.455 266.076
494.302 200.512 518.739 200.512 518.739 265.012 494.302 265.012
494.635 200.558 518.860 200.558 518.860 264.617 494.635 264.617
495.089 202.233 519.097 202.233 519.097 265.937 495.089 265.937
495.106 201.914 518.925 201.914 518.925 265.087 495.106 265.087
494.727 200.477 518.439 200.477 518.439 263.242 494.727 263.242
494.628 199.476 518.265 199.476 518.265 261.704 494.628 261.704
494.381 198.574 517.822 198.574 517.822 260.284 494.381 260.284
493.666 198.115 517.193 198.115 517.193 259.257 493.666 259.257
493.501 196.691 517.002 196.691 517.002 257.419 493.501 257.419
493.389 196.504 516.441 196.504 516.441 257.498 493.389 257.498
492.694 196.277 515.580 196.277 515.580 256.974 492.694 256.974
491.772 195.927 514.481 195.927 514.481 256.099 491.772 256.099
490.790 195.138 513.396 195.138 513.396 254.921 490.790 254.921
489.856 195.387 512.521 195.387 512.521 254.693 489.856 254.693
489.394 194.382 511.911 194.382 511.911 253.159 489.394 253.159
488.389 194.783 510.827 194.783 510.827 253.159 488.389 253.159
487.550 193.360 509.972 193.360 509.972 251.277 487.550 251.277
486.637 192.720 509.064 192.720 509.064 250.255 486.637 250.255
485.921 193.044 508.386 193.044 508.386 250.429 485.921 250.429
485.253 191.746 507.556 191.746 507.556 248.986 485.253 248.986
484.485 190.858 506.356 190.858 506.356 248.407 484.485 248.407
483.280 190.342 504.937 190.342 504.937 247.837 483.280 247.837
482.201 189.956 503.670 189.956 503.670 247.337 482.201 247.337
480.743 189.171 502.096 189.171 502.096 246.263 480.743 246.263
479.756 188.684 500.930 188.684 500.930 245.880 479.756 245.880
479.064 188.402 500.011 188.402 500.011 245.551 479.064 245.551
477.905 187.068 498.704 187.068 498.704 243.851 477.905 243.851
476.727 185.980 497.366 185.980 497.366 242.607 476.727 242.607
476.230 186.479 496.830 186.479 496.830 242.797 476.230 242.797
475.494 185.847 495.937 185.847 495.937 241.979 475.494 241.979
474.756 185.036 495.149 185.036 495.149 240.962 474.756 240.962
473.754 184.041 494.088 184.041 494.088 239.545 473.754 239.545
469.972 181.985 490.533 181.985 490.533 236.995 469.972 236.995
469.888 181.783 490.466 181.783 490.466 236.375 469.888 236.375
469.801 182.455 490.305 182.455 490.305 236.729 469.801 236.729
469.298 182.417 489.591 182.417 489.591 236.469 469.298 236.469
468.407 179.784 488.684 179.784 488.684 233.492 468.407 233.492
468.138 180.005 488.398 180.005 488.398 233.392 468.138 233.392
467.569 177.782 487.861 177.782 487.861 230.864 467.569 230.864
466.820 178.422 487.155 178.422 487.155 231.135 466.820 231.135
466.334 178.993 486.604 178.993 486.604 231.460 466.334 231.460
465.752 176.476 485.964 176.476 485.964 228.563 465.752 228.563
464.711 176.530 485.175 176.530 485.175 227.933 464.711 227.933
464.164 177.054 484.528 177.054 484.528 228.225 464.164 228.225
462.826 176.230 483.249 176.230 483.249 226.944 462.826 226.944
458.147 174.158 478.707 174.158 478.707 224.385 458.147 224.385
454.477 171.982 475.197 171.982 475.197 221.770 454.477 221.770
453.307 170.844 473.859 170.844 473.859 220.510 453.307 220.510
448.231 168.339 468.857 168.339 468.857 217.781 448.231 217.781
444.163 167.145 464.787 167.145 464.787 216.293 444.163 216.293
443.853 169.526 464.339 169.526 464.339 218.694 443.853 218.694
443.176 169.401 463.648 169.401 463.648 218.331 443.176 218.331
442.122 169.342 462.520 169.342 462.520 218.075 442.122 218.075
436.949 167.903 458.075 167.903 458.075 215.627 436.949 215.627
436.548 166.825 457.376 166.825 457.376 214.652 436.548 214.652
435.497 165.625 456.179 165.625 456.179 213.424 435.497 213.424
435.062 165.393 455.628 165.393 455.628 213.190 435.062 213.190
434.379 164.986 454.897 164.986 454.897 212.629 434.379 212.629
433.750 166.833 454.153 166.833 454.153 214.344 433.750 214.344
433.214 165.209 453.518 165.209 453.518 212.583 433.214 212.583
432.502 163.899 452.713 163.899 452.713 211.233 432.502 211.233
432.305 165.503 452.443 165.503 452.443 212.627 432.305 212.627
431.941 164.309 451.976 164.309 451.976 211.287 431.941 211.287
431.634 163.520 451.581 163.520 451.581 210.478 431.634 210.478
431.292 164.692 451.184 164.692 451.184 211.631 431.292 211.631
431.149 162.819 451.000 162.819 451.000 209.725 431.149 209.725
430.850 165.150 450.629 165.150 450.629 212.034 430.850 212.034
430.530 164.604 450.243 164.604 450.243 211.326 430.530 211.326
429.941 163.482 449.605 163.482 449.605 210.049 429.941 210.049
429.553 162.275 449.114 162.275 449.114 208.663 429.553 208.663
429.527 164.435 449.013 164.435 449.013 210.720 429.527 210.720
428.948 165.519 448.349 165.519 448.349 211.813 428.948 211.813
428.525 164.371 447.871 164.371 447.871 210.503 428.525 210.503
427.927 163.076 447.232 163.076 447.232 209.155 427.927 209.155
427.649 162.348 446.862 162.348 446.862 208.320 427.649 208.320
424.315 164.807 443.615 164.807 443.615 210.517 424.315 210.517
427.739 163.428 447.003 163.428 447.003 209.144 427.739 209.144
423.985 163.457 443.264 163.457 443.264 209.125 423.985 209.125
420.263 162.853 439.569 162.853 439.569 208.436 420.263 208.436
424.676 164.850 443.955 164.850 443.955 210.427 424.676 210.427
425.026 162.347 444.281 162.347 444.281 207.792 425.026 207.792
425.447 163.322 444.714 163.322 444.714 208.772 425.447 208.772
422.237 162.127 441.541 162.127 441.541 207.481 422.237 207.481
425.989 166.394 445.139 166.394 445.139 211.938 425.989 211.938
425.669 162.773 444.732 162.773 444.732 208.435 425.669 208.435
422.257 161.433 441.281 161.433 441.281 207.089 422.257 207.089
422.946 163.062 441.959 163.062 441.959 208.721 422.946 208.721
423.416 163.615 442.387 163.615 442.387 209.359 423.416 209.359
423.692 164.137 442.624 164.137 442.624 209.932 423.692 209.932
423.362 161.997 442.253 161.997 442.253 207.872 423.362 207.872
423.117 163.138 441.986 163.138 441.986 209.047 423.117 209.047
423.011 160.434 441.864 160.434 441.864 206.359 423.011 206.359
422.455 162.452 441.229 162.452 441.229 208.470 422.455 208.470
422.128 161.444 440.884 161.444 440.884 207.477 422.128 207.477
418.915 159.817 437.658 159.817 437.658 205.832 418.915 205.832
419.381 161.470 438.092 161.470 438.092 207.494 419.381 207.494
419.226 159.964 437.899 159.964 437.899 205.977 419.226 205.977
419.048 158.630 437.715 158.630 437.715 204.620 419.048 204.620
418.791 160.887 437.444 160.887 437.444 206.863 418.791 206.863
418.368 162.091 436.954 162.091 436.954 208.107 418.368 208.107
418.001 159.377 436.552 159.377 436.552 205.399 418.001 205.399
417.119 158.132 435.643 158.132 435.643 204.064 417.119 204.064
416.659 159.234 435.017 159.234 435.017 205.224 416.659 205.224
416.268 159.838 434.559 159.838 434.559 205.849 416.268 205.849
416.508 160.534 434.737 160.534 434.737 206.644 416.508 206.644
415.965 158.518 434.097 158.518 434.097 204.609 415.965 204.609
415.733 157.114 433.851 157.114 433.851 203.204 415.733 203.204
415.333 151.915 433.440 151.915 433.440 197.965 415.333 197.965
415.023 150.917 433.117 150.917 433.117 196.933 415.023 196.933
414.697 154.261 432.775 154.261 432.775 200.238 414.697 200.238
414.678 148.836 432.743 148.836 432.743 194.749 414.678 194.749
414.535 148.079 432.597 148.079 432.597 193.900 414.535 193.900
414.283 147.430 432.365 147.430 432.365 193.216 414.283 193.216
413.608 149.758 431.694 149.758 431.694 195.475 413.608 195.475
413.332 148.785 431.428 148.785 431.428 194.467 413.332 194.467
413.251 147.789 431.456 147.789 431.456 193.272 413.251 193.272
409.599 156.647 427.716 156.647 427.716 202.103 409.599 202.103
409.648 154.402 427.773 154.402 427.773 199.820 409.648 199.820
413.127 148.384 431.526 148.384 431.526 193.310 413.127 193.310
