466.000 306.000 608.000 306.000 608.000 366.000 466.000 366.000
463.509 305.723 604.842 305.723 604.842 366.571 463.509 366.571
466.563 304.731 608.026 304.731 608.026 365.878 466.563 365.878
469.866 305.779 611.503 305.779 611.503 367.372 469.866 367.372
471.546 304.317 613.433 304.317 613.433 365.963 471.546 365.963
472.171 305.473 613.460 305.473 613.460 367.761 472.171 367.761
473.533 302.750 614.567 302.750 614.567 365.159 473.533 365.159
477.513 304.484 618.093 304.484 618.093 367.329 477.513 367.329
475.685 303.324 615.905 303.324 615.905 366.166 475.685 366.166
481.927 303.869 621.551 303.869 621.551 366.991 481.927 366.991
479.257 303.763 618.657 303.763 618.657 366.878 479.257 366.878
484.376 303.207 623.348 303.207 623.348 366.389 484.376 366.389
481.067 303.511 619.651 303.511 619.651 366.808 481.067 366.808
486.123 302.789 623.946 302.789 623.946 366.234 486.123 366.234
485.234 303.618 622.834 303.618 622.834 366.982 485.234 366.982
489.613 302.983 626.319 302.983 626.319 366.371 489.613 366.371
487.487 302.709 623.481 302.709 623.481 366.214 487.487 366.214
491.045 302.555 626.531 302.555 626.531 365.973 491.045 365.973
491.616 302.778 626.280 302.778 626.280 366.094 491.616 366.094
491.833 302.444 625.509 302.444 625.509 365.735 491.833 365.735
493.683 302.830 626.889 302.830 626.889 366.010 493.683 366.010
493.557 302.452 626.466 302.452 626.466 365.446 493.557 365.446
493.299 302.601 625.805 302.601 625.805 365.523 493.299 365.523
494.670 302.862 626.495 302.862 626.495 365.686 494.670 365.686
494.057 302.503 625.433 302.503 625.433 365.139 494.057 365.139
493.998 302.556 625.043 302.556 625.043 365.052 493.998 365.052
494.247 302.653 624.677 302.653 624.677 365.011 494.247 365.011
494.135 303.575 623.889 303.575 623.889 365.925 494.135 365.925
495.043 302.516 624.248 302.516 624.248 364.585 495.043 364.585
493.715 303.279 622.175 303.279 622.175 365.371 493.715 365.371
496.360 302.260 623.943 302.260 623.943 363.941 496.360 363.941
495.345 303.470 622.469 303.470 622.469 365.183 495.345 365.183
497.513 303.207 624.269 303.207 624.269 364.702 497.513 364.702
495.682 303.188 621.848 303.188 621.848 364.826 495.682 364.826
497.320 303.352 622.764 303.352 622.764 365.128 497.320 365.128
496.822 303.705 622.148 303.705 622.148 365.384 496.822 365.384
497.515 303.371 622.553 303.371 622.553 364.852 497.515 364.852
496.989 304.267 621.874 304.267 621.874 365.643 496.989 365.643
496.731 303.138 621.345 303.138 621.345 364.512 496.731 364.512
497.054 304.634 621.941 304.634 621.941 365.738 497.054 365.738
496.810 303.495 621.557 303.495 621.557 364.421 496.810 364.421
497.386 304.495 621.983 304.495 621.983 365.411 497.386 365.411
496.322 303.387 620.648 303.387 620.648 364.239 496.322 364.239
497.877 304.846 621.979 304.846 621.979 365.734 497.877 365.734
498.178 303.023 622.344 303.023 622.344 363.916 498.178 363.916
497.016 304.060 621.155 304.060 621.155 364.928 497.016 364.928
496.299 303.739 620.251 303.739 620.251 364.595 496.299 364.595
497.730 304.825 621.717 304.825 621.717 365.513 497.730 365.513
496.527 303.792 620.329 303.792 620.329 364.408 496.527 364.408
498.527 304.373 621.992 304.373 621.992 365.165 498.527 365.165
496.822 304.106 620.788 304.106 620.788 364.661 496.822 364.661
497.554 304.946 621.353 304.946 621.353 365.492 497.554 365.492
496.814 304.075 620.583 304.075 620.583 364.541 496.814 364.541
497.693 304.084 621.381 304.084 621.381 364.561 497.693 364.561
495.718 303.811 619.248 303.811 619.248 364.424 495.718 364.424
497.851 303.773 621.285 303.773 621.285 364.389 497.851 364.389
495.898 303.470 619.169 303.470 619.169 364.111 495.898 364.111
498.097 304.201 621.138 304.201 621.138 365.011 498.097 365.011
496.116 304.399 618.964 304.399 618.964 365.384 496.116 365.384
496.816 303.713 619.778 303.713 619.778 364.483 496.816 364.483
496.426 304.317 619.118 304.317 619.118 365.121 496.426 365.121
494.160 303.479 617.149 303.479 617.149 364.255 494.160 364.255
498.044 303.948 620.757 303.948 620.757 364.871 498.044 364.871
493.512 303.959 616.271 303.959 616.271 364.956 493.512 364.956
495.692 304.279 618.533 304.279 618.533 365.312 495.692 365.312
494.215 304.030 617.206 304.030 617.206 365.046 494.215 365.046
494.776 304.068 617.856 304.068 617.856 365.138 494.776 365.138
492.927 303.859 616.126 303.859 616.126 364.947 492.927 364.947
494.146 303.657 617.540 303.657 617.540 364.745 494.146 364.745
493.816 304.461 617.207 304.461 617.207 365.609 493.816 365.609
493.066 303.745 616.484 303.745 616.484 364.723 493.066 364.723
493.333 304.614 616.901 304.614 616.901 365.649 493.333 365.649
491.422 304.257 615.627 304.257 615.627 365.235 491.422 365.235
491.067 304.658 615.559 304.658 615.559 365.703 491.067 365.703
492.224 304.008 617.201 304.008 617.201 365.062 492.224 365.062
490.397 303.656 615.389 303.656 615.389 364.810 490.397 364.810
490.667 303.451 615.606 303.451 615.606 364.502 490.667 364.502
488.090 304.435 613.422 304.435 613.422 365.743 488.090 365.743
489.820 303.986 615.669 303.986 615.669 365.209 489.820 365.209
488.808 304.011 615.048 304.011 615.048 365.358 488.808 365.358
487.206 303.334 614.099 303.334 614.099 364.659 487.206 364.659
488.095 304.016 615.057 304.016 615.057 365.256 488.095 365.256
486.076 303.680 613.119 303.680 613.119 364.844 486.076 364.844
486.234 303.481 613.856 303.481 613.856 364.741 486.234 364.741
485.766 303.766 613.903 303.766 613.903 365.063 485.766 365.063
483.090 304.862 611.340 304.862 611.340 366.223 483.090 366.223
483.241 303.811 612.173 303.811 612.173 365.210 483.241 365.210
481.513 303.763 610.824 303.763 610.824 365.127 481.513 365.127
481.364 304.243 611.281 304.243 611.281 365.922 481.364 365.922
479.998 303.761 610.656 303.761 610.656 365.442 479.998 365.442
479.917 303.974 611.197 303.974 611.197 365.783 479.917 365.783
478.473 304.190 610.714 304.190 610.714 366.156 478.473 366.156
478.209 303.727 610.889 303.727 610.889 365.967 478.209 365.967
475.179 303.795 608.742 303.795 608.742 366.056 475.179 366.056
475.330 304.238 609.308 304.238 609.308 366.781 475.330 366.781
472.994 303.656 607.591 303.656 607.591 366.223 472.994 366.223
471.924 303.392 607.031 303.392 607.031 365.957 471.924 365.957
471.714 304.218 607.400 304.218 607.400 366.856 471.714 366.856
468.821 303.125 605.348 303.125 605.348 365.603 468.821 365.603
469.745 303.244 606.775 303.244 606.775 365.768 469.745 365.768
466.503 303.646 603.976 303.646 603.976 366.287 466.503 366.287
466.183 303.184 604.205 303.184 604.205 366.075 466.183 366.075
464.358 303.731 602.972 303.731 602.972 366.651 464.358 366.651
464.590 303.586 603.647 303.586 603.647 366.597 464.590 366.597
461.307 303.529 601.160 303.529 601.160 366.430 461.307 366.430
459.428 303.460 599.456 303.460 599.456 366.533 459.428 366.533
459.616 303.105 600.338 303.105 600.338 366.446 459.616 366.446
456.783 302.850 597.841 302.850 597.841 366.498 456.783 366.498
457.352 302.732 598.836 302.732 598.836 366.703 457.352 366.703
455.783 302.836 597.729 302.836 597.729 366.972 455.783 366.972
452.349 302.319 594.741 302.319 594.741 366.646 452.349 366.646
453.449 302.097 596.543 302.097 596.543 366.480 453.449 366.480
450.379 302.093 594.049 302.093 594.049 366.481 450.379 366.481
450.549 302.641 594.460 302.641 594.460 367.128 450.549 367.128
448.358 301.835 592.768 301.835 592.768 366.202 448.358 366.202
447.227 302.256 591.883 302.256 591.883 366.805 447.227 366.805
444.582 301.877 589.503 301.877 589.503 366.646 444.582 366.646
443.780 301.124 588.888 301.124 588.888 366.058 443.780 366.058
444.043 301.168 589.204 301.168 589.204 366.233 444.043 366.233
442.468 301.142 587.681 301.142 587.681 366.399 442.468 366.399
442.381 301.830 587.822 301.830 587.822 367.291 442.381 367.291
439.195 301.460 584.898 301.460 584.898 366.934 439.195 366.934
439.174 301.505 585.106 301.505 585.106 367.120 439.174 367.120
436.906 301.021 582.871 301.021 582.871 367.024 436.906 367.024
436.492 301.231 582.767 301.231 582.767 367.452 436.492 367.452
434.341 300.300 580.952 300.300 580.952 366.838 434.341 366.838
434.876 300.614 581.551 300.614 581.551 367.272 434.876 367.272
432.761 300.525 579.565 300.525 579.565 367.483 432.761 367.483
432.695 300.807 579.288 300.807 579.288 367.935 432.695 367.935
431.044 301.227 577.752 301.227 577.752 368.278 431.044 368.278
428.570 300.410 575.592 300.410 575.592 367.422 428.570 367.422
429.077 301.267 575.950 301.267 575.950 368.372 429.077 368.372
427.256 300.769 574.101 300.769 574.101 367.943 427.256 367.943
427.104 300.762 574.108 300.762 574.108 368.017 427.104 368.017
425.566 301.136 572.818 301.136 572.818 368.243 425.566 368.243
424.289 301.062 571.752 301.062 571.752 368.084 424.289 368.084
424.181 301.407 571.378 301.407 571.378 368.671 424.181 368.671
422.165 300.466 569.747 300.466 569.747 367.756 422.165 367.756
424.094 300.472 571.531 300.472 571.531 367.866 424.094 367.866
422.999 300.718 570.514 300.718 570.514 368.004 422.999 368.004
420.890 300.669 568.493 300.669 568.493 367.864 420.890 367.864
421.640 301.033 569.180 301.033 569.180 368.155 421.640 368.155
419.393 300.223 567.242 300.223 567.242 367.311 419.393 367.311
420.903 300.583 568.239 300.583 568.239 367.412 420.903 367.412
420.059 300.769 567.134 300.769 567.134 367.347 420.059 367.347
418.251 300.907 565.205 300.907 565.205 367.504 418.251 367.504
418.784 300.601 565.571 300.601 565.571 366.985 418.784 366.985
418.673 301.567 565.249 301.567 565.249 367.877 418.673 367.877
415.337 300.321 562.091 300.321 562.091 366.833 415.337 366.833
416.843 300.530 563.269 300.530 563.269 367.165 416.843 367.165
414.448 300.110 560.887 300.110 560.887 366.887 414.448 366.887
415.724 300.214 561.879 300.214 561.879 366.930 415.724 366.930
415.097 300.051 560.975 300.051 560.975 367.022 415.097 367.022
414.887 300.344 560.579 300.344 560.579 367.494 414.887 367.494
414.253 300.130 559.653 300.130 559.653 367.138 414.253 367.138
413.978 300.466 559.405 300.466 559.405 367.372 413.978 367.372
414.284 300.071 559.608 300.071 559.608 366.675 414.284 366.675
413.580 300.210 558.912 300.210 558.912 366.798 413.580 366.798
412.860 300.467 558.166 300.467 558.166 367.092 412.860 367.092
415.179 300.461 559.880 300.461 559.880 366.831 415.179 366.831
413.569 300.366 558.029 300.366 558.029 366.634 413.569 366.634
411.739 300.743 555.881 300.743 555.881 367.012 411.739 367.012
413.012 301.295 556.798 301.295 556.798 367.390 413.012 367.390
411.523 301.902 555.049 301.902 555.049 367.795 411.523 367.795
411.870 301.511 554.788 301.511 554.788 367.190 411.870 367.190
410.652 301.567 553.423 301.567 553.423 367.136 410.652 367.136
409.804 301.718 552.315 301.718 552.315 367.100 409.804 367.100
411.085 302.075 553.288 302.075 553.288 367.378 411.085 367.378
411.017 301.836 552.894 301.836 552.894 367.055 411.017 367.055
409.307 301.894 551.288 301.894 551.288 367.118 409.307 367.118
410.412 301.764 551.868 301.764 551.868 366.743 410.412 366.743
408.666 302.105 549.870 302.105 549.870 367.331 408.666 367.331
408.636 301.885 549.995 301.885 549.995 366.914 408.636 366.914
407.951 301.861 549.237 301.861 549.237 366.839 407.951 366.839
407.786 301.647 548.749 301.647 548.749 366.816 407.786 366.816
407.721 301.927 548.670 301.927 548.670 366.937 407.721 366.937
408.087 301.994 548.989 301.994 548.989 367.068 408.087 367.068
407.839 302.218 548.588 302.218 548.588 367.208 407.839 367.208
408.188 302.206 548.563 302.206 548.563 367.213 408.188 367.213
407.373 302.119 547.720 302.119 547.720 367.117 407.373 367.117
407.745 302.151 547.898 302.151 547.898 367.148 407.745 367.148
406.951 301.727 546.940 301.727 546.940 366.698 406.951 366.698
405.922 301.807 546.148 301.807 546.148 366.450 405.922 366.450
406.412 301.315 546.637 301.315 546.637 366.083 406.412 366.083
406.174 301.271 546.140 301.271 546.140 366.098 406.174 366.098
405.436 301.623 545.386 301.623 545.386 366.366 405.436 366.366
406.489 301.510 546.316 301.510 546.316 366.337 406.489 366.337
405.839 301.609 545.510 301.609 545.510 366.573 405.839 366.573
406.455 301.666 545.899 301.666 545.899 366.685 406.455 366.685
405.952 301.302 545.257 301.302 545.257 366.306 405.952 366.306
405.842 301.732 545.092 301.732 545.092 366.658 405.842 366.658
405.896 301.607 544.996 301.607 544.996 366.426 405.896 366.426
405.738 301.566 544.867 301.566 544.867 366.314 405.738 366.314
406.226 301.546 545.343 301.546 545.343 366.265 406.226 366.265
405.434 301.381 544.560 301.381 544.560 366.109 405.434 366.109
407.386 301.463 546.437 301.463 546.437 366.223 407.386 366.223
406.281 301.511 545.464 301.511 545.464 366.254 406.281 366.254
406.229 301.661 545.367 301.661 545.367 366.386 406.229 366.386
406.686 301.472 545.535 301.472 545.535 366.370 406.686 366.370
406.297 301.313 545.059 301.313 545.059 366.297 406.297 366.297
407.803 301.130 546.347 301.130 546.347 366.040 407.803 366.040
408.884 301.741 547.028 301.741 547.028 366.493 408.884 366.493
407.759 302.108 545.807 302.108 545.807 366.765 407.759 366.765
407.241 301.832 545.247 301.832 545.247 366.594 407.241 366.594
407.172 302.044 545.519 302.044 545.519 366.657 407.172 366.657
406.524 302.141 545.028 302.141 545.028 366.726 406.524 366.726
406.381 302.125 544.760 302.125 544.760 366.789 406.381 366.789
405.405 302.183 543.729 302.183 543.729 366.906 405.405 366.906
406.411 302.205 544.877 302.205 544.877 366.927 406.411 366.927
406.066 302.029 544.362 302.029 544.362 366.835 406.066 366.835
406.207 301.761 544.547 301.761 544.547 366.492 406.207 366.492
407.553 302.025 545.740 302.025 545.740 366.892 407.553 366.892
406.779 301.721 545.068 301.721 545.068 366.597 406.779 366.597
406.543 301.645 544.850 301.645 544.850 366.542 406.543 366.542
407.251 301.598 545.758 301.598 545.758 366.244 407.251 366.244
407.144 301.507 545.623 301.507 545.623 366.149 407.144 366.149
407.729 301.572 546.195 301.572 546.195 366.291 407.729 366.291
408.238 301.832 546.718 301.832 546.718 366.557 408.238 366.557
407.897 301.918 546.525 301.918 546.525 366.608 407.897 366.608
408.676 301.849 547.272 301.849 547.272 366.517 408.676 366.517
409.716 301.679 548.361 301.679 548.361 366.320 409.716 366.320
409.033 301.381 547.726 301.381 547.726 365.986 409.033 365.986
409.973 302.006 548.819 302.006 548.819 366.368 409.973 366.368
410.249 301.896 548.919 301.896 548.919 366.490 410.249 366.490
410.478 301.689 549.300 301.689 549.300 366.201 410.478 366.201
411.820 301.482 550.649 301.482 550.649 365.971 411.820 365.971
412.481 301.558 551.301 301.558 551.301 366.018 412.481 366.018
412.630 301.160 551.529 301.160 551.529 365.728 412.630 365.728
413.745 301.132 552.546 301.132 552.546 365.548 413.745 365.548
415.366 302.126 554.235 302.126 554.235 366.483 415.366 366.483
413.438 301.679 552.227 301.679 552.227 366.013 413.438 366.013
414.957 301.474 553.674 301.474 553.674 366.061 414.957 366.061
417.640 301.602 556.254 301.602 556.254 366.097 417.640 366.097
415.615 301.237 554.168 301.237 554.168 365.812 415.615 365.812
418.674 301.972 557.065 301.972 557.065 366.288 418.674 366.288
417.282 300.989 555.793 300.989 555.793 365.266 417.282 365.266
419.376 301.682 557.954 301.682 557.954 365.863 419.376 365.863
418.999 301.493 557.798 301.493 557.798 365.732 418.999 365.732
419.825 301.108 558.654 301.108 558.654 365.538 419.825 365.538
421.996 300.478 561.027 300.478 561.027 365.062 421.996 365.062
422.969 301.352 562.140 301.352 562.140 365.862 422.969 365.862
422.234 301.664 562.061 301.664 562.061 366.222 422.234 366.222
422.725 301.177 562.396 301.177 562.396 365.902 422.725 365.902
421.797 301.314 562.017 301.314 562.017 365.957 421.797 365.957
423.454 301.103 563.691 301.103 563.691 365.795 423.454 365.795
423.748 300.696 564.154 300.696 564.154 365.455 423.748 365.455
425.369 300.156 565.883 300.156 565.883 364.953 425.369 364.953
427.333 300.194 568.321 300.194 568.321 364.848 427.333 364.848
426.714 300.685 568.201 300.685 568.201 365.167 426.714 365.167
427.956 300.737 570.023 300.737 570.023 365.279 427.956 365.279
429.596 300.517 572.351 300.517 572.351 365.172 429.596 365.172
431.250 299.773 574.141 299.773 574.141 364.691 431.250 364.691
434.827 299.949 578.557 299.949 578.557 364.940 434.827 364.940
434.823 298.916 578.836 298.916 578.836 364.364 434.823 364.364
437.273 298.678 581.648 298.678 581.648 364.473 437.273 364.473
438.335 298.573 583.275 298.573 583.275 364.859 438.335 364.859
440.905 298.544 586.782 298.544 586.782 364.929 440.905 364.929
441.853 298.042 588.369 298.042 588.369 364.395 441.853 364.395
444.304 297.925 591.381 297.925 591.381 364.632 444.304 364.632
447.705 297.635 595.213 297.635 595.213 364.579 447.705 364.579
450.351 297.058 598.625 297.058 598.625 364.170 450.351 364.170
453.036 296.905 602.192 296.905 602.192 363.863 453.036 363.863
456.075 296.587 606.059 296.587 606.059 363.346 456.075 363.346
459.064 296.417 609.177 296.417 609.177 363.363 459.064 363.363
460.583 295.686 610.849 295.686 610.849 362.604 460.583 362.604
463.741 295.097 613.677 295.097 613.677 362.085 463.741 362.085
466.260 295.232 615.775 295.232 615.775 362.355 466.260 362.355
467.348 294.708 616.457 294.708 616.457 361.581 467.348 361.581
470.940 294.802 619.359 294.802 619.359 361.611 470.940 361.611
474.169 294.674 621.621 294.674 621.621 361.368 474.169 361.368
478.659 294.550 625.248 294.550 625.248 360.919 478.659 360.919
480.650 294.418 626.032 294.418 626.032 360.559 480.650 360.559
481.584 294.029 625.805 294.029 625.805 360.120 481.584 360.120
483.838 293.077 626.905 293.077 626.905 359.126 483.838 359.126
488.236 293.753 629.821 293.753 629.821 359.554 488.236 359.554
491.268 293.987 631.472 293.987 631.472 359.585 491.268 359.585
491.690 293.016 630.260 293.016 630.260 358.609 491.690 358.609
495.234 293.306 632.460 293.306 632.460 358.726 495.234 358.726
496.583 292.562 632.185 292.562 632.185 357.671 496.583 357.671
498.637 292.811 632.725 292.811 632.725 357.678 498.637 357.678
500.698 292.876 633.014 292.876 633.014 357.512 500.698 357.512
502.473 292.707 632.857 292.707 632.857 356.889 502.473 356.889
504.141 292.381 632.520 292.381 632.520 356.272 504.141 356.272
506.183 292.400 632.835 292.400 632.835 355.767 506.183 355.767
508.074 290.947 630.141 290.947 630.141 355.845 508.074 355.845
510.207 290.118 628.841 290.118 628.841 355.808 510.207 355.808
512.039 288.783 627.370 288.783 627.370 355.005 512.039 355.005
513.318 288.067 625.537 288.067 625.537 354.497 513.318 354.497
515.075 287.690 624.398 287.690 624.398 353.920 515.075 353.920
516.112 287.089 622.750 287.089 622.750 353.310 516.112 353.310
516.972 287.949 620.901 287.949 620.901 353.853 516.972 353.853
519.767 286.809 620.697 286.809 620.697 352.798 519.767 352.798
522.127 286.569 620.775 286.569 620.775 352.117 522.127 352.117
523.937 286.128 620.016 286.128 620.016 351.515 523.937 351.515
525.693 287.255 619.533 287.255 619.533 352.246 525.693 352.246
526.254 286.425 618.338 286.425 618.338 350.896 526.254 350.896
527.700 287.036 617.778 287.036 617.778 351.133 527.700 351.133
527.568 286.932 615.932 286.932 615.932 350.451 527.568 350.451
530.191 287.513 617.330 287.513 617.330 350.246 530.191 350.246
531.270 287.256 616.944 287.256 616.944 349.342 531.270 349.342
533.348 287.383 617.694 287.383 617.694 348.792 533.348 348.792
533.711 287.324 616.555 287.324 616.555 348.309 533.711 348.309
538.226 284.384 618.467 284.384 618.467 345.931 538.226 345.931
539.268 285.216 618.319 285.216 618.319 345.841 539.268 345.841
540.890 286.445 619.105 286.445 619.105 345.881 540.890 345.881
542.519 284.569 618.194 284.569 618.194 344.686 542.519 344.686
544.249 284.680 617.578 284.680 617.578 345.398 544.249 345.398
545.475 283.556 617.215 283.556 617.215 344.401 545.475 344.401
546.462 283.435 616.611 283.435 616.611 344.198 546.462 344.198
547.670 283.525 616.355 283.525 616.355 344.077 547.670 344.077
548.870 282.928 616.572 282.928 616.572 343.189 548.870 343.189
548.956 282.655 616.025 282.655 616.025 342.304 548.956 342.304
550.018 282.256 615.945 282.256 615.945 341.651 550.018 341.651
551.030 282.028 615.918 282.028 615.918 341.184 551.030 341.184
552.038 282.498 615.916 282.498 615.916 341.321 552.038 341.321
552.340 281.701 615.762 281.701 615.762 339.887 552.340 339.887
552.942 281.434 616.163 281.434 616.163 338.814 552.942 338.814
553.322 282.053 616.282 282.053 616.282 338.657 553.322 338.657
553.908 281.997 616.741 281.997 616.741 337.850 553.908 337.850
554.331 282.275 616.572 282.275 616.572 337.466 554.331 337.466
554.526 281.601 615.991 281.601 615.991 336.751 554.526 336.751
555.738 281.581 616.402 281.581 616.402 336.776 555.738 336.776
556.143 281.988 616.528 281.988 616.528 336.584 556.143 336.584
556.247 282.096 616.384 282.096 616.384 336.047 556.247 336.047
555.943 281.676 615.854 281.676 615.854 335.086 555.943 335.086
556.625 281.209 616.226 281.209 616.226 334.138 556.625 334.138
557.207 281.175 616.583 281.175 616.583 333.560 557.207 333.560
556.796 280.494 615.524 280.494 615.524 332.755 556.796 332.755
557.035 280.214 615.476 280.214 615.476 331.997 557.035 331.997
556.821 279.041 614.858 279.041 614.858 330.828 556.821 330.828
557.668 279.213 615.692 279.213 615.692 330.481 557.668 330.481
557.530 279.318 615.638 279.318 615.638 330.126 557.530 330.126
557.951 278.389 615.698 278.389 615.698 329.190 557.951 329.190
557.114 277.279 614.664 277.279 614.664 328.043 557.114 328.043
557.563 277.614 615.132 277.614 615.132 327.818 557.563 327.818
557.554 277.640 615.521 277.640 615.521 327.455 557.554 327.455
556.654 277.829 614.527 277.829 614.527 327.295 556.654 327.295
557.319 277.319 615.117 277.319 615.117 326.560 557.319 326.560
557.183 276.390 614.824 276.390 614.824 325.425 557.183 325.425
556.945 275.672 614.349 275.672 614.349 324.623 556.945 324.623
557.102 275.659 614.603 275.659 614.603 324.114 557.102 324.114
557.057 275.505 614.804 275.505 614.804 323.385 557.057 323.385
556.280 275.164 613.799 275.164 613.799 322.784 556.280 322.784
556.601 275.323 614.200 275.323 614.200 322.655 556.601 322.655
557.160 274.533 614.796 274.533 614.796 321.723 557.160 321.723
556.512 274.200 614.223 274.200 614.223 321.253 556.512 321.253
556.125 274.159 614.165 274.159 614.165 320.872 556.125 320.872
556.216 274.333 614.271 274.333 614.271 320.916 556.216 320.916
555.333 273.353 613.383 273.353 613.383 319.671 555.333 319.671
554.746 272.314 613.135 272.314 613.135 318.440 554.746 318.440
554.731 271.628 613.666 271.628 613.666 317.369 554.731 317.369
554.127 271.109 612.861 271.109 612.861 316.714 554.127 316.714
554.613 270.709 613.542 270.709 613.542 316.164 554.613 316.164
554.130 270.144 613.257 270.144 613.257 315.510 554.130 315.510
554.710 269.418 614.115 269.418 614.115 314.623 554.710 314.623
553.167 269.100 612.292 269.100 612.292 314.219 553.167 314.219
552.864 268.920 612.442 268.920 612.442 313.783 552.864 313.783
553.202 268.848 613.113 268.848 613.113 313.388 553.202 313.388
552.607 267.763 612.633 267.763 612.633 312.260 552.607 312.260
552.496 267.455 612.802 267.455 612.802 311.719 552.496 311.719
551.903 267.510 612.314 267.510 612.314 311.779 551.903 311.779
551.228 267.515 612.104 267.515 612.104 311.486 551.228 311.486
550.260 266.984 611.287 266.984 611.287 310.618 550.260 310.618
549.617 265.998 610.986 265.998 610.986 309.381 549.617 309.381
548.365 266.516 610.103 266.516 610.103 309.672 548.365 309.672
547.280 265.693 609.117 265.693 609.117 308.815 547.280 308.815
546.992 265.915 609.071 265.915 609.071 308.885 546.992 308.885
545.732 265.507 607.864 265.507 607.864 308.392 545.732 308.392
545.986 265.166 608.272 265.166 608.272 308.077 545.986 308.077
544.862 264.980 607.200 264.980 607.200 307.860 544.862 307.860
544.053 263.955 606.681 263.955 606.681 306.735 544.053 306.735
543.708 263.866 606.881 263.866 606.881 306.306 543.708 306.306
543.168 264.297 607.115 264.297 607.115 306.755 543.168 306.755
541.901 263.852 606.173 263.852 606.173 306.450 541.901 306.450
540.723 262.779 605.652 262.779 605.652 305.382 540.723 305.382
539.940 262.821 605.343 262.821 605.343 305.605 539.940 305.605
538.794 262.292 605.023 262.292 605.023 305.133 538.794 305.133
537.445 261.389 604.408 261.389 604.408 304.310 537.445 304.310
536.023 260.993 603.424 260.993 603.424 304.285 536.023 304.285
534.295 260.421 602.623 260.421 602.623 303.756 534.295 303.756
532.114 259.765 601.527 259.765 601.527 302.860 532.114 302.860
530.917 259.270 601.303 259.270 601.303 302.415 530.917 302.415
530.076 258.751 601.318 258.751 601.318 301.863 530.076 301.863
528.925 258.801 601.337 258.801 601.337 301.937 528.925 301.937
527.390 258.057 600.780 258.057 600.780 301.358 527.390 301.358
526.191 257.767 600.321 257.767 600.321 301.486 526.191 301.486
525.107 257.534 599.810 257.534 599.810 301.573 525.107 301.573
524.300 257.079 600.343 257.079 600.343 300.486 524.300 300.486
531.032 254.675 608.941 254.675 608.941 297.674 531.032 297.674
530.082 254.080 609.463 254.080 609.463 296.817 530.082 296.817
530.924 253.074 611.775 253.074 611.775 295.581 530.924 295.581
536.920 251.526 618.205 251.526 618.205 294.393 536.920 294.393
536.325 249.785 618.212 249.785 618.212 292.990 536.325 292.990
536.498 248.879 618.937 248.879 618.937 292.094 536.498 292.094
535.732 248.194 618.639 248.194 618.639 291.514 535.732 291.514
534.514 247.547 617.709 247.547 617.709 290.978 534.514 290.978
494.698 270.650 575.782 270.650 575.782 315.492 494.698 315.492
496.666 270.639 575.830 270.639 575.830 316.703 496.666 316.703
497.558 277.711 574.523 277.711 574.523 324.811 497.558 324.811
502.465 282.376 577.946 282.376 577.946 329.499 502.465 329.499
503.966 281.501 578.127 281.501 578.127 328.914 503.966 328.914
504.402 281.958 577.780 281.958 577.780 329.495 504.402 329.495
507.198 282.764 580.487 282.764 580.487 329.965 507.198 329.965
507.079 283.281 580.118 283.281 580.118 330.025 507.079 330.025
509.365 283.360 582.092 283.360 582.092 329.900 509.365 329.900
510.552 283.809 582.502 283.809 582.502 330.562 510.552 330.562
511.450 284.622 583.209 284.622 583.209 331.323 511.450 331.323
513.477 285.389 585.172 285.389 585.172 331.759 513.477 331.759
513.813 285.563 585.529 285.563 585.529 331.936 513.813 331.936
515.441 286.244 587.001 286.244 587.001 332.740 515.441 332.740
517.060 287.245 588.462 287.245 588.462 334.050 517.060 334.050
519.056 287.896 590.082 287.896 590.082 335.018 519.056 335.018
519.346 288.492 590.523 288.492 590.523 335.609 519.346 335.609
520.095 289.150 590.925 289.150 590.925 336.682 520.095 336.682
522.912 290.385 593.752 290.385 593.752 337.528 522.912 337.528
524.863 291.661 595.450 291.661 595.450 338.624 524.863 338.624
526.666 292.570 597.399 292.570 597.399 339.070 526.666 339.070
527.329 293.567 598.427 293.567 598.427 339.398 527.329 339.398
527.291 294.065 598.713 294.065 598.713 339.655 527.291 339.655
528.382 294.681 599.850 294.681 599.850 340.134 528.382 340.134
528.031 294.948 599.524 294.948 599.524 340.134 528.031 340.134
527.811 302.354 598.918 302.354 598.918 348.172 527.811 348.172
527.918 302.721 598.851 302.721 598.851 348.778 527.918 348.778
528.116 302.947 598.871 302.947 598.871 349.462 528.116 349.462
527.759 302.991 598.181 302.991 598.181 349.818 527.759 349.818
527.671 303.353 598.779 303.353 598.779 349.649 527.671 349.649
527.980 303.488 599.444 303.488 599.444 349.333 527.980 349.333
526.636 310.449 597.756 310.449 597.756 357.271 526.636 357.271
525.448 309.846 596.878 309.846 596.878 357.174 525.448 357.174
525.788 309.490 597.429 309.490 597.429 357.185 525.788 357.185
524.965 309.233 597.323 309.233 597.323 356.537 524.965 356.537
525.003 309.008 597.904 309.008 597.904 355.906 525.003 355.906
522.114 315.716 595.289 315.716 595.289 363.429 522.114 363.429
522.141 315.012 595.442 315.012 595.442 363.292 522.141 363.292
522.353 314.371 596.181 314.371 596.181 362.455 522.353 362.455
519.684 313.225 594.120 313.225 594.120 361.076 519.684 361.076
518.898 319.738 593.560 319.738 593.560 367.965 518.898 367.965
518.605 319.085 593.829 319.085 593.829 367.468 518.605 367.468
514.622 326.139 588.859 326.139 588.859 376.677 514.622 376.677
514.219 325.070 589.430 325.070 589.430 375.776 514.219 375.776
513.842 324.702 589.600 324.702 589.600 375.380 513.842 375.380
513.281 323.760 589.721 323.760 589.721 374.323 513.281 374.323
510.842 330.828 587.618 330.828 587.618 382.595 510.842 382.595
509.538 329.811 586.854 329.811 586.854 382.030 509.538 382.030
506.489 337.811 583.923 337.811 583.923 391.170 506.489 391.170
504.324 346.890 582.378 346.890 582.378 400.625 504.324 400.625
502.885 347.823 580.730 347.823 580.730 402.895 502.885 402.895
499.122 348.999 577.148 348.999 577.148 405.023 499.122 405.023
496.903 349.748 575.632 349.748 575.632 406.570 496.903 406.570
494.229 351.338 573.448 351.338 573.448 408.951 494.229 408.951
493.065 353.116 572.797 353.116 572.797 411.177 493.065 411.177
489.992 354.619 570.335 354.619 570.335 413.667 489.992 413.667
486.355 356.126 567.267 356.126 567.267 416.025 486.355 416.025
484.176 358.256 566.377 358.256 566.377 418.304 484.176 418.304
480.771 360.126 564.201 360.126 564.201 420.350 480.771 420.350
476.169 361.897 560.773 361.897 560.773 422.601 476.169 422.601
473.644 363.701 559.547 363.701 559.547 424.635 473.644 424.635
469.807 376.074 557.086 376.074 557.086 435.845 469.807 435.845
463.751 379.339 551.652 379.339 551.652 438.606 463.751 438.606
460.612 383.115 549.371 383.115 549.371 441.716 460.612 441.716
457.661 385.588 547.712 385.588 547.712 443.097 457.661 443.097
454.388 388.819 545.562 388.819 545.562 445.496 454.388 445.496
449.015 397.189 540.885 397.189 540.885 452.145 449.015 452.145
446.326 398.039 538.112 398.039 538.112 452.125 446.326 452.125
438.295 405.807 530.398 405.807 530.398 458.391 438.295 458.391
432.927 407.585 525.233 407.585 525.233 459.093 432.927 459.093
430.946 409.203 523.213 409.203 523.213 459.994 430.946 459.994
422.959 411.308 515.362 411.308 515.362 461.013 422.959 461.013
414.944 413.078 507.506 413.078 507.506 461.838 414.944 461.838
409.583 413.795 502.126 413.795 502.126 461.973 409.583 461.973
404.131 414.602 496.661 414.602 496.661 462.042 404.131 462.042
399.662 415.197 492.227 415.197 492.227 462.384 399.662 462.384
359.300 340.009 450.725 340.009 450.725 387.765 359.300 387.765
358.862 338.144 448.907 338.144 448.907 386.743 358.862 386.743
358.429 336.828 447.479 336.828 447.479 386.115 358.429 386.115
359.071 336.397 447.226 336.397 447.226 386.274 359.071 386.274
360.659 336.267 447.885 336.267 447.885 386.668 360.659 386.668
359.289 335.847 446.294 335.847 446.294 386.366 359.289 386.366
359.687 335.954 446.345 335.954 446.345 386.565 359.687 386.565
360.925 336.704 447.083 336.704 447.083 387.376 360.925 387.376
359.809 336.696 445.782 336.696 445.782 387.298 359.809 387.298
359.866 336.809 445.569 336.809 445.569 387.251 359.866 387.251
359.687 337.227 445.155 337.227 445.155 387.526 359.687 387.526
360.064 336.655 445.409 336.655 445.409 386.743 360.064 386.743
361.039 336.505 446.097 336.505 446.097 386.675 361.039 386.675
360.956 336.922 445.902 336.922 445.902 386.908 360.956 386.908
360.403 337.053 445.578 337.053 445.578 386.789 360.403 386.789
360.159 336.894 445.377 336.894 445.377 386.634 360.159 386.634
359.863 337.337 445.065 337.337 445.065 386.932 359.863 386.932
359.725 336.650 444.576 336.650 444.576 386.370 359.725 386.370
359.966 337.186 444.827 337.186 444.827 386.876 359.966 386.876
359.930 337.803 444.724 337.803 444.724 387.404 359.930 387.404
361.340 337.049 446.331 337.049 446.331 386.459 361.340 386.459
360.406 336.927 445.536 336.927 445.536 386.260 360.406 386.260
360.326 337.140 445.317 337.140 445.317 386.620 360.326 386.620
359.822 337.430 444.967 337.430 444.967 386.751 359.822 386.751
360.364 337.264 445.354 337.264 445.354 386.598 360.364 386.598
360.639 337.937 445.682 337.937 445.682 387.185 360.639 387.185
360.810 337.075 445.464 337.075 445.464 386.319 360.810 386.319
360.757 337.818 445.442 337.818 445.442 386.983 360.757 386.983
359.581 337.333 444.199 337.333 444.199 386.547 359.581 386.547
361.840 337.959 446.248 337.959 446.248 387.387 361.840 387.387
360.204 337.665 444.947 337.665 444.947 386.787 360.204 386.787
360.364 337.221 444.862 337.221 444.862 386.410 360.364 386.410
361.283 337.619 445.781 337.619 445.781 386.782 361.283 386.782
360.655 336.772 445.277 336.772 445.277 385.768 360.655 385.768
360.886 336.950 445.554 336.950 445.554 386.005 360.886 386.005
360.756 337.112 445.213 337.112 445.213 386.301 360.756 386.301
361.423 337.287 445.825 337.287 445.825 386.543 361.423 386.543
361.308 337.577 445.672 337.577 445.672 386.787 361.308 386.787
360.765 337.940 445.029 337.940 445.029 387.094 360.765 387.094
360.957 337.399 445.252 337.399 445.252 386.464 360.957 386.464
360.590 337.648 444.926 337.648 444.926 386.818 360.590 386.818
360.359 337.962 444.534 337.962 444.534 387.197 360.359 387.197
360.524 337.342 444.405 337.342 444.405 386.772 360.524 386.772
360.588 337.981 444.690 337.981 444.690 387.210 360.588 387.210
360.244 337.109 444.280 337.109 444.280 386.284 360.244 386.284
360.901 337.757 445.214 337.757 445.214 386.785 360.901 386.785
360.983 338.429 445.373 338.429 445.373 387.243 360.983 387.243
360.731 337.824 444.939 337.824 444.939 386.636 360.731 386.636
361.811 337.187 445.649 337.187 445.649 386.067 361.811 386.067
361.403 337.909 445.396 337.909 445.396 386.648 361.403 386.648
360.895 336.908 444.669 336.908 444.669 385.855 360.895 385.855
361.765 337.841 445.655 337.841 445.655 386.772 361.765 386.772
360.967 337.070 444.851 337.070 444.851 385.971 360.967 385.971
361.426 337.829 445.475 337.829 445.475 386.728 361.426 386.728
360.722 336.941 444.676 336.941 444.676 385.864 360.722 385.864
361.302 337.403 445.434 337.403 445.434 386.317 361.302 386.317
360.780 337.514 445.007 337.514 445.007 386.390 360.780 386.390
360.579 337.554 444.721 337.554 444.721 386.507 360.579 386.507
360.605 338.006 444.869 338.006 444.869 386.963 360.605 386.963
361.028 337.138 445.178 337.138 445.178 385.931 361.028 385.931
360.793 337.792 444.933 337.792 444.933 386.478 360.793 386.478
361.778 337.510 445.729 337.510 445.729 386.309 361.778 386.309
361.283 337.661 445.163 337.661 445.163 386.455 361.283 386.455
360.634 338.021 444.476 338.021 444.476 386.792 360.634 386.792
361.112 337.407 445.048 337.407 445.048 386.138 361.112 386.138
360.910 337.718 444.758 337.718 444.758 386.563 360.910 386.563
361.224 338.179 445.174 338.179 445.174 386.969 361.224 386.969
360.576 337.577 444.562 337.577 444.562 386.445 360.576 386.445
361.207 337.016 445.169 337.016 445.169 385.864 361.207 385.864
361.450 337.492 445.313 337.492 445.313 386.306 361.450 386.306
361.320 337.273 445.214 337.273 445.214 385.955 361.320 385.955
361.834 337.639 445.736 337.639 445.736 386.420 361.834 386.420
361.345 337.520 445.076 337.520 445.076 386.429 361.345 386.429
360.577 337.626 444.478 337.626 444.478 386.484 360.577 386.484
360.918 338.309 445.047 338.309 445.047 387.065 360.918 387.065
360.679 337.941 444.695 337.941 444.695 386.723 360.679 386.723
361.186 337.488 444.956 337.488 444.956 386.360 361.186 386.360
361.237 337.882 444.862 337.882 444.862 386.907 361.237 386.907
360.826 337.208 444.648 337.208 444.648 386.061 360.826 386.061
361.371 338.158 445.301 338.158 445.301 387.057 361.371 387.057
360.762 337.704 444.732 337.704 444.732 386.493 360.762 386.493
361.881 337.867 445.746 337.867 445.746 386.611 361.881 386.611
361.444 338.095 445.416 338.095 445.416 386.826 361.444 386.826
361.126 337.519 445.347 337.519 445.347 385.997 361.126 385.997
360.653 338.244 444.839 338.244 444.839 386.862 360.653 386.862
360.749 337.949 444.863 337.949 444.863 386.613 360.749 386.613
361.051 337.409 445.011 337.409 445.011 386.150 361.051 386.150
361.194 337.783 445.163 337.783 445.163 386.655 361.194 386.655
360.782 337.058 444.578 337.058 444.578 386.008 360.782 386.008
361.432 337.898 445.235 337.898 445.235 386.865 361.432 386.865
360.709 337.211 444.697 337.211 444.697 386.083 360.709 386.083
361.904 337.643 445.806 337.643 445.806 386.615 361.904 386.615
361.478 337.126 445.350 337.126 445.350 385.959 361.478 385.959
361.435 337.732 445.353 337.732 445.353 386.500 361.435 386.500
360.825 337.967 444.825 337.967 444.825 386.754 360.825 386.754
361.467 337.534 445.378 337.534 445.378 386.284 361.467 386.284
360.853 337.839 444.735 337.839 444.735 386.624 360.853 386.624
360.842 337.343 444.767 337.343 444.767 386.186 360.842 386.186
361.520 337.931 445.455 337.931 445.455 386.807 361.520 386.807
360.756 337.281 444.696 337.281 444.696 386.132 360.756 386.132
361.622 337.743 445.483 337.743 445.483 386.633 361.622 386.633
361.186 336.987 444.908 336.987 444.908 385.833 361.186 385.833
361.771 337.532 445.703 337.532 445.703 386.441 361.771 386.441
361.894 338.270 445.939 338.270 445.939 387.172 361.894 387.172
360.560 337.456 444.493 337.456 444.493 386.347 360.560 386.347
361.234 337.907 445.101 337.907 445.101 386.883 361.234 386.883
360.788 337.035 444.727 337.035 444.727 385.865 360.788 385.865
361.566 337.564 445.194 337.564 445.194 386.503 361.566 386.503
361.117 337.514 444.838 337.514 444.838 386.315 361.117 386.315
361.251 337.930 445.031 337.930 445.031 386.672 361.251 386.672
360.874 337.951 444.781 337.951 444.781 386.712 360.874 386.712
360.749 337.412 444.569 337.412 444.569 386.124 360.749 386.124
360.672 337.827 444.511 337.827 444.511 386.636 360.672 386.636
360.732 337.400 444.575 337.400 444.575 386.192 360.732 386.192
361.554 337.907 445.459 337.907 445.459 386.684 361.554 386.684
360.575 337.022 444.445 337.022 444.445 385.857 360.575 385.857
361.531 337.510 445.452 337.510 445.452 386.369 361.531 386.369
361.152 337.751 445.023 337.751 445.023 386.466 361.152 386.466
361.044 338.051 445.180 338.051 445.180 386.627 361.044 386.627
360.697 337.002 444.730 337.002 444.730 385.612 360.697 385.612
361.894 337.741 445.817 337.741 445.817 386.417 361.894 386.417
361.343 338.072 445.433 338.072 445.433 386.671 361.343 386.671
360.450 337.303 444.526 337.303 444.526 385.907 360.450 385.907
361.460 338.188 445.555 338.188 445.555 386.830 361.460 386.830
360.480 337.314 444.472 337.314 444.472 385.994 360.480 385.994
