173.000 66.000 187.000 66.000 187.000 101.000 173.000 101.000
173.841 65.725 188.004 65.725 188.004 100.414 173.841 100.414
174.782 66.346 188.990 66.346 188.990 100.688 174.782 100.688
175.550 66.064 189.682 66.064 189.682 100.264 175.550 100.264
176.572 64.822 190.701 64.822 190.701 99.014 176.572 99.014
177.480 65.494 191.611 65.494 191.611 99.520 177.480 99.520
178.417 64.912 192.420 64.912 192.420 98.850 178.417 98.850
179.449 64.111 193.359 64.111 193.359 97.803 179.449 97.803
179.841 64.159 193.608 64.159 193.608 97.832 179.841 97.832
180.710 65.801 194.608 65.801 194.608 98.923 180.710 98.923
181.339 64.908 195.308 64.908 195.308 97.441 181.339 97.441
183.888 65.355 197.917 65.355 197.917 97.382 183.888 97.382
184.320 65.827 198.442 65.827 198.442 97.450 184.320 97.450
186.904 64.305 200.963 64.305 200.963 95.422 186.904 95.422
189.278 63.324 203.154 63.324 203.154 93.903 189.278 93.903
189.337 63.384 202.969 63.384 202.969 93.446 189.337 93.446
190.051 65.031 203.497 65.031 203.497 94.593 190.051 94.593
190.707 65.604 204.008 65.604 204.008 94.567 190.707 94.567
191.067 66.726 204.126 66.726 204.126 95.125 191.067 95.125
191.967 67.389 204.889 67.389 204.889 95.309 191.967 95.309
192.453 67.072 205.147 67.072 205.147 94.620 192.453 94.620
193.199 68.104 205.679 68.104 205.679 95.370 193.199 95.370
194.065 68.868 206.407 68.868 206.407 95.774 194.065 95.774
195.072 69.280 207.384 69.280 207.384 95.848 195.072 95.848
195.718 68.763 207.959 68.763 207.959 95.086 195.718 95.086
196.874 69.387 209.037 69.387 209.037 95.515 196.874 95.515
198.048 69.295 210.313 69.295 210.313 95.328 198.048 95.328
198.898 69.001 211.263 69.001 211.263 94.990 198.898 94.990
200.182 69.361 212.419 69.361 212.419 95.415 200.182 95.415
201.006 69.360 213.256 69.360 213.256 95.526 201.006 95.526
202.779 69.502 215.193 69.502 215.193 95.607 202.779 95.607
203.361 69.389 215.873 69.389 215.873 95.572 203.361 95.572
204.592 69.247 217.052 69.247 217.052 95.533 204.592 95.533
205.651 68.736 218.082 68.736 218.082 95.060 205.651 95.060
206.720 68.786 219.166 68.786 219.166 95.278 206.720 95.278
207.678 68.333 220.059 68.333 220.059 94.978 207.678 94.978
208.259 67.777 220.587 67.777 220.587 94.559 208.259 94.559
209.770 68.029 222.000 68.029 222.000 94.809 209.770 94.809
209.783 67.485 221.936 67.485 221.936 94.242 209.783 94.242
210.725 67.015 222.803 67.015 222.803 93.853 210.725 93.853
211.391 66.619 223.301 66.619 223.301 93.406 211.391 93.406
212.282 66.627 224.199 66.627 224.199 93.336 212.282 93.336
212.705 66.360 224.680 66.360 224.680 92.739 212.705 92.739
214.967 66.633 226.870 66.633 226.870 93.091 214.967 93.091
217.162 66.211 229.088 66.211 229.088 92.551 217.162 92.551
217.413 65.623 229.418 65.623 229.418 91.798 217.413 91.798
219.532 65.271 231.605 65.271 231.605 91.446 219.532 91.446
219.123 65.838 231.490 65.838 231.490 91.459 219.123 91.459
219.722 65.124 232.049 65.124 232.049 90.934 219.722 90.934
219.903 65.377 232.322 65.377 232.322 91.025 219.903 91.025
220.582 65.545 233.053 65.545 233.053 90.996 220.582 90.996
220.919 66.345 233.253 66.345 233.253 91.852 220.919 91.852
221.528 65.802 233.796 65.802 233.796 91.420 221.528 91.420
222.009 65.363 234.380 65.363 234.380 90.582 222.009 90.582
221.884 66.259 234.344 66.259 234.344 90.997 221.884 90.997
222.893 66.435 235.306 66.435 235.306 91.039 222.893 91.039
223.835 66.171 236.193 66.171 236.193 90.537 223.835 90.537
224.263 66.920 236.465 66.920 236.465 91.113 224.263 91.113
225.145 67.314 237.139 67.314 237.139 91.280 225.145 91.280
225.874 67.644 237.893 67.644 237.893 91.351 225.874 91.351
227.206 67.549 239.226 67.549 239.226 91.089 227.206 91.089
227.810 67.922 239.806 67.922 239.806 91.307 227.810 91.307
228.484 68.218 240.438 68.218 240.438 91.530 228.484 91.530
229.700 68.111 241.583 68.111 241.583 91.350 229.700 91.350
230.788 68.056 242.602 68.056 242.602 91.345 230.788 91.345
231.381 67.906 243.217 67.906 243.217 91.140 231.381 91.140
232.585 67.887 244.394 67.887 244.394 90.947 232.585 90.947
233.626 67.341 245.282 67.341 245.282 90.493 233.626 90.493
234.408 66.914 245.918 66.914 245.918 90.244 234.408 90.244
235.047 66.900 246.489 66.900 246.489 90.220 235.047 90.220
236.229 66.377 247.509 66.377 247.509 89.812 236.229 89.812
237.696 65.895 248.906 65.895 248.906 89.401 237.696 89.401
238.196 66.215 249.349 66.215 249.349 89.671 238.196 89.671
239.032 65.672 250.222 65.672 250.222 89.033 239.032 89.033
239.917 65.903 251.265 65.903 251.265 89.087 239.917 89.087
240.746 66.152 252.147 66.152 252.147 89.235 240.746 89.235
241.252 66.721 252.729 66.721 252.729 89.736 241.252 89.736
242.126 67.361 253.589 67.361 253.589 90.363 242.126 90.363
242.917 66.755 254.220 66.755 254.220 89.710 242.917 89.710
245.293 65.522 256.487 65.522 256.487 88.656 245.293 88.656
247.442 63.743 258.589 63.743 258.589 87.044 247.442 87.044
249.432 64.091 260.559 64.091 260.559 87.504 249.432 87.504
251.594 68.978 262.688 68.978 262.688 92.588 251.594 92.588
253.739 70.050 264.892 70.050 264.892 93.865 253.739 93.865
255.691 70.874 267.097 70.874 267.097 94.700 255.691 94.700
255.336 70.323 266.837 70.323 266.837 94.261 255.336 94.261
255.579 68.936 267.140 68.936 267.140 93.106 255.579 93.106
255.591 72.253 267.274 72.253 267.274 96.449 255.591 96.449
255.901 70.452 267.636 70.452 267.636 94.736 255.901 94.736
257.957 66.977 269.533 66.977 269.533 91.487 257.957 91.487
257.865 65.787 269.451 65.787 269.451 90.402 257.865 90.402
258.510 65.382 270.279 65.382 270.279 89.858 258.510 89.858
260.759 65.487 272.385 65.487 272.385 90.190 260.759 90.190
262.470 63.928 274.030 63.928 274.030 88.593 262.470 88.593
262.611 64.730 274.163 64.730 274.163 89.366 262.611 89.366
264.328 62.902 275.829 62.902 275.829 87.521 264.328 87.521
264.627 61.636 276.308 61.636 276.308 86.156 264.627 86.156
265.206 60.552 276.964 60.552 276.964 85.013 265.206 85.013
265.840 61.028 277.542 61.028 277.542 85.638 265.840 85.638
266.193 60.512 277.858 60.512 277.858 84.980 266.193 84.980
270.311 62.858 281.870 62.858 281.870 87.387 270.311 87.387
272.382 61.373 283.848 61.373 283.848 85.943 272.382 85.943
271.991 63.908 283.353 63.908 283.353 88.483 271.991 88.483
271.825 64.654 283.038 64.654 283.038 89.198 271.825 89.198
272.046 65.728 283.254 65.728 283.254 90.079 272.046 90.079
273.675 66.040 284.762 66.040 284.762 90.429 273.675 90.429
273.628 66.469 284.749 66.469 284.749 90.793 273.628 90.793
280.119 65.211 291.379 65.211 291.379 89.395 280.119 89.395
280.086 64.517 291.317 64.517 291.317 88.661 280.086 88.661
281.581 66.023 292.845 66.023 292.845 90.237 281.581 90.237
281.605 65.622 292.943 65.622 292.943 89.645 281.605 89.645
282.105 64.908 293.654 64.908 293.654 88.686 282.105 88.686
282.495 64.867 294.089 64.867 294.089 88.624 282.495 88.624
283.358 65.032 294.993 65.032 294.993 88.678 283.358 88.678
284.141 65.726 295.921 65.726 295.921 89.175 284.141 89.175
284.622 65.164 296.539 65.164 296.539 88.638 284.622 88.638
285.257 65.075 297.207 65.075 297.207 88.501 285.257 88.501
286.296 64.297 298.258 64.297 298.258 87.600 286.296 87.600
287.269 64.560 299.278 64.560 299.278 87.695 287.269 87.695
288.224 64.522 300.255 64.522 300.255 87.523 288.224 87.523
289.094 64.581 301.123 64.581 301.123 87.558 289.094 87.558
289.528 63.958 301.433 63.958 301.433 87.017 289.528 87.017
290.370 63.514 302.202 63.514 302.202 86.524 290.370 86.524
291.421 63.585 303.380 63.585 303.380 86.469 291.421 86.469
292.153 63.908 304.065 63.908 304.065 86.754 292.153 86.754
293.074 63.473 304.858 63.473 304.858 86.309 293.074 86.309
294.490 63.782 306.202 63.782 306.202 86.619 294.490 86.619
295.897 63.909 307.557 63.909 307.557 86.814 295.897 86.814
297.453 64.362 309.125 64.362 309.125 87.297 297.453 87.297
298.806 65.161 310.470 65.161 310.470 88.137 298.806 88.137
299.957 65.192 311.705 65.192 311.705 88.181 299.957 88.181
301.732 64.872 313.495 64.872 313.495 87.779 301.732 87.779
303.442 64.211 315.190 64.211 315.190 87.161 303.442 87.161
304.238 64.545 315.998 64.545 315.998 87.488 304.238 87.488
306.317 64.345 317.959 64.345 317.959 87.379 306.317 87.379
307.450 64.355 319.083 64.355 319.083 87.454 307.450 87.454
308.677 64.106 320.364 64.106 320.364 87.125 308.677 87.125
309.483 63.633 321.209 63.633 321.209 86.487 309.483 86.487
310.981 63.638 322.554 63.638 322.554 86.403 310.981 86.403
311.804 64.798 323.177 64.798 323.177 87.790 311.804 87.790
312.258 65.243 323.461 65.243 323.461 88.483 312.258 88.483
314.205 63.704 325.152 63.704 325.152 87.085 314.205 87.085
314.336 63.469 325.103 63.469 325.103 86.858 314.336 86.858
314.728 63.420 325.313 63.420 325.313 87.119 314.728 87.119
316.810 63.411 327.370 63.411 327.370 87.149 316.810 87.149
318.563 63.521 329.038 63.521 329.038 87.429 318.563 87.429
318.497 62.698 329.298 62.698 329.298 86.273 318.497 86.273
318.877 62.243 329.926 62.243 329.926 85.793 318.877 85.793
320.935 62.001 331.999 62.001 331.999 85.478 320.935 85.478
320.991 63.364 332.122 63.364 332.122 86.808 320.991 86.808
321.125 62.587 332.305 62.587 332.305 85.954 321.125 85.954
338.144 55.940 349.518 55.940 349.518 79.230 338.144 79.230
338.093 55.277 349.635 55.277 349.635 78.501 338.093 78.501
338.336 57.307 349.997 57.307 349.997 80.490 338.336 80.490
339.967 57.554 351.706 57.554 351.706 80.773 339.967 80.773
340.076 57.574 351.754 57.574 351.754 80.839 340.076 80.839
340.229 51.463 351.803 51.463 351.803 75.124 340.229 75.124
342.419 61.507 354.006 61.507 354.006 85.301 342.419 85.301
342.962 58.319 354.596 58.319 354.596 82.094 342.962 82.094
342.950 58.852 354.654 58.852 354.654 82.583 342.950 82.583
344.495 57.652 356.291 57.652 356.291 81.249 344.495 81.249
334.687 60.094 346.358 60.094 346.358 83.857 334.687 83.857
334.504 59.684 345.932 59.684 345.932 83.584 334.504 83.584
336.439 59.395 347.925 59.395 347.925 83.362 336.439 83.362
336.748 59.081 348.236 59.081 348.236 83.207 336.748 83.207
337.001 58.795 348.530 58.795 348.530 83.085 337.001 83.085
339.369 58.053 350.908 58.053 350.908 82.591 339.369 82.591
339.751 57.564 351.157 57.564 351.157 82.338 339.751 82.338
340.022 58.978 351.448 58.978 351.448 83.854 340.022 83.854
340.869 58.792 352.260 58.792 352.260 83.706 340.869 83.706
341.197 59.012 352.502 59.012 352.502 84.025 341.197 84.025
343.022 57.820 354.301 57.820 354.301 82.885 343.022 82.885
343.086 59.545 354.301 59.545 354.301 84.713 343.086 84.713
345.064 59.041 356.170 59.041 356.170 84.359 345.064 84.359
345.538 59.634 356.586 59.634 356.586 84.919 345.538 84.919
347.228 60.493 358.446 60.493 358.446 85.444 347.228 85.444
347.029 59.743 358.365 59.743 358.365 84.427 347.029 84.427
347.178 58.961 358.475 58.961 358.475 83.608 347.178 83.608
349.364 61.740 360.717 61.740 360.717 86.234 349.364 86.234
349.740 60.550 361.235 60.550 361.235 84.838 349.740 84.838
351.673 59.466 363.127 59.466 363.127 83.583 351.673 83.583
353.431 58.581 364.971 58.581 364.971 82.415 353.431 82.415
355.296 58.932 366.908 58.932 366.908 82.438 355.296 82.438
355.904 59.020 367.454 59.020 367.454 82.313 355.904 82.313
356.596 59.208 368.107 59.208 368.107 82.288 356.596 82.288
358.463 59.190 369.829 59.190 369.829 82.358 358.463 82.358
360.767 59.044 371.902 59.044 371.902 82.424 360.767 82.424
360.823 59.169 371.871 59.169 371.871 82.605 360.823 82.605
362.700 59.362 373.562 59.362 373.562 82.860 362.700 82.860
362.930 59.644 373.649 59.644 373.649 83.150 362.930 83.150
365.661 60.880 376.245 60.880 376.245 84.275 365.661 84.275
366.508 60.018 376.930 60.018 376.930 83.471 366.508 83.471
367.225 59.380 377.549 59.380 377.549 82.844 367.225 82.844
369.516 59.237 379.549 59.237 379.549 82.795 369.516 82.795
369.726 58.640 379.599 58.640 379.599 82.239 369.726 82.239
371.668 60.321 381.632 60.321 381.632 83.798 371.668 83.798
371.512 59.587 381.474 59.587 381.474 83.088 371.512 83.088
371.890 59.904 381.778 59.904 381.778 83.478 371.890 83.478
373.910 59.370 384.051 59.370 384.051 82.638 373.910 82.638
374.121 59.454 384.378 59.454 384.378 82.512 374.121 82.512
376.466 58.579 386.758 58.579 386.758 81.475 376.466 81.475
377.877 56.681 388.383 56.681 388.383 79.178 377.877 79.178
377.855 56.894 388.689 56.894 388.689 78.996 377.855 78.996
379.731 57.442 390.760 57.442 390.760 79.310 379.731 79.310
379.962 57.338 391.113 57.338 391.113 79.027 379.962 79.027
380.404 57.370 391.535 57.370 391.535 79.125 380.404 79.125
382.537 56.833 393.541 56.833 393.541 78.756 382.537 78.756
384.780 58.199 395.631 58.199 395.631 80.284 384.780 80.284
384.812 59.615 395.606 59.615 395.606 81.699 384.812 81.699
387.017 62.215 397.790 62.215 397.790 84.397 387.017 84.397
389.034 62.942 399.904 62.942 399.904 85.148 389.034 85.148
391.036 65.312 401.974 65.312 401.974 87.651 391.036 87.651
391.228 64.027 402.332 64.027 402.332 86.293 391.228 86.293
393.116 64.418 404.332 64.418 404.332 86.655 393.116 86.655
393.184 64.481 404.419 64.481 404.419 86.845 393.184 86.845
394.879 64.219 406.072 64.219 406.072 86.682 394.879 86.682
394.614 64.452 405.756 64.452 405.756 86.998 394.614 86.998
396.365 57.903 407.337 57.903 407.337 80.685 396.365 80.685
396.783 57.408 407.648 57.408 407.648 80.229 396.783 80.229
397.405 57.444 408.228 57.444 408.228 80.190 397.405 80.190
397.862 57.574 408.723 57.574 408.723 80.118 397.862 80.118
398.543 57.693 409.356 57.693 409.356 80.283 398.543 80.283
398.590 58.209 409.418 58.209 409.418 80.673 398.590 80.673
398.905 60.123 409.754 60.123 409.754 82.485 398.905 82.485
399.554 59.585 410.489 59.585 410.489 81.830 399.554 81.830
402.461 59.094 413.425 59.094 413.425 81.302 402.461 81.302
402.830 58.369 413.718 58.369 413.718 80.668 402.830 80.668
405.029 57.878 416.014 57.878 416.014 79.986 405.029 79.986
406.967 56.958 417.906 56.958 417.906 79.048 406.967 79.048
407.101 58.150 417.881 58.150 417.881 80.448 407.101 80.448
408.955 57.853 419.628 57.853 419.628 80.186 408.955 80.186
408.959 57.906 419.490 57.906 419.490 80.497 408.959 80.497
409.468 57.443 419.962 57.443 419.962 80.096 409.468 80.096
411.383 57.005 421.898 57.005 421.898 79.659 411.383 79.659
411.547 56.616 421.960 56.616 421.960 79.290 411.547 79.290
413.873 48.288 424.132 48.288 424.132 71.096 413.873 71.096
413.901 45.097 424.117 45.097 424.117 67.912 413.901 67.912
413.765 44.570 423.931 44.570 423.931 67.333 413.765 67.333
415.697 43.919 425.867 43.919 425.867 66.585 415.697 66.585
415.547 43.308 425.663 43.308 425.663 66.042 415.547 66.042
415.358 44.720 425.522 44.720 425.522 67.398 415.358 67.398
417.167 44.067 427.289 44.067 427.289 66.547 417.167 66.547
419.648 45.381 429.666 45.381 429.666 67.733 419.648 67.733
420.210 46.726 430.274 46.726 430.274 68.661 420.210 68.661
423.989 55.713 434.193 55.713 434.193 77.307 423.989 77.307
424.211 58.588 434.363 58.588 434.363 80.160 424.211 80.160
426.032 58.157 436.343 58.157 436.343 79.530 426.032 79.530
427.707 59.161 438.190 59.161 438.190 80.234 427.707 80.234
429.260 56.802 439.679 56.802 439.679 77.842 429.260 77.842
429.497 56.841 439.929 56.841 439.929 77.854 429.497 77.854
431.114 58.271 441.466 58.271 441.466 79.368 431.114 79.368
433.146 57.652 443.434 57.652 443.434 78.806 433.146 78.806
433.442 58.975 443.684 58.975 443.684 80.076 433.442 80.076
435.117 57.158 445.247 57.158 445.247 78.206 435.117 78.206
437.014 57.372 446.975 57.372 446.975 78.406 437.014 78.406
436.854 57.155 446.744 57.155 446.744 78.040 436.854 78.040
437.400 56.989 447.372 56.989 447.372 77.677 437.400 77.677
437.877 57.371 447.888 57.371 447.888 77.990 437.877 77.990
439.804 57.206 449.868 57.206 449.868 77.742 439.804 77.742
440.075 57.219 450.154 57.219 450.154 77.836 440.075 77.836
441.924 57.122 452.107 57.122 452.107 77.631 441.924 77.631
442.480 57.205 452.802 57.205 452.802 77.693 442.480 77.693
444.432 57.098 454.823 57.098 454.823 77.605 444.432 77.605
445.370 57.331 455.854 57.331 455.854 77.763 445.370 77.763
447.351 56.799 457.783 56.799 457.783 77.326 447.351 77.326
447.698 56.794 458.114 56.794 458.114 77.468 447.698 77.468
448.440 56.213 458.813 56.213 458.813 77.063 448.440 77.063
449.298 56.884 459.706 56.884 459.706 77.619 449.298 77.619
451.676 57.720 462.250 57.720 462.250 78.344 451.676 78.344
452.029 56.999 462.712 56.999 462.712 77.646 452.029 77.646
452.746 57.091 463.440 57.091 463.440 77.743 452.746 77.743
453.272 57.376 463.976 57.376 463.976 78.146 453.272 78.146
454.301 57.413 464.989 57.413 464.989 78.157 454.301 78.157
454.979 57.789 465.706 57.789 465.706 78.524 454.979 78.524
457.336 57.630 467.965 57.630 467.965 78.433 457.336 78.433
457.372 57.451 467.887 57.451 467.887 78.289 457.372 78.289
459.094 58.510 469.496 58.510 469.496 79.324 459.094 79.324
459.236 57.837 469.587 57.837 469.587 78.617 459.236 78.617
459.567 55.992 469.934 55.992 469.934 76.790 459.567 76.790
460.144 56.051 470.456 56.051 470.456 76.836 460.144 76.836
462.042 55.782 472.283 55.782 472.283 76.523 462.042 76.523
462.230 55.532 472.489 55.532 472.489 76.181 462.230 76.181
462.574 54.926 472.806 54.926 472.806 75.663 462.574 75.663
464.512 55.303 474.709 55.303 474.709 75.913 464.512 75.913
464.752 55.466 474.983 55.466 474.983 76.056 464.752 76.056
466.602 55.720 476.930 55.720 476.930 76.179 466.602 76.179
467.122 55.919 477.546 55.919 477.546 76.237 467.122 76.237
467.709 55.969 478.183 55.969 478.183 76.247 467.709 76.247
468.229 55.930 478.778 55.930 478.778 76.144 468.229 76.144
470.372 56.258 480.884 56.258 480.884 76.459 470.372 76.459
470.810 55.859 481.316 55.859 481.316 76.226 470.810 76.226
471.416 55.323 481.847 55.323 481.847 75.859 471.416 75.859
473.589 54.747 483.918 54.747 483.918 75.401 473.589 75.401
475.774 54.847 486.033 54.847 486.033 75.611 475.774 75.611
476.161 55.027 486.283 55.027 486.283 75.802 476.161 75.802
476.999 54.932 487.080 54.932 487.080 75.757 476.999 75.757
477.637 54.646 487.765 54.646 487.765 75.572 477.637 75.572
478.269 53.917 488.462 53.917 488.462 74.851 478.269 74.851
478.631 53.933 489.083 53.933 489.083 74.633 478.631 74.633
480.076 54.237 490.701 54.237 490.701 74.797 480.076 74.797
480.098 54.887 490.824 54.887 490.824 75.314 480.098 75.314
480.356 55.110 491.193 55.110 491.193 75.486 480.356 75.486
480.746 55.099 491.666 55.099 491.666 75.402 480.746 75.402
482.609 54.774 493.388 54.774 493.388 75.249 482.609 75.249
482.626 54.364 493.293 54.364 493.293 75.056 482.626 75.056
484.460 54.243 495.052 54.243 495.052 75.040 484.460 75.040
484.620 54.216 495.118 54.216 495.118 75.049 484.620 75.049
486.323 54.427 496.777 54.427 496.777 75.265 486.323 75.265
486.405 53.991 496.887 53.991 496.887 74.901 486.405 74.901
486.223 53.696 496.793 53.696 496.793 74.494 486.223 74.494
487.918 53.441 498.525 53.441 498.525 74.220 487.918 74.220
488.093 53.288 498.685 53.288 498.685 74.052 488.093 74.052
490.061 53.668 500.714 53.668 500.714 74.361 490.061 74.361
490.196 53.899 500.880 53.899 500.880 74.541 490.196 74.541
490.267 53.733 500.935 53.733 500.935 74.437 490.267 74.437
490.840 53.411 501.538 53.411 501.538 74.110 490.840 74.110
492.901 53.732 503.692 53.732 503.692 74.362 492.901 74.362
493.729 54.236 504.655 54.236 504.655 74.684 493.729 74.684
494.388 54.516 505.512 54.516 505.512 74.945 494.388 74.945
495.006 54.440 506.172 54.440 506.172 74.961 495.006 74.961
495.751 54.487 507.029 54.487 507.029 75.021 495.751 75.021
497.771 54.425 509.078 54.425 509.078 75.060 497.771 75.060
498.474 54.614 509.741 54.614 509.741 75.312 498.474 75.312
499.079 54.620 510.431 54.620 510.431 75.418 499.079 75.418
499.719 54.216 510.988 54.216 510.988 75.276 499.719 75.276
500.474 52.879 511.759 52.879 511.759 73.912 500.474 73.912
501.335 52.845 512.596 52.845 512.596 73.962 501.335 73.962
502.261 52.728 513.428 52.728 513.428 74.138 502.261 74.138
502.951 52.779 514.136 52.779 514.136 74.258 502.951 74.258
503.809 53.383 514.972 53.383 514.972 74.818 503.809 74.818
504.078 51.788 515.345 51.788 515.345 72.930 504.078 72.930
504.602 52.153 515.916 52.153 515.916 73.230 504.602 73.230
506.537 52.214 517.802 52.214 517.802 73.311 506.537 73.311
507.185 51.812 518.271 51.812 518.271 72.989 507.185 72.989
507.445 52.174 518.577 52.174 518.577 73.061 507.445 73.061
509.333 52.860 520.387 52.860 520.387 73.613 509.333 73.613
510.101 52.506 520.867 52.506 520.867 73.548 510.101 73.548
510.352 52.036 521.029 52.036 521.029 73.124 510.352 73.124
510.992 52.028 521.637 52.028 521.637 73.148 510.992 73.148
511.351 51.959 521.985 51.959 521.985 73.066 511.351 73.066
513.388 52.827 524.146 52.827 524.146 73.791 513.388 73.791
513.603 52.617 524.428 52.617 524.428 73.642 513.603 73.642
514.173 52.531 525.023 52.531 525.023 73.610 514.173 73.610
516.238 52.319 527.270 52.319 527.270 73.391 516.238 73.391
516.597 51.772 527.778 51.772 527.778 72.831 516.597 72.831
518.638 51.948 530.000 51.948 530.000 72.843 518.638 72.843
519.145 52.576 530.728 52.576 530.728 73.343 519.145 73.343
520.927 52.058 532.484 52.058 532.484 73.001 520.927 73.001
521.276 51.960 532.872 51.960 532.872 73.014 521.276 73.014
521.669 52.143 533.374 52.143 533.374 73.259 521.669 73.259
522.535 52.451 534.294 52.451 534.294 73.535 522.535 73.535
524.690 52.497 536.491 52.497 536.491 73.800 524.690 73.800
524.732 52.610 536.539 52.610 536.539 74.101 524.732 74.101
525.381 52.141 537.185 52.141 537.185 73.897 525.381 73.897
525.695 51.824 537.462 51.824 537.462 73.674 525.695 73.674
526.437 51.924 538.186 51.924 538.186 73.881 526.437 73.881
527.096 52.042 538.759 52.042 538.759 74.075 527.096 74.075
529.520 53.758 540.997 53.758 540.997 76.056 529.520 76.056
529.597 50.895 540.875 50.895 540.875 73.337 529.597 73.337
530.053 48.268 541.222 48.268 541.222 70.711 530.053 70.711
530.482 45.882 541.695 45.882 541.695 68.120 530.482 68.120
531.264 46.689 542.536 46.689 542.536 68.472 531.264 68.472
532.101 47.124 543.326 47.124 543.326 68.653 532.101 68.653
533.992 44.833 545.332 44.833 545.332 66.250 533.992 66.250
534.212 44.934 545.632 44.934 545.632 66.272 534.212 66.272
534.541 44.999 545.965 44.999 545.965 66.271 534.541 66.271
534.710 46.555 546.030 46.555 546.030 67.889 534.710 67.889
536.560 47.809 547.764 47.809 547.764 69.371 536.560 69.371
536.429 48.688 547.526 48.688 547.526 70.421 536.429 70.421
536.503 45.135 547.569 45.135 547.569 66.936 536.503 66.936
536.595 43.762 547.656 43.762 547.656 65.576 536.595 65.576
536.615 42.739 547.662 42.739 547.662 64.585 536.615 64.585
546.673 57.817 557.510 57.817 557.510 79.908 546.673 79.908
546.798 58.952 557.578 58.952 557.578 81.071 546.798 81.071
548.373 57.370 559.204 57.370 559.204 79.691 548.373 79.691
548.220 57.941 559.009 57.941 559.009 80.246 548.220 80.246
549.884 54.703 560.877 54.703 560.877 76.877 549.884 76.877
549.516 53.503 560.702 53.503 560.702 75.609 549.516 75.609
551.106 53.455 562.251 53.455 562.251 75.498 551.106 75.498
551.024 50.662 562.109 50.662 562.109 72.731 551.024 72.731
550.990 48.212 562.200 48.212 562.200 70.339 550.990 70.339
551.155 52.179 562.393 52.179 562.393 74.295 551.155 74.295
552.948 53.524 564.131 53.524 564.131 75.524 552.948 75.524
553.117 53.096 564.314 53.096 564.314 74.954 553.117 74.954
553.328 53.954 564.542 53.954 564.542 75.861 553.328 75.861
555.442 53.076 566.621 53.076 566.621 75.088 555.442 75.088
557.447 51.660 568.599 51.660 568.599 73.729 557.447 73.729
557.505 50.960 568.591 50.960 568.591 72.960 557.505 72.960
557.910 52.053 568.997 52.053 568.997 74.047 557.910 74.047
559.703 51.551 570.642 51.551 570.642 73.596 559.703 73.596
559.962 52.209 570.827 52.209 570.827 74.244 559.962 74.244
560.306 51.471 571.140 51.471 571.140 73.480 560.306 73.480
560.836 51.106 571.737 51.106 571.737 72.933 560.836 72.933
561.154 50.947 571.948 50.947 571.948 72.719 561.154 72.719
563.096 51.561 573.937 51.561 573.937 73.142 563.096 73.142
563.316 51.752 574.118 51.752 574.118 73.307 563.316 73.307
565.047 52.201 575.920 52.201 575.920 73.709 565.047 73.709
565.517 52.659 576.508 52.659 576.508 74.005 565.517 74.005
566.302 52.653 577.291 52.653 577.291 73.949 566.302 73.949
568.460 52.388 579.550 52.388 579.550 73.638 568.460 73.638
570.587 52.274 581.770 52.274 581.770 73.466 570.587 73.466
572.298 53.518 583.493 53.518 583.493 74.666 572.298 74.666
572.411 52.782 583.698 52.782 583.698 73.855 572.411 73.855
572.622 51.951 583.882 51.951 583.882 73.036 572.622 73.036
574.589 51.570 585.684 51.570 585.684 72.982 574.589 72.982
575.062 48.944 586.066 48.944 586.066 70.601 575.062 70.601
575.284 48.480 586.301 48.480 586.301 70.205 575.284 70.205
577.089 48.290 588.027 48.290 588.027 70.097 577.089 70.097
577.107 47.613 587.957 47.613 587.957 69.560 577.107 69.560
577.389 47.609 588.346 47.609 588.346 69.354 577.389 69.354
579.238 47.553 590.255 47.553 590.255 69.178 579.238 69.178
579.480 47.547 590.526 47.547 590.526 69.007 579.480 69.007
581.465 51.342 592.300 51.342 592.300 72.952 581.465 72.952
581.777 52.318 592.481 52.318 592.481 74.031 581.777 74.031
583.664 51.759 594.370 51.759 594.370 73.396 583.664 73.396
584.018 51.074 594.778 51.074 594.778 72.563 584.018 72.563
586.028 50.595 596.764 50.595 596.764 72.085 586.028 72.085
586.359 51.804 597.126 51.804 597.126 73.265 586.359 73.265
586.318 49.528 596.989 49.528 596.989 70.985 586.318 70.985
586.682 49.055 597.393 49.055 597.393 70.497 586.682 70.497
587.134 48.739 597.842 48.739 597.842 70.243 587.134 70.243
589.093 51.190 599.728 51.190 599.728 72.707 589.093 72.707
589.441 51.177 600.141 51.177 600.141 72.672 589.441 72.672
589.581 49.370 600.397 49.370 600.397 70.841 589.581 70.841
590.030 49.614 601.042 49.614 601.042 71.072 590.030 71.072
590.606 49.887 601.737 49.887 601.737 71.398 590.606 71.398
591.145 49.752 602.433 49.752 602.433 71.223 591.145 71.223
593.208 50.494 604.651 50.494 604.651 71.869 593.208 71.869
593.678 50.979 605.273 50.979 605.273 72.264 593.678 72.264
594.036 51.089 605.622 51.089 605.622 72.424 594.036 72.424
596.088 51.004 607.726 51.004 607.726 72.389 596.088 72.389
598.175 50.814 609.850 50.814 609.850 72.349 598.175 72.349
598.514 50.937 610.153 50.937 610.153 72.603 598.514 72.603
598.923 50.828 610.604 50.828 610.604 72.534 598.923 72.534
601.039 50.906 612.892 50.906 612.892 72.593 601.039 72.593
600.963 48.919 612.944 48.919 612.944 70.550 600.963 70.550
602.880 48.434 614.947 48.434 614.947 69.971 602.880 69.971
602.738 48.405 614.948 48.405 614.948 69.812 602.738 69.812
602.911 48.229 615.225 48.229 615.225 69.502 602.911 69.502
602.743 48.104 615.119 48.104 615.119 69.323 602.743 69.323
603.213 48.380 615.644 48.380 615.644 69.502 603.213 69.502
605.012 48.409 617.421 48.409 617.421 69.557 605.012 69.557
604.986 48.007 617.416 48.007 617.416 69.199 604.986 69.199
605.413 47.393 617.784 47.393 617.784 68.638 605.413 68.638
606.005 46.821 618.428 46.821 618.428 68.031 606.005 68.031
606.301 46.418 618.711 46.418 618.711 67.585 606.301 67.585
608.041 46.376 620.477 46.376 620.477 67.601 608.041 67.601
608.061 46.585 620.504 46.585 620.504 67.920 608.061 67.920
608.440 45.995 620.920 45.995 620.920 67.356 608.440 67.356
609.860 42.698 622.982 42.698 622.982 63.256 609.860 63.256
609.671 43.775 622.803 43.775 622.803 64.266 609.671 64.266
610.229 42.492 623.880 42.492 623.880 62.448 610.229 62.448
611.062 43.169 625.114 43.169 625.114 62.673 611.062 62.673
611.751 43.280 626.120 43.280 626.120 62.560 611.751 62.560
