373.000 170.000 383.000 170.000 383.000 179.000 373.000 179.000
373.393 169.867 383.344 169.867 383.344 178.891 373.393 178.891
372.816 169.943 382.947 169.943 382.947 179.048 372.816 179.048
372.791 170.260 383.006 170.260 383.006 179.485 372.791 179.485
372.874 170.604 383.146 170.604 383.146 179.902 372.874 179.902
372.528 170.802 382.920 170.802 382.920 180.067 372.528 180.067
372.991 170.675 383.353 170.675 383.353 180.002 372.991 180.002
373.416 170.545 383.792 170.545 383.792 179.849 373.416 179.849
373.573 170.724 384.106 170.724 384.106 180.037 373.573 180.037
373.605 170.841 384.188 170.841 384.188 180.243 373.605 180.243
373.612 170.774 384.207 170.774 384.207 180.213 373.612 180.213
373.598 170.932 384.170 170.932 384.170 180.338 373.598 180.338
373.360 170.930 383.984 170.930 383.984 180.354 373.360 180.354
372.926 170.828 383.633 170.828 383.633 180.202 372.926 180.202
372.732 171.091 383.579 171.091 383.579 180.503 372.732 180.503
372.116 171.634 382.889 171.634 382.889 181.127 372.116 181.127
371.683 172.110 382.443 172.110 382.443 181.723 371.683 181.723
371.437 172.872 382.366 172.872 382.366 182.348 371.437 182.348
371.260 173.355 382.311 173.355 382.311 182.781 371.260 182.781
372.111 172.790 383.088 172.790 383.088 182.281 372.111 182.281
372.400 172.881 383.368 172.881 383.368 182.425 372.400 182.425
372.208 173.384 383.274 173.384 383.274 182.903 372.208 182.903
372.622 173.348 383.670 173.348 383.670 182.905 372.622 182.905
372.353 173.461 383.424 173.461 383.424 183.002 372.353 183.002
372.149 173.090 383.069 173.090 383.069 182.747 372.149 182.747
371.500 173.976 382.306 173.976 382.306 183.640 371.500 183.640
371.134 174.870 381.920 174.870 381.920 184.534 371.134 184.534
370.933 175.260 381.655 175.260 381.655 184.920 370.933 184.920
371.599 175.330 382.298 175.330 382.298 184.962 371.599 184.962
371.855 175.393 382.463 175.393 382.463 185.016 371.855 185.016
372.192 175.452 382.844 175.452 382.844 184.973 372.192 184.973
372.277 175.710 382.945 175.710 382.945 185.188 372.277 185.188
372.154 176.236 382.849 176.236 382.849 185.716 372.154 185.716
372.569 175.693 383.125 175.693 383.125 185.263 372.569 185.263
371.913 176.108 382.449 176.108 382.449 185.605 371.913 185.605
371.868 176.700 382.450 176.700 382.450 186.194 371.868 186.194
371.950 177.371 382.604 177.371 382.604 186.858 371.950 186.858
372.608 177.315 383.224 177.315 383.224 186.837 372.608 186.837
372.973 177.039 383.554 177.039 383.554 186.567 372.973 186.567
373.451 177.381 384.159 177.381 384.159 186.871 373.451 186.871
373.562 177.573 384.310 177.573 384.310 187.056 373.562 187.056
373.839 177.643 384.607 177.643 384.607 187.112 373.839 187.112
374.025 177.383 384.676 177.383 384.676 187.026 374.025 187.026
373.812 177.994 384.510 177.994 384.510 187.580 373.812 187.580
373.300 178.664 383.993 178.664 383.993 188.258 373.300 188.258
372.950 179.270 383.712 179.270 383.712 188.923 372.950 188.923
373.749 179.092 384.419 179.092 384.419 188.744 373.749 188.744
374.168 178.813 384.725 178.813 384.725 188.515 374.168 188.515
374.779 178.748 385.318 178.748 385.318 188.474 374.779 188.474
374.857 179.423 385.451 179.423 385.451 189.089 374.857 189.089
373.995 180.092 384.620 180.092 384.620 189.759 373.995 189.759
373.380 181.142 384.008 181.142 384.008 190.825 373.380 190.825
372.925 181.888 383.572 181.888 383.572 191.571 372.925 191.571
373.858 181.306 384.505 181.306 384.505 190.943 373.858 190.943
374.325 181.539 385.064 181.539 385.064 191.100 374.325 191.100
374.349 182.434 385.212 182.434 385.212 191.888 374.349 191.888
374.785 182.800 385.684 182.800 385.684 192.235 374.785 192.235
375.237 182.220 386.189 182.220 386.189 191.719 375.237 191.719
375.625 182.127 386.459 182.127 386.459 191.645 375.625 191.645
375.216 182.144 386.019 182.144 386.019 191.670 375.216 191.670
375.015 182.484 385.705 182.484 385.705 192.113 375.015 192.113
375.752 184.767 386.388 184.767 386.388 194.397 375.752 194.397
376.558 184.621 387.119 184.621 387.119 194.315 376.558 194.315
376.870 185.176 387.420 185.176 387.420 194.818 376.870 194.818
377.452 185.729 388.040 185.729 388.040 195.370 377.452 195.370
377.549 185.529 388.179 185.529 388.179 195.148 377.549 195.148
377.216 186.072 387.884 186.072 387.884 195.620 377.216 195.620
376.940 186.487 387.583 186.487 387.583 196.070 376.940 196.070
377.436 187.380 387.899 187.380 387.899 197.121 377.436 197.121
379.280 187.999 389.793 187.999 389.793 197.706 379.280 197.706
380.956 188.545 391.505 188.545 391.505 198.246 380.956 198.246
381.349 190.452 391.936 190.452 391.936 200.163 381.349 200.163
382.033 190.428 392.573 190.428 392.573 200.111 382.033 200.111
382.775 190.133 393.335 190.133 393.335 199.786 382.775 199.786
382.764 190.140 393.336 190.140 393.336 199.743 382.764 199.743
382.732 191.029 393.351 191.029 393.351 200.636 382.732 200.636
383.175 191.732 393.659 191.732 393.659 201.456 383.175 201.456
383.939 192.400 394.426 192.400 394.426 202.020 383.939 202.020
385.032 192.190 395.604 192.190 395.604 201.766 385.032 201.766
385.857 192.083 396.493 192.083 396.493 201.660 385.857 201.660
386.567 192.000 397.114 192.000 397.114 201.693 386.567 201.693
387.426 192.510 397.939 192.510 397.939 202.244 387.426 202.244
387.874 192.832 398.405 192.832 398.405 202.583 387.874 202.583
388.828 192.273 399.291 192.273 399.291 202.133 388.828 202.133
389.839 192.106 400.222 192.106 400.222 202.016 389.839 202.016
390.157 192.215 400.535 192.215 400.535 202.100 390.157 202.100
390.272 192.787 400.633 192.787 400.633 202.707 390.272 202.707
390.303 193.220 400.624 193.220 400.624 203.120 390.303 203.120
390.832 193.629 401.115 193.629 401.115 203.619 390.832 203.619
391.445 194.106 401.715 194.106 401.715 204.011 391.445 204.011
391.903 194.210 402.255 194.210 402.255 204.100 391.903 204.100
392.847 193.810 403.225 193.810 403.225 203.677 392.847 203.677
393.963 193.746 404.270 193.746 404.270 203.606 393.963 203.606
395.997 194.117 406.250 194.117 406.250 204.018 395.997 204.018
396.513 194.589 406.801 194.589 406.801 204.539 396.513 204.539
397.203 194.904 407.435 194.904 407.435 204.827 397.203 204.827
397.742 194.907 407.990 194.907 407.990 204.722 397.742 204.722
398.569 194.491 408.820 194.491 408.820 204.258 398.569 204.258
398.836 194.412 409.161 194.412 409.161 204.076 398.836 204.076
398.974 194.665 409.265 194.665 409.265 204.309 398.974 204.309
399.113 195.176 409.444 195.176 409.444 204.817 399.113 204.817
398.955 195.718 409.382 195.718 409.382 205.398 398.955 205.398
399.856 196.180 410.163 196.180 410.163 205.921 399.856 205.921
400.583 196.712 410.943 196.712 410.943 206.468 400.583 206.468
401.572 196.442 411.858 196.442 411.858 206.221 401.572 206.221
402.411 196.156 412.631 196.156 412.631 205.940 402.411 205.940
402.979 195.760 413.305 195.760 413.305 205.573 402.979 205.573
403.774 196.046 414.032 196.046 414.032 205.869 403.774 205.869
404.661 196.191 414.960 196.191 414.960 206.101 404.661 206.101
406.699 196.786 416.919 196.786 416.919 206.793 406.699 206.793
407.266 196.948 417.306 196.948 417.306 206.985 407.266 206.985
407.471 196.611 417.399 196.611 417.399 206.517 407.471 206.517
407.780 196.402 417.673 196.402 417.673 206.255 407.780 206.255
407.866 196.184 417.812 196.184 417.812 205.981 407.866 205.981
407.745 196.440 417.677 196.440 417.677 206.146 407.745 206.146
407.587 196.819 417.565 196.819 417.565 206.557 407.587 206.557
407.514 197.371 417.445 197.371 417.445 207.186 407.514 207.186
407.434 197.879 417.468 197.879 417.468 207.665 407.434 207.665
407.647 199.463 417.691 199.463 417.691 209.224 407.647 209.224
408.863 199.270 418.905 199.270 418.905 209.057 408.863 209.057
407.667 200.421 417.642 200.421 417.642 210.298 407.667 210.298
408.837 201.657 418.780 201.657 418.780 211.573 408.837 211.573
412.721 202.971 422.662 202.971 422.662 212.888 412.721 212.888
413.963 205.515 423.966 205.515 423.966 215.347 413.963 215.347
412.661 204.429 422.652 204.429 422.652 214.272 412.661 214.272
411.367 205.692 421.368 205.692 421.368 215.539 411.367 215.539
411.387 205.675 421.511 205.675 421.511 215.462 411.387 215.462
410.124 204.073 420.273 204.073 420.273 213.853 410.124 213.853
411.394 204.023 421.614 204.023 421.614 213.752 411.394 213.752
411.403 202.964 421.749 202.964 421.749 212.584 411.403 212.584
408.772 202.850 419.227 202.850 419.227 212.427 408.772 212.427
411.580 202.840 422.109 202.840 422.109 212.340 411.580 212.340
412.161 202.631 422.660 202.631 422.660 212.104 412.161 212.104
412.422 202.601 423.046 202.601 423.046 212.119 412.422 212.119
412.963 202.603 423.704 202.603 423.704 212.114 412.963 212.114
414.793 201.818 425.594 201.818 425.594 211.344 414.793 211.344
415.371 201.200 426.172 201.200 426.172 210.883 415.371 210.883
416.129 201.278 426.770 201.278 426.770 211.140 416.129 211.140
416.963 201.324 427.518 201.324 427.518 211.271 416.963 211.271
419.173 201.293 429.595 201.293 429.595 211.295 419.173 211.295
419.758 201.266 430.039 201.266 430.039 211.238 419.758 211.238
420.226 201.224 430.439 201.224 430.439 211.111 420.226 211.111
420.700 201.165 430.897 201.165 430.897 210.959 420.700 210.959
420.892 201.275 431.096 201.275 431.096 210.984 420.892 210.984
420.790 201.415 431.001 201.415 431.001 211.079 420.790 211.079
420.985 201.673 431.226 201.673 431.226 211.295 420.985 211.295
420.374 202.366 430.684 202.366 430.684 211.953 420.374 211.953
420.414 202.914 430.813 202.914 430.813 212.620 420.414 212.620
420.670 203.399 431.172 203.399 431.172 213.111 420.670 213.111
420.838 204.365 431.311 204.365 431.311 214.146 420.838 214.146
421.315 204.888 431.797 204.888 431.797 214.682 421.315 214.682
421.639 204.644 432.114 204.644 432.114 214.441 421.639 214.441
421.939 204.605 432.428 204.605 432.428 214.254 421.939 214.254
422.768 204.496 433.199 204.496 433.199 214.148 422.768 214.148
423.517 204.424 433.799 204.424 433.799 214.125 423.517 214.125
424.142 204.868 434.343 204.868 434.343 214.628 424.142 214.628
424.212 205.724 434.418 205.724 434.418 215.468 424.212 215.468
424.487 205.771 434.770 205.771 434.770 215.423 424.487 215.423
424.861 205.591 435.174 205.591 435.174 215.168 424.861 215.168
424.553 205.673 434.888 205.673 434.888 215.223 424.553 215.223
424.805 206.462 435.094 206.462 435.094 216.062 424.805 216.062
424.678 207.610 435.025 207.610 435.025 217.205 424.678 217.205
424.669 208.472 434.989 208.472 434.989 218.103 424.669 218.103
424.828 208.787 435.159 208.787 435.159 218.401 424.828 218.401
425.277 208.477 435.597 208.477 435.597 218.085 425.277 218.085
425.421 207.951 435.782 207.951 435.782 217.530 425.421 217.530
425.819 207.909 436.236 207.909 436.236 217.422 425.819 217.422
425.939 208.521 436.312 208.521 436.312 218.056 425.939 218.056
426.166 208.944 436.391 208.944 436.391 218.605 426.166 218.605
426.108 209.426 436.317 209.426 436.317 219.106 426.108 219.106
425.734 209.336 435.950 209.336 435.950 218.986 425.734 218.986
425.963 208.970 436.164 208.970 436.164 218.621 425.963 218.621
425.008 209.220 435.350 209.220 435.350 218.774 425.008 218.774
425.012 208.931 435.445 208.931 435.445 218.550 425.012 218.550
424.611 209.285 435.058 209.285 435.058 219.006 424.611 219.006
423.582 210.366 434.127 210.366 434.127 220.080 423.582 220.080
423.110 211.340 433.784 211.340 433.784 221.027 423.110 221.027
422.666 212.143 433.378 212.143 433.378 221.856 422.666 221.856
422.494 212.566 433.248 212.566 433.248 222.250 422.494 222.250
422.375 212.247 433.219 212.247 433.219 221.980 422.375 221.980
422.243 211.767 433.035 211.767 433.035 221.512 422.243 221.512
422.334 211.263 433.139 211.263 433.139 221.074 422.334 221.074
422.047 211.575 432.769 211.575 432.769 221.404 422.047 221.404
421.804 211.943 432.638 211.943 432.638 221.754 421.804 221.754
421.722 211.412 432.614 211.412 432.614 221.111 421.722 221.111
420.913 211.826 431.921 211.826 431.921 221.568 420.913 221.568
420.028 213.051 430.976 213.051 430.976 222.909 420.028 222.909
419.301 214.010 430.169 214.010 430.169 223.838 419.301 223.838
419.212 214.328 429.942 214.328 429.942 224.198 419.212 224.198
419.280 214.174 429.978 214.174 429.978 223.980 419.280 223.980
418.857 213.551 429.595 213.551 429.595 223.264 418.857 223.264
419.477 213.345 430.313 213.345 430.313 223.043 419.477 223.043
419.446 213.997 430.193 213.997 430.193 223.753 419.446 223.753
419.467 214.575 430.100 214.575 430.100 224.432 419.467 224.432
419.602 214.999 430.209 214.999 430.209 224.964 419.602 224.964
419.660 215.173 430.291 215.173 430.291 225.052 419.660 225.052
419.868 214.838 430.480 214.838 430.480 224.647 419.868 224.647
419.133 215.653 429.718 215.653 429.718 225.515 419.133 225.515
418.642 216.576 429.177 216.576 429.177 226.534 418.642 226.534
417.957 216.985 428.347 216.985 428.347 226.914 417.957 226.914
418.214 217.313 428.579 217.313 428.579 227.244 418.214 227.244
418.085 218.072 428.495 218.072 428.495 227.865 418.085 227.865
417.897 218.814 428.394 218.814 428.394 228.591 417.897 228.591
417.999 218.996 428.598 218.996 428.598 228.708 417.999 228.708
418.070 219.106 428.667 219.106 428.667 228.830 418.070 228.830
418.054 218.962 428.745 218.962 428.745 228.660 418.054 228.660
417.700 218.650 428.448 218.650 428.448 228.336 417.700 228.336
417.216 219.206 427.978 219.206 427.978 228.996 417.216 228.996
416.623 220.615 427.388 220.615 427.388 230.426 416.623 230.426
415.974 221.978 426.895 221.978 426.895 231.805 415.974 231.805
415.380 222.490 426.299 222.490 426.299 232.272 415.380 232.272
415.173 222.237 426.041 222.237 426.041 232.116 415.173 232.116
415.101 222.229 425.861 222.229 425.861 232.094 415.101 232.094
415.011 222.536 425.753 222.536 425.753 232.367 415.011 232.367
414.789 222.856 425.605 222.856 425.605 232.690 414.789 232.690
414.893 223.489 425.594 223.489 425.594 233.380 414.893 233.380
414.364 224.032 425.252 224.032 425.252 233.858 414.364 233.858
413.917 223.671 424.722 223.671 424.722 233.502 413.917 233.502
413.307 223.077 424.169 223.077 424.169 232.935 413.307 232.935
412.740 223.288 423.491 223.288 423.491 233.160 412.740 233.160
412.188 224.180 422.931 224.180 422.931 234.051 412.188 234.051
411.735 225.192 422.505 225.192 422.505 235.020 411.735 235.020
411.066 226.230 421.844 226.230 421.844 236.064 411.066 236.064
410.328 226.885 421.072 226.885 421.072 236.702 410.328 236.702
409.336 226.532 420.079 226.532 420.079 236.306 409.336 236.306
408.879 226.131 419.723 226.131 419.723 235.927 408.879 235.927
409.014 226.114 419.748 226.114 419.748 235.917 409.014 235.917
408.971 226.971 419.630 226.971 419.630 236.823 408.971 236.823
408.818 227.873 419.386 227.873 419.386 237.768 408.818 237.768
408.682 228.003 419.125 228.003 419.125 237.953 408.682 237.953
407.999 227.863 418.386 227.863 418.386 237.836 407.999 237.836
407.701 227.893 418.226 227.893 418.226 237.766 407.701 237.766
406.692 227.556 417.302 227.556 417.302 237.420 406.692 237.420
405.912 228.239 416.477 228.239 416.477 238.039 405.912 238.039
405.294 228.999 415.842 228.999 415.842 238.835 405.294 238.835
404.707 229.654 415.346 229.654 415.346 239.455 404.707 239.455
404.182 230.360 414.837 230.360 414.837 240.203 404.182 240.203
404.125 231.596 414.698 231.596 414.698 241.520 404.125 241.520
404.291 231.783 414.873 231.783 414.873 241.683 404.291 241.683
403.836 231.450 414.473 231.450 414.473 241.311 403.836 241.311
404.157 231.560 414.829 231.560 414.829 241.371 404.157 241.371
404.239 231.334 414.964 231.334 414.964 241.180 404.239 241.180
404.799 232.223 415.470 232.223 415.470 242.096 404.799 242.096
405.149 233.154 415.905 233.154 415.905 242.958 405.149 242.958
405.078 233.572 415.863 233.572 415.863 243.309 405.078 243.309
404.979 233.277 415.818 233.277 415.818 243.094 404.979 243.094
404.781 233.389 415.605 233.389 415.605 243.127 404.781 243.127
404.798 233.165 415.704 233.165 415.704 242.835 404.798 242.835
404.165 233.090 415.088 233.090 415.088 242.775 404.165 242.775
403.806 233.274 414.659 233.274 414.659 243.035 403.806 243.035
403.454 234.051 414.322 234.051 414.322 243.837 403.454 243.837
402.822 235.241 413.774 235.241 413.774 244.939 402.822 244.939
402.837 236.392 413.703 236.392 413.703 246.156 402.837 246.156
402.951 236.976 413.807 236.976 413.807 246.830 402.951 246.830
403.308 237.023 414.083 237.023 414.083 246.864 403.308 246.864
403.625 236.265 414.466 236.265 414.466 246.014 403.625 246.014
404.591 236.106 415.393 236.106 415.393 245.873 404.591 245.873
405.207 236.721 416.019 236.721 416.019 246.520 405.207 246.520
405.896 237.463 416.660 237.463 416.660 247.425 405.896 247.425
406.291 238.030 417.034 238.030 417.034 248.076 406.291 248.076
406.748 238.578 417.382 238.578 417.382 248.609 406.748 248.609
406.785 238.728 417.429 238.728 417.429 248.676 406.785 248.676
406.683 238.722 417.354 238.722 417.354 248.622 406.683 248.622
405.933 238.974 416.743 238.974 416.743 248.820 405.933 248.820
405.327 239.817 416.170 239.817 416.170 249.633 405.327 249.633
404.985 242.099 415.882 242.099 415.882 252.037 404.985 252.037
404.775 243.261 415.689 243.261 415.689 253.135 404.775 253.135
405.702 243.794 416.698 243.794 416.698 253.664 405.702 253.664
406.903 243.793 417.941 243.793 417.941 253.678 406.903 253.678
407.811 244.132 418.832 244.132 418.832 254.111 407.811 254.111
408.594 244.320 419.556 244.320 419.556 254.352 408.594 254.352
410.418 244.335 421.344 244.335 421.344 254.383 410.418 254.383
412.542 243.950 423.491 243.950 423.491 253.993 412.542 253.993
413.423 242.054 424.271 242.054 424.271 252.066 413.423 252.066
414.155 240.654 424.981 240.654 424.981 250.606 414.155 250.606
414.834 239.399 425.575 239.399 425.575 249.442 414.834 249.442
415.559 238.612 426.255 238.612 426.255 248.719 415.559 248.719
416.128 237.851 426.875 237.851 426.875 247.932 416.128 247.932
416.712 237.654 427.378 237.654 427.378 247.682 416.712 247.682
417.310 236.437 427.837 236.437 427.837 246.495 417.310 246.495
417.387 235.954 427.870 235.954 427.870 245.859 417.387 245.859
417.979 235.459 428.341 235.459 428.341 245.466 417.979 245.466
418.256 235.168 428.546 235.168 428.546 245.146 418.256 245.146
418.166 233.248 428.415 233.248 428.415 243.183 418.166 243.183
417.285 232.350 427.506 232.350 427.506 242.257 417.285 242.257
416.988 231.749 427.183 231.749 427.183 241.636 416.988 241.636
416.966 231.105 427.148 231.105 427.148 240.954 416.966 240.954
416.977 230.905 427.235 230.905 427.235 240.821 416.977 240.821
417.616 230.951 427.770 230.951 427.770 240.896 417.616 240.896
418.452 231.105 428.608 231.105 428.608 240.998 418.452 240.998
419.025 230.697 429.192 230.697 429.192 240.599 419.025 240.599
419.674 230.681 429.869 230.681 429.869 240.566 419.674 240.566
421.677 230.759 431.922 230.759 431.922 240.570 421.677 240.570
422.517 230.758 432.762 230.758 432.762 240.573 422.517 240.573
424.473 230.898 434.811 230.898 434.811 240.641 424.473 240.641
425.220 231.459 435.629 231.459 435.629 241.162 425.220 241.162
425.605 233.007 436.048 233.007 436.048 242.678 425.605 242.678
426.151 232.862 436.764 232.862 436.764 242.537 426.151 242.537
427.076 232.552 437.577 232.552 437.577 242.382 427.076 242.382
427.992 232.626 438.388 232.626 438.388 242.445 427.992 242.445
428.733 232.710 439.080 232.710 439.080 242.504 428.733 242.504
429.601 233.079 439.870 233.079 439.870 242.923 429.601 242.923
430.552 233.374 440.907 233.374 440.907 243.290 430.552 243.290
431.233 233.841 441.517 233.841 441.517 243.720 431.233 243.720
433.033 234.216 443.330 234.216 443.330 244.097 433.033 244.097
433.644 234.098 443.956 234.098 443.956 243.944 433.644 243.944
435.472 234.194 445.876 234.194 445.876 244.075 435.472 244.075
436.084 234.053 446.418 234.053 446.418 243.995 436.084 243.995
438.313 234.390 448.770 234.390 448.770 244.316 438.313 244.316
441.795 235.790 452.071 235.790 452.071 245.785 441.795 245.785
444.081 236.228 454.278 236.228 454.278 246.241 444.081 246.241
445.073 236.219 455.127 236.219 455.127 246.271 445.073 246.271
447.150 236.763 457.141 236.763 457.141 246.848 447.150 246.848
448.924 237.368 458.953 237.368 458.953 247.399 448.924 247.399
449.672 238.776 459.754 238.776 459.754 248.751 449.672 248.751
451.665 239.960 461.772 239.960 461.772 249.881 451.665 249.881
453.500 239.588 463.629 239.588 463.629 249.479 453.500 249.479
455.464 239.586 465.614 239.586 465.614 249.450 455.464 249.450
456.202 239.227 466.242 239.227 466.242 249.135 456.202 249.135
456.812 239.205 466.871 239.205 466.871 249.077 456.812 249.077
458.501 239.202 468.644 239.202 468.644 249.007 458.501 249.007
460.368 240.769 470.482 240.769 470.482 250.607 460.368 250.607
460.726 241.397 470.936 241.397 470.936 251.226 460.726 251.226
460.869 241.987 471.131 241.987 471.131 251.792 460.869 251.792
460.768 241.965 471.066 241.965 471.066 251.849 460.768 251.849
460.736 241.915 471.118 241.915 471.118 251.815 460.736 251.815
461.093 241.990 471.521 241.990 471.521 251.938 461.093 251.938
461.584 241.689 472.039 241.689 472.039 251.670 461.584 251.670
462.219 241.772 472.701 241.772 472.701 251.762 462.219 251.762
462.861 242.247 473.376 242.247 473.376 252.249 462.861 252.249
464.795 242.824 475.374 242.824 475.374 252.830 464.795 252.830
466.679 243.356 477.351 243.356 477.351 253.282 466.679 253.282
468.580 243.279 479.257 243.279 479.257 253.207 468.580 253.207
470.444 243.279 481.091 243.279 481.091 253.227 470.444 253.227
472.444 243.489 483.148 243.489 483.148 253.370 472.444 253.370
474.159 245.187 484.971 245.187 484.971 255.111 474.159 255.111
474.670 245.579 485.479 245.579 485.479 255.488 474.670 255.488
475.191 245.948 485.973 245.948 485.973 255.999 475.191 255.999
475.595 246.181 486.273 246.181 486.273 256.317 475.595 256.317
475.862 246.517 486.516 246.517 486.516 256.625 475.862 256.625
476.464 246.836 487.113 246.836 487.113 256.997 476.464 256.997
476.814 247.157 487.484 247.157 487.484 257.222 476.814 257.222
477.594 247.461 488.294 247.461 488.294 257.490 477.594 257.490
478.230 247.835 489.017 247.835 489.017 257.856 478.230 257.856
480.233 248.342 491.024 248.342 491.024 258.316 480.233 258.316
483.643 248.366 494.483 248.366 494.483 258.359 483.643 258.359
485.587 248.489 496.413 248.489 496.413 258.509 485.587 258.509
487.393 248.706 498.285 248.706 498.285 258.654 487.393 258.654
490.678 248.925 501.577 248.925 501.577 258.876 490.678 258.876
492.342 249.022 503.256 249.022 503.256 258.911 492.342 258.911
494.137 249.628 505.069 249.628 505.069 259.452 494.137 259.452
494.325 250.411 505.496 250.411 505.496 260.177 494.325 260.177
494.869 250.940 505.952 250.940 505.952 260.842 494.869 260.842
494.989 251.414 506.101 251.414 506.101 261.374 494.989 261.374
495.126 251.473 506.224 251.473 506.224 261.489 495.126 261.489
495.259 251.637 506.226 251.637 506.226 261.797 495.259 261.797
495.399 251.479 506.418 251.479 506.418 261.571 495.399 261.571
495.933 251.087 506.974 251.087 506.974 261.108 495.933 261.108
496.702 251.451 507.762 251.451 507.762 261.490 496.702 261.490
496.945 253.489 508.061 253.489 508.061 263.405 496.945 263.405
500.444 253.512 511.515 253.512 511.515 263.479 500.444 263.479
502.445 253.428 513.482 253.428 513.482 263.379 502.445 263.379
505.743 253.389 516.730 253.389 516.730 263.334 505.743 263.334
507.856 253.090 518.763 253.090 518.763 263.099 507.856 263.099
509.947 253.362 520.779 253.362 520.779 263.301 509.947 263.301
510.917 253.657 521.670 253.657 521.670 263.675 510.917 263.675
512.673 254.049 523.410 254.049 523.410 264.056 512.673 264.056
512.889 254.510 523.668 254.510 523.668 264.511 512.889 264.511
513.295 254.765 524.157 254.765 524.157 264.843 513.295 264.843
513.485 255.070 524.369 255.070 524.369 265.197 513.485 265.197
513.449 254.951 524.351 254.951 524.351 265.077 513.449 265.077
513.921 255.120 524.776 255.120 524.776 265.157 513.921 265.157
514.282 255.411 525.145 255.411 525.145 265.382 514.282 265.382
514.968 255.975 525.875 255.975 525.875 266.001 514.968 266.001
517.193 256.638 527.981 256.638 527.981 266.685 517.193 266.685
519.073 257.831 529.831 257.831 529.831 267.947 519.073 267.947
523.114 257.359 533.688 257.359 533.688 267.494 523.114 267.494
525.023 256.742 535.663 256.742 535.663 266.882 525.023 266.882
525.973 256.239 536.538 256.239 536.538 266.377 525.973 266.377
527.883 256.441 538.368 256.441 538.368 266.550 527.883 266.550
528.430 257.076 538.982 257.076 538.982 266.966 528.430 266.966
530.078 258.586 540.631 258.586 540.631 268.478 530.078 268.478
531.918 258.895 542.506 258.895 542.506 268.671 531.918 268.671
532.522 259.055 543.215 259.055 543.215 268.810 532.522 268.810
533.180 259.234 544.021 259.234 544.021 268.953 533.180 268.953
534.089 259.375 544.833 259.375 544.833 269.219 534.089 269.219
534.636 259.727 545.305 259.727 545.305 269.657 534.636 269.657
536.587 259.850 547.166 259.850 547.166 269.855 536.587 269.855
537.181 260.680 547.746 260.680 547.746 270.675 537.181 270.675
539.363 261.567 549.823 261.567 549.823 271.585 539.363 271.585
541.289 263.070 551.780 263.070 551.780 272.975 541.289 272.975
544.716 261.891 555.186 261.891 555.186 271.785 544.716 271.785
547.894 261.926 558.525 261.926 558.525 271.744 547.894 271.744
550.231 261.912 560.894 261.912 560.894 271.648 550.231 271.648
552.266 262.337 563.063 262.337 563.063 271.964 552.266 271.964
555.487 263.819 566.403 263.819 566.403 273.401 555.487 273.401
557.008 264.472 567.970 264.472 567.970 274.145 557.008 274.145
558.866 265.718 569.922 265.718 569.922 275.462 558.866 275.462
559.511 265.587 570.441 265.587 570.441 275.562 559.511 275.562
560.511 265.094 571.422 265.094 571.422 275.135 560.511 275.135
562.539 265.202 573.304 265.202 573.304 275.318 562.539 275.318
563.234 265.087 573.998 265.087 573.998 275.242 563.234 275.242
565.131 265.568 575.823 265.568 575.823 275.698 565.131 275.698
567.181 267.164 577.915 267.164 577.915 277.306 567.181 277.306
568.140 268.505 578.934 268.505 578.934 278.661 568.140 278.661
571.328 268.729 582.196 268.729 582.196 278.813 571.328 278.813
573.418 269.121 584.405 269.121 584.405 279.118 573.418 279.118
575.795 268.941 586.818 268.941 586.818 278.948 575.795 278.948
577.782 268.938 588.833 268.938 588.833 278.823 577.782 278.823
579.885 269.149 590.893 269.149 590.893 279.058 579.885 279.058
581.793 269.573 592.796 269.573 592.796 279.483 581.793 279.483
584.964 271.666 596.218 271.666 596.218 281.422 584.964 281.422
587.002 272.375 598.298 272.375 598.298 282.150 587.002 282.150
588.200 272.873 599.409 272.873 599.409 282.730 588.200 282.730
590.314 273.203 601.713 273.203 601.713 282.983 590.314 282.983
591.311 273.441 602.654 273.441 602.654 283.424 591.311 283.424
593.362 273.343 604.738 273.343 604.738 283.250 593.362 283.250
