338.000 207.000 363.000 207.000 363.000 268.000 338.000 268.000
337.501 207.285 362.708 207.285 362.708 268.285 337.501 268.285
336.598 206.007 361.881 206.007 361.881 267.395 336.598 267.395
334.708 206.638 360.046 206.638 360.046 268.056 334.708 268.056
334.321 205.334 359.736 205.334 359.736 266.741 334.321 266.741
332.953 205.260 358.352 205.260 358.352 266.756 332.953 266.756
331.941 204.778 357.421 204.778 357.421 266.102 331.941 266.102
330.612 204.459 356.205 204.459 356.205 265.707 330.612 265.707
328.759 205.028 354.552 205.028 354.552 266.500 328.759 266.500
326.688 204.654 352.572 204.654 352.572 266.118 326.688 266.118
325.982 205.580 352.077 205.580 352.077 266.818 325.982 266.818
324.930 203.868 351.179 203.868 351.179 264.905 324.930 264.905
323.749 202.636 350.190 202.636 350.190 263.754 323.749 263.754
322.159 202.181 348.465 202.181 348.465 263.116 322.159 263.116
321.309 202.932 347.547 202.932 347.547 263.655 321.309 263.655
321.367 202.522 347.317 202.522 347.317 263.399 321.367 263.399
319.415 201.042 345.380 201.042 345.380 261.973 319.415 261.973
318.836 201.837 344.692 201.837 344.692 262.956 318.836 262.956
317.489 202.018 343.248 202.018 343.248 262.938 317.489 262.938
316.997 203.249 342.787 203.249 342.787 264.019 316.997 264.019
316.068 202.745 341.799 202.745 341.799 263.530 316.068 263.530
314.236 201.751 340.089 201.751 340.089 262.568 314.236 262.568
313.278 201.834 338.926 201.834 338.926 262.842 313.278 262.842
312.548 201.231 337.990 201.231 337.990 262.132 312.548 262.132
312.451 199.906 337.612 199.906 337.612 260.814 312.451 260.814
311.174 199.607 336.357 199.607 336.357 260.502 311.174 260.502
309.395 201.127 334.673 201.127 334.673 262.070 309.395 262.070
307.974 200.662 333.295 200.662 333.295 261.884 307.974 261.884
306.721 200.159 332.101 200.159 332.101 261.255 306.721 261.255
305.356 201.525 330.942 201.525 330.942 262.504 305.356 262.504
303.552 199.886 329.259 199.886 329.259 260.768 303.552 260.768
302.792 199.634 328.494 199.634 328.494 260.555 302.792 260.555
301.700 199.051 327.360 199.051 327.360 260.033 301.700 260.033
300.613 198.140 326.163 198.140 326.163 259.168 300.613 259.168
299.793 198.080 325.306 198.080 325.306 258.768 299.793 258.768
298.126 198.145 323.512 198.145 323.512 258.682 298.126 258.682
298.228 197.280 323.468 197.280 323.468 257.439 298.228 257.439
296.457 197.647 321.652 197.647 321.652 257.818 296.457 257.818
296.070 197.665 321.209 197.665 321.209 257.415 296.070 257.415
295.259 199.029 320.361 199.029 320.361 258.402 295.259 258.402
293.948 199.072 319.130 199.072 319.130 258.212 293.948 258.212
293.117 196.910 318.136 196.910 318.136 255.735 293.117 255.735
292.538 197.383 317.519 197.383 317.519 255.839 292.538 255.839
291.122 196.263 316.136 196.263 316.136 254.551 291.122 254.551
289.544 196.332 314.495 196.332 314.495 254.296 289.544 254.296
288.629 195.457 313.640 195.457 313.640 253.024 288.629 253.024
286.416 196.228 311.491 196.228 311.491 253.532 286.416 253.532
285.382 196.847 310.547 196.847 310.547 253.724 285.382 253.724
283.887 197.460 309.162 197.460 309.162 253.524 283.887 253.524
282.720 197.071 308.116 197.071 308.116 252.910 282.720 252.910
281.107 197.519 306.350 197.519 306.350 253.267 281.107 253.267
280.429 195.470 305.462 195.470 305.462 251.485 280.429 251.485
279.708 195.831 304.306 195.831 304.306 252.288 279.708 252.288
278.790 194.606 303.342 194.606 303.342 251.165 278.790 251.165
278.049 194.795 302.570 194.795 302.570 251.388 278.049 251.388
277.868 195.143 302.334 195.143 302.334 251.859 277.868 251.859
276.296 195.058 300.857 195.058 300.857 251.691 276.296 251.691
274.915 196.049 299.494 196.049 299.494 252.563 274.915 252.563
274.283 195.823 298.952 195.823 298.952 252.017 274.283 252.017
272.694 195.282 297.287 195.282 297.287 251.319 272.694 251.319
271.867 194.924 296.488 194.924 296.488 251.007 271.867 251.007
270.523 193.093 294.946 193.093 294.946 249.397 270.523 249.397
270.404 192.202 294.798 192.202 294.798 248.527 270.404 248.527
268.925 192.621 293.340 192.621 293.340 249.158 268.925 249.158
267.829 192.475 292.365 192.475 292.365 248.941 267.829 248.941
266.435 192.369 291.117 192.369 291.117 248.829 266.435 248.829
264.232 193.404 289.169 193.404 289.169 249.403 264.232 249.403
263.144 193.024 288.212 193.024 288.212 249.001 263.144 249.001
261.343 192.744 286.627 192.744 286.627 248.868 261.343 248.868
260.573 191.576 286.056 191.576 286.056 247.994 260.573 247.994
259.285 190.879 284.855 190.879 284.855 247.724 259.285 247.724
259.087 190.920 284.609 190.920 284.609 248.079 259.087 248.079
258.280 189.710 283.501 189.710 283.501 247.340 258.280 247.340
256.839 189.786 282.084 189.786 282.084 247.080 256.839 247.080
256.057 189.310 281.142 189.310 281.142 246.606 256.057 246.606
255.675 188.912 280.621 188.912 280.621 246.203 255.675 246.203
254.855 188.580 279.839 188.580 279.839 246.135 254.855 246.135
253.592 189.660 278.777 189.660 278.777 247.178 253.592 247.178
252.419 189.343 277.744 189.343 277.744 246.868 252.419 246.868
251.912 190.502 277.204 190.502 277.204 247.776 251.912 247.776
251.125 188.864 276.244 188.864 276.244 245.925 251.125 245.925
249.801 190.621 274.957 190.621 274.957 247.627 249.801 247.627
249.544 188.074 274.764 188.074 274.764 245.292 249.544 245.292
248.260 188.785 273.671 188.785 273.671 246.262 248.260 246.262
246.698 188.588 272.222 188.588 272.222 246.245 246.698 246.245
245.181 189.612 270.761 189.612 270.761 247.616 245.181 247.616
245.334 189.053 270.865 189.053 270.865 247.412 245.334 247.412
243.428 188.257 269.199 188.257 269.199 246.481 243.428 246.481
242.969 187.646 268.800 187.646 268.800 245.724 242.969 245.724
242.003 187.355 267.888 187.355 267.888 245.435 242.003 245.435
241.409 186.664 267.334 186.664 267.334 244.503 241.409 244.503
240.507 186.658 266.235 186.658 266.235 244.189 240.507 244.189
240.275 185.167 265.833 185.167 265.833 242.543 240.275 242.543
239.397 185.481 264.945 185.481 264.945 242.727 239.397 242.727
238.856 187.482 264.504 187.482 264.504 244.533 238.856 244.533
238.027 188.146 263.629 188.146 263.629 245.171 238.027 245.171
237.847 188.001 263.451 188.001 263.451 244.926 237.847 244.926
236.524 186.359 262.022 186.359 262.022 243.227 236.524 243.227
235.399 185.971 260.840 185.971 260.840 242.603 235.399 242.603
235.325 186.447 260.583 186.447 260.583 243.013 235.325 243.013
234.479 185.575 259.635 185.575 259.635 241.873 234.479 241.873
233.285 186.428 258.462 186.428 258.462 242.456 233.285 242.456
232.717 184.987 257.925 184.987 257.925 241.052 232.717 241.052
232.389 185.656 257.373 185.656 257.373 241.713 232.389 241.713
230.686 185.172 255.604 185.172 255.604 241.509 230.686 241.509
229.759 185.738 255.019 185.738 255.019 241.655 229.759 241.655
229.212 184.680 254.523 184.680 254.523 240.684 229.212 240.684
227.993 184.859 253.432 184.859 253.432 240.822 227.993 240.822
227.709 183.215 253.193 183.215 253.193 238.750 227.709 238.750
227.054 184.382 252.477 184.382 252.477 239.372 227.054 239.372
227.047 184.053 252.150 184.053 252.150 238.939 227.047 238.939
226.132 183.790 251.072 183.790 251.072 238.517 226.132 238.517
225.164 183.236 250.102 183.236 250.102 237.604 225.164 237.604
224.469 185.598 249.448 185.598 249.448 239.629 224.469 239.629
223.276 185.052 248.079 185.052 248.079 239.029 223.276 239.029
223.004 185.352 247.726 185.352 247.726 239.195 223.004 239.195
222.199 184.903 246.743 184.903 246.743 238.681 222.199 238.681
221.990 184.223 246.310 184.223 246.310 237.899 221.990 237.899
221.396 183.789 245.371 183.789 245.371 237.861 221.396 237.861
221.103 183.257 244.921 183.257 244.921 237.554 221.103 237.554
220.397 182.250 244.112 182.250 244.112 236.620 220.397 236.620
219.279 182.411 242.862 182.411 242.862 236.972 219.279 236.972
218.759 183.183 242.398 183.183 242.398 237.877 218.759 237.877
217.313 182.729 240.999 182.729 240.999 237.508 217.313 237.508
217.133 182.889 240.877 182.889 240.877 237.353 217.133 237.353
215.807 181.807 239.796 181.807 239.796 236.201 215.807 236.201
215.110 181.604 239.145 181.604 239.145 235.911 215.110 235.911
214.493 181.101 238.664 181.101 238.664 235.207 214.493 235.207
213.165 180.614 237.273 180.614 237.273 234.597 213.165 234.597
213.953 180.252 237.895 180.252 237.895 234.047 213.953 234.047
212.629 179.549 236.726 179.549 236.726 233.176 212.629 233.176
211.753 179.587 235.772 179.587 235.772 233.146 211.753 233.146
210.974 180.047 234.977 180.047 234.977 233.770 210.974 233.770
210.305 180.464 234.337 180.464 234.337 234.020 210.305 234.020
209.358 180.713 233.474 180.713 233.474 234.166 209.358 234.166
209.078 180.437 233.171 180.437 233.171 233.997 209.078 233.997
208.421 179.549 232.564 179.549 232.564 233.087 208.421 233.087
208.056 179.255 232.178 179.255 232.178 232.742 208.056 232.742
207.526 179.061 231.458 179.061 231.458 232.821 207.526 232.821
206.947 179.661 230.941 179.661 230.941 233.305 206.947 233.305
205.830 179.468 229.683 179.468 229.683 233.406 205.830 233.406
204.701 178.997 228.707 178.997 228.707 232.774 204.701 232.774
204.227 179.900 228.345 179.900 228.345 233.584 204.227 233.584
202.156 179.599 226.529 179.599 226.529 233.381 202.156 233.381
202.042 179.112 226.409 179.112 226.409 232.911 202.042 232.911
201.349 178.302 225.761 178.302 225.761 232.365 201.349 232.365
201.126 177.410 225.561 177.410 225.561 231.695 201.126 231.695
200.232 176.764 224.768 176.764 224.768 231.094 200.232 231.094
199.368 176.573 223.899 176.573 223.899 230.996 199.368 230.996
198.174 176.414 222.650 176.414 222.650 230.802 198.174 230.802
197.248 177.210 221.762 177.210 221.762 231.374 197.248 231.374
196.355 177.133 221.016 177.133 221.016 231.266 196.355 231.266
195.806 177.558 220.545 177.558 220.545 231.431 195.806 231.431
194.471 177.866 219.220 177.866 219.220 231.697 194.471 231.697
194.480 178.610 219.100 178.610 219.100 232.337 194.480 232.337
193.378 177.253 218.143 177.253 218.143 230.796 193.378 230.796
192.438 177.990 217.326 177.990 217.326 231.423 192.438 231.423
191.945 177.045 216.729 177.045 216.729 230.293 191.945 230.293
191.851 176.327 216.347 176.327 216.347 229.905 191.851 229.905
190.866 176.721 215.304 176.721 215.304 230.805 190.866 230.805
190.084 177.045 214.446 177.045 214.446 231.374 190.084 231.374
188.514 177.009 213.137 177.009 213.137 231.253 188.514 231.253
187.727 177.503 212.471 177.503 212.471 231.885 187.727 231.885
186.849 176.466 211.504 176.466 211.504 230.954 186.849 230.954
186.077 175.148 210.573 175.148 210.573 229.755 186.077 229.755
185.722 174.509 210.290 174.509 210.290 228.931 185.722 228.931
184.873 176.307 209.524 176.307 209.524 230.147 184.873 230.147
184.044 174.655 208.621 174.655 208.621 228.446 184.044 228.446
183.534 174.929 208.179 174.929 208.179 228.639 183.534 228.639
182.640 174.220 207.247 174.220 207.247 228.079 182.640 228.079
181.648 175.530 206.287 175.530 206.287 229.211 181.648 229.211
180.243 176.404 204.928 176.404 204.928 229.817 180.243 229.817
180.063 176.924 204.580 176.924 204.580 230.393 180.063 230.393
179.353 176.474 203.785 176.474 203.785 229.724 179.353 229.724
178.825 175.061 203.120 175.061 203.120 228.369 178.825 228.369
178.551 175.020 202.677 175.020 202.677 228.440 178.551 228.440
177.826 175.238 202.051 175.238 202.051 228.479 177.826 228.479
177.338 175.099 201.823 175.099 201.823 228.048 177.338 228.048
176.147 175.690 200.747 175.690 200.747 228.690 176.147 228.690
174.667 174.210 199.268 174.210 199.268 227.492 174.667 227.492
173.836 174.407 198.499 174.407 198.499 227.596 173.836 227.596
172.450 174.509 197.123 174.509 197.123 228.028 172.450 228.028
172.279 174.433 196.743 174.433 196.743 228.018 172.279 228.018
171.595 173.658 196.151 173.658 196.151 227.155 171.595 227.155
171.232 173.379 195.426 173.379 195.426 226.840 171.232 226.840
171.836 173.250 195.569 173.250 195.569 226.604 171.836 226.604
171.796 172.620 195.386 172.620 195.386 225.762 171.796 225.762
171.722 171.746 195.359 171.746 195.359 224.541 171.722 224.541
170.868 172.098 194.562 172.098 194.562 224.400 170.868 224.400
170.800 171.552 194.400 171.552 194.400 223.640 170.800 223.640
167.289 171.757 190.830 171.757 190.830 223.624 167.289 223.624
166.975 173.770 190.267 173.770 190.267 225.513 166.975 225.513
166.671 173.541 189.905 173.541 189.905 225.073 166.671 225.073
166.013 172.819 189.109 172.819 189.109 224.394 166.013 224.394
165.646 172.716 188.560 172.716 188.560 224.548 165.646 224.548
164.702 172.071 187.435 172.071 187.435 224.248 164.702 224.248
164.027 171.402 186.741 171.402 186.741 223.593 164.027 223.593
163.320 171.705 186.149 171.705 186.149 223.888 163.320 223.888
162.542 173.910 185.389 173.910 185.389 226.393 162.542 226.393
162.189 173.781 185.250 173.781 185.250 226.459 162.189 226.459
161.705 173.216 184.935 173.216 184.935 225.667 161.705 225.667
159.024 174.377 181.875 174.377 181.875 226.917 159.024 226.917
159.233 172.604 181.825 172.604 181.825 225.318 159.233 225.318
159.278 173.651 181.687 173.651 181.687 226.505 159.278 226.505
158.598 170.849 181.028 170.849 181.028 223.689 158.598 223.689
158.581 170.119 181.179 170.119 181.179 222.737 158.581 222.737
157.457 170.331 180.268 170.331 180.268 222.549 157.457 222.549
156.732 170.195 179.692 170.195 179.692 222.017 156.732 222.017
155.903 172.808 178.691 172.808 178.691 224.330 155.903 224.330
155.371 175.108 178.068 175.108 178.068 225.845 155.371 225.845
154.789 173.904 177.353 173.904 177.353 224.465 154.789 224.465
154.115 176.363 176.494 176.363 176.494 226.757 154.115 226.757
153.554 174.695 175.987 174.695 175.987 224.568 153.554 224.568
152.895 172.294 175.126 172.294 175.126 221.996 152.895 221.996
152.664 173.635 174.779 173.635 174.779 222.856 152.664 222.856
152.147 171.978 174.169 171.978 174.169 221.107 152.147 221.107
151.553 173.876 173.576 173.876 173.576 222.779 151.553 222.779
150.717 172.366 172.931 172.366 172.931 220.965 150.717 220.965
149.447 174.142 171.777 174.142 171.777 222.343 149.447 222.343
148.214 175.169 170.481 175.169 170.481 223.145 148.214 223.145
147.537 172.946 169.843 172.946 169.843 220.946 147.537 220.946
147.371 172.107 169.664 172.107 169.664 220.191 147.371 220.191
146.968 171.392 169.205 171.392 169.205 219.731 146.968 219.731
146.544 170.316 168.694 170.316 168.694 218.598 146.544 218.598
146.358 169.789 168.458 169.789 168.458 218.155 146.358 218.155
145.858 169.200 167.970 169.200 167.970 217.555 145.858 217.555
145.388 170.495 167.282 170.495 167.282 218.947 145.388 218.947
144.768 172.055 166.479 172.055 166.479 220.505 144.768 220.505
144.520 174.627 166.162 174.627 166.162 222.640 144.520 222.640
144.438 177.489 165.991 177.489 165.991 225.023 144.438 225.023
140.877 172.852 162.350 172.852 162.350 220.213 140.877 220.213
141.467 171.964 162.829 171.964 162.829 219.121 141.467 219.121
141.404 171.640 162.723 171.640 162.723 218.270 141.404 218.270
141.691 173.068 162.781 173.068 162.781 219.510 141.691 219.510
