377.000 168.000 397.000 168.000 397.000 226.000 377.000 226.000
373.734 168.266 393.893 168.266 393.893 226.542 373.734 226.542
373.255 167.816 393.437 167.816 393.437 226.406 373.255 226.406
370.868 166.458 391.264 166.458 391.264 225.314 370.868 225.314
370.055 167.346 390.464 167.346 390.464 226.480 370.055 226.480
368.987 167.909 389.517 167.909 389.517 226.859 368.987 226.859
367.731 168.338 388.403 168.338 388.403 227.051 367.731 227.051
366.649 166.659 387.328 166.659 387.328 225.402 366.649 225.402
365.122 165.595 385.792 165.595 385.792 224.012 365.122 224.012
363.753 166.095 384.497 166.095 384.497 224.164 363.753 224.164
363.296 163.952 383.917 163.952 383.917 221.972 363.296 221.972
362.666 162.070 383.157 162.070 383.157 220.412 362.666 220.412
362.059 164.788 382.536 164.788 382.536 222.962 362.059 222.962
356.958 166.905 377.079 166.905 377.079 225.560 356.958 225.560
356.461 167.637 376.257 167.637 376.257 226.277 356.461 226.277
351.099 168.656 370.539 168.656 370.539 227.179 351.099 227.179
350.074 170.831 369.352 170.831 369.352 228.975 350.074 228.975
349.319 166.882 368.341 166.882 368.341 225.295 349.319 225.295
347.826 168.789 366.714 168.789 366.714 227.398 347.826 227.398
346.880 166.861 365.713 166.861 365.713 225.496 346.880 225.496
345.743 168.447 364.582 168.447 364.582 226.945 345.743 226.945
344.733 166.033 363.441 166.033 363.441 224.601 344.733 224.601
344.093 166.218 362.787 166.218 362.787 224.997 344.093 224.997
343.178 168.044 361.884 168.044 361.884 226.508 343.178 226.508
338.697 170.835 357.555 170.835 357.555 228.466 338.697 228.466
338.336 171.010 357.301 171.010 357.301 228.027 338.336 228.027
337.743 168.082 356.752 168.082 356.752 224.817 337.743 224.817
333.890 166.711 352.863 166.711 352.863 223.123 333.890 223.123
334.120 169.659 353.007 169.659 353.007 225.969 334.120 225.969
333.818 169.880 352.611 169.880 352.611 225.999 333.818 225.999
328.870 172.961 347.695 172.961 347.695 228.296 328.870 228.296
329.223 171.688 347.985 171.688 347.985 226.372 329.223 226.372
329.303 170.200 347.861 170.200 347.861 224.599 329.303 224.599
329.095 167.413 347.698 167.413 347.698 221.414 329.095 221.414
329.234 170.539 347.782 170.539 347.782 223.960 329.234 223.960
320.058 169.569 338.637 169.569 338.637 222.274 320.058 222.274
319.524 167.564 338.053 167.564 338.053 219.654 319.524 219.654
318.298 168.867 337.002 168.867 337.002 220.290 318.298 220.290
317.875 169.769 336.597 169.769 336.597 220.473 317.875 220.473
317.427 171.365 336.078 171.365 336.078 221.622 317.427 221.622
316.198 174.373 334.803 174.373 334.803 224.116 316.198 224.116
314.975 174.841 333.372 174.841 333.372 224.361 314.975 224.361
313.881 173.732 332.161 173.732 332.161 222.826 313.881 222.826
312.643 174.964 331.001 174.964 331.001 223.592 312.643 223.592
311.318 172.695 329.729 172.695 329.729 221.108 311.318 221.108
310.096 172.416 328.467 172.416 328.467 220.670 310.096 220.670
308.248 172.257 326.539 172.257 326.539 220.270 308.248 220.270
307.174 172.030 325.314 172.030 325.314 219.581 307.174 219.581
305.697 170.215 323.878 170.215 323.878 217.389 305.697 217.389
303.892 172.358 322.193 172.358 322.193 218.622 303.892 218.622
303.151 172.228 321.337 172.228 321.337 218.182 303.151 218.182
299.763 173.226 317.820 173.226 317.820 219.043 299.763 219.043
299.464 172.544 317.410 172.544 317.410 218.017 299.464 218.017
298.943 172.559 316.693 172.559 316.693 217.870 298.943 217.870
298.696 174.171 316.196 174.171 316.196 219.176 298.696 219.176
298.521 175.468 315.893 175.468 315.893 220.548 298.521 220.548
263.340 179.257 280.520 179.257 280.520 224.642 263.340 224.642
260.012 180.144 277.123 180.144 277.123 225.668 260.012 225.668
260.178 176.430 277.346 176.430 277.346 221.982 260.178 221.982
260.018 176.111 277.152 176.111 277.152 221.541 260.018 221.541
259.563 175.804 276.679 175.804 276.679 221.114 259.563 221.114
258.784 174.539 275.942 174.539 275.942 219.910 258.784 219.910
257.541 174.645 274.630 174.645 274.630 219.846 257.541 219.846
256.596 173.680 273.606 173.680 273.606 218.448 256.596 218.448
255.059 175.043 272.083 175.043 272.083 219.311 255.059 219.311
251.441 176.659 268.308 176.659 268.308 220.846 251.441 220.846
251.224 177.182 268.239 177.182 268.239 221.242 251.224 221.242
250.692 178.146 267.951 178.146 267.951 222.038 250.692 222.038
249.993 179.300 267.507 179.300 267.507 222.979 249.993 222.979
246.260 179.283 263.584 179.283 263.584 223.219 246.260 223.219
254.266 180.202 271.552 180.202 271.552 224.204 254.266 224.204
257.838 181.474 275.188 181.474 275.188 225.752 257.838 225.752
258.297 177.932 275.603 177.932 275.603 222.431 258.297 222.431
258.685 174.796 275.937 174.796 275.937 219.417 258.685 219.417
259.368 176.474 276.481 176.474 276.481 220.941 259.368 220.941
259.210 177.118 276.304 177.118 276.304 221.518 259.210 221.518
258.938 177.101 275.943 177.101 275.943 221.425 258.938 221.425
258.719 176.337 275.666 176.337 275.666 220.776 258.719 220.776
259.001 175.889 275.851 175.889 275.851 220.230 259.001 220.230
258.337 176.000 275.259 176.000 275.259 220.288 258.337 220.288
258.091 175.903 275.122 175.903 275.122 220.429 258.091 220.429
254.844 176.154 271.862 176.154 271.862 220.483 254.844 220.483
254.411 177.063 271.404 177.063 271.404 221.138 254.411 221.138
253.395 175.744 270.357 175.744 270.357 219.607 253.395 219.607
252.345 176.854 269.166 176.854 269.166 220.550 252.345 220.550
249.037 176.424 265.741 176.424 265.741 220.204 249.037 220.204
249.146 176.642 265.719 176.642 265.719 220.443 249.146 220.443
245.729 175.051 262.082 175.051 262.082 218.853 245.729 218.853
245.751 174.553 261.831 174.553 261.831 218.105 245.751 218.105
245.355 174.583 261.344 174.583 261.344 217.938 245.355 217.938
245.173 179.017 261.065 179.017 261.065 222.200 245.173 222.200
241.702 183.462 257.615 183.462 257.615 226.146 241.702 226.146
238.399 185.546 254.125 185.546 254.125 227.962 238.399 227.962
238.252 194.885 254.057 194.885 254.057 236.394 238.252 236.394
238.103 192.922 253.812 192.922 253.812 233.915 238.103 233.915
237.790 195.568 253.307 195.568 253.307 236.252 237.790 236.252
234.480 196.566 249.904 196.566 249.904 236.788 234.480 236.788
231.533 197.458 247.224 197.458 247.224 237.046 231.533 237.046
228.841 186.301 244.310 186.301 244.310 225.925 228.841 225.925
228.632 174.407 243.719 174.407 243.719 214.745 228.632 214.745
228.005 174.026 243.014 174.026 243.014 214.487 228.005 214.487
227.303 173.425 242.090 173.425 242.090 214.247 227.303 214.247
226.357 164.915 241.144 164.915 241.144 205.969 226.357 205.969
222.779 164.016 237.766 164.016 237.766 205.243 222.779 205.243
219.688 167.266 234.858 167.266 234.858 208.381 219.688 208.381
216.681 170.809 232.056 170.809 232.056 211.900 216.681 211.900
216.309 173.145 231.621 173.145 231.621 214.412 216.309 214.412
213.318 173.517 228.698 173.517 228.698 214.694 213.318 214.694
213.330 174.942 228.684 174.942 228.684 215.930 213.330 215.930
212.728 175.467 228.033 175.467 228.033 216.281 212.728 216.281
212.383 175.339 227.536 175.339 227.536 216.107 212.383 216.107
211.645 175.977 226.707 175.977 226.707 216.470 211.645 216.470
210.568 175.564 225.575 175.564 225.575 216.019 210.568 216.019
209.584 176.508 224.465 176.508 224.465 216.692 209.584 216.692
208.458 176.570 223.351 176.570 223.351 216.750 208.458 216.750
207.148 176.728 222.023 176.728 222.023 217.094 207.148 217.094
205.712 175.602 220.591 175.602 220.591 216.040 205.712 216.040
204.174 176.279 219.057 176.279 219.057 216.837 204.174 216.837
203.450 176.122 218.317 176.122 218.317 216.619 203.450 216.619
202.164 176.674 217.079 176.674 217.079 217.245 202.164 217.245
200.502 177.946 215.413 177.946 215.413 218.780 200.502 218.780
198.281 178.541 213.277 178.541 213.277 219.311 198.281 219.311
195.804 177.620 210.901 177.620 210.901 218.335 195.804 218.335
194.294 176.058 209.370 176.058 209.370 216.845 194.294 216.845
192.252 176.902 207.363 176.902 207.363 217.894 192.252 217.894
190.572 176.387 205.776 176.387 205.776 217.352 190.572 217.352
189.193 176.014 204.330 176.014 204.330 216.899 189.193 216.899
188.228 177.694 203.376 177.694 203.376 218.310 188.228 218.310
186.890 176.835 201.848 176.835 201.848 217.959 186.890 217.959
185.807 178.081 200.701 178.081 200.701 219.233 185.807 219.233
184.557 177.446 199.476 177.446 199.476 218.587 184.557 218.587
182.407 178.731 197.370 178.731 197.370 219.498 182.407 219.498
180.879 178.261 195.929 178.261 195.929 218.890 180.879 218.890
177.188 178.285 192.202 178.285 192.202 218.857 177.188 218.857
176.494 177.908 191.471 177.908 191.471 218.456 176.494 218.456
175.628 177.790 190.593 177.790 190.593 218.499 175.628 218.499
175.026 177.708 189.906 177.708 189.906 218.900 175.026 218.900
174.027 178.248 188.938 178.248 188.938 219.334 174.027 219.334
172.798 177.653 187.688 177.653 187.688 218.705 172.798 218.705
171.126 178.893 186.040 178.893 186.040 219.879 171.126 219.879
167.178 179.692 181.979 179.692 181.979 220.973 167.178 220.973
166.532 179.365 181.324 179.365 181.324 220.703 166.532 220.703
165.300 179.569 180.082 179.569 180.082 220.901 165.300 220.901
164.103 178.982 178.925 178.982 178.925 220.167 164.103 220.167
162.571 177.898 177.535 177.898 177.535 219.183 162.571 219.183
160.804 178.361 175.850 178.361 175.850 219.645 160.804 219.645
157.111 177.968 172.107 177.968 172.107 219.545 157.111 219.545
156.797 178.329 171.764 178.329 171.764 220.164 156.797 220.164
155.909 178.962 170.768 178.962 170.768 220.840 155.909 220.840
154.953 179.529 169.769 179.529 169.769 221.489 154.953 221.489
153.994 179.471 168.705 179.471 168.705 221.378 153.994 221.378
150.439 179.693 165.165 179.693 165.165 221.535 150.439 221.535
150.162 179.977 164.824 179.977 164.824 221.821 150.162 221.821
149.055 180.216 163.738 180.216 163.738 222.062 149.055 222.062
147.902 179.852 162.573 179.852 162.573 221.639 147.902 221.639
146.839 181.104 161.442 181.104 161.442 223.178 146.839 223.178
145.478 181.611 160.082 181.611 160.082 223.991 145.478 223.991
144.089 181.876 158.729 181.876 158.729 224.419 144.089 224.419
142.540 181.551 157.278 181.551 157.278 224.224 142.540 224.224
140.778 181.429 155.735 181.429 155.735 224.258 140.778 224.258
139.243 181.098 154.238 181.098 154.238 224.275 139.243 224.275
134.881 181.232 150.047 181.232 150.047 224.659 134.881 224.659
134.235 181.226 149.546 181.226 149.546 224.774 134.235 224.774
133.218 180.381 148.569 180.381 148.569 224.058 133.218 224.058
132.352 179.942 147.508 179.942 147.508 223.934 132.352 223.934
128.732 179.609 143.877 179.609 143.877 223.750 128.732 223.750
128.502 178.741 143.688 178.741 143.688 222.892 128.502 222.892
127.782 179.536 142.935 179.536 142.935 223.888 127.782 223.888
126.675 180.563 141.948 180.563 141.948 224.799 126.675 224.799
125.864 182.034 141.220 182.034 141.220 226.195 125.864 226.195
122.249 180.243 137.617 180.243 137.617 224.584 122.249 224.584
121.986 178.829 137.232 178.829 137.232 223.004 121.986 223.004
121.089 179.729 136.276 179.729 136.276 223.590 121.089 223.590
119.935 180.011 135.107 180.011 135.107 223.602 119.935 223.602
118.512 180.151 133.732 180.151 133.732 223.767 118.512 223.767
114.582 181.361 129.898 181.361 129.898 225.087 114.582 225.087
114.265 182.090 129.609 182.090 129.609 226.005 114.265 226.005
113.453 182.584 128.855 182.584 128.855 226.712 113.453 226.712
112.026 182.349 127.460 182.349 127.460 226.882 112.026 226.882
107.930 181.267 123.397 181.267 123.397 225.926 107.930 225.926
107.114 181.858 122.632 181.858 122.632 226.632 107.114 226.632
105.776 180.594 121.361 180.594 121.361 225.584 105.776 225.584
104.411 179.744 120.030 179.744 120.030 224.964 104.411 224.964
103.426 179.946 119.119 179.946 119.119 225.004 103.426 225.004
102.293 179.652 117.988 179.652 117.988 224.476 102.293 224.476
98.155 181.501 113.995 181.501 113.995 226.376 98.155 226.376
97.634 180.851 113.553 180.851 113.553 225.906 97.634 225.906
96.745 181.134 112.668 181.134 112.668 226.557 96.745 226.557
95.513 181.805 111.498 181.805 111.498 227.315 95.513 227.315
94.546 181.954 110.459 181.954 110.459 227.539 94.546 227.539
93.282 181.300 109.139 181.300 109.139 226.928 93.282 226.928
89.175 179.041 105.076 179.041 105.076 224.705 89.175 224.705
88.452 179.476 104.360 179.476 104.360 225.039 88.452 225.039
86.817 179.520 102.864 179.520 102.864 224.917 86.817 224.917
85.508 180.662 101.618 180.662 101.618 225.734 85.508 225.734
84.313 179.828 100.435 179.828 100.435 224.693 84.313 224.693
82.532 181.166 98.683 181.166 98.683 226.147 82.532 226.147
81.392 181.236 97.582 181.236 97.582 226.296 81.392 226.296
79.822 181.921 96.027 181.921 96.027 227.108 79.822 227.108
77.849 182.088 94.121 182.088 94.121 227.254 77.849 227.254
76.106 182.831 92.396 182.831 92.396 228.030 76.106 228.030
74.855 181.766 91.122 181.766 91.122 226.956 74.855 226.956
73.140 181.574 89.419 181.574 89.419 226.679 73.140 226.679
69.474 180.173 85.786 180.173 85.786 225.102 69.474 225.102
69.169 180.616 85.398 180.616 85.398 225.516 69.169 225.516
68.155 181.914 84.273 181.914 84.273 226.731 68.155 226.731
67.651 182.076 83.586 182.076 83.586 227.198 67.651 227.198
66.877 182.081 82.606 182.081 82.606 227.649 66.877 227.649
65.276 182.593 80.884 182.593 80.884 228.679 65.276 228.679
63.910 182.765 79.432 182.765 79.432 229.007 63.910 229.007
62.312 181.688 77.901 181.688 77.901 227.763 62.312 227.763
60.698 181.439 76.283 181.439 76.283 227.310 60.698 227.310
56.771 180.783 72.353 180.783 72.353 226.523 56.771 226.523
55.772 180.470 71.402 180.470 71.402 226.035 55.772 226.035
54.790 181.397 70.495 181.397 70.495 226.942 54.790 226.942
53.925 180.983 69.632 180.983 69.632 226.768 53.925 226.768
52.779 181.562 68.449 181.562 68.449 227.504 52.779 227.504
51.411 182.368 67.142 182.368 67.142 228.421 51.411 228.421
50.103 183.283 65.943 183.283 65.943 229.386 50.103 229.386
48.304 183.687 64.196 183.687 64.196 230.078 48.304 230.078
44.193 184.575 60.148 184.575 60.148 231.125 44.193 231.125
42.544 183.231 58.669 183.231 58.669 229.846 42.544 229.846
