302.000 74.000 338.000 74.000 338.000 144.000 302.000 144.000
302.502 74.696 338.731 74.696 338.731 144.571 302.502 144.571
302.868 74.920 339.043 74.920 339.043 144.639 302.868 144.639
302.479 74.947 338.464 74.947 338.464 144.889 302.479 144.889
302.993 75.387 338.838 75.387 338.838 145.397 302.993 145.397
303.218 75.055 338.867 75.055 338.867 144.825 303.218 144.825
302.072 75.017 337.913 75.017 337.913 144.675 302.072 144.675
302.842 75.126 338.711 75.126 338.711 144.568 302.842 144.568
302.871 77.809 338.634 77.809 338.634 147.375 302.871 147.375
303.029 76.551 338.692 76.551 338.692 146.203 303.029 146.203
303.735 76.897 339.409 76.897 339.409 146.525 303.735 146.525
303.200 75.935 339.048 75.935 339.048 145.391 303.200 145.391
304.650 76.536 340.480 76.536 340.480 146.233 304.650 146.233
304.548 76.097 340.650 76.097 340.650 145.858 304.548 145.858
305.008 77.277 341.076 77.277 341.076 147.026 305.008 147.026
304.230 76.471 340.197 76.471 340.197 146.039 304.230 146.039
306.986 79.458 342.910 79.458 342.910 148.809 306.986 148.809
305.885 77.696 341.592 77.696 341.592 146.715 305.885 146.715
307.686 76.587 343.051 76.587 343.051 145.818 307.686 145.818
308.056 77.952 343.403 77.952 343.403 147.144 308.056 147.144
307.496 76.832 343.060 76.832 343.060 145.920 307.496 145.920
308.311 78.296 343.761 78.296 343.761 147.657 308.311 147.657
308.571 76.790 344.074 76.790 344.074 145.848 308.571 145.848
308.862 77.047 344.237 77.047 344.237 146.170 308.862 146.170
308.351 76.587 343.716 76.587 343.716 145.800 308.351 145.800
309.077 77.119 344.232 77.119 344.232 146.737 309.077 146.737
309.028 77.276 344.277 77.276 344.277 146.775 309.028 146.775
309.242 77.792 344.590 77.792 344.590 147.093 309.242 147.093
308.647 77.525 344.170 77.525 344.170 146.757 308.647 146.757
308.886 77.893 344.285 77.893 344.285 147.298 308.886 147.298
309.214 78.896 344.549 78.896 344.549 148.375 309.214 148.375
308.615 78.349 343.981 78.349 343.981 147.994 308.615 147.994
308.389 78.468 343.945 78.468 343.945 147.959 308.389 147.959
308.067 78.399 343.722 78.399 343.722 147.770 308.067 147.770
308.772 79.594 344.393 79.594 344.393 149.329 308.772 149.329
307.399 78.558 343.065 78.558 343.065 148.389 307.399 148.389
308.566 78.128 344.503 78.128 344.503 148.212 308.566 148.212
307.811 78.312 344.300 78.312 344.300 148.209 307.811 148.209
308.083 80.182 344.859 80.182 344.859 150.044 308.083 150.044
307.422 79.326 344.635 79.326 344.635 148.940 307.422 148.940
308.351 79.848 345.889 79.848 345.889 149.464 308.351 149.464
307.796 80.403 345.612 80.403 345.612 149.930 307.796 149.930
308.444 80.868 346.358 80.868 346.358 150.603 308.444 150.603
307.565 81.467 345.654 81.467 345.654 151.393 307.565 151.393
295.744 81.867 334.295 81.867 334.295 152.305 295.744 152.305
276.774 81.090 315.823 81.090 315.823 151.944 276.774 151.944
254.149 82.586 293.226 82.586 293.226 154.463 254.149 154.463
233.417 81.947 272.545 81.947 272.545 154.486 233.417 154.486
213.158 82.818 252.574 82.818 252.574 156.270 213.158 156.270
194.112 83.458 233.315 83.458 233.315 157.500 194.112 157.500
196.683 83.455 235.729 83.455 235.729 157.671 196.683 157.671
194.295 84.645 233.846 84.645 233.846 158.814 194.295 158.814
195.443 84.425 235.194 84.425 235.194 158.441 195.443 158.441
194.828 85.809 234.898 85.809 234.898 159.704 194.828 159.704
194.125 85.182 234.625 85.182 234.625 159.087 194.125 159.087
194.284 86.095 235.074 86.095 235.074 159.827 194.284 159.827
194.396 85.070 235.177 85.070 235.177 159.058 194.396 159.058
194.189 86.094 235.149 86.094 235.149 160.266 194.189 160.266
194.705 84.728 235.726 84.728 235.726 158.997 194.705 158.997
194.054 85.310 235.148 85.310 235.148 160.026 194.054 160.026
174.796 84.961 216.475 84.961 216.475 160.250 174.796 160.250
155.299 87.268 196.705 87.268 196.705 163.039 155.299 163.039
154.825 87.654 196.734 87.654 196.734 163.391 154.825 163.391
155.283 86.187 197.570 86.187 197.570 161.672 155.283 161.672
155.339 87.240 197.536 87.240 197.536 162.956 155.339 162.956
150.965 86.619 193.907 86.619 193.907 162.272 150.965 162.272
127.382 90.738 170.166 90.738 170.166 167.563 127.382 167.563
109.911 89.916 152.151 89.916 152.151 167.734 109.911 167.734
111.263 87.366 153.070 87.366 153.070 165.565 111.263 165.565
109.680 88.541 152.069 88.541 152.069 166.499 109.680 166.499
111.227 86.843 153.284 86.843 153.284 165.178 111.227 165.178
109.979 87.403 152.234 87.403 152.234 165.963 109.979 165.963
109.263 87.973 151.602 87.973 151.602 166.754 109.263 166.754
109.575 89.256 152.250 89.256 152.250 167.540 109.575 167.540
108.403 88.987 150.787 88.987 150.787 167.630 108.403 167.630
108.316 88.678 150.474 88.678 150.474 167.611 108.316 167.611
107.766 88.797 149.980 88.797 149.980 167.952 107.766 167.952
107.462 92.377 149.645 92.377 149.645 171.905 107.462 171.905
108.252 88.802 150.329 88.802 150.329 168.057 108.252 168.057
108.295 92.734 150.263 92.734 150.263 172.094 108.295 172.094
109.323 92.881 151.028 92.881 151.028 172.179 109.323 172.179
108.478 89.412 149.998 89.412 149.998 168.882 108.478 168.882
108.416 87.991 150.098 87.991 150.098 167.379 108.416 167.379
108.659 91.686 150.356 91.686 150.356 171.122 108.659 171.122
108.974 95.087 150.770 95.087 150.770 174.427 108.974 174.427
109.950 94.459 151.497 94.459 151.497 173.656 109.950 173.656
110.360 91.685 151.714 91.685 151.714 170.972 110.360 170.972
110.381 94.113 152.004 94.113 152.004 173.242 110.381 173.242
110.961 96.551 152.295 96.551 152.295 175.614 110.961 175.614
109.813 93.210 151.293 93.210 151.293 172.124 109.813 172.124
97.226 96.415 139.564 96.415 139.564 176.090 97.226 176.090
66.114 97.455 108.916 97.455 108.916 177.913 66.114 177.913
49.327 97.820 92.519 97.820 92.519 178.599 49.327 178.599
49.300 96.726 92.870 96.726 92.870 177.067 49.300 177.067
48.863 95.182 92.227 95.182 92.227 175.922 48.863 175.922
49.659 97.356 92.688 97.356 92.688 178.638 49.659 178.638
49.843 96.741 92.543 96.741 92.543 178.402 49.843 178.402
50.324 96.616 93.362 96.616 93.362 177.879 50.324 177.879
49.547 96.879 92.678 96.879 92.678 178.167 49.547 178.167
50.919 98.750 93.910 98.750 93.910 180.588 50.919 180.588
50.001 97.551 92.917 97.551 92.917 180.115 50.001 180.115
50.778 101.221 93.739 101.221 93.739 184.003 50.778 184.003
50.320 97.561 93.522 97.561 93.522 180.223 50.320 180.223
51.208 99.051 94.490 99.051 94.490 182.121 51.208 182.121
51.469 100.968 94.782 100.968 94.782 184.104 51.469 184.104
51.637 98.060 95.032 98.060 95.032 181.030 51.637 181.030
52.735 98.538 96.067 98.538 96.067 181.692 52.735 181.692
52.508 100.246 95.786 100.246 95.786 183.421 52.508 183.421
53.491 101.340 96.682 101.340 96.682 184.820 53.491 184.820
52.985 100.883 96.237 100.883 96.237 184.305 52.985 184.305
53.671 102.660 96.700 102.660 96.700 186.378 53.671 186.378
53.202 99.515 96.300 99.515 96.300 183.254 53.202 183.254
54.641 103.918 97.705 103.918 97.705 187.836 54.641 187.836
54.298 99.810 97.756 99.810 97.756 183.559 54.298 183.559
53.825 100.438 97.388 100.438 97.388 184.459 53.825 184.459
54.291 102.963 97.830 102.963 97.830 187.087 54.291 187.087
53.822 100.622 97.548 100.622 97.548 184.175 53.822 184.175
54.306 100.116 97.920 100.116 97.920 184.059 54.306 184.059
54.411 101.853 98.114 101.853 98.114 186.002 54.411 186.002
55.033 102.852 98.772 102.852 98.772 187.386 55.033 187.386
54.881 102.355 98.555 102.355 98.555 187.063 54.881 187.063
54.572 105.658 98.276 105.658 98.276 190.370 54.572 190.370
55.189 101.256 98.807 101.256 98.807 185.892 55.189 185.892
54.965 107.297 98.832 107.297 98.832 191.874 54.965 191.874
55.912 102.319 99.577 102.319 99.577 186.871 55.912 186.871
55.313 106.039 99.073 106.039 99.073 190.699 55.313 190.699
56.426 106.560 100.220 106.560 100.220 190.765 56.426 190.765
57.171 102.489 101.128 102.489 101.128 186.808 57.171 186.808
56.147 107.615 100.123 107.615 100.123 192.353 56.147 192.353
56.826 104.717 100.718 104.717 100.718 189.560 56.826 189.560
57.863 106.795 101.590 106.795 101.590 191.630 57.863 191.630
58.462 103.234 102.329 103.234 102.329 187.664 58.462 187.664
56.954 107.394 100.875 107.394 100.875 191.766 56.954 191.766
59.109 105.808 103.004 105.808 103.004 190.266 59.109 190.266
57.697 106.051 102.067 106.051 102.067 190.822 57.697 190.822
58.184 106.646 102.683 106.646 102.683 192.031 58.184 192.031
59.011 107.488 103.687 107.488 103.687 193.063 59.011 193.063
58.954 107.314 103.839 107.314 103.839 193.182 58.954 193.182
59.130 109.469 104.261 109.469 104.261 195.591 59.130 195.591
59.661 108.065 104.872 108.065 104.872 194.713 59.661 194.713
58.724 108.198 104.256 108.198 104.256 194.881 58.724 194.881
58.684 108.540 104.525 108.540 104.525 195.377 58.684 195.377
58.832 109.951 105.128 109.951 105.128 196.457 58.832 196.457
58.679 109.496 105.083 109.496 105.083 196.016 58.679 196.016
58.657 108.926 105.200 108.926 105.200 195.276 58.657 195.276
58.283 110.647 105.256 110.647 105.256 196.788 58.283 196.788
59.606 109.728 106.383 109.728 106.383 196.369 59.606 196.369
59.060 105.238 105.249 105.238 105.249 193.234 59.060 193.234
59.476 88.884 104.628 88.884 104.628 178.279 59.476 178.279
59.615 86.476 104.835 86.476 104.835 175.941 59.615 175.941
59.592 88.737 104.634 88.737 104.634 178.986 59.592 178.986
59.770 86.967 104.879 86.967 104.879 177.419 59.770 177.419
59.156 86.236 104.789 86.236 104.789 176.694 59.156 176.694
58.889 89.107 104.606 89.107 104.606 180.222 58.889 180.222
58.732 85.199 104.719 85.199 104.719 176.462 58.732 176.462
59.151 86.281 105.077 86.281 105.077 177.997 59.151 177.997
58.585 85.277 104.530 85.277 104.530 177.144 58.585 177.144
56.685 90.641 102.734 90.641 102.734 182.807 56.685 182.807
59.539 87.679 105.604 87.679 105.604 179.604 59.539 179.604
57.613 91.844 103.822 91.844 103.822 184.346 57.613 184.346
58.205 85.224 104.801 85.224 104.801 178.273 58.205 178.273
58.778 72.523 105.705 72.523 105.705 165.745 58.778 165.745
56.893 63.006 104.109 63.006 104.109 156.430 56.893 156.430
56.550 65.840 103.828 65.840 103.828 159.094 56.550 159.094
57.121 66.134 104.532 66.134 104.532 158.811 57.121 158.811
57.466 66.274 104.879 66.274 104.879 158.963 57.466 158.963
56.605 67.345 103.913 67.345 103.913 160.043 56.605 160.043
57.362 67.926 104.608 67.926 104.608 160.534 57.362 160.534
57.499 67.740 104.553 67.740 104.553 160.162 57.499 160.162
58.534 67.387 105.375 67.387 105.375 159.884 58.534 159.884
59.159 68.616 105.854 68.616 105.854 161.143 59.159 161.143
60.880 59.709 107.704 59.709 107.704 152.999 60.880 152.999
59.094 40.890 106.060 40.890 106.060 134.300 59.094 134.300
59.592 35.304 106.756 35.304 106.756 128.297 59.592 128.297
57.954 41.239 105.149 41.239 105.149 134.640 57.954 134.640
58.986 38.360 106.196 38.360 106.196 132.109 58.986 132.109
59.401 37.684 106.802 37.684 106.802 131.394 59.401 131.394
58.955 40.147 106.575 40.147 106.575 133.842 58.955 133.842
59.228 39.166 106.818 39.166 106.818 133.096 59.228 133.096
59.960 39.955 107.700 39.955 107.700 133.736 59.960 133.736
59.833 39.278 107.865 39.278 107.865 133.102 59.833 133.102
60.497 39.681 108.479 39.681 108.479 133.425 60.497 133.425
59.993 26.358 107.449 26.358 107.449 121.082 59.993 121.082
60.598 15.771 107.720 15.771 107.720 110.993 60.598 110.993
60.118 20.428 107.391 20.428 107.391 115.586 60.118 115.586
60.696 16.206 107.796 16.206 107.796 111.459 60.696 111.459
60.726 16.489 107.852 16.489 107.852 112.120 60.726 112.120
61.763 17.103 108.682 17.103 108.682 113.096 61.763 113.096
60.672 21.382 108.029 21.382 108.029 117.234 60.672 117.234
60.859 20.595 108.263 20.595 108.263 116.456 60.859 116.456
60.778 21.938 108.230 21.938 108.230 117.704 60.778 117.704
59.402 23.179 106.868 23.179 106.868 119.316 59.402 119.316
60.253 23.536 107.655 23.536 107.655 119.650 60.253 119.650
59.955 23.051 107.317 23.051 107.317 119.349 59.955 119.349
59.494 24.542 106.924 24.542 106.924 121.251 59.494 121.251
60.334 24.478 107.804 24.478 107.804 121.311 60.334 121.311
60.747 23.452 108.447 23.452 108.447 120.003 60.747 120.003
60.156 22.617 107.638 22.617 107.638 119.342 60.156 119.342
60.579 20.890 108.018 20.890 108.018 117.688 60.579 117.688
60.357 21.164 107.600 21.164 107.600 118.426 60.357 118.426
61.777 21.765 108.893 21.765 108.893 119.601 61.777 119.601
61.139 22.195 108.570 22.195 108.570 120.026 61.139 120.026
63.223 25.310 111.202 25.310 111.202 122.654 63.223 122.654
61.657 23.892 109.620 23.892 109.620 121.296 61.657 121.296
62.031 26.644 110.623 26.644 110.623 123.738 62.031 123.738
61.569 27.122 110.623 27.122 110.623 124.025 61.569 124.025
61.810 31.142 111.198 31.142 111.198 128.318 61.810 128.318
62.302 30.118 111.972 30.118 111.972 127.379 62.302 127.379
62.326 29.258 111.975 29.258 111.975 126.893 62.326 126.893
62.543 29.873 112.454 29.873 112.454 127.617 62.543 127.617
61.885 31.678 112.015 31.678 112.015 129.640 61.885 129.640
62.362 31.409 112.628 31.409 112.628 129.904 62.362 129.904
62.140 32.060 112.485 32.060 112.485 130.694 62.140 130.694
62.820 32.716 113.065 32.716 113.065 131.427 62.820 131.427
62.635 32.855 113.208 32.855 113.208 131.772 62.635 131.772
62.156 33.553 113.219 33.553 113.219 132.375 62.156 132.375
62.706 33.709 113.762 33.709 113.762 132.631 62.706 132.631
63.099 35.159 114.631 35.159 114.631 133.979 63.099 133.979
63.666 36.411 115.567 36.411 115.567 135.145 63.666 135.145
63.280 34.543 115.399 34.543 115.399 133.498 63.280 133.498
63.664 35.651 116.140 35.651 116.140 134.746 63.664 134.746
63.965 37.242 116.817 37.242 116.817 136.554 63.965 136.554
64.986 38.092 118.023 38.092 118.023 137.804 64.986 137.804
64.264 36.877 117.412 36.877 117.412 136.776 64.264 136.776
65.696 37.279 118.944 37.279 118.944 137.183 65.696 137.183
64.872 38.168 118.568 38.168 118.568 137.959 64.872 137.959
65.290 39.218 119.504 39.218 119.504 138.901 65.290 138.901
65.953 40.010 120.335 40.010 120.335 139.627 65.953 139.627
65.481 39.969 119.819 39.969 119.819 140.086 65.481 140.086
66.248 41.599 121.009 41.599 121.009 141.735 66.248 141.735
67.531 42.470 122.380 42.470 122.380 142.481 67.531 142.481
67.451 41.729 122.307 41.729 122.307 141.809 67.451 141.809
67.820 41.700 122.394 41.700 122.394 142.377 67.820 142.377
67.680 42.503 122.439 42.503 122.439 143.161 67.680 143.161
67.639 43.248 122.710 43.248 122.710 143.696 67.639 143.696
69.318 44.961 124.623 44.961 124.623 145.291 69.318 145.291
68.963 44.478 124.089 44.478 124.089 144.903 68.963 144.903
69.829 47.277 125.195 47.277 125.195 147.353 69.829 147.353
70.733 47.497 126.049 47.497 126.049 147.636 70.733 147.636
69.964 46.770 125.605 46.770 125.605 146.599 69.964 146.599
70.963 47.710 126.640 47.710 126.640 147.861 70.963 147.861
71.883 48.336 127.759 48.336 127.759 148.517 71.883 148.517
72.927 48.628 128.911 48.628 128.911 148.819 72.927 148.819
72.819 49.186 128.991 49.186 128.991 149.363 72.819 149.363
73.176 51.012 129.638 51.012 129.638 151.103 73.176 151.103
75.033 50.989 131.230 50.989 131.230 151.162 75.033 151.162
76.649 54.847 132.557 54.847 132.557 155.127 76.649 155.127
75.307 53.026 131.223 53.026 131.223 153.870 75.307 153.870
77.515 56.330 133.553 56.330 133.553 157.270 77.515 157.270
78.087 55.249 134.485 55.249 134.485 156.284 78.087 156.284
77.964 56.573 134.362 56.573 134.362 158.049 77.964 158.049
78.692 57.588 134.982 57.588 134.982 159.589 78.692 159.589
79.637 57.327 135.811 57.327 135.811 159.999 79.637 159.999
80.611 58.089 136.866 58.089 136.866 161.042 80.611 161.042
80.170 56.282 136.611 56.282 136.611 159.464 80.170 159.464
81.557 57.183 138.046 57.183 138.046 160.387 81.557 160.387
82.038 56.883 138.472 56.883 138.472 160.282 82.038 160.282
82.040 57.580 138.479 57.580 138.479 161.112 82.040 161.112
83.762 57.029 140.030 57.029 140.030 160.942 83.762 160.942
83.017 57.884 139.511 57.884 139.511 162.206 83.017 162.206
83.201 58.731 139.863 58.731 139.863 163.218 83.201 163.218
83.660 58.984 140.467 58.984 140.467 163.452 83.660 163.452
84.900 59.764 141.707 59.764 141.707 164.691 84.900 164.691
85.023 60.843 142.114 60.843 142.114 165.889 85.023 165.889
86.170 61.236 143.376 61.236 143.376 166.494 86.170 166.494
86.555 62.816 143.931 62.816 143.931 168.091 86.555 168.091
86.608 62.256 143.959 62.256 143.959 167.650 86.608 167.650
86.883 62.999 144.553 62.999 144.553 168.246 86.883 168.246
87.229 63.688 145.020 63.688 145.020 168.684 87.229 168.684
88.157 64.451 146.324 64.451 146.324 169.486 88.157 169.486
87.019 65.646 145.426 65.646 145.426 170.547 87.019 170.547
87.973 65.545 146.626 65.545 146.626 170.117 87.973 170.117
88.804 66.636 147.209 66.636 147.209 171.225 88.804 171.225
90.211 67.158 148.437 67.158 148.437 172.168 90.211 172.168
90.404 68.139 149.091 68.139 149.091 172.819 90.404 172.819
91.254 69.311 150.140 69.311 150.140 173.300 91.254 173.300
90.677 70.904 149.725 70.904 149.725 174.375 90.677 174.375
92.868 69.432 152.167 69.432 152.167 172.209 92.868 172.209
93.197 72.863 152.421 72.863 152.421 176.214 93.197 176.214
93.647 71.597 152.768 71.597 152.768 175.706 93.647 175.706
94.495 71.861 153.765 71.861 153.765 175.957 94.495 175.957
95.427 72.707 154.805 72.707 154.805 177.117 95.427 177.117
96.206 74.088 155.806 74.088 155.806 178.674 96.206 178.674
96.341 75.337 156.106 75.337 156.106 180.228 96.341 180.228
97.389 77.050 157.475 77.050 157.475 181.934 97.389 181.934
96.642 79.040 157.179 79.040 157.179 184.055 96.642 184.055
96.414 78.664 157.315 78.664 157.315 184.085 96.414 184.085
96.358 77.863 157.683 77.863 157.683 183.652 96.358 183.652
97.534 79.471 159.001 79.471 159.001 185.586 97.534 185.586
98.826 80.306 160.409 80.306 160.409 187.142 98.826 187.142
99.104 80.238 160.508 80.238 160.508 187.855 99.104 187.855
100.543 82.182 161.859 82.182 161.859 190.370 100.543 190.370
101.553 81.225 162.657 81.225 162.657 190.290 101.553 190.290
101.644 80.112 162.562 80.112 162.562 189.923 101.644 189.923
101.343 82.674 162.361 82.674 162.361 192.927 101.343 192.927
101.613 80.557 162.706 80.557 162.706 191.068 101.613 191.068
101.842 83.833 163.382 83.833 163.382 194.527 101.842 194.527
102.009 82.912 163.866 82.912 163.866 193.832 102.009 193.832
102.593 83.583 164.342 83.583 164.342 195.020 102.593 195.020
101.820 84.739 163.577 84.739 163.577 196.987 101.820 196.987
102.088 83.840 164.091 83.840 164.091 196.366 102.088 196.366
101.286 83.433 163.143 83.433 163.143 196.603 101.286 196.603
101.752 83.744 163.575 83.744 163.575 197.723 101.752 197.723
101.886 86.486 164.172 86.486 164.172 200.580 101.886 200.580
101.658 70.395 163.284 70.395 163.284 185.895 101.658 185.895
101.098 60.114 162.779 60.114 162.779 176.795 101.098 176.795
99.937 56.808 161.787 56.808 161.787 172.921 99.937 172.921
99.396 56.862 161.394 56.862 161.394 172.865 99.396 172.865
98.722 57.214 160.880 57.214 160.880 173.599 98.722 173.599
98.408 59.564 160.673 59.564 160.673 175.795 98.408 175.795
99.294 61.546 161.506 61.546 161.506 177.303 99.294 177.303
98.914 60.924 161.154 60.924 161.154 176.008 98.914 176.008
99.007 63.092 161.118 63.092 161.118 177.910 99.007 177.910
99.198 61.965 160.952 61.965 160.952 176.423 99.198 176.423
99.239 63.519 160.665 63.519 160.665 178.139 99.239 178.139
99.091 66.240 160.034 66.240 160.034 180.889 99.091 180.889
101.177 62.524 161.849 62.524 161.849 177.019 101.177 177.019
100.591 69.159 161.192 69.159 161.192 184.138 100.591 184.138
101.101 65.530 161.638 65.530 161.638 180.477 101.101 180.477
102.970 67.802 163.556 67.802 163.556 182.693 102.970 182.693
103.999 66.375 164.302 66.375 164.302 181.481 103.999 181.481
103.560 70.217 163.778 70.217 163.778 185.655 103.560 185.655
105.022 66.094 165.173 66.094 165.173 181.581 105.022 181.581
105.559 71.835 165.943 71.835 165.943 187.501 105.559 187.501
105.831 69.936 166.269 69.936 166.269 186.100 105.831 186.100
106.694 70.113 166.873 70.113 166.873 186.577 106.694 186.577
107.021 73.327 167.320 73.327 167.320 190.147 107.021 190.147
107.971 71.060 168.282 71.060 168.282 188.219 107.971 188.219
108.736 71.564 169.250 71.564 169.250 189.049 108.736 189.049
108.253 76.001 169.246 76.001 169.246 194.248 108.253 194.248
108.792 74.162 170.060 74.162 170.060 192.694 108.792 192.694
108.265 76.899 169.957 76.899 169.957 195.402 108.265 195.402
109.608 75.136 171.393 75.136 171.393 193.657 109.608 193.657
108.777 78.209 170.798 78.209 170.798 197.027 108.777 197.027
110.092 76.905 171.930 76.905 171.930 195.646 110.092 195.646
110.129 77.238 171.938 77.238 171.938 196.296 110.129 196.296
110.577 77.168 172.318 77.168 172.318 196.345 110.577 196.345
111.246 78.035 172.798 78.035 172.798 197.276 111.246 197.276
111.167 78.815 172.958 78.815 172.958 197.938 111.167 197.938
111.735 79.548 173.685 79.548 173.685 198.340 111.735 198.340
112.375 79.994 174.505 79.994 174.505 198.400 112.375 198.400
112.946 86.070 175.573 86.070 175.573 204.214 112.946 204.214
113.239 83.356 175.968 83.356 175.968 201.373 113.239 201.373
113.861 82.857 176.440 82.857 176.440 200.896 113.861 200.896
113.238 83.891 175.635 83.891 175.635 202.506 113.238 202.506
113.628 85.048 175.987 85.048 175.987 203.636 113.628 203.636
113.763 84.469 175.934 84.469 175.934 203.191 113.763 203.191
113.550 84.981 176.045 84.981 176.045 203.600 113.550 203.600
113.052 83.539 175.498 83.539 175.498 202.551 113.052 202.551
113.475 84.621 175.599 84.621 175.599 203.846 113.475 203.846
113.514 83.866 175.422 83.866 175.422 203.202 113.514 203.202
113.819 84.476 175.667 84.476 175.667 203.228 113.819 203.228
113.791 87.013 175.621 87.013 175.621 205.187 113.791 205.187
113.077 87.682 174.684 87.682 174.684 205.777 113.077 205.777
112.352 91.696 174.523 91.696 174.523 208.413 112.352 208.413
112.750 89.938 174.804 89.938 174.804 206.106 112.750 206.106
111.417 93.459 174.007 93.459 174.007 208.013 111.417 208.013
111.829 94.247 174.972 94.247 174.972 207.322 111.829 207.322
111.404 95.966 174.569 95.966 174.569 207.663 111.404 207.663
111.646 96.426 175.211 96.426 175.211 206.589 111.646 206.589
111.294 97.451 175.221 97.451 175.221 206.500 111.294 206.500
110.887 99.448 175.205 99.448 175.205 207.275 110.887 207.275
111.050 101.241 175.811 101.241 175.811 208.161 111.050 208.161
111.023 102.023 175.882 102.023 175.882 208.460 111.023 208.460
111.024 102.317 176.239 102.317 176.239 208.079 111.024 208.079
111.245 102.131 176.394 102.131 176.394 207.187 111.245 207.187
111.676 102.536 176.972 102.536 176.972 207.003 111.676 207.003
111.813 101.826 177.086 101.826 177.086 206.131 111.813 206.131
112.365 103.125 177.255 103.125 177.255 207.347 112.365 207.347
112.536 104.273 177.149 104.273 177.149 208.307 112.536 208.307
112.509 103.801 176.915 103.801 176.915 207.535 112.509 207.535
112.889 110.622 177.495 110.622 177.495 214.291 112.889 214.291
113.369 108.387 178.096 108.387 178.096 211.940 113.369 211.940
115.095 113.892 179.940 113.892 179.940 218.041 115.095 218.041
115.271 117.571 179.743 117.571 179.743 223.520 115.271 223.520
115.447 122.647 179.991 122.647 179.991 230.332 115.447 230.332
116.728 122.442 181.569 122.442 181.569 231.087 116.728 231.087
116.846 123.255 181.701 123.255 181.701 233.212 116.846 233.212
117.105 124.575 182.124 124.575 182.124 235.335 117.105 235.335
116.862 126.120 182.483 126.120 182.483 237.667 116.862 237.667
117.765 129.346 184.007 129.346 184.007 241.768 117.765 241.768
118.157 131.356 185.290 131.356 185.290 245.287 118.157 245.287
118.853 134.022 185.884 134.022 185.884 250.119 118.853 250.119
119.469 135.419 187.374 135.419 187.374 252.923 119.469 252.923
119.759 135.868 188.380 135.868 188.380 254.892 119.759 254.892
119.963 136.734 189.181 136.734 189.181 257.001 119.963 257.001
120.955 136.090 191.143 136.090 191.143 257.492 120.955 257.492
120.787 136.258 191.744 136.258 191.744 259.436 120.787 259.436
120.284 136.064 192.058 136.064 192.058 260.772 120.284 260.772
119.857 137.351 192.623 137.351 192.623 262.318 119.857 262.318
120.207 140.295 193.515 140.295 193.515 266.177 120.207 266.177
119.719 140.715 193.375 140.715 193.375 268.168 119.719 268.168
121.111 142.058 195.146 142.058 195.146 270.149 121.111 270.149
121.479 143.836 196.171 143.836 196.171 272.634 121.479 272.634
122.033 143.300 197.145 143.300 197.145 272.519 122.033 272.519
122.134 143.494 197.996 143.494 197.996 273.069 122.134 273.069
124.071 145.586 200.344 145.586 200.344 275.310 124.071 275.310
124.628 150.309 201.478 150.309 201.478 279.739 124.628 279.739
126.013 154.214 202.317 154.214 202.317 284.192 126.013 284.192
127.584 156.728 203.776 156.728 203.776 286.826 127.584 286.826
128.937 157.678 204.553 157.678 204.553 288.393 128.937 288.393
130.517 158.488 205.483 158.488 205.483 290.306 130.517 290.306
132.729 161.541 207.250 161.541 207.250 293.908 132.729 293.908
134.367 163.468 208.370 163.468 208.370 296.531 134.367 296.531
135.660 167.658 209.965 167.658 209.965 301.014 135.660 301.014
136.512 164.298 210.187 164.298 210.187 299.427 136.512 299.427
136.277 167.146 210.022 167.146 210.022 302.465 136.277 302.465
138.925 169.994 211.993 169.994 211.993 307.087 138.925 307.087
139.333 168.846 211.557 168.846 211.557 308.018 139.333 308.018
141.425 169.413 213.261 169.413 213.261 310.277 141.425 310.277
143.371 170.512 215.068 170.512 215.068 312.657 143.371 312.657
145.272 171.590 216.221 171.590 216.221 314.814 145.272 314.814
145.358 172.837 215.695 172.837 215.695 316.812 145.358 316.812
145.889 175.520 216.287 175.520 216.287 319.604 145.889 319.604
146.997 175.131 217.741 175.131 217.741 319.441 146.997 319.441
148.283 176.894 218.808 176.894 218.808 321.829 148.283 321.829
148.826 176.321 219.755 176.321 219.755 321.383 148.826 321.383
147.483 178.376 218.758 178.376 218.758 323.710 147.483 323.710
149.881 178.865 220.681 178.865 220.681 325.757 149.881 325.757
148.703 178.250 220.210 178.250 220.210 325.332 148.703 325.332
150.228 182.135 221.730 182.135 221.730 329.888 150.228 329.888
149.554 178.891 221.843 178.891 221.843 326.563 149.554 326.563
150.911 181.044 223.318 181.044 223.318 329.597 150.911 329.597
149.515 184.297 222.868 184.297 222.868 332.806 149.515 332.806
151.038 182.675 224.468 182.675 224.468 331.571 151.038 331.571
149.948 186.818 223.722 186.818 223.722 336.106 149.948 336.106
151.465 177.494 225.104 177.494 225.104 327.954 151.465 327.954
150.428 173.609 224.451 173.609 224.451 324.039 150.428 324.039
151.276 164.223 225.310 164.223 225.310 314.583 151.276 314.583
151.903 154.150 225.690 154.150 225.690 305.707 151.903 305.707
151.429 150.146 225.719 150.146 225.719 301.424 151.429 301.424
151.869 142.226 226.488 142.226 226.488 293.699 151.869 293.699
151.465 135.872 226.827 135.872 226.827 287.853 151.465 287.853
150.207 127.625 225.399 127.625 225.399 280.068 150.207 280.068
151.509 121.957 227.510 121.957 227.510 273.998 151.509 273.998
150.747 122.709 227.599 122.709 227.599 273.860 150.747 273.860
150.444 126.153 228.365 126.153 228.365 276.736 150.444 276.736
150.817 124.890 229.262 124.890 229.262 275.010 150.817 275.010
149.631 128.002 228.758 128.002 228.758 277.578 149.631 277.578
150.111 127.192 229.594 127.192 229.594 276.408 150.111 276.408
150.149 129.326 230.021 129.326 230.021 278.495 150.149 278.495
149.655 131.568 230.183 131.568 230.183 280.612 149.655 280.612
150.093 133.463 231.001 133.463 231.001 283.113 150.093 283.113
151.320 133.152 232.315 133.152 232.315 283.461 151.320 283.461
151.411 134.233 232.666 134.233 232.666 285.159 151.411 285.159
152.643 135.219 234.305 135.219 234.305 286.583 152.643 286.583
152.793 136.766 234.400 136.766 234.400 289.333 152.793 289.333
153.345 128.480 233.880 128.480 233.880 283.080 153.345 283.080
155.812 122.215 236.265 122.215 236.265 278.348 155.812 278.348
156.232 115.083 236.235 115.083 236.235 272.867 156.232 272.867
156.329 103.910 236.220 103.910 236.220 263.343 156.329 263.343
155.957 100.427 236.446 100.427 236.446 260.742 155.957 260.742
156.046 93.829 236.628 93.829 236.628 255.217 156.046 255.217
157.735 88.975 238.264 88.975 238.264 251.534 157.735 251.534
157.162 81.839 238.076 81.839 238.076 245.053 157.162 245.053
158.385 79.791 239.017 79.791 239.017 243.398 158.385 243.398
158.501 78.176 238.692 78.176 238.692 242.599 158.501 242.599
159.240 81.802 239.664 81.802 239.664 247.954 159.240 247.954
160.202 82.082 241.243 82.082 241.243 248.570 160.202 248.570
161.121 86.209 242.681 86.209 242.681 253.274 161.121 253.274
162.824 85.488 244.514 85.488 244.514 253.320 162.824 253.320
164.918 88.067 246.746 88.067 246.746 256.493 164.918 256.493
164.797 88.471 246.751 88.471 246.751 257.537 164.797 257.537
165.936 89.678 247.951 89.678 247.951 259.527 165.936 259.527
167.470 92.265 250.055 92.265 250.055 261.852 167.470 261.852
167.201 92.351 249.846 92.351 249.846 262.413 167.201 262.413
168.517 93.094 250.919 93.094 250.919 263.564 168.517 263.564
170.909 94.316 252.921 94.316 252.921 265.543 170.909 265.543
170.554 92.825 252.620 92.825 252.620 264.270 170.554 264.270
174.159 95.774 255.954 95.774 255.954 267.418 174.159 267.418
173.800 98.777 256.022 98.777 256.022 269.949 173.800 269.949
175.559 98.546 258.276 98.546 258.276 269.180 175.559 269.180
177.151 104.197 259.705 104.197 259.705 274.651 177.151 274.651
176.822 104.171 261.131 104.171 261.131 271.918 176.822 271.918
177.820 110.796 263.666 110.796 263.666 276.585 177.820 276.585
179.166 111.117 265.884 111.117 265.884 275.804 179.166 275.804
178.912 115.959 266.486 115.959 266.486 279.627 178.912 279.627
180.093 116.868 268.057 116.868 268.057 280.261 180.093 280.261
180.191 116.018 268.227 116.018 268.227 280.118 180.191 280.118
180.697 119.168 268.736 119.168 268.736 284.116 180.697 284.116
181.640 120.740 270.292 120.740 270.292 286.399 181.640 286.399
181.860 118.949 270.276 118.949 270.276 286.024 181.860 286.024
183.762 120.294 271.976 120.294 271.976 289.230 183.762 289.230
184.811 120.044 272.226 120.044 272.226 291.207 184.811 291.207
185.457 119.800 272.250 119.800 272.250 292.657 185.457 292.657
184.640 120.962 271.570 120.962 271.570 295.258 184.640 295.258
184.072 121.347 271.705 121.347 271.705 296.053 184.072 296.053
184.500 121.949 273.161 121.949 273.161 297.113 184.500 297.113
184.397 120.879 273.761 120.879 273.761 296.983 184.397 296.983
184.215 121.827 274.770 121.827 274.770 299.473 184.215 299.473
184.140 124.745 276.331 124.745 276.331 302.986 184.140 302.986
185.063 126.126 278.352 126.126 278.352 305.367 185.063 305.367
185.113 130.024 279.607 130.024 279.607 309.991 185.113 309.991
187.141 132.997 282.007 132.997 282.007 313.622 187.141 313.622
187.819 129.573 282.113 129.573 282.113 312.194 187.819 312.194
187.536 129.342 282.394 129.342 282.394 313.335 187.536 313.335
189.327 129.461 284.286 129.461 284.286 314.621 189.327 314.621
190.754 129.940 286.276 129.940 286.276 315.697 190.754 315.697
192.017 128.832 287.767 128.832 287.767 315.982 192.017 315.982
192.416 127.077 288.895 127.077 288.895 316.046 192.416 316.046
194.234 131.803 290.805 131.803 290.805 320.811 194.234 320.811
195.126 124.565 290.903 124.565 290.903 318.933 195.126 318.933
194.319 117.859 290.798 117.859 290.798 313.637 194.319 313.637
195.070 117.104 290.214 117.104 290.214 315.879 195.070 315.879
195.683 107.409 290.983 107.409 290.983 306.678 195.683 306.678
197.106 98.919 291.868 98.919 291.868 300.489 197.106 300.489
199.050 103.575 293.148 103.575 293.148 305.849 199.050 305.849
200.653 98.615 294.824 98.615 294.824 301.508 200.653 301.508
201.061 97.081 295.717 97.081 295.717 300.166 201.061 300.166
201.447 103.063 296.254 103.063 296.254 306.764 201.447 306.764
201.733 106.783 295.672 106.783 295.672 311.668 201.733 311.668
203.039 117.167 297.070 117.167 297.070 322.098 203.039 322.098
204.391 116.854 298.935 116.854 298.935 321.682 204.391 321.682
205.060 114.235 299.732 114.235 299.732 319.924 205.060 319.924
206.892 117.094 302.205 117.094 302.205 323.399 206.892 323.399
196.292 113.724 291.408 113.724 291.408 320.320 196.292 320.320
210.926 119.430 305.475 119.430 305.475 328.107 210.926 328.107
210.601 118.487 305.496 118.487 305.496 328.528 210.601 328.528
208.609 126.908 303.507 126.908 303.507 337.568 208.609 337.568
210.982 126.135 306.693 126.135 306.693 337.373 210.982 337.373
199.572 124.301 296.137 124.301 296.137 334.650 199.572 334.650
204.086 124.843 301.561 124.843 301.561 335.850 204.086 335.850
207.513 117.214 305.814 117.214 305.814 329.269 207.513 329.269
208.021 108.391 306.702 108.391 306.702 321.986 208.021 321.986
208.396 105.196 308.604 105.196 308.604 319.089 208.396 319.089
208.506 98.094 308.892 98.094 308.892 313.721 208.506 313.721
208.847 90.753 309.849 90.753 309.849 306.408 208.847 306.408
209.444 86.350 311.473 86.350 311.473 301.482 209.444 301.482
211.498 73.578 315.442 73.578 315.442 286.957 211.498 286.957
209.717 68.584 313.988 68.584 313.988 281.471 209.717 281.471
211.134 61.456 315.454 61.456 315.454 274.184 211.134 274.184
211.690 56.642 315.722 56.642 315.722 269.393 211.690 269.393
212.728 55.022 317.345 55.022 317.345 267.285 212.728 267.285
211.943 50.383 316.606 50.383 316.606 262.633 211.943 262.633
212.502 44.523 317.908 44.523 317.908 255.197 212.502 255.197
211.576 40.619 317.667 40.619 317.667 250.346 211.576 250.346
211.944 36.161 318.294 36.161 318.294 244.914 211.944 244.914
213.686 31.158 319.856 31.158 319.856 239.727 213.686 239.727
215.230 24.683 320.840 24.683 320.840 234.239 215.230 234.239
216.097 16.605 321.165 16.605 321.165 227.102 216.097 227.102
216.048 11.974 322.169 11.974 322.169 222.036 216.048 222.036
216.427 5.274 323.092 5.274 323.092 215.242 216.427 215.242
216.583 -1.373 323.087 -1.373 323.087 207.630 216.583 207.630
217.806 -2.032 325.531 -2.032 325.531 205.385 217.806 205.385
217.556 3.434 326.945 3.434 326.945 208.471 217.556 208.471
220.107 7.727 331.015 7.727 331.015 211.183 220.107 211.183
219.398 11.503 331.530 11.503 331.530 212.895 219.398 212.895
221.028 12.061 333.339 12.061 333.339 213.106 221.028 213.106
221.739 13.416 334.720 13.416 334.720 213.273 221.739 213.273
221.520 17.179 334.971 17.179 334.971 216.501 221.520 216.501
223.089 20.192 336.882 20.192 336.882 219.115 223.089 219.115
224.797 23.446 338.756 23.446 338.756 222.822 224.797 222.822
226.542 27.606 340.530 27.606 340.530 227.272 226.542 227.272
228.404 27.901 342.268 27.901 342.268 227.795 228.404 227.795
230.143 33.922 344.327 33.922 344.327 234.465 230.143 234.465
230.140 34.808 344.010 34.808 344.010 235.995 230.140 235.995
231.659 36.541 345.709 36.541 345.709 238.651 231.659 238.651
233.444 39.429 347.314 39.429 347.314 242.116 233.444 242.116
235.602 43.360 349.076 43.360 349.076 247.271 235.602 247.271
237.300 44.662 351.559 44.662 351.559 248.157 237.300 248.157
238.715 50.384 352.942 50.384 352.942 255.259 238.715 255.259
240.791 52.068 354.533 52.068 354.533 257.889 240.791 257.889
243.693 56.164 357.256 56.164 357.256 263.095 243.693 263.095
245.516 57.557 359.698 57.557 359.698 265.300 245.516 265.300
247.619 59.442 362.366 59.442 362.366 267.333 247.619 267.333
247.911 59.798 362.867 59.798 362.867 268.316 247.911 268.316
249.267 64.376 364.298 64.376 364.298 274.275 249.267 274.275
251.043 64.282 365.823 64.282 365.823 276.141 251.043 276.141
252.608 61.477 366.767 61.477 366.767 275.760 252.608 275.760
255.431 50.245 370.063 50.245 370.063 266.002 255.431 266.002
257.457 49.293 371.824 49.293 371.824 267.288 257.457 267.288
257.791 37.644 372.612 37.644 372.612 258.044 257.791 258.044
261.821 29.204 378.124 29.204 378.124 249.820 261.821 249.820
262.010 32.270 378.071 32.270 378.071 255.055 262.010 255.055
261.906 33.503 377.447 33.503 377.447 258.341 261.906 258.341
264.882 30.337 380.120 30.337 380.120 256.724 264.882 256.724
265.619 32.551 381.247 32.551 381.247 259.482 265.619 259.482
266.744 33.847 383.619 33.847 383.619 260.869 266.744 260.869
268.024 40.403 385.984 40.403 385.984 267.316 268.024 267.316
270.976 41.624 389.258 41.624 389.258 269.508 270.976 269.508
272.393 47.402 391.335 47.402 391.335 275.634 272.393 275.634
273.998 50.545 392.551 50.545 392.551 279.654 273.998 279.654
276.871 49.571 394.864 49.571 394.864 279.473 276.871 279.473
278.303 53.383 396.926 53.383 396.926 282.981 278.303 282.981
280.193 55.274 399.167 55.274 399.167 285.003 280.193 285.003
283.333 61.334 402.668 61.334 402.668 291.399 283.333 291.399
278.872 58.455 398.930 58.455 398.930 288.272 278.872 288.272
271.518 66.226 392.757 66.226 392.757 295.945 271.518 295.945
264.175 64.197 386.652 64.197 386.652 294.046 264.175 294.046
253.732 68.523 378.175 68.523 378.175 298.608 253.732 298.608
244.545 71.406 371.010 71.406 371.010 302.479 244.545 302.479
234.316 74.305 361.684 74.305 361.684 306.197 234.316 306.197
225.512 77.650 354.431 77.650 354.431 310.944 225.512 310.944
213.934 82.436 343.533 82.436 343.533 318.130 213.934 318.130
205.326 87.977 335.574 87.977 335.574 325.263 205.326 325.263
194.976 88.779 325.887 88.779 325.887 326.922 194.976 326.922
184.702 86.937 315.746 86.937 315.746 327.291 184.702 327.291
164.044 93.512 296.565 93.512 296.565 333.836 164.044 333.836
157.960 96.566 291.740 96.566 291.740 338.194 157.960 338.194
148.688 101.651 284.570 101.651 284.570 343.916 148.688 343.916
139.872 105.271 276.453 105.271 276.453 349.738 139.872 349.738
131.317 108.976 268.249 108.976 268.249 354.375 131.317 354.375
122.746 119.184 258.675 119.184 258.675 366.842 122.746 366.842
120.136 120.228 256.876 120.228 256.876 367.251 120.136 367.251
120.767 121.500 256.701 121.500 256.701 369.441 120.767 369.441
122.104 129.610 258.400 129.610 258.400 376.020 122.104 376.020
124.421 132.527 260.506 132.527 260.506 378.236 124.421 378.236
126.456 135.921 262.818 135.921 262.818 381.153 126.456 381.153
128.154 141.165 264.460 141.165 264.460 386.267 128.154 386.267
130.179 146.701 266.171 146.701 266.171 392.296 130.179 392.296
132.380 151.462 268.225 151.462 268.225 396.118 132.380 396.118
134.499 153.852 269.999 153.852 269.999 398.161 134.499 398.161
137.704 150.267 272.504 150.267 272.504 394.273 137.704 394.273
