541.000 165.000 606.000 165.000 606.000 373.000 541.000 373.000
542.602 165.742 608.108 165.742 608.108 374.138 542.602 374.138
540.970 165.467 606.110 165.467 606.110 373.343 540.970 373.343
538.218 169.277 603.134 169.277 603.134 376.992 538.218 376.992
536.232 159.837 601.401 159.837 601.401 366.567 536.232 366.567
534.468 152.033 599.483 152.033 599.483 358.315 534.468 358.315
531.844 148.342 596.476 148.342 596.476 354.491 531.844 354.491
529.660 147.599 593.946 147.599 593.946 353.497 529.660 353.497
527.116 149.790 591.049 149.790 591.049 356.174 527.116 356.174
527.971 145.093 591.527 145.093 591.527 350.590 527.971 350.590
524.321 141.286 587.250 141.286 587.250 347.132 524.321 347.132
523.054 133.491 586.099 133.491 586.099 337.828 523.054 337.828
518.759 126.279 581.951 126.279 581.951 329.368 518.759 329.368
516.127 130.202 579.228 130.202 579.228 330.837 516.127 330.837
512.444 128.151 575.596 128.151 575.596 327.351 512.444 327.351
508.030 132.925 571.083 132.925 571.083 330.145 508.030 330.145
501.692 123.365 564.804 123.365 564.804 319.754 501.692 319.754
493.053 115.253 556.144 115.253 556.144 309.228 493.053 309.228
486.857 109.737 549.136 109.737 549.136 301.814 486.857 301.814
482.175 112.882 543.539 112.882 543.539 303.755 482.175 303.755
478.278 111.431 538.531 111.431 538.531 301.081 478.278 301.081
475.806 112.742 535.536 112.742 535.536 300.334 475.806 300.334
471.954 106.893 530.903 106.893 530.903 293.698 471.954 293.698
467.955 107.875 526.462 107.875 526.462 293.818 467.955 293.818
461.332 99.881 519.647 99.881 519.647 284.168 461.332 284.168
455.498 95.328 513.064 95.328 513.064 277.682 455.498 277.682
449.358 95.069 506.205 95.069 506.205 275.007 449.358 275.007
442.233 98.214 498.893 98.214 498.893 275.137 442.233 275.137
434.480 97.720 491.237 97.720 491.237 272.124 434.480 272.124
425.641 98.005 483.080 98.005 483.080 269.766 425.641 269.766
417.302 92.114 474.939 92.114 474.939 262.533 417.302 262.533
410.648 86.401 467.941 86.401 467.941 255.043 410.648 255.043
402.233 83.957 459.143 83.957 459.143 250.552 402.233 250.552
393.717 84.746 450.668 84.746 450.668 249.907 393.717 249.907
385.776 84.539 442.484 84.539 442.484 249.454 385.776 249.454
380.487 80.950 436.830 80.950 436.830 244.460 380.487 244.460
375.301 79.950 430.989 79.950 430.989 242.724 375.301 242.724
370.373 73.175 425.511 73.175 425.511 235.096 370.373 235.096
365.330 69.862 419.976 69.862 419.976 229.665 365.330 229.665
360.828 71.055 415.151 71.055 415.151 228.707 360.828 228.707
355.989 72.057 409.642 72.057 409.642 227.905 355.989 227.905
352.065 74.756 405.322 74.756 405.322 228.652 352.065 228.652
347.069 77.295 399.735 77.295 399.735 230.095 347.069 230.095
339.973 72.366 392.693 72.366 392.693 224.215 339.973 224.215
333.802 68.279 385.871 68.279 385.871 219.765 333.802 219.765
329.414 63.665 381.195 63.665 381.195 213.857 329.414 213.857
324.567 62.908 376.362 62.908 376.362 210.668 324.567 210.668
318.861 62.207 371.136 62.207 371.136 206.979 318.861 206.979
314.777 64.988 367.421 64.988 367.421 207.751 314.777 207.751
311.141 64.526 363.588 64.526 363.588 206.304 311.141 206.304
305.760 62.172 358.389 62.172 358.389 203.001 305.760 203.001
300.203 60.185 352.815 60.185 352.815 201.017 300.203 201.017
293.574 55.533 346.070 55.533 346.070 196.147 293.574 196.147
287.063 55.331 339.472 55.331 339.472 195.314 287.063 195.314
281.272 54.100 333.206 54.100 333.206 193.456 281.272 193.456
275.841 53.744 327.425 53.744 327.425 192.473 275.841 192.473
269.816 56.140 321.257 56.140 321.257 194.022 269.816 194.022
263.431 55.972 314.537 55.972 314.537 193.528 263.431 193.528
257.750 53.796 308.209 53.796 308.209 191.448 257.750 191.448
251.602 52.104 301.521 52.104 301.521 189.797 251.602 189.797
248.087 49.684 297.706 49.684 297.706 187.128 248.087 187.128
242.951 46.805 292.589 46.805 292.589 183.050 242.951 183.050
238.731 45.277 288.067 45.277 288.067 181.289 238.731 181.289
235.096 45.046 284.215 45.046 284.215 180.651 235.096 180.651
235.134 44.360 283.935 44.360 283.935 179.720 235.134 179.720
279.538 33.139 328.741 33.139 328.741 167.727 279.538 167.727
232.877 36.570 282.093 36.570 282.093 170.358 232.877 170.358
231.296 40.006 280.748 40.006 280.748 172.798 231.296 172.798
218.131 21.528 268.889 21.528 268.889 152.082 218.131 152.082
189.386 27.188 239.431 27.188 239.431 157.460 189.386 157.460
189.532 17.492 238.904 17.492 238.904 147.998 189.532 147.998
181.230 23.090 230.346 23.090 230.346 152.761 181.230 152.761
172.260 11.476 221.442 11.476 221.442 140.702 172.260 140.702
161.535 0.542 210.862 0.542 210.862 129.687 161.535 129.687
152.586 7.754 201.979 7.754 201.979 135.895 152.586 135.895
150.911 4.620 200.259 4.620 200.259 132.264 150.911 132.264
142.004 2.893 191.391 2.893 191.391 130.087 142.004 130.087
134.853 0.436 184.237 0.436 184.237 127.122 134.853 127.122
133.184 -1.595 182.396 -1.595 182.396 124.584 133.184 124.584
124.019 7.930 173.148 7.930 173.148 132.860 124.019 132.860
123.033 5.638 172.084 5.638 172.084 130.178 123.033 130.178
122.237 0.505 171.208 0.505 171.208 124.773 122.237 124.773
121.521 -5.527 170.480 -5.527 170.480 118.453 121.521 118.453
121.421 -1.074 170.266 -1.074 170.266 122.515 121.421 122.515
121.486 -3.599 170.284 -3.599 170.284 119.805 121.486 119.805
121.499 -8.573 170.223 -8.573 170.223 114.693 121.499 114.693
121.800 -4.013 170.538 -4.013 170.538 118.948 121.800 118.948
122.296 -7.919 171.016 -7.919 171.016 114.868 122.296 114.868
122.660 -11.728 171.376 -11.728 171.376 111.018 122.660 111.018
122.893 -15.430 171.606 -15.430 171.606 107.297 122.893 107.297
123.782 -19.757 172.492 -19.757 172.492 102.953 123.782 102.953
124.671 -23.369 173.380 -23.369 173.380 99.337 124.671 99.337
125.695 -25.462 174.406 -25.462 174.406 97.238 125.695 97.238
126.250 -27.356 174.962 -27.356 174.962 95.342 126.250 95.342
