195.000 153.000 284.000 153.000 284.000 281.000 195.000 281.000
197.807 152.719 287.880 152.719 287.880 279.656 197.807 279.656
191.550 157.956 282.163 157.956 282.163 283.750 191.550 283.750
191.017 161.372 282.685 161.372 282.685 284.760 191.017 284.760
187.913 164.081 280.238 164.081 280.238 285.000 187.913 285.000
185.402 166.363 278.616 166.363 278.616 284.610 185.402 284.610
182.602 168.781 276.215 168.781 276.215 284.925 182.602 284.925
182.972 170.921 277.029 170.921 277.029 285.099 182.972 285.099
184.202 171.033 275.797 171.033 275.797 286.799 184.202 286.799
161.147 168.302 249.753 168.302 249.753 286.634 161.147 286.634
164.536 167.913 250.184 167.913 250.184 288.842 164.536 288.842
180.862 171.015 263.950 171.015 263.950 293.537 180.862 293.537
183.668 176.185 265.123 176.185 265.123 299.367 183.668 299.367
185.543 178.514 265.671 178.514 265.671 302.158 185.543 302.158
187.854 182.245 266.736 182.245 266.736 306.100 187.854 306.100
178.531 183.625 255.975 183.625 255.975 308.421 178.531 308.421
180.682 190.181 256.693 190.181 256.693 315.906 180.682 315.906
183.224 189.225 258.972 189.225 258.972 314.831 183.224 314.831
186.572 187.704 261.888 187.704 261.888 313.184 186.572 313.184
190.141 187.313 264.855 187.313 264.855 312.666 190.141 312.666
192.236 186.039 266.752 186.039 266.752 311.233 192.236 311.233
193.155 185.976 267.529 185.976 267.529 311.025 193.155 311.025
194.427 186.410 268.446 186.410 268.446 311.805 194.427 311.805
195.550 189.306 269.296 189.306 269.296 315.707 195.550 315.707
195.782 185.694 269.601 185.694 269.601 313.027 195.782 313.027
196.519 186.587 269.825 186.587 269.825 315.628 196.519 315.628
199.292 189.118 272.122 189.118 272.122 319.336 199.292 319.336
202.858 187.799 274.487 187.799 274.487 320.778 202.858 320.778
206.582 187.998 277.722 187.998 277.722 322.891 206.582 322.891
209.813 191.206 279.893 191.206 279.893 328.492 209.813 328.492
213.129 196.398 282.626 196.398 282.626 334.710 213.129 334.710
217.044 204.159 285.654 204.159 285.654 343.936 217.044 343.936
220.193 207.158 288.212 207.158 288.212 348.231 220.193 348.231
221.707 211.894 289.382 211.894 289.382 353.645 221.707 353.645
223.287 209.927 290.435 209.927 290.435 352.891 223.287 352.891
225.160 212.170 291.562 212.170 291.562 356.645 225.160 356.645
227.796 211.870 293.156 211.870 293.156 358.355 227.796 358.355
226.957 215.529 291.456 215.529 291.456 363.873 226.957 363.873
226.899 216.262 290.842 216.262 290.842 366.070 226.899 366.070
226.691 220.269 290.528 220.269 290.528 370.883 226.691 370.883
226.725 223.902 290.471 223.902 290.471 375.264 226.725 375.264
227.843 225.783 291.742 225.783 291.742 377.951 227.843 377.951
227.809 228.229 292.026 228.229 292.026 381.084 227.809 381.084
227.194 230.721 291.790 230.721 291.790 383.799 227.194 383.799
226.517 231.650 291.476 231.650 291.476 384.941 226.517 384.941
226.606 232.972 291.242 232.972 291.242 387.568 226.606 387.568
227.467 233.040 291.724 233.040 291.724 389.146 227.467 389.146
226.194 236.299 290.609 236.299 290.609 392.997 226.194 392.997
226.383 240.668 290.848 240.668 290.848 398.677 226.383 398.677
224.235 245.010 288.645 245.010 288.645 403.502 224.235 403.502
225.216 246.978 290.010 246.978 290.010 405.163 225.216 405.163
222.467 250.943 287.090 250.943 287.090 408.859 222.467 408.859
221.232 252.293 286.095 252.293 286.095 409.483 221.232 409.483
221.614 252.513 286.311 252.513 286.311 409.651 221.614 409.651
221.738 253.415 286.145 253.415 286.145 410.903 221.738 410.903
220.011 253.769 284.390 253.769 284.390 411.444 220.011 411.444
216.442 253.064 280.988 253.064 280.988 411.155 216.442 411.155
212.845 257.952 277.362 257.952 277.362 416.614 212.845 416.614
211.548 259.761 276.224 259.761 276.224 419.224 211.548 419.224
210.362 265.016 274.864 265.016 274.864 425.423 210.362 425.423
208.975 267.657 273.538 267.657 273.538 428.736 208.975 428.736
206.278 271.653 271.302 271.653 271.302 433.095 206.278 433.095
201.383 273.543 266.754 273.543 266.754 435.457 201.383 435.457
198.837 274.558 264.149 274.558 264.149 437.114 198.837 437.114
194.899 275.523 260.670 275.523 260.670 438.346 194.899 438.346
190.349 275.610 256.187 275.610 256.187 438.153 190.349 438.153
188.382 275.842 254.508 275.842 254.508 438.052 188.382 438.052
184.282 275.634 250.475 275.634 250.475 437.582 184.282 437.582
179.752 275.580 246.368 275.580 246.368 437.298 179.752 437.298
176.236 276.293 242.744 276.293 242.744 438.984 176.236 438.984
170.813 280.186 237.259 280.186 237.259 443.878 170.813 443.878
164.703 282.824 231.083 282.824 231.083 447.136 164.703 447.136
159.117 279.058 225.044 279.058 225.044 444.604 159.117 444.604
156.272 279.018 221.307 279.018 221.307 445.785 156.272 445.785
152.603 285.370 217.793 285.370 217.793 451.890 152.603 451.890
148.379 290.665 214.532 290.665 214.532 455.095 148.379 455.095
145.501 285.568 211.552 285.568 211.552 449.748 145.501 449.748
141.894 292.629 208.357 292.629 208.357 456.089 141.894 456.089
139.350 291.622 205.868 291.622 205.868 454.968 139.350 454.968
136.424 291.798 203.004 291.798 203.004 454.995 136.424 454.995
107.756 288.630 175.122 288.630 175.122 451.056 107.756 451.056
107.982 286.014 175.616 286.014 175.616 448.155 107.982 448.155
107.197 297.803 174.985 297.803 174.985 459.769 107.197 459.769
107.545 308.793 175.773 308.793 175.773 470.148 107.545 470.148
106.093 306.181 174.430 306.181 174.430 467.397 106.093 467.397
105.072 287.692 173.558 287.692 173.558 448.772 105.072 448.772
103.509 285.495 172.067 285.495 172.067 446.530 103.509 446.530
101.227 281.292 169.864 281.292 169.864 442.267 101.227 442.267
98.906 277.794 167.582 277.794 167.582 438.711 98.906 438.711
97.823 275.998 166.611 275.998 166.611 436.762 97.823 436.762
97.478 273.792 166.304 273.792 166.304 434.500 97.478 434.500
97.540 283.157 166.510 283.157 166.510 443.875 97.540 443.875
96.741 281.048 165.777 281.048 165.777 441.697 96.741 441.697
95.562 275.410 164.708 275.410 164.708 436.035 95.562 436.035
109.348 274.955 178.524 274.955 178.524 435.600 109.348 435.600
107.675 274.771 176.901 274.771 176.901 435.331 107.675 435.331
93.452 283.148 162.781 283.148 162.781 443.628 93.452 443.628
93.959 277.585 163.306 277.585 163.306 438.061 93.959 438.061
93.539 274.265 163.008 274.265 163.008 434.622 93.539 434.622
93.397 282.559 162.941 282.559 162.941 442.912 93.397 442.912
93.792 276.558 163.394 276.558 163.394 436.905 93.792 436.905
106.520 274.473 176.177 274.473 176.177 434.737 106.520 434.737
105.180 271.312 174.862 271.312 174.862 431.521 105.180 431.521
102.924 269.335 172.619 269.335 172.619 429.509 102.924 429.509
101.812 279.556 171.594 279.556 171.594 439.653 101.812 439.653
100.819 274.773 170.638 274.773 170.638 434.833 100.819 434.833
98.959 272.442 168.839 272.442 168.839 432.374 98.959 432.374
98.495 282.265 168.419 282.265 168.419 442.192 98.495 442.192
99.323 278.418 169.278 278.418 169.278 438.341 99.323 438.341
99.474 277.502 169.452 277.502 169.452 437.372 99.474 437.372
99.349 275.926 169.355 275.926 169.355 435.741 99.349 435.741
112.734 275.016 182.784 275.016 182.784 434.601 112.734 434.601
111.598 276.536 181.666 276.536 181.666 435.895 111.598 435.895
110.664 277.535 180.740 277.535 180.740 436.817 110.664 436.817
109.776 277.216 179.651 277.216 179.651 436.723 109.776 436.723
108.141 278.178 178.016 278.178 178.016 437.656 108.141 437.656
106.444 276.580 176.368 276.580 176.368 435.908 106.444 435.908
105.416 273.110 175.348 273.110 175.348 432.457 105.416 432.457
104.903 270.163 174.916 270.163 174.916 429.514 104.903 429.514
104.349 278.531 174.454 278.531 174.454 438.362 104.349 438.362
104.047 276.095 174.262 276.095 174.262 435.965 104.047 435.965
104.529 273.814 174.627 273.814 174.627 434.104 104.529 434.104
103.745 271.926 173.524 271.926 173.524 432.674 103.745 432.674
103.128 281.209 173.160 281.209 173.160 442.117 103.128 442.117
104.164 273.951 174.335 273.951 174.335 435.051 104.164 435.051
104.610 269.249 174.782 269.249 174.782 430.449 104.610 430.449
116.645 266.597 186.311 266.597 186.311 428.488 116.645 428.488
116.115 262.348 184.654 262.348 184.654 425.645 116.115 425.645
115.596 258.949 183.321 258.949 183.321 423.358 115.596 423.358
114.849 269.770 181.892 269.770 181.892 435.367 114.849 435.367
113.465 267.381 180.310 267.381 180.310 433.374 113.465 433.374
112.371 278.247 179.547 278.247 179.547 443.888 112.371 443.888
109.684 272.589 177.573 272.589 177.573 437.498 109.684 437.498
109.224 253.485 176.526 253.485 176.526 419.199 109.224 419.199
108.766 248.059 175.744 248.059 175.744 414.479 108.766 414.479
108.691 243.791 175.495 243.791 175.495 410.510 108.691 410.510
109.786 240.943 176.402 240.943 176.402 407.906 109.786 407.906
122.543 248.761 188.863 248.761 188.863 416.240 122.543 416.240
120.851 242.372 187.016 242.372 187.016 409.875 120.851 409.875
120.938 239.183 187.020 239.183 187.020 406.522 120.938 406.522
133.717 247.708 199.722 247.708 199.722 414.808 133.717 414.808
134.493 240.599 200.520 240.599 200.520 407.646 134.493 407.646
147.513 248.287 213.431 248.287 213.431 415.401 147.513 415.401
147.456 242.658 213.379 242.658 213.379 409.676 147.456 409.676
132.981 184.679 201.864 184.679 201.864 347.696 132.981 347.696
127.509 176.567 203.072 176.567 203.072 331.856 127.509 331.856
129.726 175.220 206.351 175.220 206.351 328.912 129.726 328.912
141.956 162.095 219.586 162.095 219.586 314.252 141.956 314.252
141.970 163.510 220.378 163.510 220.378 314.440 141.970 314.440
140.595 172.296 224.139 172.296 224.139 317.316 140.595 317.316
142.363 173.506 225.244 173.506 225.244 318.466 142.363 318.466
140.037 178.444 224.914 178.444 224.914 320.881 140.037 320.881
139.838 176.717 224.594 176.717 224.594 319.217 139.838 319.217
197.008 230.704 276.987 230.704 276.987 379.067 197.008 379.067
198.176 228.732 275.880 228.732 275.880 380.138 198.176 380.138
200.809 226.611 276.024 226.611 276.024 380.940 200.809 380.940
212.779 232.057 286.353 232.057 286.353 387.352 212.779 387.352
214.246 228.919 287.745 228.919 287.745 384.401 214.246 384.401
227.419 237.654 300.129 237.654 300.129 394.060 227.419 394.060
242.489 221.539 315.359 221.539 315.359 377.924 242.489 377.924
244.056 218.678 316.526 218.678 316.526 376.173 244.056 376.173
244.661 213.477 316.570 213.477 316.570 372.452 244.661 372.452
244.088 221.363 315.283 221.363 315.283 382.022 244.088 382.022
258.714 214.014 329.843 214.014 329.843 375.165 258.714 375.165
331.752 209.982 404.572 209.982 404.572 369.067 331.752 369.067
331.581 213.536 404.971 213.536 404.971 371.537 331.581 371.537
331.203 208.602 405.868 208.602 405.868 364.244 331.203 364.244
332.197 213.033 407.211 213.033 407.211 367.680 332.197 367.680
331.722 215.289 406.713 215.289 406.713 369.763 331.722 369.763
330.311 212.491 406.296 212.491 406.296 365.459 330.311 365.459
330.111 216.499 405.916 216.499 405.916 369.464 330.111 369.464
341.186 217.987 416.570 217.987 416.570 371.193 341.186 371.193
338.490 219.595 413.333 219.595 413.333 373.266 338.490 373.266
336.353 212.668 411.313 212.668 411.313 366.209 336.353 366.209
447.908 309.437 522.077 309.437 522.077 464.280 447.908 464.280
447.599 294.980 520.552 294.980 520.552 453.962 447.599 453.962
444.448 291.782 516.077 291.782 516.077 454.306 444.448 454.306
442.968 279.445 513.840 279.445 513.840 445.650 442.968 445.650
442.559 267.884 512.722 267.884 512.722 438.223 442.559 438.223
440.994 264.188 510.772 264.188 510.772 437.597 440.994 437.597
440.714 251.349 510.566 251.349 510.566 427.489 440.714 427.489
438.014 251.531 507.911 251.531 507.911 429.763 438.014 429.763
437.464 240.254 507.382 240.254 507.382 420.951 437.464 420.951
436.197 237.545 506.308 237.545 506.308 419.450 436.197 419.450
434.554 232.821 504.854 232.821 504.854 416.106 434.554 416.106
433.565 227.175 504.335 227.175 504.335 411.029 433.565 411.029
433.692 223.891 504.800 223.891 504.800 408.418 433.692 408.418
432.757 219.107 504.357 219.107 504.357 403.658 432.757 403.658
432.201 217.303 504.442 217.303 504.442 401.716 432.201 401.716
431.785 211.913 504.825 211.913 504.825 396.021 431.785 396.021
432.774 207.855 506.115 207.855 506.115 391.328 432.774 391.328
432.772 201.027 506.283 201.027 506.283 384.129 432.772 384.129
432.981 199.557 506.456 199.557 506.456 382.143 432.981 382.143
432.309 197.668 505.644 197.668 505.644 379.971 432.309 379.971
431.618 194.567 504.928 194.567 504.928 376.349 431.618 376.349
430.884 191.002 504.445 191.002 504.445 371.853 430.884 371.853
429.517 187.548 503.224 187.548 503.224 367.581 429.517 367.581
428.416 184.071 501.992 184.071 501.992 363.097 428.416 363.097
427.371 184.653 501.072 184.653 501.072 362.300 427.371 362.300
426.718 181.714 500.528 181.714 500.528 357.606 426.718 357.606
425.804 179.674 499.170 179.674 499.170 354.496 425.804 354.496
424.181 179.746 496.910 179.746 496.910 352.987 424.181 352.987
421.382 179.989 493.693 179.989 493.693 351.312 421.382 351.312
420.859 178.391 492.574 178.391 492.574 348.452 420.859 348.452
417.379 177.650 488.450 177.650 488.450 346.076 417.379 346.076
415.052 179.050 485.413 179.050 485.413 345.601 415.052 345.601
404.514 168.400 474.899 168.400 474.899 334.001 404.514 334.001
403.110 175.460 473.324 175.460 473.324 339.272 403.110 339.272
391.673 176.537 462.851 176.537 462.851 338.009 391.673 338.009
345.695 191.884 418.867 191.884 418.867 351.740 345.695 351.740
342.941 206.060 417.957 206.060 417.957 363.377 342.941 363.377
341.873 203.643 418.965 203.643 418.965 359.016 341.873 359.016
342.174 201.954 421.233 201.954 421.233 355.640 342.174 355.640
343.264 204.506 423.865 204.506 423.865 356.901 343.264 356.901
341.474 205.699 422.798 205.699 422.798 357.139 341.474 357.139
340.520 205.666 421.749 205.666 421.749 357.413 340.520 357.413
338.462 209.436 419.479 209.436 419.479 361.633 338.462 361.633
336.815 209.840 417.221 209.840 417.221 362.535 336.815 362.535
334.466 209.621 414.249 209.621 414.249 362.440 334.466 362.440
330.191 211.007 409.211 211.007 409.211 364.294 330.191 364.294
326.339 210.570 404.723 210.570 404.723 364.601 326.339 364.601
323.177 208.741 401.256 208.741 401.256 363.368 323.177 363.368
318.728 208.310 396.433 208.310 396.433 363.600 318.728 363.600
302.974 209.354 380.867 209.354 380.867 363.381 302.974 363.381
301.564 208.057 378.643 208.057 378.643 362.030 301.564 362.030
298.592 206.980 375.050 206.980 375.050 361.203 298.592 361.203
294.475 198.057 371.033 198.057 371.033 352.827 294.475 352.827
291.622 200.403 368.304 200.403 368.304 354.653 291.622 354.653
286.588 204.368 363.569 204.368 363.569 357.817 286.588 357.817
284.051 205.656 360.558 205.656 360.558 359.069 284.051 359.069
285.019 204.645 360.813 204.645 360.813 358.331 285.019 358.331
284.542 207.061 360.585 207.061 360.585 360.084 284.542 360.084
283.790 208.845 359.185 208.845 359.185 362.103 283.790 362.103
283.017 210.820 358.162 210.820 358.162 363.617 283.017 363.617
282.253 209.148 357.155 209.148 357.155 361.796 282.253 361.796
281.537 211.133 356.656 211.133 356.656 363.215 281.537 363.215
281.332 209.440 356.216 209.440 356.216 361.283 281.332 361.283
279.924 209.932 354.944 209.932 354.944 361.212 279.924 361.212
278.371 209.117 353.369 209.117 353.369 360.037 278.371 360.037
277.419 211.646 352.376 211.646 352.376 362.066 277.419 362.066
277.117 213.530 351.834 213.530 351.834 363.621 277.117 363.621
276.172 215.592 350.735 215.592 350.735 365.545 276.172 365.545
275.704 211.095 350.368 211.095 350.368 360.614 275.704 360.614
272.891 225.349 347.404 225.349 347.404 374.925 272.891 374.925
285.012 223.846 359.185 223.846 359.185 373.830 285.012 373.830
283.615 224.436 357.458 224.436 357.458 374.633 283.615 374.633
281.415 224.872 355.096 224.872 355.096 375.236 281.415 375.236
280.290 227.573 354.201 227.573 354.201 377.459 280.290 377.459
279.105 232.233 353.077 232.233 353.077 381.981 279.105 381.981
238.734 162.215 310.918 162.215 310.918 315.502 238.734 315.502
239.124 148.482 310.266 148.482 310.266 302.581 239.124 302.581
238.728 130.770 309.483 130.770 309.483 283.017 238.728 283.017
239.501 136.748 309.588 136.748 309.588 288.246 239.501 288.246
242.502 141.886 311.529 141.886 311.529 294.051 242.502 294.051
246.099 187.500 313.609 187.500 313.609 341.605 246.099 341.605
245.995 174.728 312.599 174.728 312.599 329.536 245.995 329.536
245.511 158.014 313.148 158.014 313.148 310.271 245.511 310.271
246.622 164.095 315.657 164.095 315.657 313.921 246.622 313.921
235.686 160.715 306.379 160.715 306.379 307.633 235.686 307.633
239.060 165.062 312.485 165.062 312.485 309.024 239.060 309.024
240.832 168.626 317.105 168.626 317.105 309.566 240.832 309.566
280.816 275.666 355.903 275.666 355.903 417.425 280.816 417.425
279.708 276.088 354.061 276.088 354.061 418.428 279.708 418.428
280.088 275.643 353.970 275.643 353.970 418.247 280.088 418.247
280.049 276.152 353.526 276.152 353.526 418.935 280.049 418.935
280.340 276.836 353.463 276.836 353.463 419.737 280.340 419.737
280.343 284.970 352.874 284.970 352.874 428.431 280.343 428.431
400.809 250.051 473.180 250.051 473.180 395.693 400.809 395.693
399.879 250.621 472.453 250.621 472.453 397.499 399.879 397.499
398.113 249.167 470.547 249.167 470.547 397.330 398.113 397.330
399.424 247.360 471.159 247.360 471.159 397.494 399.424 397.494
400.401 247.963 472.341 247.963 472.341 399.419 400.401 399.419
402.685 246.450 474.809 246.450 474.809 398.941 402.685 398.941
414.147 242.609 486.579 242.609 486.579 395.290 414.147 395.290
414.671 245.438 486.933 245.438 486.933 399.179 414.671 399.179
415.522 242.807 488.358 242.807 488.358 397.099 415.522 397.099
418.336 240.690 491.279 240.690 491.279 395.451 418.336 395.451
422.619 237.539 495.371 237.539 495.371 393.575 422.619 393.575
425.481 233.619 497.804 233.619 497.804 391.099 425.481 391.099
437.854 236.876 510.561 236.876 510.561 393.821 437.854 393.821
439.134 233.286 512.092 233.286 512.092 390.784 439.134 390.784
441.670 235.223 514.556 235.223 514.556 393.740 441.670 393.740
456.759 229.116 530.126 229.116 530.126 387.025 456.759 387.025
456.398 233.990 530.203 233.990 530.203 392.439 456.398 392.439
458.004 235.679 532.682 235.679 532.682 393.513 458.004 393.513
470.056 231.978 545.855 231.978 545.855 388.642 470.056 388.642
471.458 234.357 548.179 234.357 548.179 390.016 471.458 390.016
472.943 236.541 550.290 236.541 550.290 390.985 472.943 390.985
475.568 235.242 553.862 235.242 553.862 388.212 475.568 388.212
479.118 234.024 557.411 234.024 557.411 386.135 479.118 386.135
484.495 235.605 562.502 235.605 562.502 387.565 484.495 387.565
488.773 235.677 566.269 235.677 566.269 387.255 488.773 387.255
490.361 236.060 567.964 236.060 567.964 386.294 490.361 386.294
504.789 234.678 582.020 234.678 582.020 384.077 504.789 384.077
507.101 234.046 583.538 234.046 583.538 382.823 507.101 382.823
510.879 232.281 587.037 232.281 587.037 379.906 510.879 379.906
514.737 230.241 590.350 230.241 590.350 378.056 514.737 378.056
519.520 227.624 593.658 227.624 593.658 376.865 519.520 376.865
521.583 224.290 595.296 224.290 595.296 373.900 521.583 373.900
496.926 162.963 568.526 162.963 568.526 315.361 496.926 315.361
501.863 158.960 572.058 158.960 572.058 312.659 501.863 312.659
506.004 154.725 575.008 154.725 575.008 309.371 506.004 309.371
516.382 157.316 584.418 157.316 584.418 312.094 516.382 312.094
520.344 152.314 587.946 152.314 587.946 307.310 520.344 307.310
525.003 148.067 592.310 148.067 592.310 303.097 525.003 303.097
534.025 151.585 602.627 151.585 602.627 304.251 534.025 304.251
538.137 149.504 606.474 149.504 606.474 302.406 538.137 302.406
548.694 151.777 617.384 151.777 617.384 304.410 548.694 304.410
557.603 150.308 626.347 150.308 626.347 302.930 557.603 302.930
557.637 143.310 627.802 143.310 627.802 293.120 557.637 293.120
561.708 145.445 632.566 145.445 632.566 293.771 561.708 293.771
567.289 147.684 638.821 147.684 638.821 294.590 567.289 294.590
571.205 141.093 642.563 141.093 642.563 286.849 571.205 286.849
573.545 137.879 644.532 137.879 644.532 283.470 573.545 283.470
557.732 264.312 628.924 264.312 628.924 408.992 557.732 408.992
555.730 276.790 626.675 276.790 626.675 422.509 555.730 422.509
554.697 278.115 625.711 278.115 625.711 424.041 554.697 424.041
565.758 275.273 636.201 275.273 636.201 422.080 565.758 422.080
563.454 275.763 633.822 275.763 633.822 422.688 563.454 422.688
560.929 276.034 631.261 276.034 631.261 422.830 560.929 422.830
517.257 250.251 592.280 250.251 592.280 391.816 517.257 391.816
516.704 248.724 593.779 248.724 593.779 388.148 516.704 388.148
525.953 251.124 605.731 251.124 605.731 387.501 525.953 387.501
534.842 253.114 617.901 253.114 617.901 385.994 534.842 385.994
533.337 254.151 618.403 254.151 618.403 384.757 533.337 384.757
533.261 253.073 620.489 253.073 620.489 381.110 533.261 381.110
532.749 255.023 620.904 255.023 620.904 381.898 532.749 381.898
545.654 256.886 632.323 256.886 632.323 384.746 545.654 384.746
548.337 256.665 633.108 256.665 633.108 386.040 548.337 386.040
545.404 256.302 631.013 256.302 631.013 384.597 545.404 384.597
544.670 254.845 630.979 254.845 630.979 382.114 544.670 382.114
532.166 255.453 619.102 255.453 619.102 381.626 532.166 381.626
505.420 243.229 593.934 243.229 593.934 367.518 505.420 367.518
519.458 246.490 608.580 246.490 608.580 369.657 519.458 369.657
534.361 261.022 621.850 261.022 621.850 385.653 534.361 385.653
494.204 233.510 579.882 233.510 579.882 359.804 494.204 359.804
493.890 232.653 578.118 232.653 578.118 360.247 493.890 360.247
493.786 231.121 577.671 231.121 577.671 358.959 493.786 358.959
536.921 269.698 618.637 269.698 618.637 399.680 536.921 399.680
546.781 259.447 627.989 259.447 627.989 389.912 546.781 389.912
505.835 234.253 585.540 234.253 585.540 365.672 505.835 365.672
492.387 235.962 571.645 235.962 571.645 367.615 492.387 367.615
491.879 235.083 570.895 235.083 570.895 366.870 491.879 366.870
491.652 235.351 570.478 235.351 570.478 367.243 491.652 367.243
490.923 235.399 569.946 235.399 569.946 367.048 490.923 367.048
555.873 249.372 633.256 249.372 633.256 382.375 555.873 382.375
568.319 238.396 643.363 238.396 643.363 373.869 568.319 373.869
553.466 251.904 627.583 251.904 627.583 388.186 553.466 388.186
551.453 252.893 625.179 252.893 625.179 389.562 551.453 389.562
550.169 253.613 623.060 253.613 623.060 390.992 550.169 390.992
559.091 241.176 631.255 241.176 631.255 378.758 559.091 378.758
545.522 253.754 616.797 253.754 616.797 391.765 545.522 391.765
546.659 252.654 617.581 252.654 617.581 390.608 546.659 390.608
547.970 266.816 618.040 266.816 618.040 404.789 547.970 404.789
521.596 229.937 591.908 229.937 591.908 367.224 521.596 367.224
533.835 204.555 604.407 204.555 604.407 342.261 533.835 342.261
544.993 205.670 615.533 205.670 615.533 343.942 544.993 343.942
543.815 194.082 614.121 194.082 614.121 332.768 543.815 332.768
543.092 158.185 613.489 158.185 613.489 296.142 543.092 296.142
554.092 160.721 624.484 160.721 624.484 297.973 554.092 297.973
553.854 162.129 624.043 162.129 624.043 299.274 553.854 299.274
553.466 164.046 623.494 164.046 623.494 301.168 553.466 301.168
554.308 151.999 624.227 151.999 624.227 288.296 554.308 288.296
563.202 167.796 632.634 167.796 632.634 303.679 563.202 303.679
564.539 158.391 632.851 158.391 632.851 294.813 564.539 294.813
567.467 197.836 633.579 197.836 633.579 336.591 567.467 336.591
568.441 187.819 633.362 187.819 633.362 327.533 568.441 327.533
563.698 229.518 628.723 229.518 628.723 367.777 563.698 367.777
562.040 220.061 627.130 220.061 627.130 357.595 562.040 357.595
561.162 222.636 626.245 222.636 626.245 359.603 561.162 359.603
563.266 197.361 628.415 197.361 628.415 333.664 563.266 333.664
569.351 187.025 634.291 187.025 634.291 322.601 569.351 322.601
571.899 191.100 636.052 191.100 636.052 326.733 571.899 326.733
575.735 192.869 638.510 192.869 638.510 329.658 575.735 329.658
576.684 195.276 638.119 195.276 638.119 333.228 576.684 333.228
563.535 268.539 625.259 268.539 625.259 405.186 563.535 405.186
564.614 278.460 626.069 278.460 626.069 414.878 564.614 414.878
575.731 281.452 636.377 281.452 636.377 418.405 575.731 418.405
575.386 281.828 635.848 281.828 635.848 418.965 575.386 418.965
574.804 282.977 635.223 282.977 635.223 420.162 574.804 420.162
575.362 283.859 635.701 283.859 635.701 421.141 575.362 421.141
575.027 284.826 635.265 284.826 635.265 422.224 575.027 422.224
573.516 285.717 633.732 285.717 633.732 423.008 573.516 423.008
571.921 297.860 632.108 297.860 632.108 435.171 571.921 435.171
570.103 298.596 630.279 298.596 630.279 435.892 570.103 435.892
568.059 298.056 628.219 298.056 628.219 435.371 568.059 435.371
567.231 296.396 627.384 296.396 627.384 433.720 567.231 433.720
567.026 298.047 627.171 298.047 627.171 435.387 567.026 435.387
564.428 298.198 624.571 298.198 624.571 435.540 564.428 435.540
562.659 299.760 622.801 299.760 622.801 437.103 562.659 437.103
561.846 300.543 621.988 300.543 621.988 437.887 561.846 437.887
560.409 299.447 620.550 299.447 620.550 436.794 560.409 436.794
558.902 297.460 619.050 297.460 619.050 434.789 558.902 434.789
558.281 296.991 618.463 296.991 618.463 434.258 558.281 434.258
558.059 334.107 618.416 334.107 618.416 470.934 558.059 470.934
558.055 331.361 618.480 331.361 618.480 467.971 558.055 467.971
558.133 329.030 618.568 329.030 618.568 465.583 558.133 465.583
559.059 327.425 619.494 327.425 619.494 463.959 559.059 463.959
559.670 324.703 620.180 324.703 620.180 461.066 559.670 461.066
558.778 331.167 619.354 331.167 619.354 467.224 558.778 467.224
558.368 327.792 618.950 327.792 618.950 463.833 558.368 463.833
558.930 324.348 619.520 324.348 619.520 460.364 558.930 460.364
559.002 330.743 619.599 330.743 619.599 466.664 559.002 466.664
