330.000 78.000 348.000 78.000 348.000 109.000 330.000 109.000
329.226 77.169 347.038 77.169 347.038 108.246 329.226 108.246
328.106 78.271 345.791 78.271 345.791 109.277 328.106 109.277
328.105 78.321 345.702 78.321 345.702 109.298 328.105 109.298
327.969 79.038 345.382 79.038 345.382 110.097 327.969 110.097
327.777 77.932 345.070 77.932 345.070 109.088 327.777 109.088
326.254 78.698 343.581 78.698 343.581 109.835 326.254 109.835
325.313 78.345 342.683 78.345 342.683 109.506 325.313 109.506
324.375 78.606 341.680 78.606 341.680 109.815 324.375 109.815
323.743 79.050 341.070 79.050 341.070 110.238 323.743 110.238
323.340 79.463 340.703 79.463 340.703 110.699 323.340 110.699
322.398 79.145 339.794 79.145 339.794 110.314 322.398 110.314
322.554 79.563 339.916 79.563 339.916 110.803 322.554 110.803
322.174 78.775 339.462 78.775 339.462 110.165 322.174 110.165
321.657 78.955 339.067 78.955 339.067 110.314 321.657 110.314
319.896 79.259 337.388 79.259 337.388 110.625 319.896 110.625
319.849 79.549 337.280 79.549 337.280 111.090 319.849 111.090
318.215 80.141 335.593 80.141 335.593 111.691 318.215 111.691
318.095 80.024 335.437 80.024 335.437 111.519 318.095 111.519
318.239 81.033 335.526 81.033 335.526 112.614 318.239 112.614
317.375 81.288 334.630 81.288 334.630 112.908 317.375 112.908
316.880 80.678 334.120 80.678 334.120 112.364 316.880 112.364
316.159 81.426 333.477 81.426 333.477 113.091 316.159 113.091
314.057 81.038 331.490 81.038 331.490 112.602 314.057 112.602
313.979 81.970 331.404 81.970 331.404 113.597 313.979 113.597
313.091 81.778 330.544 81.778 330.544 113.561 313.091 113.561
310.008 82.558 327.575 82.558 327.575 114.020 310.008 114.020
307.278 82.835 324.948 82.835 324.948 113.947 307.278 113.947
304.394 83.394 322.070 83.394 322.070 114.564 304.394 114.564
304.003 84.056 321.706 84.056 321.706 115.419 304.003 115.419
303.269 83.746 321.022 83.746 321.022 115.193 303.269 115.193
302.506 84.248 320.141 84.248 320.141 115.792 302.506 115.792
302.019 84.535 319.733 84.535 319.733 116.125 302.019 116.125
300.949 84.785 318.715 84.785 318.715 116.369 300.949 116.369
299.482 84.209 317.295 84.209 317.295 116.053 299.482 116.053
298.869 82.948 316.708 82.948 316.708 114.982 298.869 114.982
298.864 83.581 316.889 83.581 316.889 115.574 298.864 115.574
297.866 83.901 315.941 83.901 315.941 115.834 297.866 115.834
296.684 84.155 314.766 84.155 314.766 116.022 296.684 116.022
295.938 84.126 313.951 84.126 313.951 116.136 295.938 116.136
295.173 84.467 313.135 84.467 313.135 116.609 295.173 116.609
294.564 84.686 312.542 84.686 312.542 116.674 294.564 116.674
293.567 84.858 311.657 84.858 311.657 116.801 293.567 116.801
292.084 85.121 310.195 85.121 310.195 117.305 292.084 117.305
291.770 85.633 310.014 85.633 310.014 117.645 291.770 117.645
290.285 86.159 308.545 86.159 308.545 118.099 290.285 118.099
289.950 86.461 308.316 86.461 308.316 118.248 289.950 118.248
289.450 88.001 307.796 88.001 307.796 119.713 289.450 119.713
288.999 87.518 307.368 87.518 307.368 119.230 288.999 119.230
287.723 87.842 305.974 87.842 305.974 119.505 287.723 119.505
287.246 87.891 305.343 87.891 305.343 119.533 287.246 119.533
285.852 88.035 303.921 88.035 303.921 119.766 285.852 119.766
284.997 87.421 303.061 87.421 303.061 119.252 284.997 119.252
284.551 87.161 302.536 87.161 302.536 118.982 284.551 118.982
282.996 87.818 301.013 87.818 301.013 119.469 282.996 119.469
281.257 88.409 299.261 88.409 299.261 119.809 281.257 119.809
281.084 87.836 298.996 87.836 298.996 119.404 281.084 119.404
274.283 89.357 292.453 89.357 292.453 120.660 274.283 120.660
273.041 89.736 291.221 89.736 291.221 121.018 273.041 121.018
271.874 89.425 289.988 89.425 289.988 120.933 271.874 120.933
270.795 89.205 288.876 89.205 288.876 120.665 270.795 120.665
269.660 89.574 287.829 89.574 287.829 120.925 269.660 120.925
269.289 88.889 287.389 88.889 287.389 120.358 269.289 120.358
267.979 89.381 285.920 89.381 285.920 120.934 267.979 120.934
266.366 89.716 284.199 89.716 284.199 121.343 266.366 121.343
265.576 88.872 283.254 88.872 283.254 120.585 265.576 120.585
264.524 89.303 282.326 89.303 282.326 120.771 264.524 120.771
263.528 89.890 281.454 89.890 281.454 121.119 263.528 121.119
260.546 90.640 278.305 90.640 278.305 121.950 260.546 121.950
259.594 91.529 277.509 91.529 277.509 122.809 259.594 122.809
258.376 91.361 276.332 91.361 276.332 122.654 258.376 122.654
258.300 91.500 276.401 91.500 276.401 122.811 258.300 122.811
257.156 91.114 275.249 91.114 275.249 122.501 257.156 122.501
255.989 91.093 274.152 91.093 274.152 122.617 255.989 122.617
252.023 94.763 270.217 94.763 270.217 126.306 252.023 126.306
248.613 94.456 266.862 94.456 266.862 126.007 248.613 126.007
245.510 95.710 263.876 95.710 263.876 127.284 245.510 127.284
245.536 96.459 263.866 96.459 263.866 128.181 245.536 128.181
245.234 96.622 263.721 96.622 263.721 128.415 245.234 128.415
243.657 96.184 262.241 96.184 262.241 128.232 243.657 128.232
242.911 95.371 261.582 95.371 261.582 127.550 242.911 127.550
241.623 96.246 260.403 96.246 260.403 128.391 241.623 128.391
240.750 96.188 259.538 96.188 259.538 128.627 240.750 128.627
239.987 96.244 258.959 96.244 258.959 128.885 239.987 128.885
238.943 96.360 258.083 96.360 258.083 129.092 238.943 129.092
238.469 95.299 257.680 95.299 257.680 128.373 238.469 128.373
238.001 95.822 257.431 95.822 257.431 128.948 238.001 128.948
237.470 95.683 256.935 95.683 256.935 129.044 237.470 129.044
236.286 95.510 255.916 95.510 255.916 128.915 236.286 128.915
235.184 95.523 254.987 95.523 254.987 129.050 235.184 129.050
231.092 95.737 251.076 95.737 251.076 129.217 231.092 129.217
230.709 96.338 250.956 96.338 250.956 129.751 230.709 129.751
230.447 96.355 250.769 96.355 250.769 130.008 230.447 130.008
227.113 96.320 247.370 96.320 247.370 130.245 227.113 130.245
226.024 96.616 246.434 96.616 246.434 130.698 226.024 130.698
220.848 96.069 241.355 96.069 241.355 130.110 220.848 130.110
217.120 97.379 237.501 97.379 237.501 131.711 217.120 131.711
216.509 97.206 236.825 97.206 236.825 131.673 216.509 131.673
213.043 98.827 233.432 98.827 233.432 133.452 213.043 133.452
212.581 99.379 233.065 99.379 233.065 134.028 212.581 134.028
211.547 99.839 232.292 99.839 232.292 134.344 211.547 134.344
210.150 99.768 231.051 99.768 231.051 134.283 210.150 134.283
206.827 100.952 227.830 100.952 227.830 135.665 206.827 135.665
207.079 101.649 228.021 101.649 228.021 136.703 207.079 136.703
204.054 101.846 224.971 101.846 224.971 137.208 204.054 137.208
203.544 101.674 224.738 101.674 224.738 137.080 203.544 137.080
202.187 101.427 223.502 101.427 223.502 137.025 202.187 137.025
201.264 101.559 222.734 101.559 222.734 137.229 201.264 137.229
199.687 101.269 221.372 101.269 221.372 136.807 199.687 136.807
198.283 101.261 220.067 101.261 220.067 136.788 198.283 136.788
197.531 102.115 219.289 102.115 219.289 137.832 197.531 137.832
196.644 101.603 218.353 101.603 218.353 137.426 196.644 137.426
195.220 101.837 216.819 101.837 216.819 137.700 195.220 137.700
193.424 101.985 215.119 101.985 215.119 137.801 193.424 137.801
192.495 102.796 214.094 102.796 214.094 138.792 192.495 138.792
191.165 102.598 212.740 102.598 212.740 138.647 191.165 138.647
189.182 102.897 210.675 102.897 210.675 139.081 189.182 139.081
188.097 103.729 209.597 103.729 209.597 140.103 188.097 140.103
186.396 103.679 207.928 103.679 207.928 140.183 186.396 140.183
185.183 103.421 206.631 103.421 206.631 140.111 185.183 140.111
184.633 103.292 206.006 103.292 206.006 140.217 184.633 140.217
182.792 103.162 204.101 103.162 204.101 140.397 182.792 140.397
182.226 102.748 203.535 102.748 203.535 140.376 182.226 140.376
179.578 103.086 200.981 103.086 200.981 141.004 179.578 141.004
179.995 103.323 201.522 103.323 201.522 141.481 179.995 141.481
179.061 103.507 200.665 103.507 200.665 141.733 179.061 141.733
178.659 103.828 200.391 103.828 200.391 142.245 178.659 142.245
177.439 104.393 199.434 104.393 199.434 142.661 177.439 142.661
176.697 105.099 198.655 105.099 198.655 143.432 176.697 143.432
175.699 104.969 197.727 104.969 197.727 143.337 175.699 143.337
171.945 106.575 193.909 106.575 193.909 145.345 171.945 145.345
170.990 107.255 192.831 107.255 192.831 146.538 170.990 146.538
170.356 107.995 192.290 107.995 192.290 147.376 170.356 147.376
169.022 108.603 191.093 108.603 191.093 148.145 169.022 148.145
168.307 108.733 190.476 108.733 190.476 148.508 168.307 148.508
167.726 108.435 189.954 108.435 189.954 148.520 167.726 148.520
166.605 108.600 188.957 108.600 188.957 148.676 166.605 148.676
166.263 108.127 188.730 108.127 188.730 148.298 166.263 148.298
165.800 109.042 188.318 109.042 188.318 149.117 165.800 149.117
162.778 109.921 185.480 109.921 185.480 150.029 162.778 150.029
160.934 111.652 183.581 111.652 183.581 151.913 160.934 151.913
158.471 112.356 181.345 112.356 181.345 152.685 158.471 152.685
156.058 112.750 179.044 112.750 179.044 153.179 156.058 153.179
156.179 111.969 179.239 111.969 179.239 152.608 156.179 152.608
155.408 112.928 178.595 112.928 178.595 153.515 155.408 153.515
154.260 112.250 177.660 112.250 177.660 152.741 154.260 152.741
153.509 113.178 176.931 113.178 176.931 153.559 153.509 153.559
151.800 113.157 175.315 113.157 175.315 153.356 151.800 153.356
150.919 114.135 174.534 114.135 174.534 154.168 150.919 154.168
150.138 114.995 173.760 114.995 173.760 154.969 150.138 154.969
132.985 114.915 157.006 114.915 157.006 154.583 132.985 154.583
131.771 114.407 156.258 114.407 156.258 154.074 131.771 154.074
131.484 113.420 156.220 113.420 156.220 153.525 131.484 153.525
130.904 114.296 155.975 114.296 155.975 154.590 130.904 154.590
132.153 113.175 157.342 113.175 157.342 154.201 132.153 154.201
132.859 113.545 157.986 113.545 157.986 155.226 132.859 155.226
133.966 113.670 158.836 113.670 158.836 155.915 133.966 155.915
134.570 112.633 159.612 112.633 159.612 155.305 134.570 155.305
134.650 113.118 159.732 113.118 159.732 155.973 134.650 155.973
134.448 113.743 159.391 113.743 159.391 156.697 134.448 156.697
134.068 116.028 159.047 116.028 159.047 158.876 134.068 158.876
134.022 117.961 159.043 117.961 159.043 160.690 134.022 160.690
132.192 118.791 157.273 118.791 157.273 161.398 132.192 161.398
125.607 121.523 150.679 121.523 150.679 164.501 125.607 164.501
120.086 120.669 145.183 120.669 145.183 164.274 120.086 164.274
118.988 121.480 144.271 121.480 144.271 164.985 118.988 164.985
117.764 122.241 143.152 122.241 143.152 165.960 117.764 165.960
117.484 122.573 142.962 122.573 142.962 166.601 117.484 166.601
115.794 125.504 141.379 125.504 141.379 169.671 115.794 169.671
114.950 123.049 140.687 123.049 140.687 167.536 114.950 167.536
112.993 124.903 139.009 124.903 139.009 169.254 112.993 169.254
111.980 124.382 137.918 124.382 137.918 169.100 111.980 169.100
110.611 126.523 136.373 126.523 136.373 171.278 110.611 171.278
108.753 127.114 134.574 127.114 134.574 171.400 108.753 171.400
107.130 125.376 132.704 125.376 132.704 169.895 107.130 169.895
127.549 125.434 153.768 125.434 153.768 169.152 127.549 169.152
141.189 126.425 167.248 126.425 167.248 170.440 141.189 170.440
180.574 128.133 206.487 128.133 206.487 172.200 180.574 172.200
202.123 125.697 227.599 125.697 227.599 170.406 202.123 170.406
240.973 126.840 266.308 126.840 266.308 171.742 240.973 171.742
240.787 126.954 266.122 126.954 266.122 171.856 240.787 171.856
200.233 135.009 226.102 135.009 226.102 179.142 200.233 179.142
194.749 129.923 221.397 129.923 221.397 173.167 194.749 173.167
184.359 138.903 211.313 138.903 211.313 181.628 184.359 181.628
196.751 137.428 223.771 137.428 223.771 179.989 196.751 179.989
205.893 143.324 232.593 143.324 232.593 186.481 205.893 186.481
201.891 141.297 228.415 141.297 228.415 184.703 201.891 184.703
201.738 139.665 228.247 139.665 228.247 183.100 201.738 183.100
205.873 138.249 232.340 138.249 232.340 181.818 205.873 181.818
201.410 137.119 227.823 137.119 227.823 180.819 201.410 180.819
201.928 139.551 228.274 139.551 228.274 183.379 201.928 183.379
201.904 138.051 228.246 138.051 228.246 181.930 201.904 181.930
201.805 136.315 228.137 136.315 228.137 180.218 201.805 180.218
202.218 142.941 228.324 142.941 228.324 187.377 202.218 187.377
202.174 136.834 228.274 136.834 228.274 181.340 202.174 181.340
201.759 140.260 227.894 140.260 227.894 184.742 201.759 184.742
202.191 142.050 228.213 142.050 228.213 186.738 202.191 186.738
202.087 136.495 228.105 136.495 228.105 181.202 202.087 181.202
202.471 139.221 228.469 139.221 228.469 184.014 202.471 184.014
202.075 137.686 228.070 137.686 228.070 182.506 202.075 182.506
201.423 135.707 227.412 135.707 227.412 180.592 201.423 180.592
201.529 137.608 227.513 137.608 227.513 182.560 201.529 182.560
201.258 135.938 227.241 135.938 227.241 181.022 201.258 181.022
205.189 135.320 231.172 135.320 231.172 180.426 205.189 180.426
204.507 134.102 230.489 134.102 230.489 179.215 204.507 179.215
203.667 133.497 229.653 133.497 229.653 178.622 203.667 178.622
203.054 136.253 229.047 136.253 229.047 181.415 203.054 181.415
202.993 134.785 228.988 134.785 228.988 179.964 202.993 179.964
202.618 138.010 228.632 138.010 228.632 183.261 202.618 183.261
202.374 136.464 228.396 136.464 228.396 181.738 202.374 181.738
201.915 135.060 227.941 135.060 227.941 180.338 201.915 180.338
201.578 137.094 227.623 137.094 227.623 182.381 201.578 182.381
201.561 135.531 227.616 135.531 227.616 180.840 201.561 180.840
201.299 134.626 227.354 134.626 227.354 179.941 201.299 179.941
201.338 138.059 227.406 138.059 227.406 183.408 201.338 183.408
201.419 136.825 227.494 136.825 227.494 182.210 201.419 182.210
201.501 136.116 227.573 136.116 227.573 181.512 201.501 181.512
202.478 142.775 228.487 142.775 228.487 188.270 202.478 188.270
203.058 141.163 229.062 141.163 229.062 186.669 203.058 186.669
203.486 140.418 229.487 140.418 229.487 185.936 203.486 185.936
203.802 139.088 229.802 139.088 229.802 184.610 203.802 184.610
203.331 138.475 229.347 138.475 229.347 184.001 203.331 184.001
202.982 137.859 229.013 137.859 229.013 183.389 202.982 183.389
202.734 135.962 228.773 135.962 228.773 181.504 202.734 181.504
202.694 138.603 228.730 138.603 228.730 184.187 202.694 184.187
202.840 137.517 228.890 137.517 228.890 183.103 202.840 183.103
202.128 136.071 228.213 136.071 228.213 181.697 202.128 181.697
201.681 135.101 227.771 135.101 227.771 180.731 201.681 180.731
201.633 137.735 227.738 137.735 227.738 183.390 201.633 183.390
201.439 136.447 227.546 136.447 227.546 182.104 201.439 182.104
200.969 135.418 227.091 135.418 227.091 181.073 200.969 181.073
201.031 138.032 227.189 138.032 227.189 183.706 201.031 183.706
200.616 136.448 226.793 136.448 226.793 182.119 200.616 182.119
200.832 134.856 227.010 134.856 227.010 180.536 200.832 180.536
200.613 134.075 226.804 134.075 226.804 179.770 200.613 179.770
200.642 132.990 226.834 132.990 226.834 178.691 200.642 178.691
199.997 131.594 226.199 131.594 226.199 177.308 199.997 177.308
199.655 130.370 225.858 130.370 225.858 176.098 199.655 176.098
199.546 133.374 225.785 133.374 225.785 179.086 199.546 179.086
203.748 136.472 229.983 136.472 229.983 182.233 203.748 182.233
203.371 135.858 229.605 135.858 229.605 181.627 203.371 181.627
203.245 134.806 229.478 134.806 229.478 180.586 203.245 180.586
202.454 133.927 228.688 133.927 228.688 179.726 202.454 179.726
202.373 136.401 228.609 136.401 228.609 182.242 202.373 182.242
202.074 135.593 228.346 135.593 228.346 181.459 202.074 181.459
201.996 134.887 228.275 134.887 228.275 180.775 201.996 180.775
202.017 137.702 228.279 137.702 228.279 183.707 202.017 183.707
201.734 136.048 228.023 136.048 228.023 182.087 201.734 182.087
201.761 135.148 228.060 135.148 228.060 181.226 201.761 181.226
201.355 134.635 227.683 134.635 227.683 180.732 201.355 180.732
201.706 138.276 228.041 138.276 228.041 184.411 201.706 184.411
202.201 136.711 228.545 136.711 228.545 182.859 202.201 182.859
202.069 134.834 228.423 134.834 228.423 180.998 202.069 180.998
201.649 134.093 228.062 134.093 228.062 180.311 201.649 180.311
201.222 133.148 227.650 133.148 227.650 179.394 201.222 179.394
201.223 136.253 227.660 136.253 227.660 182.503 201.223 182.503
201.028 135.058 227.487 135.058 227.487 181.318 201.028 181.318
201.522 138.165 227.991 138.165 227.991 184.476 201.522 184.476
201.463 136.032 227.934 136.032 227.934 182.355 201.463 182.355
201.626 134.707 228.113 134.707 228.113 181.045 201.626 181.045
202.040 137.914 228.520 137.914 228.520 184.306 202.040 184.306
202.122 136.521 228.603 136.521 228.603 182.931 202.122 182.931
201.922 135.564 228.432 135.564 228.432 182.002 201.922 182.002
201.848 134.998 228.361 134.998 228.361 181.453 201.848 181.453
201.497 133.779 228.035 133.779 228.035 180.256 201.497 180.256
201.487 137.043 228.056 137.043 228.056 183.507 201.487 183.507
201.243 136.451 227.817 136.451 227.817 182.922 201.243 182.922
201.119 136.149 227.700 136.149 227.700 182.638 201.119 182.638
205.294 136.393 231.890 136.393 231.890 182.923 205.294 182.923
204.689 136.624 231.297 136.624 231.297 183.193 204.689 183.193
204.197 136.817 230.811 136.817 230.811 183.409 204.197 183.409
203.910 137.068 230.518 137.068 230.518 183.698 203.910 183.698
203.263 136.079 229.874 136.079 229.874 182.721 203.263 182.721
202.717 135.296 229.331 135.296 229.331 181.967 202.717 181.967
202.257 134.537 228.880 134.537 228.880 181.239 202.257 181.239
202.294 137.682 228.919 137.682 228.919 184.479 202.294 184.479
202.355 135.361 228.993 135.361 228.993 182.169 202.355 182.169
201.918 134.262 228.577 134.262 228.577 181.085 201.918 181.085
202.282 137.520 228.951 137.520 228.951 184.357 202.282 184.357
202.105 135.676 228.776 135.676 228.776 182.520 202.105 182.520
202.054 135.234 228.732 135.234 228.732 182.081 202.054 182.081
201.731 134.203 228.414 134.203 228.414 181.053 201.731 181.053
202.142 137.514 228.833 137.514 228.833 184.426 202.142 184.426
201.777 135.869 228.474 135.869 228.474 182.789 201.777 182.789
201.656 135.248 228.358 135.248 228.358 182.175 201.656 182.175
201.263 133.742 227.968 133.742 227.968 180.673 201.263 180.673
201.361 136.848 228.085 136.848 228.085 183.818 201.361 183.818
201.457 136.018 228.188 136.018 228.188 183.024 201.457 183.024
201.421 134.351 228.160 134.351 228.160 181.408 201.421 181.408
205.585 134.596 232.333 134.596 232.333 181.690 205.585 181.690
205.185 134.244 231.936 134.244 231.936 181.383 205.185 181.383
204.372 134.029 231.148 134.029 231.148 181.223 204.372 181.223
203.589 133.145 230.391 133.145 230.391 180.391 203.589 180.391
203.285 136.859 230.092 136.859 230.092 184.128 203.285 184.128
202.907 135.702 229.731 135.702 229.731 183.006 202.907 183.006
202.522 135.517 229.352 135.517 229.352 182.848 202.522 182.848
202.132 134.362 228.964 134.362 228.964 181.720 202.132 181.720
201.302 133.755 228.158 133.755 228.158 181.133 201.302 181.133
201.352 137.438 228.227 137.438 228.227 184.841 201.352 184.841
201.541 136.033 228.415 136.033 228.415 183.456 201.541 183.456
201.192 135.337 228.065 135.337 228.065 182.779 201.192 182.779
201.058 134.292 227.927 134.292 227.927 181.760 201.058 181.760
200.515 133.968 227.397 133.968 227.397 181.452 200.515 181.452
199.646 133.820 226.563 133.820 226.563 181.313 199.646 181.313
203.691 133.836 230.614 133.836 230.614 181.370 203.691 181.370
243.380 139.125 270.152 139.125 270.152 186.625 243.380 186.625
242.986 140.611 269.717 140.611 269.717 188.144 242.986 188.144
269.842 111.644 296.712 111.644 296.712 158.657 269.842 158.657
270.526 110.767 297.325 110.767 297.325 157.331 270.526 157.331
272.147 111.264 298.950 111.264 298.950 157.578 272.147 157.578
273.635 111.310 300.282 111.310 300.282 157.312 273.635 157.312
275.432 112.173 302.028 112.173 302.028 157.902 275.432 157.902
277.136 111.781 303.207 111.781 303.207 157.847 277.136 157.847
278.418 111.618 304.437 111.618 304.437 157.568 278.418 157.568
280.798 111.847 306.864 111.847 306.864 157.748 280.798 157.748
281.582 113.357 307.296 113.357 307.296 159.466 281.582 159.466
283.455 112.410 309.095 112.410 309.095 158.608 283.455 158.608
284.984 113.160 310.182 113.160 310.182 159.548 284.984 159.548
286.687 113.187 311.572 113.187 311.572 159.815 286.687 159.815
287.632 113.713 312.169 113.713 312.169 160.833 287.632 160.833
289.791 114.001 314.102 114.001 314.102 161.345 289.791 161.345
291.962 114.968 316.188 114.968 316.188 162.339 291.962 162.339
292.441 114.942 316.649 114.942 316.649 162.222 292.441 162.222
293.375 115.237 317.649 115.237 317.649 162.354 293.375 162.354
293.994 115.216 318.175 115.216 318.175 162.142 293.994 162.142
295.150 115.568 319.457 115.568 319.457 162.185 295.150 162.185
296.425 115.366 320.794 115.366 320.794 161.712 296.425 161.712
297.568 116.152 321.960 116.152 321.960 162.043 297.568 162.043
298.444 116.068 322.727 116.068 322.727 161.843 298.444 161.843
300.021 116.835 324.286 116.835 324.286 162.441 300.021 162.441
301.212 117.452 325.348 117.452 325.348 162.986 301.212 162.986
301.685 117.585 325.697 117.585 325.697 163.312 301.685 163.312
303.177 118.260 327.098 118.260 327.098 164.151 303.177 164.151
304.347 118.746 328.353 118.746 328.353 164.379 304.347 164.379
305.728 119.567 329.647 119.567 329.647 165.336 305.728 165.336
306.654 119.875 330.603 119.875 330.603 165.759 306.654 165.759
