79.000 206.000 127.000 206.000 127.000 322.000 79.000 322.000
80.413 209.620 128.216 209.620 128.216 324.888 80.413 324.888
79.579 208.160 127.131 208.160 127.131 323.222 79.579 323.222
80.109 207.614 127.682 207.614 127.682 322.092 80.109 322.092
79.657 206.558 127.068 206.558 127.068 320.551 79.657 320.551
79.415 207.464 126.695 207.464 126.695 321.475 79.415 321.475
79.865 205.227 126.993 205.227 126.993 318.670 79.865 318.670
79.365 206.533 126.221 206.533 126.221 319.982 79.365 319.982
79.632 204.673 126.341 204.673 126.341 318.235 79.632 318.235
78.759 205.432 125.455 205.432 125.455 318.872 78.759 318.872
79.312 204.336 125.880 204.336 125.880 317.720 79.312 317.720
78.873 204.802 125.464 204.802 125.464 318.376 78.873 318.376
78.797 204.447 125.233 204.447 125.233 318.270 78.797 318.270
78.452 203.536 124.840 203.536 124.840 317.974 78.452 317.974
79.353 203.599 125.652 203.599 125.652 318.180 79.353 318.180
78.641 203.057 125.241 203.057 125.241 317.798 78.641 317.798
79.241 201.950 125.977 201.950 125.977 316.697 79.241 316.697
78.861 202.877 125.748 202.877 125.748 317.175 78.861 317.175
79.533 201.838 126.475 201.838 126.475 315.628 79.533 315.628
79.628 202.728 126.254 202.728 126.254 316.719 79.628 316.719
80.770 200.854 127.161 200.854 127.161 314.922 80.770 314.922
80.136 200.904 126.498 200.904 126.498 314.658 80.136 314.658
81.699 201.846 127.861 201.846 127.861 315.338 81.699 315.338
81.924 201.462 128.141 201.462 128.141 314.784 81.924 314.784
81.319 200.905 127.637 200.905 127.637 314.221 81.319 314.221
81.465 201.230 128.052 201.230 128.052 314.087 81.465 314.087
82.487 200.792 129.114 200.792 129.114 313.031 82.487 313.031
82.616 199.367 129.297 199.367 129.297 311.862 82.616 311.862
83.252 198.970 129.981 198.970 129.981 310.940 83.252 310.940
83.788 199.107 130.457 199.107 130.457 310.472 83.788 310.472
84.589 197.836 131.040 197.836 131.040 309.344 84.589 309.344
84.922 196.004 131.459 196.004 131.459 306.557 84.922 306.557
85.541 198.165 132.289 198.165 132.289 307.756 85.541 307.756
85.959 197.587 132.916 197.587 132.916 306.045 85.959 306.045
86.695 198.995 133.705 198.995 133.705 306.540 86.695 306.540
88.158 198.639 135.362 198.639 135.362 305.676 88.158 305.676
88.850 198.071 136.190 198.071 136.190 304.794 88.850 304.794
89.588 196.416 137.073 196.416 137.073 302.806 89.588 302.806
90.929 196.560 138.490 196.560 138.490 302.125 90.929 302.125
92.023 195.363 139.622 195.363 139.622 300.276 92.023 300.276
92.923 195.063 140.532 195.063 140.532 299.838 92.923 299.838
94.679 196.631 142.138 196.631 142.138 301.620 94.679 301.620
95.426 195.773 142.941 195.773 142.941 300.632 95.426 300.632
96.305 194.661 144.009 194.661 144.009 299.451 96.305 299.451
98.362 195.122 146.016 195.122 146.016 300.125 98.362 300.125
98.459 193.742 146.121 193.742 146.121 298.326 98.459 298.326
99.314 192.777 147.090 192.777 147.090 296.604 99.314 296.604
101.041 193.637 148.683 193.637 148.683 297.547 101.041 297.547
101.682 193.628 149.188 193.628 149.188 296.964 101.682 296.964
102.942 192.587 150.616 192.587 150.616 295.102 102.942 295.102
103.990 192.928 151.770 192.928 151.770 294.642 103.990 294.642
104.898 193.224 152.397 193.224 152.397 294.929 104.898 294.929
106.435 192.500 154.076 192.500 154.076 294.108 106.435 294.108
106.902 191.381 154.682 191.381 154.682 292.482 106.902 292.482
107.642 191.017 155.501 191.017 155.501 292.030 107.642 292.030
108.594 191.078 156.379 191.078 156.379 291.984 108.594 291.984
109.822 191.791 157.477 191.791 157.477 292.680 109.822 292.680
110.781 190.088 158.353 190.088 158.353 290.508 110.781 290.508
112.484 190.409 160.147 190.409 160.147 290.259 112.484 290.259
114.290 190.110 161.635 190.110 161.635 290.221 114.290 290.221
114.727 190.693 162.139 190.693 162.139 290.795 114.727 290.795
115.325 190.197 162.903 190.197 162.903 290.258 115.325 290.258
116.689 190.831 164.445 190.831 164.445 290.385 116.689 290.385
118.516 190.141 166.090 190.141 166.090 289.782 118.516 289.782
119.914 187.958 167.464 187.958 167.464 287.603 119.914 287.603
121.125 189.150 168.589 189.150 168.589 288.610 121.125 288.610
121.963 189.341 169.336 189.341 169.336 289.020 121.963 289.020
123.688 188.951 171.013 188.951 171.013 288.797 123.688 288.797
124.447 188.691 171.864 188.691 171.864 288.182 124.447 288.182
126.325 187.978 173.593 187.978 173.593 287.431 126.325 287.431
127.960 187.266 175.046 187.266 175.046 286.330 127.960 286.330
129.649 188.145 176.697 188.145 176.697 287.156 129.649 287.156
131.193 188.479 178.374 188.479 178.374 286.777 131.193 286.777
133.072 189.032 180.153 189.032 180.153 286.840 133.072 286.840
134.915 187.769 182.225 187.769 182.225 285.143 134.915 285.143
136.294 186.630 183.556 186.630 183.556 283.473 136.294 283.473
138.289 187.399 185.584 187.399 185.584 284.282 138.289 284.282
139.537 187.338 186.656 187.338 186.656 284.042 139.537 284.042
141.278 187.297 188.205 187.297 188.205 283.621 141.278 283.621
142.721 186.257 189.710 186.257 189.710 282.490 142.721 282.490
143.993 186.731 191.219 186.731 191.219 282.922 143.993 282.922
145.827 186.068 192.999 186.068 192.999 282.346 145.827 282.346
147.114 185.303 194.503 185.303 194.503 281.426 147.114 281.426
148.007 186.184 195.453 186.184 195.453 282.345 148.007 282.345
149.819 186.288 197.370 186.288 197.370 282.239 149.819 282.239
151.383 184.098 198.957 184.098 198.957 280.087 151.383 280.087
152.849 184.113 200.442 184.113 200.442 279.939 152.849 279.939
153.968 184.141 201.698 184.141 201.698 279.458 153.968 279.458
155.573 184.102 203.286 184.102 203.286 278.908 155.573 278.908
157.826 183.489 205.270 183.489 205.270 278.139 157.826 278.139
159.237 183.784 206.377 183.784 206.377 278.617 159.237 278.617
160.446 181.984 207.617 181.984 207.617 276.963 160.446 276.963
161.385 181.911 208.409 181.911 208.409 276.879 161.385 276.879
162.917 182.745 209.950 182.745 209.950 277.463 162.917 277.463
164.676 182.277 211.543 182.277 211.543 276.895 164.676 276.895
166.381 180.686 213.088 180.686 213.088 275.132 166.381 275.132
167.579 181.064 214.086 181.064 214.086 275.442 167.579 275.442
168.507 181.068 215.119 181.068 215.119 274.878 168.507 274.878
169.432 180.791 215.952 180.791 215.952 274.304 169.432 274.304
170.129 181.420 216.648 181.420 216.648 274.142 170.129 274.142
171.217 181.625 217.696 181.625 217.696 273.846 171.217 273.846
172.749 181.459 219.352 181.459 219.352 273.280 172.749 273.280
173.438 181.163 220.096 181.163 220.096 272.607 173.438 272.607
174.263 182.481 220.796 182.481 220.796 273.743 174.263 273.743
174.980 181.411 221.229 181.411 221.229 272.473 174.980 272.473
175.974 181.234 222.067 181.234 222.067 272.411 175.974 272.411
177.187 180.488 223.207 180.488 223.207 271.493 177.187 271.493
178.436 179.566 224.264 179.566 224.264 270.574 178.436 270.574
180.029 179.532 225.800 179.532 225.800 270.124 180.029 270.124
181.954 180.076 227.431 180.076 227.431 270.772 181.954 270.772
182.533 178.997 227.668 178.997 227.668 270.282 182.533 270.282
183.338 177.128 228.168 177.128 228.168 268.665 183.338 268.665
184.769 176.583 229.439 176.583 229.439 268.260 184.769 268.260
185.552 175.957 230.163 175.957 230.163 267.846 185.552 267.846
186.699 176.239 231.426 176.239 231.426 268.152 186.699 268.152
187.511 174.662 232.233 174.662 232.233 266.368 187.511 266.368
188.584 175.703 233.255 175.703 233.255 267.540 188.584 267.540
190.464 175.173 235.073 175.173 235.073 267.079 190.464 267.079
191.085 174.867 235.539 174.867 235.539 266.851 191.085 266.851
191.505 172.610 235.680 172.610 235.680 264.864 191.505 264.864
193.138 172.644 237.017 172.644 237.017 264.916 193.138 264.916
193.901 171.648 237.838 171.648 237.838 263.757 193.901 263.757
194.563 171.289 238.305 171.289 238.305 263.639 194.563 263.639
195.298 171.193 239.089 171.193 239.089 263.626 195.298 263.626
196.149 171.946 239.965 171.946 239.965 263.886 196.149 263.886
196.660 171.026 240.604 171.026 240.604 262.590 196.660 262.590
197.988 172.161 241.817 172.161 241.817 263.618 197.988 263.618
198.677 170.659 242.518 170.659 242.518 261.737 198.677 261.737
199.723 170.126 243.763 170.126 243.763 260.563 199.723 260.563
200.177 169.557 244.144 169.557 244.144 260.020 200.177 260.020
201.344 169.446 244.846 169.446 244.846 260.047 201.344 260.047
202.572 168.783 245.799 168.783 245.799 259.674 202.572 259.674
203.016 170.381 246.039 170.381 246.039 261.291 203.016 261.291
204.478 168.853 247.592 168.853 247.592 259.407 204.478 259.407
205.078 169.801 247.988 169.801 247.988 260.354 205.078 260.354
206.334 168.785 249.066 168.785 249.066 259.951 206.334 259.951
207.498 168.147 250.400 168.147 250.400 258.819 207.498 258.819
207.700 169.003 250.486 169.003 250.486 259.633 207.700 259.633
208.067 167.894 250.911 167.894 250.911 258.260 208.067 258.260
209.176 167.852 252.023 167.852 252.023 258.229 209.176 258.229
210.191 166.622 252.952 166.622 252.952 257.052 210.191 257.052
210.016 166.836 252.754 166.836 252.754 257.218 210.016 257.218
210.063 168.256 252.699 168.256 252.699 258.455 210.063 258.455
211.037 166.293 253.565 166.293 253.565 256.191 211.037 256.191
212.201 165.682 254.426 165.682 254.426 255.652 212.201 255.652
212.916 165.910 254.796 165.910 254.796 255.906 212.916 255.906
213.570 166.332 254.972 166.332 254.972 256.774 213.570 256.774
214.701 165.519 256.015 165.519 256.015 255.819 214.701 255.819
215.571 165.348 256.866 165.348 256.866 255.078 215.571 255.078
216.245 164.568 257.197 164.568 257.197 254.052 216.245 254.052
217.265 165.326 257.851 165.326 257.851 254.581 217.265 254.581
218.135 166.595 258.184 166.595 258.184 255.789 218.135 255.789
218.687 164.518 258.625 164.518 258.625 253.071 218.687 253.071
219.239 166.985 258.987 166.985 258.987 255.441 219.239 255.441
220.015 164.899 259.763 164.899 259.763 252.698 220.015 252.698
220.543 165.853 260.154 165.853 260.154 253.420 220.543 253.420
221.624 165.285 260.892 165.285 260.892 253.062 221.624 253.062
222.155 165.262 261.379 165.262 261.379 252.961 222.155 252.961
222.203 164.766 261.143 164.766 261.143 253.171 222.203 253.171
223.198 164.797 262.034 164.797 262.034 252.963 223.198 252.963
223.689 163.861 262.312 163.861 262.312 252.290 223.689 252.290
224.129 164.812 262.835 164.812 262.835 252.734 224.129 252.734
225.587 162.439 264.008 162.439 264.008 250.811 225.587 250.811
226.128 162.614 264.503 162.614 264.503 250.991 226.128 250.991
226.646 161.437 264.898 161.437 264.898 250.323 226.646 250.323
227.229 161.339 265.677 161.339 265.677 250.299 227.229 250.299
228.726 160.615 267.234 160.615 267.234 249.437 228.726 249.437
229.330 161.430 268.016 161.430 268.016 250.558 229.330 250.558
230.165 160.294 268.833 160.294 268.833 249.744 230.165 249.744
230.795 159.734 269.409 159.734 269.409 249.259 230.795 249.259
231.815 158.918 270.441 158.918 270.441 248.277 231.815 248.277
232.599 158.952 271.370 158.952 271.370 247.752 232.599 247.752
233.649 157.702 272.105 157.702 272.105 246.622 233.649 246.622
233.756 157.675 272.051 157.675 272.051 246.452 233.756 246.452
234.585 158.359 273.124 158.359 273.124 247.346 234.585 247.346
235.923 156.350 274.215 156.350 274.215 245.512 235.923 245.512
235.804 156.892 274.312 156.892 274.312 246.105 235.804 246.105
237.201 154.612 275.857 154.612 275.857 243.655 237.201 243.655
237.197 154.036 275.920 154.036 275.920 243.503 237.197 243.503
237.692 154.822 276.503 154.822 276.503 244.318 237.692 244.318
237.896 153.337 276.809 153.337 276.809 242.555 237.896 242.555
238.371 155.097 277.367 155.097 277.367 244.474 238.371 244.474
238.274 154.062 277.285 154.062 277.285 243.163 238.274 243.163
238.428 153.180 277.326 153.180 277.326 242.159 238.428 242.159
239.203 154.118 278.149 154.118 278.149 243.098 239.203 243.098
239.869 153.679 278.745 153.679 278.745 242.849 239.869 242.849
240.695 153.226 279.457 153.226 279.457 242.576 240.695 242.576
240.983 152.408 279.635 152.408 279.635 241.934 240.983 241.934
242.250 151.936 280.914 151.936 280.914 241.609 242.250 241.609
242.033 151.282 280.721 151.282 280.721 241.281 242.033 241.281
242.037 149.838 280.802 149.838 280.802 239.467 242.037 239.467
242.441 151.179 281.188 151.179 281.188 241.030 242.441 241.030
243.318 148.302 281.711 148.302 281.711 238.865 243.318 238.865
244.181 148.876 282.327 148.876 282.327 239.635 244.181 239.635
244.146 148.109 282.298 148.109 282.298 238.626 244.146 238.626
245.048 148.338 283.089 148.338 283.089 238.887 245.048 238.887
245.900 148.585 284.162 148.585 284.162 238.796 245.900 238.796
246.761 149.150 285.009 149.150 285.009 239.655 246.761 239.655
247.038 148.043 285.081 148.043 285.081 238.738 247.038 238.738
247.166 147.707 284.929 147.707 284.929 238.737 247.166 238.737
247.667 146.485 285.669 146.485 285.669 237.159 247.667 237.159
248.202 145.613 286.345 145.613 286.345 236.108 248.202 236.108
249.000 145.445 287.086 145.445 287.086 236.054 249.000 236.054
249.915 145.531 288.102 145.531 288.102 235.774 249.915 235.774
250.727 144.042 288.761 144.042 288.761 233.611 250.727 233.611
251.129 145.409 289.075 145.409 289.075 235.119 251.129 235.119
251.503 144.850 289.261 144.850 289.261 234.333 251.503 234.333
252.126 144.137 290.312 144.137 290.312 233.166 252.126 233.166
251.616 144.861 290.060 144.861 290.060 233.560 251.616 233.560
251.636 146.068 290.260 146.068 290.260 235.168 251.636 235.168
252.132 144.531 290.743 144.531 290.743 233.785 252.132 233.785
252.744 146.427 291.406 146.427 291.406 236.109 252.744 236.109
253.224 144.186 292.004 144.186 292.004 234.472 253.224 234.472
253.189 144.922 292.141 144.922 292.141 235.740 253.189 235.740
253.829 143.195 292.967 143.195 292.967 233.899 253.829 233.899
252.953 143.316 291.928 143.316 291.928 234.258 252.953 234.258
252.972 141.600 291.709 141.600 291.709 233.217 252.972 233.217
252.586 142.598 291.615 142.598 291.615 234.279 252.586 234.279
252.537 141.396 291.445 141.396 291.445 233.445 252.537 233.445
252.945 141.748 291.616 141.748 291.616 234.199 252.945 234.199
252.549 142.448 291.030 142.448 291.030 235.373 252.549 235.373
252.633 142.451 291.362 142.451 291.362 235.762 252.633 235.762
251.939 141.934 290.545 141.934 290.545 235.442 251.939 235.442
252.374 141.301 291.220 141.301 291.220 234.752 252.374 234.752
251.442 139.946 290.175 139.946 290.175 233.762 251.442 233.762
251.566 141.237 290.476 141.237 290.476 235.086 251.566 235.086
251.104 138.255 289.871 138.255 289.871 232.531 251.104 232.531
250.992 139.431 289.522 139.431 289.522 233.382 250.992 233.382
251.138 139.517 289.902 139.517 289.902 233.879 251.138 233.879
250.957 138.029 289.618 138.029 289.618 232.351 250.957 232.351
250.742 139.993 289.209 139.993 289.209 234.008 250.742 234.008
250.661 138.227 289.137 138.227 289.137 232.025 250.661 232.025
250.170 139.337 288.576 139.337 288.576 232.769 250.170 232.769
250.148 138.022 288.270 138.022 288.270 231.534 250.148 231.534
250.367 138.524 288.353 138.524 288.353 231.928 250.367 231.928
250.670 138.545 288.816 138.545 288.816 232.060 250.670 232.060
250.402 136.787 288.613 136.787 288.613 230.094 250.402 230.094
249.974 138.017 287.964 138.017 287.964 231.523 249.974 231.523
249.714 136.246 287.699 136.246 287.699 229.719 249.714 229.719
249.486 137.444 287.329 137.444 287.329 230.756 249.486 230.756
249.207 136.935 287.188 136.935 287.188 230.029 249.207 230.029
249.576 137.657 287.446 137.657 287.446 231.139 249.576 231.139
249.243 135.486 287.232 135.486 287.232 228.703 249.243 228.703
249.635 137.940 287.343 137.940 287.343 231.854 249.635 231.854
249.382 135.726 286.834 135.726 286.834 229.878 249.382 229.878
249.784 135.221 287.235 135.221 287.235 229.313 249.784 229.313
250.279 136.500 287.645 136.500 287.645 230.636 250.279 230.636
250.009 133.599 287.418 133.599 287.418 227.851 250.009 227.851
250.227 134.897 287.720 134.897 287.720 229.031 250.227 229.031
250.719 134.315 288.191 134.315 288.191 228.333 250.719 228.333
251.007 135.106 288.567 135.106 288.567 228.976 251.007 228.976
251.263 134.722 288.943 134.722 288.943 228.575 251.263 228.575
251.810 133.490 289.303 133.490 289.303 227.467 251.810 227.467
251.228 134.236 288.727 134.236 288.727 228.053 251.228 228.053
251.372 133.819 288.934 133.819 288.934 227.389 251.372 227.389
251.868 132.632 289.514 132.632 289.514 225.938 251.868 225.938
251.534 133.806 289.318 133.806 289.318 226.766 251.534 226.766
251.087 133.175 288.797 133.175 288.797 226.039 251.087 226.039
251.440 133.865 289.050 133.865 289.050 226.349 251.440 226.349
250.923 132.793 288.484 132.793 288.484 225.325 250.923 225.325
251.462 132.967 288.722 132.967 288.722 225.584 251.462 225.584
251.723 132.252 288.954 132.252 288.954 224.470 251.723 224.470
251.980 133.557 289.348 133.557 289.348 225.647 251.980 225.647
250.590 131.262 288.110 131.262 288.110 222.738 250.590 222.738
250.747 131.982 288.141 131.982 288.141 223.121 250.747 223.121
251.374 131.813 288.736 131.813 288.736 222.539 251.374 222.539
251.745 131.841 288.874 131.841 288.874 222.758 251.745 222.758
251.511 130.599 288.728 130.599 288.728 221.025 251.511 221.025
251.651 133.235 288.737 133.235 288.737 223.328 251.651 223.328
252.103 131.439 289.160 131.439 289.160 220.765 252.103 220.765
252.069 132.474 289.179 132.474 289.179 221.610 252.069 221.610
252.334 131.596 289.286 131.596 289.286 220.435 252.334 220.435
252.913 130.515 289.587 130.515 289.587 219.203 252.913 219.203
253.722 130.308 290.235 130.308 290.235 218.785 253.722 218.785
253.837 130.512 290.184 130.512 290.184 218.511 253.837 218.511
253.849 131.236 290.073 131.236 290.073 219.127 253.849 219.127
260.715 128.186 297.268 128.186 297.268 215.624 260.715 215.624
261.780 127.068 298.333 127.068 298.333 214.505 261.780 214.505
261.992 126.619 298.545 126.619 298.545 214.056 261.992 214.056
261.985 125.304 298.539 125.304 298.539 212.741 261.985 212.741
261.987 125.262 298.541 125.262 298.541 212.699 261.987 212.699
262.357 126.103 298.911 126.103 298.911 213.540 262.357 213.540
262.251 127.263 298.805 127.263 298.805 214.700 262.251 214.700
262.017 127.178 298.571 127.178 298.571 214.615 262.017 214.615
262.206 126.577 298.760 126.577 298.760 214.013 262.206 214.013
262.243 123.528 298.797 123.528 298.797 210.964 262.243 210.964
261.574 121.146 298.128 121.146 298.128 208.582 261.574 208.582
259.327 121.085 295.882 121.085 295.882 208.521 259.327 208.521
257.833 120.301 294.388 120.301 294.388 207.737 257.833 207.737
255.916 119.678 292.471 119.678 292.471 207.114 255.916 207.114
254.099 119.045 290.654 119.045 290.654 206.481 254.099 206.481
252.085 119.868 288.640 119.868 288.640 207.304 252.085 207.304
249.602 118.840 286.158 118.840 286.158 206.276 249.602 206.276
247.469 121.005 284.025 121.005 284.025 208.441 247.469 208.441
245.240 122.951 281.797 122.951 281.797 210.387 245.240 210.387
243.302 123.971 279.859 123.971 279.859 211.407 243.302 211.407
241.715 126.185 278.273 126.185 278.273 213.621 241.715 213.621
240.540 128.009 277.101 128.009 277.101 215.445 240.540 215.445
238.974 130.804 275.537 130.804 275.537 218.240 238.974 218.240
237.310 132.209 273.873 132.209 273.873 219.647 237.310 219.647
235.927 133.381 272.489 133.381 272.489 220.822 235.927 220.822
234.938 134.478 271.500 134.478 271.500 221.921 234.938 221.921
233.893 135.635 270.455 135.635 270.455 223.083 233.893 223.083
233.196 137.168 269.757 137.168 269.757 224.622 233.196 224.622
232.791 137.758 269.352 137.758 269.352 225.214 232.791 225.214
231.576 137.711 268.137 137.711 268.137 225.170 231.576 225.170
230.778 139.681 267.338 139.681 267.338 227.145 230.778 227.145
229.454 139.968 266.014 139.968 266.014 227.434 229.454 227.434
228.996 141.401 265.556 141.401 265.556 228.872 228.996 228.872
228.654 143.075 265.213 143.075 265.213 230.552 228.654 230.552
228.475 142.826 265.034 142.826 265.034 230.305 228.475 230.305
228.427 141.813 264.985 141.813 264.985 229.294 228.427 229.294
228.026 143.214 264.583 143.214 264.583 230.700 228.026 230.700
227.916 142.671 264.473 142.671 264.473 230.159 227.916 230.159
227.254 142.229 263.810 142.229 263.810 229.721 227.254 229.721
227.203 142.567 263.759 142.567 263.759 230.062 227.203 230.062
227.236 142.285 263.792 142.285 263.792 229.783 227.236 229.783
227.512 141.685 264.067 141.685 264.067 229.186 227.512 229.186
227.703 142.840 264.258 142.840 264.258 230.346 227.703 230.346
227.766 142.716 264.320 142.716 264.320 230.225 227.766 230.225
227.713 141.789 264.267 141.789 264.267 229.299 227.713 229.299
227.547 141.603 264.101 141.603 264.101 229.115 227.547 229.115
227.345 142.467 263.898 142.467 263.898 229.983 227.345 229.983
226.819 143.171 263.372 143.171 263.372 230.690 226.819 230.690
226.569 143.377 263.121 143.377 263.121 230.899 226.569 230.899
226.700 143.141 263.252 143.141 263.252 230.665 226.700 230.665
226.747 143.101 263.299 143.101 263.299 230.630 226.747 230.630
226.830 143.419 263.382 143.419 263.382 230.951 226.830 230.951
226.810 143.124 263.362 143.124 263.362 230.657 226.810 230.657
226.826 142.834 263.377 142.834 263.377 230.371 226.826 230.371
227.137 142.314 263.688 142.314 263.688 229.855 227.137 229.855
227.322 140.870 263.873 140.870 263.873 228.412 227.322 228.412
227.597 140.852 264.147 140.852 264.147 228.396 227.597 228.396
227.879 142.257 264.429 142.257 264.429 229.804 227.879 229.804
227.603 143.466 264.153 143.466 264.153 231.017 227.603 231.017
227.587 143.857 264.137 143.857 264.137 231.410 227.587 231.410
227.654 142.716 264.204 142.716 264.204 230.270 227.654 230.270
227.297 141.937 263.847 141.937 263.847 229.492 227.297 229.492
227.359 142.220 263.908 142.220 263.908 229.777 227.359 229.777
227.165 142.210 263.714 142.210 263.714 229.769 227.165 229.769
227.289 141.526 263.838 141.526 263.838 229.087 227.289 229.087
227.070 142.469 263.619 142.469 263.619 230.033 227.070 230.033
227.463 142.233 264.012 142.233 264.012 229.800 227.463 229.800
227.412 141.846 263.961 141.846 263.961 229.415 227.412 229.415
227.311 141.864 263.859 141.864 263.859 229.437 227.311 229.437
227.553 142.232 264.101 142.232 264.101 229.808 227.553 229.808
227.271 142.341 263.818 142.341 263.818 229.920 227.271 229.920
227.540 141.916 264.087 141.916 264.087 229.497 227.540 229.497
227.889 141.818 264.435 141.818 264.435 229.401 227.889 229.401
227.354 143.110 263.899 143.110 263.899 230.697 227.354 230.697
227.501 142.416 264.046 142.416 264.046 230.005 227.501 230.005
227.460 142.993 264.005 142.993 264.005 230.584 227.460 230.584
227.527 142.779 264.072 142.779 264.072 230.372 227.527 230.372
227.398 142.896 263.942 142.896 263.942 230.490 227.398 230.490
227.076 142.558 263.620 142.558 263.620 230.154 227.076 230.154
226.865 141.527 263.409 141.527 263.409 229.125 226.865 229.125
226.837 141.853 263.380 141.853 263.380 229.455 226.837 229.455
227.052 142.134 263.595 142.134 263.595 229.738 227.052 229.738
226.883 141.641 263.426 141.641 263.426 229.247 226.883 229.247
227.069 142.466 263.611 142.466 263.611 230.075 227.069 230.075
226.922 141.986 263.464 141.986 263.464 229.596 226.922 229.596
226.926 142.083 263.467 142.083 263.467 229.700 226.926 229.700
226.758 141.643 263.298 141.643 263.298 229.263 226.758 229.263
226.946 141.732 263.486 141.732 263.486 229.354 226.946 229.354
226.976 141.490 263.516 141.490 263.516 229.115 226.976 229.115
226.945 141.604 263.485 141.604 263.485 229.230 226.945 229.230
226.941 142.518 263.480 142.518 263.480 230.147 226.941 230.147
227.269 141.870 263.808 141.870 263.808 229.501 227.269 229.501
227.300 142.782 263.838 142.782 263.838 230.417 227.300 230.417
227.301 142.531 263.839 142.531 263.839 230.168 227.301 230.168
226.911 142.605 263.449 142.605 263.449 230.244 226.911 230.244
226.770 143.155 263.307 143.155 263.307 230.800 226.770 230.800
226.794 141.848 263.331 141.848 263.331 229.494 226.794 229.494
226.790 142.532 263.326 142.532 263.326 230.180 226.790 230.180
227.064 142.154 263.600 142.154 263.600 229.805 227.064 229.805
227.104 141.554 263.640 141.554 263.640 229.206 227.104 229.206
226.611 142.864 263.147 142.864 263.147 230.518 226.611 230.518
226.505 142.667 263.041 142.667 263.041 230.322 226.505 230.322
226.481 142.177 263.017 142.177 263.017 229.833 226.481 229.833
226.837 143.010 263.373 143.010 263.373 230.668 226.837 230.668
226.980 142.399 263.515 142.399 263.515 230.059 226.980 230.059
226.672 142.701 263.207 142.701 263.207 230.364 226.672 230.364
226.756 142.093 263.291 142.093 263.291 229.757 226.756 229.757
226.943 141.902 263.477 141.902 263.477 229.570 226.943 229.570
227.078 141.347 263.612 141.347 263.612 229.018 227.078 229.018
226.938 141.190 263.472 141.190 263.472 228.863 226.938 228.863
226.334 142.136 262.867 142.136 262.867 229.814 226.334 229.814
226.860 141.157 263.393 141.157 263.393 228.836 226.860 228.836
226.590 141.994 263.123 141.994 263.123 229.675 226.590 229.675
227.033 141.884 263.566 141.884 263.566 229.567 227.033 229.567
227.255 142.318 263.788 142.318 263.788 230.003 227.255 230.003
227.283 141.868 263.816 141.868 263.816 229.555 227.283 229.555
227.453 141.407 263.985 141.407 263.985 229.096 227.453 229.096
227.427 142.048 263.958 142.048 263.958 229.743 227.427 229.743
227.491 141.673 264.022 141.673 264.022 229.370 227.491 229.370
227.473 141.413 264.004 141.413 264.004 229.112 227.473 229.112
227.378 141.501 263.908 141.501 263.908 229.203 227.378 229.203
227.451 142.628 263.981 142.628 263.981 230.334 227.451 230.334
227.341 142.428 263.871 142.428 263.871 230.137 227.341 230.137
227.485 142.086 264.014 142.086 264.014 229.798 227.485 229.798
227.348 141.632 263.877 141.632 263.877 229.346 227.348 229.346
227.388 140.753 263.917 140.753 263.917 228.469 227.388 228.469
227.074 141.092 263.602 141.092 263.602 228.811 227.074 228.811
227.129 141.507 263.657 141.507 263.657 229.231 227.129 229.231
227.246 142.065 263.774 142.065 263.774 229.791 227.246 229.791
227.169 142.346 263.697 142.346 263.697 230.074 227.169 230.074
227.389 142.071 263.916 142.071 263.916 229.801 227.389 229.801
227.246 140.996 263.773 140.996 263.773 228.728 227.246 228.728
227.370 141.776 263.897 141.776 263.897 229.511 227.370 229.511
227.628 141.490 264.154 141.490 264.154 229.228 227.628 229.228
227.479 140.753 264.005 140.753 264.005 228.493 227.479 228.493
227.413 142.412 263.938 142.412 263.938 230.157 227.413 230.157
227.412 142.330 263.937 142.330 263.937 230.078 227.412 230.078
227.416 142.134 263.941 142.134 263.941 229.885 227.416 229.885
227.745 140.876 264.269 140.876 264.269 228.628 227.745 228.628
227.276 141.922 263.800 141.922 263.800 229.678 227.276 229.678
227.282 140.827 263.806 140.827 263.806 228.585 227.282 228.585
227.203 142.543 263.726 142.543 263.726 230.306 227.203 230.306
227.232 142.165 263.755 142.165 263.755 229.931 227.232 229.931
226.931 140.892 263.454 140.892 263.454 228.662 226.931 228.662
227.103 141.908 263.626 141.908 263.626 229.680 227.103 229.680
226.935 140.976 263.458 140.976 263.458 228.749 226.935 228.749
227.022 141.886 263.544 141.886 263.544 229.664 227.022 229.664
227.251 141.541 263.773 141.541 263.773 229.321 227.251 229.321
227.198 141.155 263.720 141.155 263.720 228.938 227.198 228.938
227.309 140.603 263.831 140.603 263.831 228.388 227.309 228.388
227.422 141.117 263.944 141.117 263.944 228.904 227.422 228.904
227.438 141.503 263.959 141.503 263.959 229.293 227.438 229.293
227.897 140.840 264.418 140.840 264.418 228.631 227.897 228.631
227.786 141.746 264.306 141.746 264.306 229.544 227.786 229.544
227.579 143.329 264.098 143.329 264.098 231.133 227.579 231.133
227.263 142.042 263.782 142.042 263.782 229.847 227.263 229.847
227.188 142.289 263.706 142.289 263.706 230.098 227.188 230.098
227.431 141.536 263.949 141.536 263.949 229.347 227.431 229.347
227.862 140.619 264.380 140.619 264.380 228.432 227.862 228.432
227.817 141.178 264.334 141.178 264.334 228.993 227.817 228.993
227.534 141.169 264.051 141.169 264.051 228.986 227.534 228.986
227.741 142.350 264.258 142.350 264.258 230.170 227.741 230.170
227.834 142.315 264.351 142.315 264.351 230.137 227.834 230.137
227.623 142.804 264.139 142.804 264.139 230.629 227.623 230.629
227.152 142.277 263.668 142.277 263.668 230.104 227.152 230.104
227.324 141.343 263.840 141.343 263.840 229.172 227.324 229.172
227.244 142.197 263.759 142.197 263.759 230.030 227.244 230.030
227.344 141.083 263.859 141.083 263.859 228.918 227.344 228.918
227.005 141.949 263.520 141.949 263.520 229.789 227.005 229.789
226.867 141.359 263.382 141.359 263.382 229.200 226.867 229.200
226.633 142.043 263.148 142.043 263.148 229.887 226.633 229.887
226.680 142.050 263.194 142.050 263.194 229.896 226.680 229.896
226.808 141.027 263.322 141.027 263.322 228.873 226.808 228.873
226.987 140.928 263.501 140.928 263.501 228.776 226.987 228.776
