417.000 306.000 596.000 306.000 596.000 418.000 417.000 418.000
415.537 298.940 596.635 298.940 596.635 412.070 415.537 412.070
412.865 296.476 595.469 296.476 595.469 409.869 412.865 409.869
399.872 290.850 584.134 290.850 584.134 403.680 399.872 403.680
396.421 287.151 581.087 287.151 581.087 399.791 396.421 399.791
386.088 283.098 571.152 283.098 571.152 395.866 386.088 395.866
382.521 278.312 567.301 278.312 567.301 390.783 382.521 390.783
374.301 275.327 557.718 275.327 557.718 388.077 374.301 388.077
371.380 272.724 553.745 272.724 553.745 384.643 371.380 384.643
368.251 269.274 549.423 269.274 549.423 380.581 368.251 380.581
361.868 266.011 541.699 266.011 541.699 376.898 361.868 376.898
357.716 263.459 536.159 263.459 536.159 373.090 357.716 373.090
352.781 259.606 529.010 259.606 529.010 368.160 352.781 368.160
347.334 257.280 522.295 257.280 522.295 364.521 347.334 364.521
344.740 255.973 518.268 255.973 518.268 361.332 344.740 361.332
340.164 255.386 511.947 255.386 511.947 359.219 340.164 359.219
336.287 252.645 503.965 252.645 503.965 354.809 336.287 354.809
330.096 249.621 496.035 249.621 496.035 350.050 330.096 350.050
328.441 247.375 490.276 247.375 490.276 345.458 328.441 345.458
322.298 245.189 482.788 245.189 482.788 341.448 322.298 341.448
316.674 243.647 474.830 243.647 474.830 338.038 316.674 338.038
317.129 242.323 472.982 242.323 472.982 334.765 317.129 334.765
312.118 241.724 466.315 241.724 466.315 332.825 312.118 332.825
308.213 236.878 459.651 236.878 459.651 326.003 308.213 326.003
305.323 238.454 453.507 238.454 453.507 325.319 305.323 325.319
300.838 236.258 448.125 236.258 448.125 321.591 300.838 321.591
296.859 231.525 442.390 231.525 442.390 315.399 296.859 315.399
295.368 230.905 439.000 230.905 439.000 313.990 295.368 313.990
290.903 227.835 432.782 227.835 432.782 310.253 290.903 310.253
287.338 227.127 427.680 227.127 427.680 308.236 287.338 308.236
284.197 224.315 422.790 224.315 422.790 304.134 284.197 304.134
280.946 223.680 417.906 223.680 417.906 302.888 280.946 302.888
278.468 220.168 413.940 220.168 413.940 298.085 278.468 298.085
276.872 218.852 410.734 218.852 410.734 295.994 276.872 295.994
273.292 217.480 405.668 217.480 405.668 294.377 273.292 294.377
271.245 215.127 401.648 215.127 401.648 291.516 271.245 291.516
269.848 212.830 398.486 212.830 398.486 288.471 269.848 288.471
265.066 210.707 392.420 210.707 392.420 285.649 265.066 285.649
263.048 210.281 388.323 210.281 388.323 284.726 263.048 284.726
259.580 208.831 383.147 208.831 383.147 282.598 259.580 282.598
257.863 207.685 379.869 207.685 379.869 280.393 257.863 280.393
256.577 205.967 376.955 205.967 376.955 277.808 256.577 277.808
252.969 204.956 372.248 204.956 372.248 275.968 252.969 275.968
252.342 202.443 369.805 202.443 369.805 272.752 252.342 272.752
250.063 202.265 365.808 202.265 365.808 271.946 250.063 271.946
248.147 200.559 362.575 200.559 362.575 269.165 248.147 269.165
244.937 202.174 357.483 202.174 357.483 269.781 244.937 269.781
246.892 197.681 357.844 197.681 357.844 264.415 246.892 264.415
243.865 197.023 353.693 197.023 353.693 263.116 243.865 263.116
242.267 195.412 350.275 195.412 350.275 260.933 242.267 260.933
240.598 195.009 346.954 195.009 346.954 259.701 240.598 259.701
239.897 192.331 344.117 192.331 344.117 256.547 239.897 256.547
238.642 192.456 341.205 192.456 341.205 256.050 238.642 256.050
238.967 190.039 339.492 190.039 339.492 253.267 238.967 253.267
237.124 190.180 336.184 190.180 336.184 252.748 237.124 252.748
238.234 189.374 336.183 189.374 336.183 250.808 238.234 250.808
238.410 188.182 335.021 188.182 335.021 248.804 238.410 248.804
237.487 187.311 333.082 187.311 333.082 246.816 237.487 246.816
238.411 186.391 332.772 186.391 332.772 245.316 238.411 245.316
237.210 184.867 330.614 184.867 330.614 243.218 237.210 243.218
236.490 184.197 329.151 184.197 329.151 241.791 236.490 241.791
237.461 183.995 329.224 183.995 329.224 240.713 237.461 240.713
237.882 181.745 328.952 181.745 328.952 237.959 237.882 237.959
238.657 180.477 328.830 180.477 328.830 236.214 238.657 236.214
238.174 179.790 327.696 179.790 327.696 234.901 238.174 234.901
234.395 179.328 321.753 179.328 321.753 234.204 234.395 234.204
238.323 178.633 324.971 178.633 324.971 232.944 238.323 232.944
240.371 176.743 326.327 176.743 326.327 230.681 240.371 230.681
235.982 177.976 320.337 177.976 320.337 231.571 235.982 231.571
237.889 176.350 320.979 176.350 320.979 229.627 237.889 229.627
238.685 174.369 320.535 174.369 320.535 227.278 238.685 227.278
237.949 173.016 318.893 173.016 318.893 225.700 237.949 225.700
239.745 171.972 320.011 171.972 320.011 224.148 239.745 224.148
240.807 171.684 319.715 171.684 319.715 223.863 240.807 223.863
239.807 169.777 318.179 169.777 318.179 221.281 239.807 221.281
240.783 169.604 318.163 169.604 318.163 220.687 240.783 220.687
242.740 169.283 319.448 169.283 319.448 219.949 242.740 219.949
242.988 168.570 319.380 168.570 319.380 218.673 242.988 218.673
244.937 166.676 321.430 166.676 321.430 216.414 244.937 216.414
243.763 167.154 319.550 167.154 319.550 216.634 243.763 216.634
245.353 165.562 320.439 165.562 320.439 214.814 245.353 214.814
246.374 164.730 320.982 164.730 320.982 213.618 246.374 213.618
248.493 164.072 323.261 164.072 323.261 212.416 248.493 212.416
248.876 164.648 323.267 164.648 323.267 212.392 248.876 212.392
248.823 163.491 323.175 163.491 323.175 210.774 248.823 210.774
250.776 162.872 324.537 162.872 324.537 209.791 250.776 209.791
251.763 162.344 325.112 162.344 325.112 208.992 251.763 208.992
253.453 161.639 326.658 161.639 326.658 207.700 253.453 207.700
254.717 160.446 327.131 160.446 327.131 206.427 254.717 206.427
256.848 159.714 329.008 159.714 329.008 205.284 256.848 205.284
257.652 158.397 329.902 158.397 329.902 203.589 257.652 203.589
259.657 158.024 331.452 158.024 331.452 202.617 259.657 202.617
260.774 156.521 332.685 156.521 332.685 200.943 260.774 200.943
262.961 154.498 334.897 154.498 334.897 198.575 262.961 198.575
263.667 153.862 335.360 153.862 335.360 197.823 263.667 197.823
265.554 153.706 336.934 153.706 336.934 197.699 265.554 197.699
268.098 152.395 339.708 152.395 339.708 196.047 268.098 196.047
268.447 151.682 339.853 151.682 339.853 195.383 268.447 195.383
271.143 152.052 341.850 152.052 341.850 195.449 271.143 195.449
272.290 148.687 342.874 148.687 342.874 191.904 272.290 191.904
275.256 148.448 345.457 148.448 345.457 191.871 275.256 191.871
277.604 148.537 347.985 148.537 347.985 191.491 277.604 191.491
278.758 147.464 349.067 147.464 349.067 190.526 278.758 190.526
280.761 147.280 351.036 147.280 351.036 190.065 280.761 190.065
281.950 146.821 352.255 146.821 352.255 189.256 281.950 189.256
285.477 146.140 355.775 146.140 355.775 188.362 285.477 188.362
284.033 147.413 354.684 147.413 354.684 189.336 284.033 189.336
285.135 145.552 355.845 145.552 355.845 187.339 285.135 187.339
287.523 145.581 357.474 145.581 357.474 187.340 287.523 187.340
289.244 144.471 359.563 144.471 359.563 186.059 289.244 186.059
291.863 143.111 362.149 143.111 362.149 184.818 291.863 184.818
293.942 142.672 363.275 142.672 363.275 184.894 293.942 184.894
296.448 142.583 365.275 142.583 365.275 185.191 296.448 185.191
297.701 141.298 366.050 141.298 366.050 184.180 297.701 184.180
299.999 141.629 368.236 141.629 368.236 184.565 299.999 184.565
301.980 141.714 369.528 141.714 369.528 184.830 301.980 184.830
306.068 138.034 373.294 138.034 373.294 181.278 306.068 181.278
305.375 137.709 372.197 137.709 372.197 180.893 305.375 180.893
306.774 138.165 373.136 138.165 373.136 181.289 306.774 181.289
308.846 136.137 374.939 136.137 374.939 178.861 308.846 178.861
311.204 135.536 376.985 135.536 376.985 177.773 311.204 177.773
313.642 134.775 379.061 134.775 379.061 176.826 313.642 176.826
315.774 135.482 380.934 135.482 380.934 177.263 315.774 177.263
318.041 135.247 383.424 135.247 383.424 176.450 318.041 176.450
320.999 132.461 386.589 132.461 386.589 173.305 320.999 173.305
322.245 132.442 387.933 132.442 387.933 172.922 322.245 172.922
323.962 132.411 389.673 132.411 389.673 172.431 323.962 172.431
325.071 132.262 391.137 132.262 391.137 171.803 325.071 171.803
326.293 132.985 392.869 132.985 392.869 172.142 326.293 172.142
330.073 131.875 396.719 131.875 396.719 170.744 330.073 170.744
330.366 129.886 397.540 129.886 397.540 168.232 330.366 168.232
331.872 129.323 399.023 129.323 399.023 167.352 331.872 167.352
333.918 130.532 400.939 130.532 400.939 168.405 333.918 168.405
336.240 128.771 403.260 128.771 403.260 166.363 336.240 166.363
339.036 128.422 405.508 128.422 405.508 165.829 339.036 165.829
341.004 127.005 407.429 127.005 407.429 164.209 341.004 164.209
343.908 126.926 410.315 126.926 410.315 163.984 343.908 163.984
347.189 126.427 413.521 126.427 413.521 163.199 347.189 163.199
349.512 125.845 415.794 125.845 415.794 162.454 349.512 162.454
352.311 126.099 418.499 126.099 418.499 162.337 352.311 162.337
355.245 125.081 421.325 125.081 421.325 161.177 355.245 161.177
357.721 124.641 423.768 124.641 423.768 160.756 357.721 160.756
359.551 123.460 425.465 123.460 425.465 159.478 359.551 159.478
361.256 123.966 426.984 123.966 426.984 159.706 361.256 159.706
364.325 122.282 429.869 122.282 429.869 157.960 364.325 157.960
366.700 122.344 432.247 122.344 432.247 157.950 366.700 157.950
369.748 122.314 435.244 122.314 435.244 157.789 369.748 157.789
370.588 121.748 435.774 121.748 435.774 157.194 370.588 157.194
372.479 122.479 437.488 122.479 437.488 157.704 372.479 157.704
374.213 121.043 439.160 121.043 439.160 155.769 374.213 155.769
376.583 121.423 441.578 121.423 441.578 156.185 376.583 156.185
378.991 119.533 443.996 119.533 443.996 154.136 378.991 154.136
380.649 120.654 445.493 120.654 445.493 155.127 380.649 155.127
382.042 119.510 447.079 119.510 447.079 153.641 382.042 153.641
384.247 119.260 448.323 119.260 448.323 153.701 384.247 153.701
386.834 118.510 450.034 118.510 450.034 152.949 386.834 152.949
390.213 117.397 453.060 117.397 453.060 151.529 390.213 151.529
394.626 117.162 456.043 117.162 456.043 151.850 394.626 151.850
396.354 118.420 457.105 118.420 457.105 153.265 396.354 153.265
399.214 117.216 458.459 117.216 458.459 152.671 399.214 152.671
402.211 114.912 460.759 114.912 460.759 150.092 402.211 150.092
403.532 115.995 461.949 115.995 461.949 150.661 403.532 150.661
406.365 114.958 464.414 114.958 464.414 149.214 406.365 149.214
409.119 115.336 467.325 115.336 467.325 148.970 409.119 148.970
411.797 115.573 469.789 115.573 469.789 148.933 411.797 148.933
414.913 114.111 472.488 114.111 472.488 147.298 414.913 147.298
415.732 114.337 473.155 114.337 473.155 146.947 415.732 146.947
418.434 113.557 475.552 113.557 475.552 145.895 418.434 145.895
419.909 114.151 476.606 114.151 476.606 146.267 419.909 146.267
422.928 113.816 479.195 113.816 479.195 145.906 422.928 145.906
425.454 112.515 481.112 112.515 481.112 144.593 425.454 144.593
425.828 112.580 480.834 112.580 480.834 144.437 425.828 144.437
428.204 112.133 482.475 112.133 482.475 143.810 428.204 143.810
430.202 111.321 483.914 111.321 483.914 142.620 430.202 142.620
431.020 111.287 484.072 111.287 484.072 142.357 431.020 142.357
433.170 110.838 485.500 110.838 485.500 141.520 433.170 141.520
434.499 110.769 486.216 110.769 486.216 141.360 434.499 141.360
436.180 110.760 487.505 110.760 487.505 141.171 436.180 141.171
436.366 111.181 487.344 111.181 487.344 141.378 436.366 141.378
438.091 110.802 488.920 110.802 488.920 140.870 438.091 140.870
