511.000 74.000 538.000 74.000 538.000 125.000 511.000 125.000
515.266 71.152 542.018 71.152 542.018 122.663 515.266 122.663
515.996 72.312 542.568 72.312 542.568 123.893 515.996 123.893
516.352 70.872 542.786 70.872 542.786 122.444 516.352 122.444
517.641 68.606 543.825 68.606 543.825 120.420 517.641 120.420
518.525 70.158 544.627 70.158 544.627 121.914 518.525 121.914
519.773 70.344 545.874 70.344 545.874 121.596 519.773 121.596
521.502 70.527 547.538 70.527 547.538 121.388 521.502 121.388
521.997 70.135 547.988 70.135 547.988 120.977 521.997 120.977
523.259 73.009 549.296 73.009 549.296 123.561 523.259 123.561
522.633 69.749 548.722 69.749 548.722 120.656 522.633 120.656
523.973 70.885 549.928 70.885 549.928 121.655 523.973 121.655
525.613 71.878 551.605 71.878 551.605 122.661 525.613 122.661
526.024 71.540 552.153 71.540 552.153 122.464 526.024 122.464
526.662 72.123 552.892 72.123 552.892 123.050 526.662 123.050
526.412 72.310 552.682 72.310 552.682 123.414 526.412 123.414
527.555 73.430 554.044 73.430 554.044 124.355 527.555 124.355
527.921 72.953 554.570 72.953 554.570 123.807 527.921 123.807
527.904 72.800 554.614 72.800 554.614 123.631 527.904 123.631
527.689 71.532 554.481 71.532 554.481 122.538 527.689 122.538
528.624 72.377 555.233 72.377 555.233 123.708 528.624 123.708
529.283 72.184 555.842 72.184 555.842 123.457 529.283 123.457
528.965 72.695 555.450 72.695 555.450 123.951 528.965 123.951
529.085 73.517 555.517 73.517 555.517 124.592 529.085 124.592
528.612 72.478 554.943 72.478 554.943 123.572 528.612 123.572
528.978 71.501 555.358 71.501 555.358 122.439 528.978 122.439
528.857 73.359 555.127 73.359 555.127 123.981 528.857 123.981
529.217 72.225 555.528 72.225 555.528 122.586 529.217 122.586
529.336 72.318 555.420 72.318 555.420 122.597 529.336 122.597
529.141 72.619 555.050 72.619 555.050 122.719 529.141 122.719
529.783 72.070 555.513 72.070 555.513 122.067 529.783 122.067
530.022 72.670 555.655 72.670 555.655 122.668 530.022 122.668
530.191 72.266 555.531 72.266 555.531 122.357 530.191 122.357
530.100 72.392 555.359 72.392 555.359 122.463 530.100 122.463
529.544 72.510 554.790 72.510 554.790 122.384 529.544 122.384
529.661 72.825 554.973 72.825 554.973 122.359 529.661 122.359
529.727 72.655 554.904 72.655 554.904 122.034 529.727 122.034
533.081 73.550 557.972 73.550 557.972 122.721 533.081 122.721
532.338 73.686 557.152 73.686 557.152 122.557 532.338 122.557
531.687 72.923 556.505 72.923 556.505 121.539 531.687 121.539
541.760 74.565 566.325 74.565 566.325 123.298 541.760 123.298
542.755 77.068 567.358 77.068 567.358 125.775 542.755 125.775
542.934 77.499 567.625 77.499 567.625 126.391 542.934 126.391
542.574 78.970 567.202 78.970 567.202 128.033 542.574 128.033
542.564 79.891 567.290 79.891 567.290 129.250 542.564 129.250
542.269 79.442 567.038 79.442 567.038 129.084 542.269 129.084
541.641 79.061 566.532 79.061 566.532 128.940 541.641 128.940
541.156 79.105 566.070 79.105 566.070 129.145 541.156 129.145
540.616 79.656 565.431 79.656 565.431 130.384 540.616 130.384
540.472 79.011 565.180 79.011 565.180 130.425 540.472 130.425
540.158 78.665 564.746 78.665 564.746 131.189 540.158 131.189
540.352 77.733 564.989 77.733 564.989 130.972 540.352 130.972
540.101 76.900 564.864 76.900 564.864 130.591 540.101 130.591
539.956 76.828 564.673 76.828 564.673 131.277 539.956 131.277
540.781 76.838 565.488 76.838 565.488 131.852 540.781 131.852
540.434 76.680 565.153 76.680 565.153 132.257 540.434 132.257
540.928 76.209 565.769 76.209 565.769 132.262 540.928 132.262
541.659 76.061 566.587 76.061 566.587 132.337 541.659 132.337
542.036 75.945 567.178 75.945 567.178 132.373 542.036 132.373
542.010 74.220 567.330 74.220 567.330 131.037 542.010 131.037
542.004 74.587 567.509 74.587 567.509 131.603 542.004 131.603
543.112 74.670 568.893 74.670 568.893 131.646 543.112 131.646
542.684 75.048 568.591 75.048 568.591 132.198 542.684 132.198
542.405 74.244 568.552 74.244 568.552 131.499 542.405 131.499
543.120 74.658 569.432 74.658 569.432 131.845 543.120 131.845
542.834 74.247 569.425 74.247 569.425 131.490 542.834 131.490
543.780 74.149 570.566 74.149 570.566 131.874 543.780 131.874
542.654 73.818 569.708 73.818 569.708 131.666 542.654 131.666
543.206 74.733 570.478 74.733 570.478 132.691 543.206 132.691
543.062 74.075 570.624 74.075 570.624 132.050 543.062 132.050
542.187 74.899 570.143 74.899 570.143 132.972 542.187 132.972
542.345 74.002 570.548 74.002 570.548 131.711 542.345 131.711
542.139 74.064 570.409 74.064 570.409 131.618 542.139 131.618
542.576 73.703 570.774 73.703 570.774 131.220 542.576 131.220
542.685 74.256 570.797 74.256 570.797 131.657 542.685 131.657
542.899 73.293 571.082 73.293 571.082 130.830 542.899 130.830
544.451 73.217 572.554 73.217 572.554 131.060 544.451 131.060
544.825 72.886 573.083 72.886 573.083 130.743 544.825 130.743
545.339 74.041 573.560 74.041 573.560 132.109 545.339 132.109
545.944 73.643 574.229 73.643 574.229 131.903 545.944 131.903
546.669 72.364 575.119 72.364 575.119 130.646 546.669 130.646
547.717 73.377 576.102 73.377 576.102 131.786 547.717 131.786
547.295 73.326 575.888 73.326 575.888 131.708 547.295 131.708
548.016 73.060 576.763 73.060 576.763 131.362 548.016 131.362
548.328 72.446 577.215 72.446 577.215 131.078 548.328 131.078
548.685 72.241 577.600 72.241 577.600 131.096 548.685 131.096
548.031 72.023 576.981 72.023 576.981 131.395 548.031 131.395
548.410 73.049 577.689 73.049 577.689 132.092 548.410 132.092
546.919 73.299 576.620 73.299 576.620 131.837 546.919 131.837
545.077 74.407 575.132 74.407 575.132 132.679 545.077 132.679
543.160 74.168 573.798 74.168 573.798 131.881 543.160 131.881
542.031 73.370 572.740 73.370 572.740 130.922 542.031 130.922
540.768 73.297 571.627 73.297 571.627 130.353 540.768 130.353
539.344 73.219 570.105 73.219 570.105 130.086 539.344 130.086
538.095 74.311 568.642 74.311 568.642 131.278 538.095 131.278
537.081 74.390 567.573 74.390 567.573 131.248 537.081 131.248
536.428 74.765 567.084 74.765 567.084 131.109 536.428 131.109
535.066 75.197 565.683 75.197 565.683 131.454 535.066 131.454
534.833 76.148 565.361 76.148 565.361 132.025 534.833 132.025
534.350 76.959 564.777 76.959 564.777 132.366 534.350 132.366
534.020 77.806 564.539 77.806 564.539 132.551 534.020 132.551
533.568 77.899 563.872 77.899 563.872 132.570 533.568 132.570
533.248 78.991 563.426 78.991 563.426 133.208 533.248 133.208
533.019 80.123 562.964 80.123 562.964 134.005 533.019 134.005
532.609 81.165 562.566 81.165 562.566 134.701 532.609 134.701
532.360 81.688 562.164 81.688 562.164 134.745 532.360 134.745
532.248 82.183 562.102 82.183 562.102 134.423 532.248 134.423
532.461 83.091 562.141 83.091 562.141 134.476 532.461 134.476
532.968 83.695 562.340 83.695 562.340 134.736 532.968 134.736
533.395 83.702 562.522 83.702 562.522 134.445 533.395 134.445
533.341 83.620 562.495 83.620 562.495 133.697 533.341 133.697
533.670 84.944 562.437 84.944 562.437 134.878 533.670 134.878
533.558 84.397 562.388 84.397 562.388 133.639 533.558 133.639
533.685 85.370 562.383 85.370 562.383 134.414 533.685 134.414
533.805 86.432 562.530 86.432 562.530 134.918 533.805 134.918
534.166 87.096 562.896 87.096 562.896 134.843 534.166 134.843
534.631 86.840 563.273 86.840 563.273 134.188 534.631 134.188
535.091 87.553 563.693 87.553 563.693 134.347 535.091 134.347
535.773 87.117 564.158 87.117 564.158 133.606 535.773 133.606
536.077 87.109 564.230 87.109 564.230 133.401 536.077 133.401
536.709 89.422 564.654 89.422 564.654 135.282 536.709 135.282
536.753 87.897 564.610 87.897 564.610 133.158 536.753 133.158
537.112 88.249 564.802 88.249 564.802 133.145 537.112 133.145
537.755 88.010 565.074 88.010 565.074 132.759 537.755 132.759
537.911 88.665 565.035 88.665 565.035 133.338 537.911 133.338
537.964 88.721 564.832 88.721 564.832 133.330 537.964 133.330
537.969 88.282 564.543 88.282 564.543 132.839 537.969 132.839
538.157 87.208 564.483 87.208 564.483 131.621 538.157 131.621
538.363 86.974 564.236 86.974 564.236 131.492 538.363 131.492
538.343 85.537 564.028 85.537 564.028 130.035 538.343 130.035
537.498 85.881 563.119 85.881 563.119 130.431 537.498 130.431
536.633 86.053 562.342 86.053 562.342 130.561 536.633 130.561
536.489 85.223 562.160 85.223 562.160 130.245 536.489 130.245
535.493 85.251 561.380 85.251 561.380 130.410 535.493 130.410
535.273 84.519 560.892 84.519 560.892 130.453 535.273 130.453
534.770 84.835 560.395 84.835 560.395 130.994 534.770 130.994
534.657 84.855 560.415 84.855 560.415 131.191 534.657 131.191
534.777 83.645 560.529 83.645 560.529 130.093 534.777 130.093
534.625 85.019 560.626 85.019 560.626 131.536 534.625 131.536
534.652 84.719 560.780 84.719 560.780 131.229 534.652 131.229
534.709 84.502 560.958 84.502 560.958 130.919 534.709 130.919
534.382 84.415 560.795 84.415 560.795 130.891 534.382 130.891
533.820 83.850 560.349 83.850 560.349 130.303 533.820 130.303
533.638 84.462 560.287 84.462 560.287 131.053 533.638 131.053
533.947 84.444 560.501 84.444 560.501 131.231 533.947 131.231
533.819 84.083 560.480 84.083 560.480 130.866 533.819 130.866
533.526 83.540 560.407 83.540 560.407 130.028 533.526 130.028
533.562 83.831 560.213 83.831 560.213 130.568 533.562 130.568
533.097 83.364 559.847 83.364 559.847 130.058 533.097 130.058
533.246 83.793 559.909 83.793 559.909 130.560 533.246 130.560
532.368 83.253 559.248 83.253 559.248 130.001 532.368 130.001
531.452 83.836 558.630 83.836 558.630 130.623 531.452 130.623
530.888 83.458 557.984 83.458 557.984 130.676 530.888 130.676
530.798 83.126 558.112 83.126 558.112 130.301 530.798 130.301
530.975 82.422 558.316 82.422 558.316 129.811 530.975 129.811
531.496 82.289 558.902 82.289 558.902 129.811 531.496 129.811
531.969 82.503 559.293 82.503 559.293 130.453 531.969 130.453
532.776 81.829 559.938 81.829 559.938 129.946 532.776 129.946
533.575 84.588 560.976 84.588 560.976 133.152 533.575 133.152
533.656 83.643 561.490 83.643 561.490 131.699 533.656 131.699
532.742 85.568 560.451 85.568 560.451 133.783 532.742 133.783
527.228 86.743 554.855 86.743 554.855 134.927 527.228 134.927
516.870 87.404 544.204 87.404 544.204 135.293 516.870 135.293
510.877 88.962 538.145 88.962 538.145 136.324 510.877 136.324
500.478 90.337 527.821 90.337 527.821 137.037 500.478 137.037
494.901 90.055 521.993 90.055 521.993 136.610 494.901 136.610
484.267 90.282 511.504 90.282 511.504 135.786 484.267 135.786
483.097 88.292 510.326 88.292 510.326 133.279 483.097 133.279
481.935 91.205 509.456 91.205 509.456 135.323 481.935 135.323
480.829 90.344 508.353 90.344 508.353 134.325 480.829 134.325
480.216 89.238 507.799 89.238 507.799 133.079 480.216 133.079
479.416 90.698 507.228 90.698 507.228 133.996 479.416 133.996
479.132 89.412 506.914 89.412 506.914 132.662 479.132 132.662
478.811 90.790 506.815 90.790 506.815 133.273 478.811 133.273
478.310 90.732 506.422 90.732 506.422 132.742 478.310 132.742
478.023 90.758 506.169 90.758 506.169 132.578 478.023 132.578
477.690 90.497 506.058 90.497 506.058 131.957 477.690 131.957
477.228 90.087 505.623 90.087 505.623 131.654 477.228 131.654
476.421 90.354 504.815 90.354 504.815 132.086 476.421 132.086
475.880 88.396 504.407 88.396 504.407 130.386 475.880 130.386
475.627 86.816 504.136 86.816 504.136 129.474 475.627 129.474
475.405 88.098 503.683 88.098 503.683 131.523 475.405 131.523
474.848 87.075 502.947 87.075 502.947 130.846 474.848 130.846
474.280 85.493 502.191 85.493 502.191 129.912 474.280 129.912
474.169 86.034 501.832 86.034 501.832 131.249 474.169 131.249
473.755 86.259 501.431 86.259 501.431 131.899 473.755 131.899
473.183 85.526 500.963 85.526 500.963 131.539 473.183 131.539
473.678 85.205 501.494 85.205 501.494 131.629 473.678 131.629
473.254 81.623 501.129 81.623 501.129 128.386 473.254 128.386
473.522 83.947 501.377 83.947 501.377 131.251 473.522 131.251
473.002 83.914 501.135 83.914 501.135 131.478 473.002 131.478
472.915 82.579 500.845 82.579 500.845 130.757 472.915 130.757
473.427 83.040 501.417 83.040 501.417 131.696 473.427 131.696
473.550 82.987 501.722 82.987 501.722 131.820 473.550 131.820
473.155 80.346 501.307 80.346 501.307 129.683 473.155 129.683
472.968 80.391 500.978 80.391 500.978 130.443 472.968 130.443
473.063 80.116 501.208 80.116 501.208 130.459 473.063 130.459
473.400 80.372 501.808 80.372 501.808 131.154 473.400 131.154
473.838 79.174 502.457 79.174 502.457 130.334 473.838 130.334
474.402 79.322 502.989 79.322 502.989 131.404 474.402 131.404
473.988 78.374 502.661 78.374 502.661 131.361 473.988 131.361
474.271 77.379 503.019 77.379 503.019 130.989 474.271 130.989
474.261 78.201 503.168 78.201 503.168 132.395 474.261 132.395
475.182 77.564 504.167 77.564 504.167 132.078 475.182 132.078
475.669 78.591 504.814 78.591 504.814 133.166 475.669 133.166
476.208 77.950 505.414 77.950 505.414 132.695 476.208 132.695
477.187 77.600 506.773 77.600 506.773 131.853 477.187 131.853
478.449 79.194 508.126 79.194 508.126 133.501 478.449 133.501
478.911 76.821 508.809 76.821 508.809 131.232 478.911 131.232
480.456 77.235 510.330 77.235 510.330 132.007 480.456 132.007
482.001 78.149 512.161 78.149 512.161 132.956 482.001 132.956
483.440 76.888 514.052 76.888 514.052 131.638 483.440 131.638
484.200 77.408 515.076 77.408 515.076 132.208 484.200 132.208
487.949 78.040 519.070 78.040 519.070 132.902 487.949 132.902
487.647 77.618 519.131 77.618 519.131 132.596 487.647 132.596
488.615 77.016 520.179 77.016 520.179 132.097 488.615 132.097
490.043 76.452 521.551 76.452 521.551 131.892 490.043 131.892
490.614 75.888 521.999 75.888 521.999 131.655 490.614 131.655
491.652 74.013 522.988 74.013 522.988 130.059 491.652 130.059
491.349 74.115 522.242 74.115 522.242 130.865 491.349 130.865
491.532 74.481 522.381 74.481 522.381 131.510 491.532 131.510
490.754 74.366 521.762 74.366 521.762 131.683 490.754 131.683
490.200 74.701 521.229 74.701 521.229 132.378 490.200 132.378
488.800 75.089 519.883 75.089 519.883 133.110 488.800 133.110
488.591 74.587 519.766 74.587 519.766 132.689 488.591 132.689
486.984 76.831 518.274 76.831 518.274 135.004 486.984 135.004
485.745 75.333 517.346 75.333 517.346 133.660 485.745 133.660
485.126 76.055 516.913 76.055 516.913 134.449 485.126 134.449
483.787 76.417 515.938 76.417 515.938 134.713 483.787 134.713
482.574 77.342 514.920 77.342 514.920 136.002 482.574 136.002
480.693 76.321 513.267 76.321 513.267 135.518 480.693 135.518
479.186 77.996 512.082 77.996 512.082 137.293 479.186 137.293
477.039 76.307 510.152 76.307 510.152 135.936 477.039 135.936
473.835 76.150 507.060 76.150 507.060 135.724 473.835 135.724
474.845 75.493 507.987 75.493 507.987 135.700 474.845 135.700
472.642 75.523 505.736 75.523 505.736 135.873 472.642 135.873
470.814 75.525 503.857 75.525 503.857 135.787 470.814 135.787
467.750 76.163 500.858 76.163 500.858 136.355 467.750 136.355
467.476 75.431 500.527 75.431 500.527 135.506 467.476 135.506
464.067 76.577 497.112 76.577 497.112 136.741 464.067 136.741
462.462 75.311 495.406 75.311 495.406 135.576 462.462 135.576
461.627 74.766 494.466 74.766 494.466 134.860 461.627 134.860
461.350 74.365 494.064 74.365 494.064 134.128 461.350 134.128
460.588 74.565 493.279 74.565 493.279 133.664 460.588 133.664
459.668 74.309 492.088 74.309 492.088 133.376 459.668 133.376
460.651 75.893 493.064 75.893 493.064 134.383 460.651 134.383
458.330 75.064 490.665 75.064 490.665 133.418 458.330 133.418
458.263 75.724 490.522 75.724 490.522 133.846 458.263 133.846
458.029 73.900 490.126 73.900 490.126 132.117 458.029 132.117
457.712 73.600 489.779 73.600 489.779 131.759 457.712 131.759
457.286 74.317 489.517 74.317 489.517 132.230 457.286 132.230
455.672 73.226 487.822 73.226 487.822 130.993 455.672 130.993
455.424 73.772 487.676 73.772 487.676 130.778 455.424 130.778
454.868 74.052 487.023 74.052 487.023 130.852 454.868 130.852
454.020 75.209 486.095 75.209 486.095 131.757 454.020 131.757
454.588 73.636 486.532 73.636 486.532 130.010 454.588 130.010
453.544 74.644 485.328 74.644 485.328 131.031 453.544 131.031
453.873 72.345 485.620 72.345 485.620 128.768 453.873 128.768
453.231 72.519 484.755 72.519 484.755 129.312 453.231 129.312
453.394 72.437 484.738 72.437 484.738 129.301 453.394 129.301
454.093 73.485 485.077 73.485 485.077 130.482 454.093 130.482
454.300 73.191 484.935 73.191 484.935 130.263 454.300 130.263
455.376 73.237 485.823 73.237 485.823 130.192 455.376 130.192
453.631 71.725 483.852 71.725 483.852 128.802 453.631 128.802
455.774 72.819 485.886 72.819 485.886 129.809 455.774 129.809
454.044 71.183 484.205 71.183 484.205 128.638 454.044 128.638
455.933 70.020 486.127 70.020 486.127 127.877 455.933 127.877
455.024 70.092 485.410 70.092 485.410 128.363 455.024 128.363
454.402 69.319 484.932 69.319 484.932 127.669 454.402 127.669
454.953 69.837 485.529 69.837 485.529 128.034 454.953 128.034
454.397 69.897 485.002 69.897 485.002 128.003 454.397 128.003
457.484 71.855 488.107 71.855 488.107 129.820 457.484 129.820
457.510 69.040 488.364 69.040 488.364 126.864 457.510 126.864
458.165 70.052 489.020 70.052 489.020 127.868 458.165 127.868
458.144 68.533 489.105 68.533 489.105 126.497 458.144 126.497
457.088 67.794 488.206 67.794 488.206 125.764 457.088 125.764
456.632 68.048 487.631 68.048 487.631 126.355 456.632 126.355
459.844 69.517 490.684 69.517 490.684 127.776 459.844 127.776
458.533 67.628 489.588 67.628 489.588 125.358 458.533 125.358
461.282 69.197 492.225 69.197 492.225 126.844 461.282 126.844
460.369 66.934 491.256 66.934 491.256 124.630 460.369 124.630
461.500 67.067 492.104 67.067 492.104 125.321 461.500 125.321
462.073 67.101 492.691 67.101 492.691 125.133 462.073 125.133
461.635 66.102 492.158 66.102 492.158 124.481 461.635 124.481
462.505 66.884 492.895 66.884 492.895 125.527 462.505 125.527
462.558 66.789 492.989 66.789 492.989 125.349 462.558 125.349
462.494 66.732 492.934 66.732 492.934 125.325 462.494 125.325
462.529 66.924 493.154 66.924 493.154 125.304 462.529 125.304
462.947 66.018 493.924 66.018 493.924 123.906 462.947 123.906
463.227 64.542 494.417 64.542 494.417 122.564 463.227 122.564
463.386 64.723 494.708 64.723 494.708 122.903 463.386 122.903
463.524 65.674 494.864 65.674 494.864 123.917 463.524 123.917
463.803 65.518 495.300 65.518 495.300 123.560 463.803 123.560
464.312 65.690 495.608 65.690 495.608 123.862 464.312 123.862
465.486 64.775 496.558 64.775 496.558 123.069 465.486 123.069
466.442 64.221 497.294 64.221 497.294 122.446 466.442 122.446
467.571 64.930 498.511 64.930 498.511 122.834 467.571 122.834
468.330 63.607 499.146 63.607 499.146 121.926 468.330 121.926
468.038 61.999 499.002 61.999 499.002 120.651 468.038 120.651
468.771 62.426 499.506 62.426 499.506 121.282 468.771 121.282
468.110 63.171 498.953 63.171 498.953 121.979 468.110 121.979
468.787 63.364 499.706 63.364 499.706 121.395 468.787 121.395
468.977 62.727 499.870 62.727 499.870 120.452 468.977 120.452
469.294 62.467 500.165 62.467 500.165 120.109 469.294 120.109
469.858 60.809 500.648 60.809 500.648 118.790 469.858 118.790
470.506 61.401 501.197 61.401 501.197 119.371 470.506 119.371
471.414 61.779 502.006 61.779 502.006 119.559 471.414 119.559
471.342 61.150 501.820 61.150 501.820 118.805 471.342 118.805
472.662 61.817 503.040 61.817 503.040 119.194 472.662 119.194
473.599 61.848 503.703 61.848 503.703 119.360 473.599 119.360
474.034 61.307 504.000 61.307 504.000 118.871 474.034 118.871
475.470 60.884 505.335 60.884 505.335 118.487 475.470 118.487
475.466 59.355 505.253 59.355 505.253 117.268 475.466 117.268
476.053 59.092 505.753 59.092 505.753 117.252 476.053 117.252
476.528 58.989 506.439 58.989 506.439 117.005 476.528 117.005
476.874 59.975 506.836 59.975 506.836 117.943 476.874 117.943
476.908 59.774 506.853 59.774 506.853 117.600 476.908 117.600
478.076 59.991 508.047 59.991 508.047 117.653 478.076 117.653
477.179 58.461 507.452 58.461 507.452 115.941 477.179 115.941
477.566 56.909 507.654 56.909 507.654 114.815 477.566 114.815
478.535 56.405 508.628 56.405 508.628 114.651 478.535 114.651
478.511 55.982 508.762 55.982 508.762 114.193 478.511 114.193
478.912 57.187 509.129 57.187 509.129 114.906 478.912 114.906
479.694 57.993 509.911 57.993 509.911 115.502 479.694 115.502
480.127 57.731 510.133 57.731 510.133 115.124 480.127 115.124
481.368 57.743 511.336 57.743 511.336 114.867 481.368 114.867
481.695 55.962 511.709 55.962 511.709 112.928 481.695 112.928
482.636 54.724 512.463 54.724 512.463 112.023 482.636 112.023
482.240 53.750 512.029 53.750 512.029 111.357 482.240 111.357
482.835 53.634 512.642 53.634 512.642 111.287 482.835 111.287
