491.000 93.000 588.000 93.000 588.000 146.000 491.000 146.000
488.431 89.347 584.396 89.347 584.396 143.465 488.431 143.465
484.700 90.173 580.249 90.173 580.249 144.751 484.700 144.751
481.453 88.386 576.706 88.386 576.706 143.383 481.453 143.383
477.375 89.044 572.466 89.044 572.466 144.421 477.375 144.421
474.646 88.177 569.866 88.177 569.866 143.765 474.646 143.765
469.640 88.818 564.884 88.818 564.884 144.918 469.640 144.918
467.950 88.092 563.101 88.092 563.101 144.562 467.950 144.562
463.436 88.563 558.637 88.563 558.637 145.454 463.436 145.454
460.885 89.050 555.788 89.050 555.788 146.011 460.885 146.011
457.600 87.844 552.034 87.844 552.034 145.314 457.600 145.314
453.018 88.348 547.267 88.348 547.267 145.871 453.018 145.871
450.438 87.615 544.511 87.615 544.511 145.416 450.438 145.416
445.923 87.487 539.790 87.487 539.790 145.287 445.923 145.287
442.673 88.229 536.712 88.229 536.712 145.922 442.673 145.922
440.647 88.853 534.970 88.853 534.970 146.318 440.647 146.318
437.371 89.161 531.769 89.161 531.769 146.431 437.371 146.431
433.217 89.956 527.629 89.956 527.629 147.398 433.217 147.398
431.276 88.759 525.441 88.759 525.441 146.645 431.276 146.645
427.554 87.785 521.997 87.785 521.997 145.537 427.554 145.537
422.877 89.030 517.616 89.030 517.616 146.679 422.877 146.679
418.981 87.943 513.701 87.943 513.701 145.857 418.981 145.857
416.232 87.928 511.386 87.928 511.386 145.478 416.232 145.478
413.740 87.190 508.926 87.190 508.926 144.430 413.740 144.430
409.969 88.580 505.359 88.580 505.359 145.595 409.969 145.595
407.344 88.674 503.155 88.674 503.155 145.302 407.344 145.302
402.686 88.527 498.513 88.527 498.513 145.085 402.686 145.085
401.207 88.690 496.957 88.690 496.957 145.117 401.207 145.117
397.960 89.254 493.727 89.254 493.727 145.490 397.960 145.490
394.300 88.629 490.105 88.629 490.105 144.753 394.300 144.753
392.325 88.905 488.164 88.905 488.164 144.910 392.325 144.910
388.655 89.355 484.391 89.355 484.391 145.435 388.655 145.435
385.511 89.127 481.284 89.127 481.284 145.303 385.511 145.303
381.965 91.539 477.979 91.539 477.979 147.320 381.965 147.320
380.404 91.371 476.869 91.371 476.869 146.617 380.404 146.617
376.653 91.074 473.165 91.074 473.165 145.856 376.653 145.856
372.684 91.616 469.212 91.616 469.212 146.181 372.684 146.181
370.943 92.548 467.576 92.548 467.576 146.830 370.943 146.830
365.341 93.160 461.887 93.160 461.887 147.261 365.341 147.261
364.579 92.683 460.698 92.683 460.698 146.722 364.579 146.722
361.616 93.086 457.415 93.086 457.415 147.051 361.616 147.051
358.894 93.797 454.592 93.797 454.592 147.520 358.894 147.520
356.166 92.447 451.851 92.447 451.851 146.201 356.166 146.201
352.742 94.373 448.570 94.373 448.570 147.857 352.742 147.857
349.419 94.280 445.102 94.280 445.102 147.848 349.419 147.848
347.120 93.682 442.758 93.682 442.758 147.393 347.120 147.393
342.541 93.629 437.992 93.629 437.992 147.437 342.541 147.437
339.948 92.961 435.369 92.961 435.369 146.693 339.948 146.693
336.278 93.958 431.351 93.958 431.351 147.653 336.278 147.653
333.662 92.869 428.594 92.869 428.594 146.496 333.662 146.496
330.232 92.797 425.026 92.797 425.026 146.331 330.232 146.331
326.561 93.382 420.723 93.382 420.723 147.333 326.561 147.333
322.056 94.273 415.983 94.273 415.983 148.460 322.056 148.460
317.112 93.214 411.056 93.214 411.056 147.480 317.112 147.480
312.236 92.930 406.449 92.930 406.449 147.265 312.236 147.265
309.017 93.933 403.237 93.933 403.237 148.290 309.017 148.290
306.792 92.985 401.195 92.985 401.195 147.454 306.792 147.454
304.929 92.711 399.615 92.711 399.615 147.108 304.929 147.108
300.944 92.803 396.194 92.803 396.194 147.031 300.944 147.031
298.940 94.057 394.135 94.057 394.135 148.205 298.940 148.205
297.348 93.713 392.974 93.713 392.974 147.829 297.348 147.829
292.815 92.963 388.423 92.963 388.423 147.418 292.815 147.418
290.600 92.450 385.930 92.450 385.930 147.231 290.600 147.231
287.950 95.021 383.131 95.021 383.131 149.918 287.950 149.918
286.740 95.236 381.668 95.236 381.668 150.377 286.740 150.377
284.245 94.135 378.968 94.135 378.968 149.693 284.245 149.693
279.307 96.470 374.644 96.470 374.644 152.052 279.307 152.052
275.436 94.901 370.595 94.901 370.595 150.892 275.436 150.892
275.801 94.974 370.181 94.974 370.181 151.517 275.801 151.517
272.641 95.218 366.774 95.218 366.774 152.108 272.641 152.108
268.057 95.778 362.192 95.778 362.192 152.416 268.057 152.416
266.287 95.947 360.655 95.947 360.655 152.410 266.287 152.410
264.096 94.833 358.617 94.833 358.617 151.277 264.096 151.277
261.079 96.238 355.535 96.238 355.535 152.760 261.079 152.760
259.594 94.918 353.731 94.918 353.731 151.690 259.594 151.690
258.029 95.077 351.600 95.077 351.600 152.020 258.029 152.020
257.538 95.381 351.110 95.381 351.110 152.166 257.538 152.166
253.462 94.886 347.095 94.886 347.095 151.245 253.462 151.245
252.502 95.646 346.215 95.646 346.215 151.843 252.502 151.843
249.414 96.749 343.265 96.749 343.265 152.661 249.414 152.661
243.967 98.531 337.937 98.531 337.937 154.101 243.967 154.101
243.222 98.251 337.525 98.251 337.525 153.276 243.222 153.276
238.140 96.992 332.615 96.992 332.615 151.651 238.140 151.651
234.746 97.819 329.077 97.819 329.077 152.277 234.746 152.277
231.706 99.325 325.900 99.325 325.900 153.327 231.706 153.327
231.318 99.101 325.353 99.101 325.353 152.789 231.318 152.789
228.232 99.297 322.428 99.297 322.428 152.397 228.232 152.397
224.592 100.714 318.792 100.714 318.792 153.389 224.592 153.389
220.723 101.217 315.070 101.217 315.070 153.490 220.723 153.490
215.954 101.053 310.108 101.053 310.108 153.416 215.954 153.416
214.041 100.701 307.940 100.701 307.940 153.431 214.041 153.431
210.930 99.680 304.428 99.680 304.428 152.826 210.930 152.826
208.529 98.872 302.045 98.872 302.045 152.128 208.529 152.128
204.776 99.584 298.529 99.584 298.529 152.591 204.776 152.591
203.395 100.079 297.214 100.079 297.214 153.023 203.395 153.023
199.767 100.449 293.714 100.449 293.714 153.283 199.767 153.283
196.641 100.337 290.481 100.337 290.481 153.117 196.641 153.117
193.338 99.807 286.771 99.807 286.771 152.703 193.338 152.703
190.855 99.695 284.227 99.695 284.227 152.571 190.855 152.571
189.913 99.221 283.047 99.221 283.047 152.324 189.913 152.324
185.683 99.040 278.714 99.040 278.714 152.332 185.683 152.332
182.627 98.826 275.521 98.826 275.521 152.135 182.627 152.135
179.192 99.126 272.041 99.126 272.041 152.473 179.192 152.473
177.052 99.917 269.904 99.917 269.904 153.046 177.052 153.046
173.842 100.100 266.565 100.100 266.565 153.077 173.842 153.077
171.115 99.975 263.955 99.975 263.955 152.756 171.115 152.756
168.095 100.029 260.912 100.029 260.912 152.921 168.095 152.921
164.423 99.682 257.439 99.682 257.439 152.467 164.423 152.467
159.932 99.192 253.100 99.192 253.100 151.841 159.932 151.841
156.184 98.452 249.251 98.452 249.251 151.370 156.184 151.370
153.244 98.700 246.201 98.700 246.201 151.840 153.244 151.840
151.966 98.992 245.000 98.992 245.000 152.162 151.966 152.162
148.559 99.136 242.136 99.136 242.136 152.115 148.559 152.115
145.960 99.572 239.704 99.572 239.704 152.524 145.960 152.524
148.248 99.601 241.764 99.601 241.764 152.527 148.248 152.527
174.271 98.584 267.684 98.584 267.684 151.468 174.271 151.468
190.866 98.380 284.107 98.380 284.107 151.336 190.866 151.336
212.051 97.330 304.842 97.330 304.842 150.351 212.051 150.351
228.996 102.983 321.656 102.983 321.656 155.523 228.996 155.523
250.404 99.991 343.259 99.991 343.259 152.177 250.404 152.177
271.217 97.975 363.767 97.975 363.767 150.130 271.217 150.130
289.412 97.293 381.677 97.293 381.677 149.475 289.412 149.475
309.960 96.798 401.763 96.798 401.763 149.109 309.960 149.109
329.432 97.898 421.049 97.898 421.049 150.097 329.432 150.097
323.727 96.209 415.511 96.209 415.511 148.740 323.727 148.740
321.340 95.165 413.290 95.165 413.290 147.926 321.340 147.926
316.666 94.455 408.606 94.455 408.606 147.660 316.666 147.660
316.163 95.085 408.690 95.085 408.690 148.138 316.163 148.138
312.895 93.708 405.218 93.708 405.218 147.039 312.895 147.039
310.092 97.512 402.583 97.512 402.583 151.629 310.092 151.629
310.313 95.037 403.359 95.037 403.359 149.007 310.313 149.007
305.700 95.167 398.906 95.167 398.906 148.896 305.700 148.896
304.487 95.570 397.839 95.570 397.839 149.166 304.487 149.166
300.125 94.581 393.453 94.581 393.453 148.306 300.125 148.306
299.541 95.079 392.680 95.079 392.680 148.894 299.541 148.894
296.238 95.074 389.401 95.074 389.401 148.840 296.238 148.840
293.900 95.605 387.118 95.605 387.118 149.144 293.900 149.144
291.398 95.813 384.730 95.813 384.730 149.136 291.398 149.136
288.856 96.151 382.208 96.151 382.208 149.339 288.856 149.339
286.848 95.242 380.037 95.242 380.037 148.321 286.848 148.321
286.106 96.288 379.201 96.288 379.201 149.163 286.106 149.163
281.132 95.171 374.291 95.171 374.291 147.980 281.132 147.980
281.617 94.901 374.656 94.901 374.656 147.454 281.617 147.454
276.841 95.493 369.593 95.493 369.593 148.450 276.841 148.450
276.373 95.101 369.294 95.101 369.294 147.754 276.373 147.754
273.380 94.997 366.002 94.997 366.002 147.576 273.380 147.576
273.249 94.930 365.713 94.930 365.713 147.572 273.249 147.572
271.666 94.320 364.221 94.320 364.221 146.863 271.666 146.863
267.481 94.702 359.836 94.702 359.836 147.391 267.481 147.391
267.023 94.937 359.156 94.937 359.156 147.439 267.023 147.439
264.137 95.258 356.237 95.258 356.237 147.752 264.137 147.752
261.978 94.902 354.050 94.902 354.050 147.464 261.978 147.464
260.168 94.674 352.101 94.674 352.101 147.233 260.168 147.233
259.736 94.566 351.825 94.566 351.825 146.985 259.736 146.985
256.320 94.961 348.225 94.961 348.225 147.301 256.320 147.301
254.586 93.397 346.674 93.397 346.674 145.590 254.586 145.590
252.440 94.461 344.705 94.461 344.705 146.607 252.440 146.607
249.940 94.241 342.104 94.241 342.104 146.431 249.940 146.431
248.844 94.111 341.045 94.111 341.045 146.327 248.844 146.327
246.270 93.459 338.864 93.459 338.864 145.912 246.270 145.912
245.638 93.873 338.376 93.873 338.376 146.172 245.638 146.172
242.528 94.187 335.174 94.187 335.174 146.333 242.528 146.333
241.234 94.816 333.927 94.816 333.927 146.826 241.234 146.826
240.294 93.857 332.922 93.857 332.922 146.044 240.294 146.044
236.562 93.349 329.207 93.349 329.207 145.671 236.562 145.671
235.911 93.190 328.750 93.190 328.750 145.461 235.911 145.461
233.824 93.221 326.470 93.221 326.470 145.786 233.824 145.786
232.386 93.420 324.980 93.420 324.980 146.053 232.386 146.053
231.073 93.448 323.751 93.448 323.751 146.137 231.073 146.137
227.866 93.231 320.460 93.231 320.460 146.039 227.866 146.039
227.247 92.692 319.694 92.692 319.694 145.601 227.247 145.601
225.594 92.492 317.867 92.492 317.867 145.502 225.594 145.502
222.503 92.578 314.792 92.578 314.792 145.643 222.503 145.643
221.399 93.391 313.846 93.391 313.846 146.162 221.399 146.162
219.319 92.315 311.760 92.315 311.760 145.255 219.319 145.255
218.326 92.620 310.739 92.620 310.739 145.496 218.326 145.496
216.343 92.873 308.889 92.873 308.889 145.652 216.343 145.652
214.318 92.492 307.026 92.492 307.026 145.105 214.318 145.105
213.488 92.951 305.910 92.951 305.910 145.663 213.488 145.663
211.957 91.148 304.507 91.148 304.507 144.027 211.957 144.027
208.525 91.079 300.874 91.079 300.874 144.104 208.525 144.104
220.926 90.365 313.553 90.365 313.553 142.777 220.926 142.777
245.928 91.463 338.212 91.463 338.212 143.933 245.928 143.933
261.957 90.257 354.074 90.257 354.074 142.530 261.957 142.530
284.177 89.921 375.988 89.921 375.988 142.333 284.177 142.333
306.734 89.990 398.443 89.990 398.443 142.347 306.734 142.347
297.309 91.665 388.539 91.665 388.539 144.039 297.309 144.039
301.690 89.330 393.189 89.330 393.189 141.837 301.690 141.837
294.031 89.450 386.607 89.450 386.607 142.148 294.031 142.148
294.252 89.888 387.497 89.888 387.497 142.715 294.252 142.715
291.629 88.758 384.501 88.758 384.501 141.727 291.629 141.727
289.316 90.386 382.733 90.386 382.733 143.555 289.316 143.555
289.055 89.471 382.843 89.471 382.843 142.460 289.055 142.460
283.915 89.459 378.071 89.459 378.071 142.506 283.915 142.506
283.287 90.316 377.749 90.316 377.749 143.248 283.287 143.248
283.253 90.224 378.001 90.224 378.001 143.054 283.253 143.054
278.081 90.278 373.269 90.278 373.269 142.745 278.081 142.745
279.326 90.187 374.647 90.187 374.647 142.652 279.326 142.652
276.042 88.094 371.337 88.094 371.337 140.789 276.042 140.789
274.222 88.710 369.868 88.710 369.868 141.632 274.222 141.632
271.176 88.223 367.091 88.223 367.091 141.423 271.176 141.423
269.082 88.384 365.268 88.384 365.268 141.866 269.082 141.866
271.091 88.488 366.648 88.488 366.648 142.030 271.091 142.030
268.376 87.772 363.934 87.772 363.934 141.228 268.376 141.228
265.795 86.886 361.642 86.886 361.642 140.283 265.795 140.283
263.407 88.047 359.809 88.047 359.809 141.331 263.407 141.331
261.071 88.135 357.869 88.135 357.869 141.263 261.071 141.263
260.001 86.385 356.817 86.385 356.817 139.646 260.001 139.646
258.316 88.651 355.026 88.651 355.026 142.198 258.316 142.198
256.965 85.884 353.408 85.884 353.408 139.397 256.965 139.397
256.061 88.473 351.888 88.473 351.888 142.477 256.061 142.477
255.453 86.401 351.033 86.401 351.033 140.315 255.453 140.315
252.790 85.470 348.413 85.470 348.413 139.280 252.790 139.280
251.271 86.310 346.916 86.310 346.916 140.142 251.271 140.142
248.730 85.843 344.312 85.843 344.312 139.734 248.730 139.734
247.754 86.913 343.002 86.913 343.002 140.751 247.754 140.751
245.896 87.021 340.956 87.021 340.956 140.980 245.896 140.980
244.105 86.063 339.118 86.063 339.118 139.777 244.105 139.777
241.829 87.137 336.861 87.137 336.861 140.902 241.829 140.902
239.993 87.864 334.956 87.864 334.956 141.250 239.993 141.250
239.151 86.123 333.954 86.123 333.954 139.329 239.151 139.329
237.686 87.122 332.571 87.122 332.571 140.133 237.686 140.133
235.499 87.006 330.302 87.006 330.302 139.815 235.499 139.815
234.213 86.743 328.551 86.743 328.551 139.746 234.213 139.746
232.128 86.449 326.373 86.449 326.373 139.411 232.128 139.411
231.477 86.905 325.513 86.905 325.513 140.024 231.477 140.024
229.279 86.161 323.134 86.161 323.134 139.383 229.279 139.383
227.381 85.831 321.269 85.831 321.269 139.448 227.381 139.448
228.040 84.865 321.901 84.865 321.901 138.457 228.040 138.457
222.779 85.098 316.246 85.098 316.246 139.030 222.779 139.030
222.443 85.450 315.756 85.450 315.756 139.299 222.443 139.299
221.215 84.539 314.196 84.539 314.196 138.388 221.215 138.388
219.033 84.864 311.486 84.864 311.486 139.301 219.033 139.301
216.504 85.350 309.132 85.350 309.132 139.723 216.504 139.723
216.022 84.742 308.642 84.742 308.642 138.943 216.022 138.943
214.536 83.827 307.228 83.827 307.228 138.076 214.536 138.076
211.187 84.983 303.417 84.983 303.417 139.303 211.187 139.303
211.548 85.233 303.601 85.233 303.601 139.364 211.548 139.364
207.605 84.283 299.704 84.283 299.704 137.985 207.605 137.985
207.345 84.867 299.049 84.867 299.049 138.670 207.345 138.670
205.201 84.699 297.167 84.699 297.167 138.145 205.201 138.145
203.204 85.749 294.892 85.749 294.892 139.148 203.204 139.148
202.713 85.711 294.149 85.711 294.149 138.937 202.713 138.937
200.284 85.190 291.753 85.190 291.753 138.225 200.284 138.225
198.633 85.080 290.115 85.080 290.115 137.896 198.633 137.896
197.518 85.523 289.064 85.523 289.064 138.177 197.518 138.177
195.018 85.366 286.511 85.366 286.511 138.091 195.018 138.091
195.044 84.196 286.582 84.196 286.582 137.031 195.044 137.031
192.689 85.135 283.640 85.135 283.640 138.293 192.689 138.293
192.591 85.292 283.523 85.292 283.523 138.531 192.591 138.531
190.610 84.224 281.619 84.224 281.619 137.626 190.610 137.626
187.302 84.040 277.796 84.040 277.796 137.887 187.302 137.887
186.871 84.294 277.185 84.294 277.185 138.263 186.871 138.263
183.898 83.836 274.042 83.836 274.042 137.867 183.898 137.867
181.575 84.938 271.737 84.938 271.737 138.852 181.575 138.852
181.482 85.567 271.576 85.567 271.576 139.355 181.482 139.355
179.484 84.909 269.427 84.909 269.427 138.534 179.484 138.534
177.935 84.728 267.811 84.728 267.811 138.099 177.935 138.099
177.944 85.199 267.627 85.199 267.627 138.455 177.944 138.455
175.156 84.692 264.660 84.692 264.660 137.816 175.156 137.816
173.219 86.383 262.856 86.383 262.856 139.456 173.219 139.456
172.114 85.577 261.540 85.577 261.540 138.438 172.114 138.438
172.729 85.836 262.179 85.836 262.179 138.560 172.729 138.560
169.422 85.963 258.801 85.963 258.801 138.418 169.422 138.418
169.061 86.368 258.195 86.368 258.195 138.605 169.061 138.605
167.980 86.034 256.913 86.034 256.913 138.047 167.980 138.047
165.452 86.344 254.158 86.344 254.158 138.267 165.452 138.267
164.478 85.975 252.813 85.975 252.813 137.891 164.478 137.891
163.425 85.944 251.698 85.944 251.698 137.666 163.425 137.666
162.086 85.667 250.243 85.667 250.243 137.265 162.086 137.265
161.481 86.222 249.539 86.222 249.539 137.675 161.481 137.675
159.928 86.393 248.041 86.393 248.041 137.724 159.928 137.724
158.764 86.761 246.797 86.761 246.797 137.752 158.764 137.752
156.453 86.767 244.211 86.767 244.211 137.784 156.453 137.784
155.560 87.084 243.109 87.084 243.109 137.967 155.560 137.967
154.538 87.129 242.083 87.129 242.083 137.697 154.538 137.697
153.608 87.207 241.014 87.207 241.014 137.676 153.608 137.676
149.670 86.134 237.077 86.134 237.077 136.701 149.670 136.701
148.946 86.957 235.998 86.957 235.998 137.472 148.946 137.472
147.377 87.789 234.534 87.789 234.534 137.980 147.377 137.980
146.800 87.325 233.822 87.325 233.822 137.250 146.800 137.250
143.901 87.829 230.747 87.829 230.747 137.663 143.901 137.663
143.254 88.960 229.867 88.960 229.867 138.670 143.254 138.670
141.132 88.062 227.340 88.062 227.340 137.501 141.132 137.501
141.939 88.721 227.906 88.721 227.906 138.107 141.939 138.107
140.275 87.849 226.014 87.849 226.014 137.158 140.275 137.158
139.603 88.394 225.150 88.394 225.150 137.439 139.603 137.439
137.925 88.404 223.210 88.404 223.210 137.377 137.925 137.377
137.625 87.383 222.876 87.383 222.876 136.135 137.625 136.135
135.908 87.065 220.647 87.065 220.647 135.949 135.908 135.949
135.761 87.099 220.496 87.099 220.496 135.975 135.761 135.975
135.338 87.019 220.100 87.019 220.100 136.027 135.338 136.027
134.837 87.177 219.660 87.177 219.660 136.030 134.837 136.030
133.318 87.502 218.086 87.502 218.086 136.237 133.318 136.237
133.305 88.154 218.070 88.154 218.070 136.716 133.305 136.716
132.841 87.862 217.236 87.862 217.236 136.405 132.841 136.405
132.035 88.450 216.318 88.450 216.318 136.847 132.035 136.847
130.497 87.962 214.493 87.962 214.493 136.488 130.497 136.488
131.004 87.439 214.911 87.439 214.911 135.854 131.004 135.854
131.048 87.606 214.974 87.606 214.974 135.954 131.048 135.954
130.146 87.285 214.074 87.285 214.074 135.733 130.146 135.733
129.267 87.915 213.157 87.915 213.157 136.307 129.267 136.307
129.025 87.671 212.913 87.671 212.913 136.154 129.025 136.154
128.550 87.523 212.543 87.523 212.543 135.876 128.550 135.876
127.646 87.525 211.735 87.525 211.735 135.671 127.646 135.671
127.475 87.480 211.242 87.480 211.242 135.584 127.475 135.584
126.469 88.004 210.210 88.004 210.210 136.068 126.469 136.068
126.484 88.135 209.673 88.135 209.673 136.212 126.484 136.212
127.185 87.631 210.344 87.631 210.344 135.591 127.185 135.591
127.385 87.676 210.375 87.676 210.375 135.580 127.385 135.580
128.484 87.780 211.337 87.780 211.337 135.606 128.484 135.606
128.357 88.351 211.319 88.351 211.319 135.900 128.357 135.900
128.135 88.893 210.890 88.893 210.890 136.597 128.135 136.597
126.005 87.050 208.571 87.050 208.571 134.918 126.005 134.918
128.504 87.212 211.108 87.212 211.108 134.786 128.504 134.786
126.864 87.228 209.692 87.228 209.692 134.823 126.864 134.823
127.454 87.240 210.344 87.240 210.344 134.928 127.454 134.928
126.840 87.256 209.885 87.256 209.885 134.936 126.840 134.936
127.271 87.310 210.569 87.310 210.569 134.826 127.271 134.826
127.142 87.362 210.352 87.362 210.352 134.988 127.142 134.988
127.564 87.202 210.800 87.202 210.800 134.713 127.564 134.713
