471.000 264.000 536.000 264.000 536.000 450.000 471.000 450.000
470.206 263.753 535.430 263.753 535.430 448.082 470.206 448.082
468.009 263.328 533.222 263.328 533.222 447.622 468.009 447.622
464.800 260.468 530.181 260.468 530.181 444.902 464.800 444.902
465.030 257.108 530.107 257.108 530.107 442.425 465.030 442.425
462.972 257.279 527.554 257.279 527.554 443.904 462.972 443.904
462.433 257.909 526.497 257.909 526.497 444.663 462.433 444.663
461.755 253.965 525.116 253.965 525.116 441.043 461.755 441.043
461.184 255.663 524.191 255.663 524.191 443.097 461.184 443.097
459.506 253.385 522.240 253.385 522.240 439.746 459.506 439.746
461.146 255.085 523.244 255.085 523.244 441.994 461.146 441.994
460.230 249.828 522.142 249.828 522.142 436.827 460.230 436.827
459.055 247.276 520.836 247.276 520.836 433.472 459.055 433.472
459.600 243.307 521.127 243.307 521.127 428.672 459.600 428.672
459.375 241.195 520.953 241.195 520.953 424.905 459.375 424.905
456.092 241.432 518.488 241.432 518.488 421.886 456.092 421.886
455.282 241.727 517.363 241.727 517.363 421.607 455.282 421.607
455.286 243.411 517.380 243.411 517.380 421.686 455.286 421.686
453.626 240.424 515.576 240.424 515.576 418.096 453.626 418.096
452.569 238.655 514.476 238.655 514.476 415.782 452.569 415.782
450.146 235.781 511.948 235.781 511.948 412.952 450.146 412.952
449.503 235.301 511.352 235.301 511.352 412.603 449.503 412.603
447.555 235.540 509.850 235.540 509.850 412.502 447.555 412.502
447.152 234.648 509.666 234.648 509.666 411.305 447.152 411.305
445.154 234.490 507.906 234.490 507.906 410.040 445.154 410.040
443.105 233.101 505.814 233.101 505.814 408.380 443.105 408.380
443.192 233.973 505.803 233.973 505.803 408.897 443.192 408.897
444.094 232.151 506.354 232.151 506.354 407.358 444.094 407.358
444.483 231.326 506.310 231.326 506.310 406.278 444.483 406.278
443.342 228.219 504.774 228.219 504.774 402.625 443.342 402.625
444.211 226.681 505.457 226.681 505.457 400.315 444.211 400.315
442.677 223.081 503.829 223.081 503.829 396.143 442.677 396.143
441.806 220.569 502.370 220.569 502.370 393.298 441.806 393.298
441.238 219.099 501.285 219.099 501.285 391.119 441.238 391.119
439.540 220.357 498.641 220.357 498.641 392.144 439.540 392.144
440.627 218.454 499.294 218.454 499.294 390.019 440.627 390.019
436.313 222.857 494.263 222.857 494.263 394.606 436.313 394.606
434.206 219.829 491.561 219.829 491.561 390.022 434.206 390.022
431.737 217.839 488.415 217.839 488.415 387.607 431.737 387.607
431.225 216.167 487.606 216.167 487.606 385.404 431.225 385.404
429.855 218.059 485.966 218.059 485.966 386.786 429.855 386.786
429.051 218.605 485.043 218.605 485.043 386.505 429.051 386.505
428.347 217.210 484.127 217.210 484.127 385.221 428.347 385.221
428.333 217.370 483.753 217.370 483.753 385.940 428.333 385.940
425.923 216.061 480.952 216.061 480.952 384.881 425.923 384.881
426.920 217.056 481.704 217.056 481.704 385.488 426.920 385.488
422.909 212.004 477.947 212.004 477.947 379.534 422.909 379.534
420.264 210.427 475.591 210.427 475.591 378.310 420.264 378.310
418.433 209.773 474.714 209.773 474.714 376.437 418.433 376.437
417.366 208.104 473.717 208.104 473.717 373.725 417.366 373.725
414.142 205.717 470.744 205.717 470.744 369.098 414.142 369.098
411.588 205.064 468.709 205.064 468.709 366.548 411.588 366.548
408.829 203.006 465.803 203.006 465.803 363.939 408.829 363.939
407.727 206.128 464.688 206.128 464.688 366.656 407.727 366.656
404.502 206.134 462.034 206.134 462.034 365.429 404.502 365.429
402.271 206.813 459.706 206.813 459.706 365.568 402.271 365.568
398.800 206.297 456.266 206.297 456.266 363.952 398.800 363.952
398.259 206.924 454.954 206.924 454.954 364.584 398.259 364.584
397.589 204.631 453.821 204.631 453.821 361.718 397.589 361.718
396.067 204.124 451.947 204.124 451.947 360.707 396.067 360.707
395.428 203.549 451.027 203.549 451.027 359.346 395.428 359.346
395.123 201.803 450.331 201.803 450.331 356.960 395.123 356.960
394.192 200.955 448.781 200.955 448.781 356.033 394.192 356.033
393.004 200.481 447.256 200.481 447.256 355.901 393.004 355.901
391.522 200.683 445.521 200.683 445.521 355.630 391.522 355.630
388.191 201.234 442.463 201.234 442.463 354.208 388.191 354.208
387.632 199.692 441.747 199.692 441.747 351.299 387.632 351.299
385.231 192.793 438.545 192.793 438.545 344.159 385.231 344.159
383.335 196.514 436.425 196.514 436.425 347.180 383.335 347.180
380.968 197.646 433.843 197.646 433.843 347.267 380.968 347.267
378.416 199.683 431.276 199.683 431.276 348.536 378.416 348.536
376.321 188.215 428.552 188.215 428.552 338.314 376.321 338.314
373.681 190.328 426.039 190.328 426.039 339.814 373.681 339.814
370.981 191.727 423.320 191.727 423.320 340.459 370.981 340.459
368.832 192.593 421.241 192.593 421.241 340.231 368.832 340.231
367.374 184.400 418.657 184.400 418.657 332.270 367.374 332.270
365.469 187.435 416.256 187.435 416.256 335.413 365.469 335.413
364.603 186.274 414.997 186.274 414.997 334.727 364.603 334.727
363.497 187.689 413.806 187.689 413.806 335.966 363.497 335.966
362.115 185.389 412.270 185.389 412.270 333.350 362.115 333.350
360.417 184.369 410.563 184.369 410.563 332.400 360.417 332.400
357.800 182.426 407.898 182.426 407.898 331.028 357.800 331.028
356.086 172.989 404.984 172.989 404.984 324.532 356.086 324.532
354.501 171.920 402.954 171.920 402.954 325.516 354.501 325.516
352.329 172.803 400.620 172.803 400.620 327.572 352.329 327.572
350.822 173.245 398.924 173.245 398.924 328.769 350.822 328.769
350.026 172.392 398.351 172.392 398.351 328.535 350.026 328.535
347.204 169.853 395.682 169.853 395.682 326.669 347.204 326.669
336.527 171.045 385.101 171.045 385.101 329.977 336.527 329.977
337.282 168.959 386.264 168.959 386.264 328.619 337.282 328.619
336.151 167.362 385.559 167.362 385.559 328.267 336.151 328.267
333.780 166.424 383.546 166.424 383.546 327.903 333.780 327.903
331.424 163.678 381.363 163.678 381.363 326.569 331.424 326.569
329.018 162.201 379.157 162.201 379.157 326.371 329.018 326.371
324.981 160.371 375.161 160.371 375.161 325.361 324.981 325.361
322.310 160.770 372.678 160.770 372.678 325.462 322.310 325.462
319.628 160.153 370.543 160.153 370.543 324.417 319.628 324.417
318.270 160.473 369.954 160.473 369.954 324.047 318.270 324.047
316.449 161.550 368.435 161.550 368.435 324.919 316.449 324.919
315.400 161.594 367.357 161.594 367.357 325.302 315.400 325.302
313.141 161.675 365.245 161.675 365.245 325.981 313.141 325.981
311.332 159.186 363.449 159.186 363.449 324.338 311.332 324.338
310.575 156.665 362.388 156.665 362.388 322.856 310.575 322.856
309.584 155.579 361.211 155.579 361.211 321.758 309.584 321.758
307.437 155.445 359.395 155.445 359.395 320.735 307.437 320.735
304.513 156.506 356.951 156.506 356.951 320.558 304.513 320.558
303.992 157.268 356.710 157.268 356.710 320.075 303.992 320.075
301.345 157.871 354.264 157.871 354.264 319.886 301.345 319.886
298.891 158.223 351.853 158.223 351.853 320.909 298.891 320.909
296.291 156.739 349.381 156.739 349.381 320.024 296.291 320.024
292.706 156.552 346.119 156.552 346.119 320.268 292.706 320.268
281.686 158.901 335.543 158.901 335.543 322.308 281.686 322.308
226.363 189.976 281.984 189.976 281.984 350.915 226.363 350.915
223.717 193.427 280.818 193.427 280.818 352.082 223.717 352.082
265.208 165.638 322.244 165.638 322.244 324.356 265.208 324.356
267.558 163.542 324.198 163.542 324.198 322.235 267.558 322.235
269.573 160.527 325.879 160.527 325.879 319.939 269.573 319.939
270.802 149.807 327.433 149.807 327.433 308.908 270.802 308.908
271.276 151.680 328.707 151.680 328.707 310.446 271.276 310.446
260.196 152.680 317.461 152.680 317.461 311.392 260.196 311.392
259.157 149.747 316.451 149.747 316.451 308.430 259.157 308.430
258.367 155.693 315.591 155.693 315.591 314.691 258.367 314.691
276.061 141.532 333.347 141.532 333.347 300.489 276.061 300.489
265.404 145.599 322.732 145.599 322.732 304.463 265.404 304.463
239.909 158.955 297.094 158.955 297.094 319.384 239.909 319.384
226.097 171.128 283.800 171.128 283.800 332.693 226.097 332.693
225.657 168.259 283.413 168.259 283.413 331.806 225.657 331.806
224.051 165.730 281.805 165.730 281.805 331.313 224.051 331.313
221.744 164.760 279.414 164.760 279.414 331.484 221.744 331.484
221.839 166.621 279.444 166.621 279.444 333.484 221.839 333.484
221.067 168.733 278.837 168.733 278.837 335.265 221.067 335.265
221.792 169.033 279.582 169.033 279.582 335.544 221.792 335.544
222.750 172.218 280.777 172.218 280.777 338.561 222.750 338.561
209.841 188.214 268.897 188.214 268.897 352.581 209.841 352.581
211.213 176.537 270.474 176.537 270.474 340.241 211.213 340.241
211.078 179.129 270.580 179.129 270.580 342.289 211.078 342.289
196.844 164.901 256.292 164.901 256.292 328.074 196.844 328.074
223.253 153.179 282.901 153.179 282.901 316.540 223.253 316.540
222.803 155.459 282.567 155.459 282.567 319.302 222.803 319.302
223.451 172.421 283.315 172.421 283.315 336.641 223.451 336.641
224.239 178.964 284.126 178.964 284.126 343.163 224.239 343.163
210.974 182.780 270.885 182.780 270.885 346.898 210.974 346.898
210.955 190.308 270.902 190.308 270.902 354.341 210.955 354.341
212.304 199.062 272.275 199.062 272.275 363.036 212.304 363.036
214.958 198.756 274.944 198.756 274.944 362.690 214.958 362.690
217.025 200.445 277.046 200.445 277.046 364.294 217.025 364.294
131.142 152.034 191.041 152.034 191.041 314.149 131.142 314.149
121.987 150.553 181.293 150.553 181.293 310.883 121.987 310.883
123.373 153.670 182.170 153.670 182.170 311.201 123.373 311.201
115.633 158.496 174.368 158.496 174.368 314.572 115.633 314.572
113.865 158.215 172.674 158.215 172.674 312.516 113.865 312.516
152.949 151.035 211.612 151.035 211.612 303.796 152.949 303.796
168.653 154.467 227.270 154.467 227.270 307.076 168.653 307.076
210.341 146.404 268.448 146.404 268.448 299.180 210.341 299.180
251.464 146.880 309.895 146.880 309.895 297.968 251.464 297.968
277.642 145.194 335.982 145.194 335.982 296.772 277.642 296.772
315.458 145.038 374.041 145.038 374.041 295.864 315.458 295.864
332.531 150.789 390.506 150.789 390.506 303.262 332.531 303.262
343.133 145.064 401.408 145.064 401.408 297.499 343.133 297.499
339.310 145.893 396.901 145.893 396.901 300.269 339.310 300.269
336.306 143.100 394.052 143.100 394.052 298.472 336.306 298.472
333.900 143.453 392.250 143.453 392.250 298.691 333.900 298.691
319.326 145.662 376.930 145.662 376.930 302.080 319.326 302.080
317.653 143.135 375.199 143.135 375.199 300.659 317.653 300.659
305.469 145.547 362.556 145.547 362.556 304.222 305.469 304.222
303.644 146.249 360.867 146.249 360.867 306.561 303.644 306.561
301.744 140.154 359.019 140.154 359.019 301.004 301.744 301.004
290.792 145.466 347.103 145.466 347.103 307.342 290.792 307.342
290.591 144.129 346.342 144.129 346.342 307.496 290.591 307.496
289.030 144.371 345.171 144.371 345.171 307.392 289.030 307.392
286.055 143.342 342.671 143.342 342.671 305.883 286.055 305.883
285.008 142.747 341.589 142.747 341.589 306.191 285.008 306.191
272.454 153.328 328.851 153.328 328.851 319.152 272.454 319.152
272.574 154.261 329.031 154.261 329.031 320.074 272.574 320.074
218.828 156.067 275.880 156.067 275.880 321.349 218.828 321.349
246.471 149.332 304.278 149.332 304.278 313.473 246.471 313.473
288.140 152.278 346.345 152.278 346.345 316.175 288.140 316.175
329.379 153.104 388.092 153.104 388.092 316.535 329.379 316.535
370.972 145.477 430.172 145.477 430.172 307.824 370.972 307.824
411.199 146.685 470.387 146.685 470.387 308.886 411.199 308.886
413.118 151.523 472.324 151.523 472.324 313.452 413.118 313.452
411.662 153.220 470.831 153.220 470.831 315.328 411.662 315.328
408.979 153.985 468.226 153.985 468.226 316.201 408.979 316.201
396.613 158.392 455.730 158.392 455.730 321.071 396.613 321.071
396.310 162.464 455.441 162.464 455.441 325.382 396.310 325.382
395.098 153.443 454.095 153.443 454.095 316.696 395.098 316.696
381.192 158.555 440.178 158.555 440.178 321.851 381.192 321.851
378.731 150.642 437.585 150.642 437.585 314.137 378.731 314.137
376.517 153.653 435.245 153.653 435.245 317.404 376.517 317.404
374.277 154.275 432.981 154.275 432.981 318.158 374.277 318.158
474.565 142.156 532.346 142.156 532.346 307.205 474.565 307.205
475.160 139.894 531.834 139.894 531.834 306.699 475.160 306.699
472.393 140.504 528.659 140.504 528.659 308.007 472.393 308.007
462.208 142.876 518.387 142.876 518.387 310.313 462.208 310.313
460.667 141.034 516.880 141.034 516.880 308.651 460.667 308.651
451.317 141.995 507.296 141.995 507.296 309.474 451.317 309.474
450.267 139.088 506.167 139.088 506.167 307.034 450.267 307.034
447.081 139.071 502.912 139.071 502.912 307.465 447.081 307.465
438.518 137.794 493.552 137.794 493.552 307.537 438.518 307.537
436.749 137.542 491.670 137.542 491.670 308.593 436.749 308.593
426.867 137.358 481.729 137.358 481.729 308.919 426.867 308.919
426.782 137.336 481.599 137.336 481.599 309.169 426.782 309.169
425.147 138.850 480.126 138.850 480.126 310.821 425.147 310.821
413.721 137.708 468.977 137.708 468.977 309.814 413.721 309.814
412.019 137.574 467.512 137.574 467.512 309.612 412.019 309.612
400.810 138.873 456.299 138.873 456.299 311.060 400.810 311.060
399.183 135.878 454.881 135.878 454.881 308.199 399.183 308.199
397.952 134.516 453.688 134.516 453.688 306.976 397.952 306.976
385.097 137.646 440.817 137.646 440.817 310.546 385.097 310.546
383.879 138.878 439.701 138.878 439.701 311.838 383.879 311.838
380.801 139.205 436.700 139.205 436.700 312.250 380.801 312.250
370.374 130.423 426.177 130.423 426.177 303.524 370.374 303.524
368.935 132.957 424.619 132.957 424.619 306.343 368.935 306.343
355.974 136.501 411.748 136.501 411.748 310.002 355.974 310.002
339.991 128.845 395.896 128.845 395.896 302.594 339.991 302.594
326.952 132.946 382.945 132.946 382.945 306.992 326.952 306.992
324.340 133.341 380.608 133.341 380.608 307.428 324.340 307.428
312.973 134.633 369.377 134.633 369.377 309.007 312.973 309.007
314.002 124.940 370.631 124.940 370.631 299.377 314.002 299.377
312.024 126.690 368.957 126.690 368.957 301.493 312.024 301.493
308.910 130.055 366.255 130.055 366.255 304.853 308.910 304.853
323.669 133.624 381.207 133.624 381.207 308.328 323.669 308.328
253.513 143.740 312.478 143.740 312.478 316.503 253.513 316.503
294.482 140.498 355.057 140.498 355.057 311.003 294.482 311.003
324.204 140.121 385.851 140.121 385.851 310.012 324.204 310.012
337.377 136.423 399.340 136.423 399.340 306.471 337.377 306.471
336.719 136.024 399.097 136.024 399.097 306.022 336.719 306.022
322.770 132.611 385.756 132.611 385.756 301.573 322.770 301.573
321.265 131.211 384.527 131.211 384.527 299.889 321.265 299.889
423.633 128.507 484.356 128.507 484.356 303.155 423.633 303.155
416.618 122.068 477.100 122.068 477.100 297.878 416.618 297.878
416.392 121.408 475.827 121.408 475.827 300.512 416.392 300.512
406.625 117.463 466.557 117.463 466.557 295.159 406.625 295.159
405.560 119.435 464.701 119.435 464.701 299.759 405.560 299.759
396.332 118.365 455.595 118.365 455.595 299.038 396.332 299.038
395.688 116.055 454.827 116.055 454.827 298.270 395.688 298.270
384.679 112.945 444.537 112.945 444.537 294.772 384.679 294.772
385.272 115.084 445.487 115.084 445.487 296.809 385.272 296.809
382.516 114.142 442.978 114.142 442.978 296.594 382.516 296.594
370.823 112.656 431.312 112.656 431.312 295.564 370.823 295.564
370.572 114.739 431.422 114.739 431.422 297.632 370.572 297.632
366.478 115.388 427.560 115.388 427.560 298.805 366.478 298.805
362.889 112.014 424.011 112.014 424.011 295.959 362.889 295.959
351.059 123.333 412.258 123.333 412.258 307.931 351.059 307.931
348.918 117.862 409.906 117.862 409.906 303.547 348.918 303.547
349.422 123.743 410.732 123.743 410.732 309.140 349.422 309.140
338.165 117.063 400.141 117.063 400.141 301.865 338.165 301.865
339.560 113.622 401.676 113.622 401.676 298.463 339.560 298.463
328.605 110.499 391.020 110.499 391.020 294.616 328.605 294.616
327.491 108.410 390.275 108.410 390.275 292.330 327.491 292.330
314.446 110.239 377.157 110.239 377.157 293.850 314.446 293.850
313.146 111.009 376.806 111.009 376.806 293.501 313.146 293.501
298.954 109.968 362.726 109.968 362.726 292.245 298.954 292.245
298.419 110.845 362.369 110.845 362.369 292.960 298.419 292.960
284.828 116.692 348.977 116.692 348.977 298.521 284.828 298.521
285.017 117.810 349.809 117.810 349.809 299.314 285.017 299.314
273.599 113.090 337.315 113.090 337.315 296.360 273.599 296.360
275.585 114.655 339.202 114.655 339.202 297.575 275.585 297.575
274.029 112.501 337.771 112.501 337.771 295.711 274.029 295.711
265.279 100.967 327.901 100.967 327.901 283.749 265.279 283.749
257.898 103.819 319.907 103.819 319.907 286.200 257.898 286.200
256.871 106.092 318.710 106.092 318.710 288.350 256.871 288.350
256.073 117.907 318.011 117.907 318.011 300.845 256.073 300.845
252.403 116.971 314.809 116.971 314.809 301.668 252.403 301.668
241.484 104.443 304.212 104.443 304.212 288.204 241.484 288.204
231.780 106.813 294.231 106.813 294.231 290.774 231.780 290.774
228.510 101.769 291.465 101.769 291.465 286.043 228.510 286.043
217.996 105.504 281.966 105.504 281.966 288.383 217.996 288.383
216.176 104.688 281.340 104.688 281.340 286.609 216.176 286.609
204.447 105.962 269.933 105.962 269.933 287.106 204.447 287.106
203.783 102.289 269.079 102.289 269.079 284.179 203.783 284.179
192.190 99.751 258.202 99.751 258.202 280.365 192.190 280.365
191.293 96.871 257.502 96.871 257.502 276.329 191.293 276.329
180.031 97.370 246.682 97.370 246.682 275.658 180.031 275.658
182.357 100.085 249.231 100.085 249.231 276.877 182.357 276.877
171.057 110.156 237.942 110.156 237.942 286.998 171.057 286.998
172.073 99.279 239.324 99.279 239.324 276.458 172.073 276.458
170.943 105.219 237.983 105.219 237.983 284.353 170.943 284.353
169.490 100.978 237.329 100.978 237.329 279.166 169.490 279.166
158.666 99.475 227.242 99.475 227.242 277.008 158.666 277.008
157.678 106.721 226.255 106.721 226.255 284.804 157.678 284.804
145.249 99.811 213.814 99.811 213.814 277.734 145.249 277.734
