457.000 229.000 492.000 229.000 492.000 307.000 457.000 307.000
455.011 231.840 491.224 231.840 491.224 309.030 455.011 309.030
452.343 231.369 489.488 231.369 489.488 308.250 452.343 308.250
449.378 230.408 487.416 230.408 487.416 307.074 449.378 307.074
447.887 229.703 484.305 229.703 484.305 308.363 447.887 308.363
445.406 227.818 480.702 227.818 480.702 307.867 445.406 307.867
443.418 227.424 477.394 227.424 477.394 309.589 443.418 309.589
441.318 228.321 474.443 228.321 474.443 312.158 441.318 312.158
439.350 227.259 471.996 227.259 471.996 312.033 439.350 312.033
437.202 228.874 469.616 228.874 469.616 314.335 437.202 314.335
434.652 227.518 467.045 227.518 467.045 313.411 434.652 313.411
432.356 230.383 464.882 230.383 464.882 316.409 432.356 316.409
430.518 227.210 463.193 227.210 463.193 313.148 430.518 313.148
429.120 230.268 461.631 230.268 461.631 316.248 429.120 316.248
427.708 227.294 459.979 227.294 459.979 313.553 427.708 313.553
425.470 226.614 457.593 226.614 457.593 313.110 425.470 313.110
422.466 227.307 454.588 227.307 454.588 313.844 422.466 313.844
419.450 228.981 451.521 228.981 451.521 315.683 419.450 315.683
417.053 225.660 449.064 225.660 449.064 312.926 417.053 312.926
413.620 225.466 445.679 225.466 445.679 312.649 413.620 312.649
410.807 225.680 442.853 225.680 442.853 312.704 410.807 312.704
408.430 226.887 440.388 226.887 440.388 313.925 408.430 313.925
405.224 227.444 437.394 227.444 437.394 314.420 405.224 314.420
402.030 228.053 434.171 228.053 434.171 315.202 402.030 315.202
400.247 228.261 432.196 228.261 432.196 315.227 400.247 315.227
398.115 229.922 429.984 229.922 429.984 316.892 398.115 316.892
396.657 227.011 428.540 227.011 428.540 314.014 396.657 314.014
394.209 228.944 426.092 228.944 426.092 316.212 394.209 316.212
392.159 229.149 424.040 229.149 424.040 316.219 392.159 316.219
389.980 230.182 421.741 230.182 421.741 317.079 389.980 317.079
387.696 227.897 419.643 227.897 419.643 314.774 387.696 314.774
385.490 228.525 417.390 228.525 417.390 315.473 385.490 315.473
383.260 229.214 414.867 229.214 414.867 315.841 383.260 315.841
381.334 230.147 412.813 230.147 412.813 316.681 381.334 316.681
379.197 230.740 410.424 230.740 410.424 317.225 379.197 317.225
377.181 231.301 408.371 231.301 408.371 317.366 377.181 317.366
375.114 231.852 406.357 231.852 406.357 317.297 375.114 317.297
372.113 234.957 403.621 234.957 403.621 319.565 372.113 319.565
370.413 230.966 401.777 230.966 401.777 315.222 370.413 315.222
368.155 233.938 399.706 233.938 399.706 317.770 368.155 317.770
366.286 233.086 397.637 233.086 397.637 316.447 366.286 316.447
364.112 233.712 395.318 233.712 395.318 316.805 364.112 316.805
362.570 235.916 393.556 235.916 393.556 318.711 362.570 318.711
356.289 238.302 387.065 238.302 387.065 320.404 356.289 320.404
355.242 238.875 386.034 238.875 386.034 320.045 355.242 320.045
353.350 239.824 384.110 239.824 384.110 319.760 353.350 319.760
350.997 239.135 381.722 239.135 381.722 318.182 350.997 318.182
349.103 239.897 379.842 239.897 379.842 318.590 349.103 318.590
346.979 240.937 377.645 240.937 377.645 319.341 346.979 319.341
344.720 240.664 375.460 240.664 375.460 318.660 344.720 318.660
342.417 241.223 373.184 241.223 373.184 318.955 342.417 318.955
340.263 241.732 371.039 241.732 371.039 319.333 340.263 319.333
337.817 241.137 368.557 241.137 368.557 318.433 337.817 318.433
335.856 242.411 366.849 242.411 366.849 319.420 335.856 319.420
334.013 243.384 365.271 243.384 365.271 319.693 334.013 319.693
332.528 243.486 363.852 243.486 363.852 318.917 332.528 318.917
326.863 242.864 357.900 242.864 357.900 318.112 326.863 318.112
327.290 242.729 357.940 242.729 357.940 318.005 327.290 318.005
326.367 243.052 356.793 243.052 356.793 318.484 326.367 318.484
324.627 243.024 355.091 243.024 355.091 318.730 324.627 318.730
318.098 242.701 348.967 242.701 348.967 318.051 318.098 318.051
316.943 242.483 348.072 242.483 348.072 317.675 316.943 317.675
315.965 242.091 347.292 242.091 347.292 317.591 315.965 317.591
314.250 242.059 345.783 242.059 345.783 317.677 314.250 317.677
308.269 241.564 339.674 241.564 339.674 317.206 308.269 317.206
307.641 239.742 338.866 239.742 338.866 315.698 307.641 315.698
305.966 238.681 337.096 238.681 337.096 315.492 305.966 315.492
303.984 237.678 334.985 237.678 334.985 315.517 303.984 315.517
301.341 238.410 332.230 238.410 332.230 317.266 301.341 317.266
298.593 235.857 329.430 235.857 329.430 315.542 298.593 315.542
296.390 234.248 326.990 234.248 326.990 314.834 296.390 314.834
293.831 236.178 324.362 236.178 324.362 317.499 293.831 317.499
291.888 235.531 322.483 235.531 322.483 317.157 291.888 317.157
288.790 236.186 319.741 236.186 319.741 317.860 288.790 317.860
287.314 235.695 318.337 235.695 318.337 317.715 287.314 317.715
285.383 236.177 316.604 236.177 316.604 318.302 285.383 318.302
283.071 236.882 314.240 236.882 314.240 319.482 283.071 319.482
280.868 235.272 311.798 235.272 311.798 318.621 280.868 318.621
278.831 235.572 309.554 235.572 309.554 319.690 278.831 319.690
276.850 234.995 307.445 234.995 307.445 319.771 276.850 319.771
274.010 233.010 304.644 233.010 304.644 317.916 274.010 317.916
271.566 231.871 302.091 231.871 302.091 317.336 271.566 317.336
268.741 233.384 299.246 233.384 299.246 319.138 268.741 319.138
267.086 232.405 297.464 232.405 297.464 318.709 267.086 318.709
265.329 232.954 295.677 232.954 295.677 319.669 265.329 319.669
263.185 232.748 293.628 232.748 293.628 320.084 263.185 320.084
260.834 232.998 291.392 232.998 291.392 320.530 260.834 320.530
258.425 233.098 289.257 233.098 289.257 320.281 258.425 320.281
257.063 233.485 287.897 233.485 287.897 320.704 257.063 320.704
255.710 231.540 286.604 231.540 286.604 318.616 255.710 318.616
253.966 227.952 284.750 227.952 284.750 315.400 253.966 315.400
252.084 228.342 282.893 228.342 282.893 316.005 252.084 316.005
250.957 228.360 281.733 228.360 281.733 316.436 250.957 316.436
244.451 231.826 275.148 231.826 275.148 320.366 244.451 320.366
244.323 231.311 274.855 231.311 274.855 320.467 244.323 320.467
242.446 229.539 273.123 229.539 273.123 318.384 242.446 318.384
240.808 230.328 271.707 230.328 271.707 319.039 240.808 319.039
239.033 230.502 270.082 230.502 270.082 319.110 239.033 319.110
232.848 232.839 263.693 232.839 263.693 321.866 232.848 321.866
231.890 233.024 262.917 233.024 262.917 322.036 231.890 322.036
229.917 233.238 261.068 233.238 261.068 322.706 229.917 322.706
223.661 235.291 255.015 235.291 255.015 324.526 223.661 324.526
221.779 233.385 253.048 233.385 253.048 322.502 221.779 322.502
220.096 235.167 251.380 235.167 251.380 324.209 220.096 324.209
218.521 235.644 249.791 235.644 249.791 324.730 218.521 324.730
215.853 232.531 247.097 232.531 247.097 321.133 215.853 321.133
214.132 233.762 245.346 233.762 245.346 322.039 214.132 322.039
212.097 232.934 243.298 232.934 243.298 320.753 212.097 320.753
211.308 235.342 242.207 235.342 242.207 322.835 211.308 322.835
208.976 234.371 239.724 234.371 239.724 321.497 208.976 321.497
206.906 234.185 237.634 234.185 237.634 320.906 206.906 320.906
204.435 237.484 235.223 237.484 235.223 323.795 204.435 323.795
202.063 237.903 232.809 237.903 232.809 324.028 202.063 324.028
199.506 236.411 230.249 236.411 230.249 322.434 199.506 322.434
197.220 237.461 228.070 237.461 228.070 323.428 197.220 323.428
193.660 237.381 225.156 237.381 225.156 322.671 193.660 322.671
191.497 238.679 223.140 238.679 223.140 323.643 191.497 323.643
189.881 237.921 221.361 237.921 221.361 322.814 189.881 322.814
187.563 237.195 218.946 237.195 218.946 321.821 187.563 321.821
184.739 236.894 216.224 236.894 216.224 321.285 184.739 321.285
181.487 235.753 213.126 235.753 213.126 320.277 181.487 320.277
178.875 236.452 210.671 236.452 210.671 320.941 178.875 320.941
176.291 236.116 208.265 236.116 208.265 320.809 176.291 320.809
174.636 236.447 206.590 236.447 206.590 321.522 174.636 321.522
173.023 237.115 205.090 237.115 205.090 322.600 173.023 322.600
170.198 238.517 202.276 238.517 202.276 324.378 170.198 324.378
167.863 236.748 200.101 236.748 200.101 322.477 167.863 322.477
164.932 238.233 197.399 238.233 197.399 323.885 164.932 323.885
163.556 238.525 196.066 238.525 196.066 323.907 163.556 323.907
161.749 237.538 194.141 237.538 194.141 322.815 161.749 322.815
159.223 235.482 191.485 235.482 191.485 320.638 159.223 320.638
157.373 236.651 189.392 236.651 189.392 321.623 157.373 321.623
154.376 235.049 186.470 235.049 186.470 319.707 154.376 319.707
152.013 236.907 184.040 236.907 184.040 322.027 152.013 322.027
149.941 237.905 181.960 237.905 181.960 322.792 149.941 322.792
148.670 237.809 180.609 237.809 180.609 322.929 148.670 322.929
146.238 238.739 178.316 238.739 178.316 323.822 146.238 323.822
143.778 238.128 176.070 238.128 176.070 323.005 143.778 323.005
142.553 239.093 174.747 239.093 174.747 323.736 142.553 323.736
140.661 239.098 172.766 239.098 172.766 323.827 140.661 323.827
139.024 238.200 171.038 238.200 171.038 322.898 139.024 322.898
137.292 239.155 169.230 239.155 169.230 323.624 137.292 323.624
135.260 239.199 167.109 239.199 167.109 323.652 135.260 323.652
133.213 237.335 164.912 237.335 164.912 321.397 133.213 321.397
130.545 237.736 162.261 237.736 162.261 322.033 130.545 322.033
128.718 239.132 160.400 239.132 160.400 323.982 128.718 323.982
126.183 236.994 157.757 236.994 157.757 321.941 126.183 321.941
124.420 237.232 155.973 237.232 155.973 322.997 124.420 322.997
122.702 236.745 154.217 236.745 154.217 322.938 122.702 322.938
120.361 235.603 151.954 235.603 151.954 321.761 120.361 321.761
118.484 237.141 150.312 237.141 150.312 323.565 118.484 323.565
116.577 237.019 148.599 237.019 148.599 323.251 116.577 323.251
115.309 238.123 147.230 238.123 147.230 324.732 115.309 324.732
114.557 238.029 146.485 238.029 146.485 324.767 114.557 324.767
112.144 235.754 144.011 235.754 144.011 322.635 112.144 322.635
110.234 235.551 141.974 235.551 141.974 322.612 110.234 322.612
107.967 233.995 139.600 233.995 139.600 321.053 107.967 321.053
105.658 232.557 137.484 232.557 137.484 319.508 105.658 319.508
103.729 232.369 135.581 232.369 135.581 319.399 103.729 319.399
101.566 233.590 133.441 233.590 133.441 320.756 101.566 320.756
98.583 233.339 130.566 233.339 130.566 320.852 98.583 320.852
97.732 236.620 129.637 236.620 129.637 324.061 97.732 324.061
99.885 235.983 131.480 235.983 131.480 323.204 99.885 323.204
101.531 238.487 132.895 238.487 132.895 325.512 101.531 325.512
102.875 236.436 134.122 236.436 134.122 322.589 102.875 322.589
105.449 237.717 136.526 237.717 136.526 323.027 105.449 323.027
108.160 236.661 139.097 236.661 139.097 321.407 108.160 321.407
111.616 237.294 142.259 237.294 142.259 321.646 111.616 321.646
114.190 238.082 144.669 238.082 144.669 321.999 114.190 321.999
115.818 238.214 146.098 238.214 146.098 321.815 115.818 321.815
117.570 239.504 147.802 239.504 147.802 322.374 117.570 322.374
119.593 239.146 149.633 239.146 149.633 321.715 119.593 321.715
123.094 241.228 152.964 241.228 152.964 323.586 123.094 323.586
125.417 238.913 155.404 238.913 155.404 320.899 125.417 320.899
127.566 240.819 157.584 240.819 157.584 322.671 127.566 322.671
129.309 239.971 159.346 239.971 159.346 321.611 129.309 321.611
131.516 240.936 161.731 240.936 161.731 321.945 131.516 321.945
133.742 241.589 163.950 241.589 163.950 322.476 133.742 322.476
136.333 240.661 166.540 240.661 166.540 321.338 136.333 321.338
139.013 240.386 169.158 240.386 169.158 320.806 139.013 320.806
142.038 241.955 171.943 241.955 171.943 322.281 142.038 322.281
144.463 237.292 174.376 237.292 174.376 317.290 144.463 317.290
146.781 240.646 176.495 240.646 176.495 320.518 146.781 320.518
149.419 238.146 178.762 238.146 178.762 318.308 149.419 318.308
150.855 239.534 180.145 239.534 180.145 319.843 150.855 319.843
154.447 240.092 183.761 240.092 183.761 320.288 154.447 320.288
156.600 239.667 185.956 239.667 185.956 319.751 156.600 319.751
158.596 240.207 187.943 240.207 187.943 320.255 158.596 320.255
160.199 238.555 189.650 238.555 189.650 318.466 160.199 318.466
162.857 242.886 192.286 242.886 192.286 322.619 162.857 322.619
164.132 238.224 193.571 238.224 193.571 317.623 164.132 317.623
166.158 240.383 195.574 240.383 195.574 319.561 166.158 319.561
169.321 237.506 198.655 237.506 198.655 316.421 169.321 316.421
172.196 239.443 201.233 239.443 201.233 318.494 172.196 318.494
174.299 240.164 203.081 240.164 203.081 319.639 174.299 319.639
175.639 237.481 204.363 237.481 204.363 316.689 175.639 316.689
177.404 240.444 205.980 240.444 205.980 319.645 177.404 319.645
180.842 240.081 209.519 240.081 209.519 319.129 180.842 319.129
183.390 241.062 212.110 241.062 212.110 319.824 183.390 319.824
185.489 240.436 214.349 240.436 214.349 318.982 185.489 318.982
186.973 240.645 215.815 240.645 215.815 319.370 186.973 319.370
184.261 239.625 213.455 239.625 213.455 318.234 184.261 318.234
183.134 240.378 212.338 240.378 212.338 319.344 183.134 319.344
181.268 239.235 210.526 239.235 210.526 318.188 181.268 318.188
178.697 240.503 207.921 240.503 207.921 319.536 178.697 319.536
176.998 239.376 206.251 239.376 206.251 318.415 176.998 318.415
175.032 239.696 204.094 239.696 204.094 318.871 175.032 318.871
172.766 236.498 201.776 236.498 201.776 315.579 172.766 315.579
171.578 237.654 200.412 237.654 200.412 316.462 171.578 316.462
168.889 237.942 197.647 237.942 197.647 316.915 168.889 316.915
167.783 238.569 196.385 238.569 196.385 317.297 167.783 317.297
165.859 237.817 194.447 237.817 194.447 316.786 165.859 316.786
163.677 239.084 192.351 239.084 192.351 318.280 163.677 318.280
162.131 239.368 191.011 239.368 191.011 318.172 162.131 318.172
159.396 238.837 188.621 238.837 188.621 317.582 159.396 317.582
157.324 241.579 186.619 241.579 186.619 320.313 157.324 320.313
154.781 237.696 184.241 237.696 184.241 316.342 154.781 316.342
152.401 240.586 181.713 240.586 181.713 319.327 152.401 319.327
