173.000 167.000 198.000 167.000 198.000 217.000 173.000 217.000
173.622 169.401 198.267 169.401 198.267 219.943 173.622 219.943
173.280 167.997 197.461 167.997 197.461 219.011 173.280 219.011
173.064 167.368 196.912 167.368 196.912 218.363 173.064 218.363
171.983 168.849 195.619 168.849 195.619 220.074 171.983 220.074
170.913 169.546 194.574 169.546 194.574 220.378 170.913 220.378
169.622 170.913 193.324 170.913 193.324 221.174 169.622 221.174
168.409 170.171 191.934 170.171 191.934 220.103 168.409 220.103
167.249 172.306 190.788 172.306 190.788 221.958 167.249 221.958
166.631 175.710 190.199 175.710 190.199 225.532 166.631 225.532
166.635 178.343 190.252 178.343 190.252 228.187 166.635 228.187
162.777 184.031 186.459 184.031 186.459 234.123 162.777 234.123
167.850 177.869 191.402 177.869 191.402 228.149 167.850 228.149
168.074 177.917 191.598 177.917 191.598 228.107 168.074 228.107
167.691 184.071 191.078 184.071 191.078 234.245 167.691 234.245
168.145 189.526 191.474 189.526 191.474 239.772 168.145 239.772
164.219 192.998 187.486 192.998 187.486 243.005 164.219 243.005
164.334 199.942 187.434 199.942 187.434 250.185 164.334 250.185
164.034 207.584 186.878 207.584 186.878 258.228 164.034 258.228
163.349 210.238 186.169 210.238 186.169 260.490 163.349 260.490
162.374 212.046 185.330 212.046 185.330 261.850 162.374 261.850
157.397 209.667 180.390 209.667 180.390 259.029 157.397 259.029
153.644 208.583 176.570 208.583 176.570 257.568 153.644 257.568
153.313 210.284 176.227 210.284 176.227 258.906 153.313 258.906
153.017 208.128 175.856 208.128 175.856 256.631 153.017 256.631
148.580 212.133 171.317 212.133 171.317 260.552 148.580 260.552
148.638 219.316 171.060 219.316 171.060 267.907 148.638 267.907
144.117 226.016 166.303 226.016 166.303 274.861 144.117 274.861
139.901 234.368 161.956 234.368 161.956 283.469 139.901 283.469
144.620 236.117 166.551 236.117 166.551 285.378 144.620 285.378
145.011 235.306 166.879 235.306 166.879 284.518 145.011 284.518
145.165 236.938 167.007 236.938 167.007 286.492 145.165 286.492
140.928 238.006 162.758 238.006 162.758 287.626 140.928 287.626
136.122 238.134 158.101 238.134 158.101 287.595 136.122 287.595
131.880 238.470 154.047 238.470 154.047 287.897 131.880 287.897
132.033 239.305 154.277 239.305 154.277 288.731 132.033 288.731
132.231 238.216 154.655 238.216 154.655 287.791 132.231 287.791
132.160 239.326 154.389 239.326 154.389 289.471 132.160 289.471
128.095 246.283 150.186 246.283 150.186 296.647 128.095 296.647
128.243 252.517 150.325 252.517 150.325 303.137 128.243 303.137
128.073 257.182 150.026 257.182 150.026 308.013 128.073 308.013
123.640 258.868 145.740 258.868 145.740 309.640 123.640 309.640
123.555 259.699 145.781 259.699 145.781 310.342 123.555 310.342
122.636 258.499 144.972 258.499 144.972 309.272 122.636 309.272
121.737 258.744 144.168 258.744 144.168 309.588 121.737 309.588
120.826 259.230 143.356 259.230 143.356 310.401 120.826 310.401
116.564 259.629 139.282 259.629 139.282 310.880 116.564 310.880
116.333 260.250 139.122 260.250 139.122 311.801 116.333 311.801
115.685 263.071 138.534 263.071 138.534 315.174 115.685 315.174
114.986 262.521 137.958 262.521 137.958 314.871 114.986 314.871
114.556 264.623 137.622 264.623 137.622 317.664 114.556 317.664
113.815 262.977 137.155 262.977 137.155 316.268 113.815 316.268
112.883 262.456 136.641 262.456 136.641 315.593 112.883 315.593
112.398 264.730 136.220 264.730 136.220 318.353 112.398 318.353
112.051 267.565 136.144 267.565 136.144 320.892 112.051 320.892
111.248 276.522 135.356 276.522 135.356 330.050 111.248 330.050
110.745 279.903 134.884 279.903 134.884 333.844 110.745 333.844
109.735 287.983 133.935 287.983 133.935 342.381 109.735 342.381
109.259 290.994 133.427 290.994 133.427 345.894 109.259 345.894
108.379 300.384 132.576 300.384 132.576 355.511 108.379 355.511
107.234 304.008 131.469 304.008 131.469 359.332 107.234 359.332
106.020 302.390 130.427 302.390 130.427 357.692 106.020 357.692
100.713 301.723 125.171 301.723 125.171 356.774 100.713 356.774
96.321 300.373 121.062 300.373 121.062 354.844 96.321 354.844
96.863 300.255 121.569 300.255 121.569 354.541 96.863 354.541
97.607 300.432 122.315 300.432 122.315 354.514 97.607 354.514
97.396 300.148 122.111 300.148 122.111 354.153 97.396 354.153
97.430 299.554 122.115 299.554 122.115 353.539 97.430 353.539
97.327 299.880 121.925 299.880 121.925 354.033 97.327 354.033
96.740 299.719 121.345 299.719 121.345 353.991 96.740 353.991
96.305 299.228 121.048 299.228 121.048 353.550 96.305 353.550
95.438 299.783 120.273 299.783 120.273 353.733 95.438 353.733
95.072 300.402 119.763 300.402 119.763 354.450 95.072 354.450
94.339 300.677 118.917 300.677 118.917 354.952 94.339 354.952
93.786 300.328 118.240 300.328 118.240 354.908 93.786 354.908
92.351 300.196 116.770 300.196 116.770 354.987 92.351 354.987
88.160 298.829 112.622 298.829 112.622 353.828 88.160 353.828
87.399 298.678 111.806 298.678 111.806 354.310 87.399 354.310
86.465 298.803 110.794 298.803 110.794 354.796 86.465 354.796
97.957 296.992 122.689 296.992 122.689 352.513 97.957 352.513
113.167 295.247 138.154 295.247 138.154 350.305 113.167 350.305
123.802 293.837 148.936 293.837 148.936 348.440 123.802 348.440
135.832 291.496 160.959 291.496 160.959 345.681 135.832 345.681
152.065 290.539 177.201 290.539 177.201 344.330 152.065 344.330
162.895 288.721 187.861 288.721 187.861 342.394 162.895 342.394
173.436 287.665 198.389 287.665 198.389 341.118 173.436 341.118
180.539 285.688 205.379 285.688 205.379 338.887 180.539 338.887
185.556 286.942 210.214 286.942 210.214 340.129 185.556 340.129
185.204 287.941 209.727 287.941 209.727 341.365 185.204 341.365
184.123 288.945 208.398 288.945 208.398 342.774 184.123 342.774
183.845 288.857 208.100 288.857 208.100 343.006 183.845 343.006
179.864 285.745 203.924 285.745 203.924 340.066 179.864 340.066
185.558 284.962 209.717 284.962 209.717 338.731 185.558 338.731
196.122 286.747 220.445 286.747 220.445 340.123 196.122 340.123
206.357 286.282 230.743 286.282 230.743 339.541 206.357 339.541
211.405 289.996 235.727 289.996 235.727 343.320 211.405 343.320
216.236 287.136 240.665 287.136 240.665 340.315 216.236 340.315
216.028 287.515 240.257 287.515 240.257 341.166 216.028 341.166
215.923 287.409 240.256 287.409 240.256 341.089 215.923 341.089
215.915 284.481 240.273 284.481 240.273 338.046 215.915 338.046
212.293 284.606 236.533 284.606 236.533 338.407 212.293 338.407
212.599 284.451 236.833 284.451 236.833 338.073 212.599 338.073
212.214 283.617 236.566 283.617 236.566 337.125 212.214 337.125
211.917 283.857 236.231 283.857 236.231 337.418 211.917 337.418
211.821 282.661 236.086 282.661 236.086 336.255 211.821 336.255
207.717 282.878 232.045 282.878 232.045 336.395 207.717 336.395
207.913 283.523 232.309 283.523 232.309 336.951 207.913 336.951
207.397 284.268 231.844 284.268 231.844 337.852 207.397 337.852
202.823 283.155 227.202 283.155 227.202 337.070 202.823 337.070
199.153 283.258 223.374 283.258 223.374 337.437 199.153 337.437
199.335 284.811 223.248 284.811 223.248 339.654 199.335 339.654
198.674 284.577 222.486 284.577 222.486 340.059 198.674 340.059
197.357 285.050 221.095 285.050 221.095 341.128 197.357 341.128
196.139 284.451 219.654 284.451 219.654 341.126 196.139 341.126
194.543 283.594 218.082 283.594 218.082 340.644 194.543 340.644
193.203 283.396 216.774 283.396 216.774 340.854 193.203 340.854
191.650 283.055 215.135 283.055 215.135 341.145 191.650 341.145
190.613 282.292 213.986 282.292 213.986 341.141 190.613 341.141
189.111 281.668 212.583 281.668 212.583 340.919 189.111 340.919
187.170 282.172 210.780 282.172 210.780 341.925 187.170 341.925
185.723 282.332 209.529 282.332 209.529 342.533 185.723 342.533
183.916 282.620 207.839 282.620 207.839 343.263 183.916 343.263
182.545 283.132 206.651 283.132 206.651 344.231 182.545 344.231
180.732 283.173 205.090 283.173 205.090 344.480 180.732 344.480
179.377 282.994 203.815 282.994 203.815 344.795 179.377 344.795
178.354 283.371 203.075 283.371 203.075 345.231 178.354 345.231
177.959 282.474 202.864 282.474 202.864 344.579 177.959 344.579
176.693 281.762 201.699 281.762 201.699 343.992 176.693 343.992
175.492 281.221 200.656 281.221 200.656 343.248 175.492 343.248
174.039 281.069 199.553 281.069 199.553 342.855 174.039 342.855
172.854 280.612 198.767 280.612 198.767 341.975 172.854 341.975
172.844 281.546 199.024 281.546 199.024 342.728 172.844 342.728
177.946 282.134 203.978 282.134 203.978 343.574 177.946 343.574
177.130 282.613 202.907 282.613 202.907 344.654 177.130 344.654
175.996 281.606 201.708 281.606 201.708 344.029 175.996 344.029
174.326 280.207 199.996 280.207 199.996 343.140 174.326 343.140
173.354 279.279 199.059 279.279 199.059 342.278 173.354 342.278
172.844 279.199 198.541 279.199 198.541 342.347 172.844 342.347
172.031 279.360 197.827 279.360 197.827 342.328 172.031 342.328
171.525 279.514 197.171 279.514 197.171 342.836 171.525 342.836
170.893 280.508 196.422 280.508 196.422 344.120 170.893 344.120
165.971 279.514 192.059 279.514 192.059 342.747 165.971 342.747
165.887 280.614 192.345 280.614 192.345 343.431 165.887 343.431
166.335 279.349 193.184 279.349 193.184 341.788 166.335 341.788
161.442 278.417 188.750 278.417 188.750 340.419 161.442 340.419
161.564 279.492 188.835 279.492 188.835 341.633 161.564 341.633
161.202 277.973 188.147 277.973 188.147 340.606 161.202 340.606
160.816 278.552 187.500 278.552 187.500 341.770 160.816 341.770
160.347 277.487 186.931 277.487 186.931 340.733 160.347 340.733
160.104 277.801 186.369 277.801 186.369 341.706 160.104 341.706
159.144 276.199 185.512 276.199 185.512 339.849 159.144 339.849
158.789 277.450 184.945 277.450 184.945 341.769 158.789 341.769
154.039 276.861 180.452 276.861 180.452 340.908 154.039 340.908
154.693 277.133 181.251 277.133 181.251 341.069 154.693 341.069
130.647 280.685 156.971 280.685 156.971 344.341 130.647 344.341
125.675 281.392 152.356 281.392 152.356 344.128 125.675 344.128
137.423 283.187 164.346 283.187 164.346 345.207 137.423 345.207
143.498 278.399 170.601 278.399 170.601 339.911 143.498 339.911
154.995 280.499 182.279 280.499 182.279 341.330 154.995 341.330
162.047 281.092 189.053 281.092 189.053 341.669 162.047 341.669
163.515 280.723 190.184 280.723 190.184 341.047 163.515 341.047
162.501 280.694 188.663 280.694 188.663 340.853 162.501 340.853
161.699 282.345 187.518 282.345 187.518 342.467 161.699 342.467
161.407 277.669 186.872 277.669 186.872 337.521 161.407 337.521
163.580 278.124 188.785 278.124 188.785 338.081 163.580 338.081
163.870 280.092 188.894 280.092 188.894 339.942 163.870 339.942
163.328 281.070 188.345 281.070 188.345 341.223 163.328 341.223
162.776 282.175 187.671 282.175 187.671 342.203 162.776 342.203
161.836 282.310 186.663 282.310 186.663 342.278 161.836 342.278
161.889 283.294 186.731 283.294 186.731 343.063 161.889 343.063
161.314 278.813 185.975 278.813 185.975 338.444 161.314 338.444
161.587 279.209 186.115 279.209 186.115 338.672 161.587 338.672
161.148 279.292 185.572 279.292 185.572 338.741 161.148 338.741
161.129 279.088 185.360 279.088 185.360 338.493 161.129 338.493
161.459 274.975 185.273 274.975 185.273 334.536 161.459 334.536
161.428 276.304 185.062 276.304 185.062 335.871 161.428 335.871
161.190 277.779 184.612 277.779 184.612 337.457 161.190 337.457
160.959 274.040 184.425 274.040 184.425 333.563 160.959 333.563
161.717 274.998 185.021 274.998 185.021 334.586 161.717 334.586
161.541 275.289 184.994 275.289 184.994 334.603 161.541 334.603
181.739 286.094 205.294 286.094 205.294 343.892 181.739 343.892
182.027 281.733 205.610 281.733 205.610 339.042 182.027 339.042
188.021 281.166 211.517 281.166 211.517 337.947 188.021 337.947
193.410 280.650 217.345 280.650 217.345 336.453 193.410 336.453
188.704 275.486 212.458 275.486 212.458 331.017 188.704 331.017
188.563 275.983 212.111 275.983 212.111 331.267 188.563 331.267
188.699 276.304 212.131 276.304 212.131 331.400 188.699 331.400
189.063 272.616 212.066 272.616 212.066 328.273 189.063 328.273
189.198 273.459 211.877 273.459 211.877 329.548 189.198 329.548
189.157 273.458 211.633 273.458 211.633 329.840 189.157 329.840
188.835 270.304 211.076 270.304 211.076 326.948 188.835 326.948
189.317 271.163 211.278 271.163 211.278 328.107 189.317 328.107
189.715 272.890 211.543 272.890 211.543 329.722 189.715 329.722
189.614 273.487 211.391 273.487 211.391 330.188 189.614 330.188
203.286 271.414 225.656 271.414 225.656 326.930 203.286 326.930
202.613 272.665 225.171 272.665 225.171 327.888 202.613 327.888
207.533 272.893 230.297 272.893 230.297 327.769 207.533 327.769
212.239 272.693 235.154 272.693 235.154 327.101 212.239 327.101
222.941 272.014 245.575 272.014 245.575 326.744 222.941 326.744
231.945 272.231 254.788 272.231 254.788 326.501 231.945 326.501
236.358 272.821 259.320 272.821 259.320 326.620 236.358 326.620
246.462 273.331 269.446 273.331 269.446 326.835 246.462 326.835
260.782 273.252 283.761 273.252 283.761 326.656 260.782 326.656
265.681 273.392 288.579 273.392 288.579 326.623 265.681 326.623
270.613 273.676 293.216 273.676 293.216 327.139 270.613 327.139
280.864 273.072 302.921 273.072 302.921 326.623 280.864 326.623
280.491 273.523 302.457 273.523 302.457 327.065 280.491 327.065
280.116 274.218 301.975 274.218 301.975 327.366 280.116 327.366
279.712 274.151 301.401 274.151 301.401 327.003 279.712 327.003
279.356 274.459 300.932 274.459 300.932 327.096 279.356 327.096
278.561 274.758 299.887 274.758 299.887 327.521 278.561 327.521
279.011 274.424 300.234 274.424 300.234 327.052 279.011 327.052
278.565 274.054 299.633 274.054 299.633 326.717 278.565 326.717
278.572 275.163 299.323 275.163 299.323 328.094 278.572 328.094
278.331 277.509 299.003 277.509 299.003 330.276 278.331 330.276
278.771 279.568 299.412 279.568 299.412 332.134 278.771 332.134
279.453 280.612 300.072 280.612 300.072 332.927 279.453 332.927
279.416 280.442 300.004 280.442 300.004 332.477 279.416 332.477
279.453 276.466 300.002 276.466 300.002 328.513 279.453 328.513
303.001 278.527 323.688 278.527 323.688 329.685 303.001 329.685
303.831 280.057 324.435 280.057 324.435 330.384 303.831 330.384
304.127 280.474 324.569 280.474 324.569 330.025 304.127 330.025
304.750 280.528 324.981 280.528 324.981 329.476 304.750 329.476
304.671 280.160 324.632 280.160 324.632 328.163 304.671 328.163
304.854 280.671 324.539 280.671 324.539 328.093 304.854 328.093
305.593 280.978 325.060 280.978 325.060 327.681 305.593 327.681
306.591 281.554 325.875 281.554 325.875 327.832 306.591 327.832
306.862 281.317 325.935 281.317 325.935 326.969 306.862 326.969
307.481 280.738 326.281 280.738 326.281 325.901 307.481 325.901
308.469 280.089 326.948 280.089 326.948 324.814 308.469 324.814
308.990 281.766 327.346 281.766 327.346 325.937 308.990 325.937
309.587 281.209 327.835 281.209 327.835 324.621 309.587 324.621
310.550 281.291 328.623 281.291 328.623 324.273 310.550 324.273
311.363 281.094 329.226 281.094 329.226 323.699 311.363 323.699
312.404 281.464 330.103 281.464 330.103 323.697 312.404 323.697
312.245 282.147 329.746 282.147 329.746 323.906 312.245 323.906
313.346 282.386 330.776 282.386 330.776 323.759 313.346 323.759
313.923 282.401 331.132 282.401 331.132 323.309 313.923 323.309
314.373 281.085 331.481 281.085 331.481 321.659 314.373 321.659
314.919 280.442 332.034 280.442 332.034 320.621 314.919 320.621
314.874 281.233 331.919 281.233 331.919 321.091 314.874 321.091
315.662 281.420 332.676 281.420 332.676 321.036 315.662 321.036
316.058 282.007 332.990 282.007 332.990 321.274 316.058 321.274
316.372 282.163 333.145 282.163 333.145 321.105 316.372 321.105
315.923 281.934 332.533 281.934 332.533 320.691 315.923 320.691
316.252 281.906 332.726 281.906 332.726 320.331 316.252 320.331
316.021 280.911 332.384 280.911 332.384 318.978 316.021 318.978
316.212 282.259 332.448 282.259 332.448 320.147 316.212 320.147
315.613 281.233 331.743 281.233 331.743 319.024 315.613 319.024
315.366 281.494 331.377 281.494 331.377 319.107 315.366 319.107
315.046 280.232 330.794 280.232 330.794 317.994 315.046 317.994
314.040 279.652 329.635 279.652 329.635 317.474 314.040 317.474
313.553 279.030 329.005 279.030 329.005 316.852 313.553 316.852
312.598 279.720 328.079 279.720 328.079 317.543 312.598 317.543
311.886 280.907 327.397 280.907 327.397 318.601 311.886 318.601
311.121 281.970 326.798 281.970 326.798 319.233 311.121 319.233
310.192 280.931 325.981 280.931 325.981 317.972 310.192 317.972
309.542 280.179 325.306 280.179 325.306 317.128 309.542 317.128
308.325 279.434 324.058 279.434 324.058 316.007 308.325 316.007
307.748 279.857 323.214 279.857 323.214 316.520 307.748 316.520
307.340 278.500 322.703 278.500 322.703 315.261 307.340 315.261
307.030 278.925 322.329 278.925 322.329 315.726 307.030 315.726
307.001 279.284 322.302 279.284 322.302 316.001 307.001 316.001
303.839 279.202 319.163 279.202 319.163 315.899 303.839 315.899
303.557 278.972 318.920 278.972 318.920 315.657 303.557 315.657
294.187 275.431 309.685 275.431 309.685 311.856 294.187 311.856
297.523 275.356 313.083 275.356 313.083 311.753 297.523 311.753
297.135 272.251 313.065 272.251 313.065 308.205 297.135 308.205
297.624 271.749 313.766 271.749 313.766 307.380 297.624 307.380
298.376 271.114 314.597 271.114 314.597 306.605 298.376 306.605
299.335 274.134 315.419 274.134 315.419 309.835 299.335 309.835
300.156 273.826 316.221 273.826 316.221 309.536 300.156 309.536
301.455 276.663 317.336 276.663 317.336 312.651 301.455 312.651
301.849 277.072 317.502 277.072 317.502 313.615 301.849 313.615
302.290 276.933 317.882 276.933 317.882 313.466 302.290 313.466
302.078 276.526 317.732 276.526 317.732 313.037 302.078 313.037
302.644 275.787 318.294 275.787 318.294 312.452 302.644 312.452
302.635 277.328 318.421 277.328 318.421 314.041 302.635 314.041
302.752 275.700 318.596 275.700 318.596 312.439 302.752 312.439
302.592 276.634 318.552 276.634 318.552 313.391 302.592 313.391
300.307 275.534 316.245 275.534 316.245 312.193 300.307 312.193
301.155 274.710 317.053 274.710 317.053 311.420 301.155 311.420
299.282 274.338 314.910 274.338 314.910 311.200 299.282 311.200
299.616 274.737 314.941 274.737 314.941 311.764 299.616 311.764
299.635 274.776 314.718 274.776 314.718 311.900 299.635 311.900
299.496 275.296 314.435 275.296 314.435 312.416 299.496 312.416
298.812 275.451 313.596 275.451 313.596 312.193 298.812 312.193
297.005 275.504 311.582 275.504 311.582 312.275 297.005 312.275
296.890 275.689 311.258 275.689 311.258 312.454 296.890 312.454
296.643 276.080 310.814 276.080 310.814 312.718 296.643 312.718
295.972 276.314 310.100 276.314 310.100 312.639 295.972 312.639
295.381 275.814 309.422 275.814 309.422 312.099 295.381 312.099
295.083 275.855 308.987 275.855 308.987 311.989 295.083 311.989
294.754 276.010 308.601 276.010 308.601 311.917 294.754 311.917
294.770 276.201 308.669 276.201 308.669 311.914 294.770 311.914
294.718 276.417 308.625 276.417 308.625 311.868 294.718 311.868
294.463 275.766 308.445 275.766 308.445 311.015 294.463 311.015
292.482 275.550 306.674 275.550 306.674 310.462 292.482 310.462
292.850 275.736 307.086 275.736 307.086 310.441 292.850 310.441
292.964 275.596 307.343 275.596 307.343 310.059 292.964 310.059
293.370 274.800 307.843 274.800 307.843 309.148 293.370 309.148
292.998 274.689 307.436 274.689 307.436 309.078 292.998 309.078
292.712 274.456 307.284 274.456 307.284 308.701 292.712 308.701
292.105 276.166 306.728 276.166 306.728 310.188 292.105 310.188
291.708 276.307 306.437 276.307 306.437 310.184 291.708 310.184
291.569 276.880 306.176 276.880 306.176 310.719 291.569 310.719
291.202 277.039 305.836 277.039 305.836 310.708 291.202 310.708
290.954 276.514 305.589 276.514 305.589 310.103 290.954 310.103
290.788 275.693 305.350 275.693 305.350 309.380 290.788 309.380
291.052 275.338 305.591 275.338 305.591 308.971 291.052 308.971
291.428 274.655 306.030 274.655 306.030 308.114 291.428 308.114
291.940 272.172 306.560 272.172 306.560 305.575 291.940 305.575
292.318 276.546 306.844 276.546 306.844 309.752 292.318 309.752
292.261 277.505 306.732 277.505 306.732 310.585 292.261 310.585
292.744 275.631 307.128 275.631 307.128 308.723 292.744 308.723
293.199 274.402 307.583 274.402 307.583 307.341 293.199 307.341
293.155 275.601 307.492 275.601 307.492 308.423 293.155 308.423
293.104 274.973 307.463 274.973 307.463 307.624 293.104 307.624
293.101 274.068 307.387 274.068 307.387 306.708 293.101 306.708
292.972 275.469 307.213 275.469 307.213 308.011 292.972 308.011
292.854 274.420 306.969 274.420 306.969 307.041 292.854 307.041
292.698 275.085 306.802 275.085 306.802 307.560 292.698 307.560
292.585 275.091 306.678 275.091 306.678 307.611 292.585 307.611
292.226 276.028 306.226 276.028 306.226 308.549 292.226 308.549
291.408 274.895 305.345 274.895 305.345 307.457 291.408 307.457
291.179 273.939 305.126 273.939 305.126 306.396 291.179 306.396
291.035 272.965 304.967 272.965 304.967 305.393 291.035 305.393
291.290 272.903 305.222 272.903 305.222 305.342 291.290 305.342
291.375 274.858 305.402 274.858 305.402 307.029 291.375 307.029
291.303 276.438 305.420 276.438 305.420 308.201 291.303 308.201
292.132 275.066 306.235 275.066 306.235 306.697 292.132 306.697
292.626 274.647 306.722 274.647 306.722 306.131 292.626 306.131
293.049 273.214 306.871 273.214 306.871 304.885 293.049 304.885
292.649 270.842 306.392 270.842 306.392 302.759 292.649 302.759
292.784 268.275 306.471 268.275 306.471 300.471 292.784 300.471
292.833 266.962 306.532 266.962 306.532 299.214 292.833 299.214
292.854 266.399 306.501 266.399 306.501 298.767 292.854 298.767
293.039 265.840 306.729 265.840 306.729 298.152 293.039 298.152
293.107 268.037 306.712 268.037 306.712 300.445 293.107 300.445
293.087 270.548 306.674 270.548 306.674 302.966 293.087 302.966
293.191 270.031 306.764 270.031 306.764 302.466 293.191 302.466
293.256 268.391 306.745 268.391 306.745 301.037 293.256 301.037
293.339 265.776 306.907 265.776 306.907 298.427 293.339 298.427
293.176 265.243 306.827 265.243 306.827 297.843 293.176 297.843
293.096 265.115 306.797 265.115 306.797 297.898 293.096 297.898
293.321 265.803 307.059 265.803 307.059 298.688 293.321 298.688
292.515 266.835 306.423 266.835 306.423 299.458 292.515 299.458
292.355 267.357 306.373 267.357 306.373 299.860 292.355 299.860
292.012 267.260 306.018 267.260 306.018 299.892 292.012 299.892
292.054 266.067 306.107 266.067 306.107 298.637 292.054 298.637
291.925 264.924 305.949 264.924 305.949 297.598 291.925 297.598
291.523 263.803 305.554 263.803 305.554 296.806 291.523 296.806
291.165 262.927 305.156 262.927 305.156 296.334 291.165 296.334
290.591 263.525 304.651 263.525 304.651 297.083 290.591 297.083
290.078 263.898 304.238 263.898 304.238 297.509 290.078 297.509
289.863 265.055 304.233 265.055 304.233 298.388 289.863 298.388
289.643 265.080 304.063 265.080 304.063 298.334 289.643 298.334
289.708 265.545 304.139 265.545 304.139 298.792 289.708 298.792
289.835 265.815 304.293 265.815 304.293 298.962 289.835 298.962
289.767 264.419 304.037 264.419 304.037 297.671 289.767 297.671
289.549 263.304 303.730 263.304 303.730 296.729 289.549 296.729
289.563 262.811 303.730 262.811 303.730 296.509 289.563 296.509
288.912 262.783 303.026 262.783 303.026 296.696 288.912 296.696
288.584 263.840 302.719 263.840 302.719 297.806 288.584 297.806
288.163 264.236 302.387 264.236 302.387 298.219 288.163 298.219
287.229 264.143 301.618 264.143 301.618 298.210 287.229 298.210
286.709 263.391 301.206 263.391 301.206 297.506 286.709 297.506
286.344 263.168 300.833 263.168 300.833 297.345 286.344 297.345
286.057 263.181 300.540 263.181 300.540 297.472 286.057 297.472
285.915 262.759 300.342 262.759 300.342 297.221 285.915 297.221
285.799 262.968 300.204 262.968 300.204 297.574 285.799 297.574
285.475 263.268 299.864 263.268 299.864 297.981 285.475 297.981
285.303 263.536 299.739 263.536 299.739 298.366 285.303 298.366
285.291 263.525 299.758 263.525 299.758 298.217 285.291 298.217
285.239 263.269 299.649 263.269 299.649 297.923 285.239 297.923
285.193 262.664 299.556 262.664 299.556 297.498 285.193 297.498
285.355 261.887 299.625 261.887 299.625 296.879 285.355 296.879
285.398 261.480 299.661 261.480 299.661 296.694 285.398 296.694
285.292 262.145 299.642 262.145 299.642 297.470 285.292 297.470
285.309 261.965 299.766 261.965 299.766 297.175 285.309 297.175
285.371 262.374 299.935 262.374 299.935 297.496 285.371 297.496
285.336 263.082 299.960 263.082 299.960 298.215 285.336 298.215
285.417 261.892 300.026 261.892 300.026 297.086 285.417 297.086
285.542 261.985 300.181 261.985 300.181 297.142 285.542 297.142
286.246 261.278 300.936 261.278 300.936 296.366 286.246 296.366
286.204 262.123 300.992 262.123 300.992 297.151 286.204 297.151
286.540 262.288 301.322 262.288 301.322 297.436 286.540 297.436
287.214 262.376 302.007 262.376 302.007 297.571 287.214 297.571
287.721 262.093 302.456 262.093 302.456 297.195 287.721 297.195
288.141 261.785 302.850 261.785 302.850 296.896 288.141 296.896
288.518 261.740 303.213 261.740 303.213 296.947 288.518 296.947
288.581 262.283 303.312 262.283 303.312 297.488 288.581 297.488
288.276 261.520 303.026 261.520 303.026 296.804 288.276 296.804
288.652 261.637 303.467 261.637 303.467 296.918 288.652 296.918
288.259 261.547 303.233 261.547 303.233 296.778 288.259 296.778
288.359 261.815 303.412 261.815 303.412 297.002 288.359 297.002
288.706 261.428 303.696 261.428 303.696 296.735 288.706 296.735
288.096 260.451 303.125 260.451 303.125 295.847 288.096 295.847
288.392 260.728 303.451 260.728 303.451 296.205 288.392 296.205
288.205 260.355 303.242 260.355 303.242 295.773 288.205 295.773
288.496 260.907 303.633 260.907 303.633 296.304 288.496 296.304
288.708 261.373 303.863 261.373 303.863 296.623 288.708 296.623
288.613 261.187 303.788 261.187 303.788 296.547 288.613 296.547
288.986 260.532 304.063 260.532 304.063 295.988 288.986 295.988
289.090 260.158 304.280 260.158 304.280 295.558 289.090 295.558
288.817 259.168 304.006 259.168 304.006 294.626 288.817 294.626
289.335 259.017 304.511 259.017 304.511 294.598 289.335 294.598
289.178 258.958 304.368 258.958 304.368 294.625 289.178 294.625
288.976 258.881 304.239 258.881 304.239 294.586 288.976 294.586
289.217 259.452 304.521 259.452 304.521 295.267 289.217 295.267
289.263 259.196 304.670 259.196 304.670 295.121 289.263 295.121
288.929 258.718 304.386 258.718 304.386 294.828 288.929 294.828
288.477 258.145 304.021 258.145 304.021 294.417 288.477 294.417
288.911 257.844 304.430 257.844 304.430 294.268 288.911 294.268
288.763 257.756 304.180 257.756 304.180 294.363 288.763 294.363
288.438 257.679 303.861 257.679 303.861 294.334 288.438 294.334
287.997 257.714 303.365 257.714 303.365 294.242 287.997 294.242
288.482 256.840 303.644 256.840 303.644 293.518 288.482 293.518
288.772 256.862 303.788 256.862 303.788 293.711 288.772 293.711
288.966 256.358 303.919 256.358 303.919 293.248 288.966 293.248
288.601 256.153 303.490 256.153 303.490 292.970 288.601 292.970
287.996 255.878 302.961 255.878 302.961 292.480 287.996 292.480
287.622 256.311 302.670 256.311 302.670 292.844 287.622 292.844
287.493 256.289 302.540 256.289 302.540 292.704 287.493 292.704
287.282 256.503 302.381 256.503 302.381 292.675 287.282 292.675
287.025 256.664 302.113 256.664 302.113 292.784 287.025 292.784
286.706 257.369 301.734 257.369 301.734 293.525 286.706 293.525
286.256 257.434 301.301 257.434 301.301 293.584 286.256 293.584
286.209 257.337 301.205 257.337 301.205 293.533 286.209 293.533
285.690 256.923 300.743 256.923 300.743 293.010 285.690 293.010
284.974 256.637 299.993 256.637 299.993 292.566 284.974 292.566
284.702 256.710 299.752 256.710 299.752 292.605 284.702 292.605
284.484 257.224 299.589 257.224 299.589 293.108 284.484 293.108
284.185 255.173 299.096 255.173 299.096 291.164 284.185 291.164
282.193 255.416 296.844 255.416 296.844 291.513 282.193 291.513
282.070 256.804 296.782 256.804 296.782 292.522 282.070 292.522
281.567 257.641 296.387 257.641 296.387 293.059 281.567 293.059
280.631 257.552 295.552 257.552 295.552 292.633 280.631 292.633
279.632 257.332 294.491 257.332 294.491 292.137 279.632 292.137
279.399 257.636 294.186 257.636 294.186 292.325 279.399 292.325
278.679 257.286 293.432 257.286 293.432 291.915 278.679 291.915
278.564 257.473 293.267 257.473 293.267 292.036 278.564 292.036
278.293 257.720 292.964 257.720 292.964 292.202 278.293 292.202
277.096 257.095 291.743 257.095 291.743 291.376 277.096 291.376
276.265 257.235 290.971 257.235 290.971 291.340 276.265 291.340
275.656 257.909 290.413 257.909 290.413 291.635 275.656 291.635
275.585 257.057 290.216 257.057 290.216 290.695 275.585 290.695
275.979 257.099 290.545 257.099 290.545 290.678 275.979 290.678
275.083 257.205 289.655 257.205 289.655 290.513 275.083 290.513
275.139 256.313 289.622 256.313 289.622 289.555 275.139 289.555
274.992 256.968 289.536 256.968 289.536 290.125 274.992 290.125
274.612 257.370 289.099 257.370 289.099 290.507 274.612 290.507
273.848 257.087 288.407 257.087 288.407 290.245 273.848 290.245
273.746 256.119 288.184 256.119 288.184 289.463 273.746 289.463
273.399 255.824 287.823 255.824 287.823 289.240 273.399 289.240
272.889 256.183 287.366 256.183 287.366 289.448 272.889 289.448
273.274 256.227 287.703 256.227 287.703 289.583 273.274 289.583
273.280 256.625 287.753 256.625 287.753 290.041 273.280 290.041
273.201 256.792 287.659 256.792 287.659 290.285 273.201 290.285
272.935 256.874 287.468 256.874 287.468 290.369 272.935 290.369
273.056 256.578 287.619 256.578 287.619 290.073 273.056 290.073
272.875 256.352 287.410 256.352 287.410 289.919 272.875 289.919
272.995 256.117 287.522 256.117 287.522 289.650 272.995 289.650
273.024 255.378 287.511 255.378 287.511 289.076 273.024 289.076
272.798 255.079 287.385 255.079 287.385 288.809 272.798 288.809
272.597 255.115 287.237 255.115 287.237 288.700 272.597 288.700
273.340 254.653 288.076 254.653 288.076 288.124 273.340 288.124
274.213 254.924 288.885 254.924 288.885 288.630 274.213 288.630
274.890 255.116 289.548 255.116 289.548 288.890 274.890 288.890
275.456 255.570 290.143 255.570 290.143 289.480 275.456 289.480
276.310 253.901 290.927 253.901 290.927 287.835 276.310 287.835
278.068 253.623 292.775 253.623 292.775 287.563 278.068 287.563
278.354 253.985 292.904 253.985 292.904 287.977 278.354 287.977
279.134 254.100 293.713 254.100 293.713 288.117 279.134 288.117
281.224 254.856 296.092 254.856 296.092 288.650 281.224 288.650
281.021 254.705 295.940 254.705 295.940 288.462 281.021 288.462
283.376 254.087 298.416 254.087 298.416 287.791 283.376 287.791
283.700 249.755 298.567 249.755 298.567 284.214 283.700 284.214
283.510 247.411 298.553 247.411 298.553 282.469 283.510 282.469
283.532 243.278 298.791 243.278 298.791 278.463 283.532 278.463
283.403 243.173 298.944 243.173 298.944 278.576 283.403 278.576
279.900 243.137 295.835 243.137 295.835 278.370 279.900 278.370
279.674 242.814 295.698 242.814 295.698 278.469 279.674 278.469
279.980 240.455 295.934 240.455 295.934 276.769 279.980 276.769
279.642 238.429 295.634 238.429 295.634 274.829 279.642 274.829
276.475 238.243 292.515 238.243 292.515 274.665 276.475 274.665
276.420 239.709 292.619 239.709 292.619 276.022 276.420 276.022
262.905 243.394 279.161 243.394 279.161 279.821 262.905 279.821
259.705 243.349 275.923 243.349 275.923 280.262 259.705 280.262
259.386 244.674 275.776 244.674 275.776 281.805 259.386 281.805
255.774 244.742 272.105 244.742 272.105 282.442 255.774 282.442
248.969 244.580 264.980 244.580 264.980 283.205 248.969 283.205
248.597 245.174 264.755 245.174 264.755 284.008 248.597 284.008
248.260 241.827 264.603 241.827 264.603 281.021 248.260 281.021
247.617 241.195 264.122 241.195 264.122 280.629 247.617 280.629
243.808 238.670 260.465 238.670 260.465 278.532 243.808 278.532
243.405 238.514 260.295 238.514 260.295 278.574 243.405 278.574
242.719 239.922 259.829 239.922 259.829 280.247 242.719 280.247
235.620 241.247 253.005 241.247 253.005 281.634 235.620 281.634
231.761 242.554 249.287 242.554 249.287 283.130 231.761 283.130
227.691 246.882 245.203 246.882 245.203 287.711 227.691 287.711
202.339 273.700 220.029 273.700 220.029 314.883 202.339 314.883
201.563 275.440 219.526 275.440 219.526 316.713 201.563 316.713
197.291 276.408 215.590 276.408 215.590 317.812 197.291 317.812
193.941 276.453 212.519 276.453 212.519 317.822 193.941 317.822
193.129 276.292 211.828 276.292 211.828 318.042 193.129 318.042
190.018 275.360 208.733 275.360 208.733 317.350 190.018 317.350
189.307 275.231 208.288 275.231 208.288 317.266 189.307 317.266
185.897 276.068 204.979 276.068 204.979 318.452 185.897 318.452
185.363 274.697 204.495 274.697 204.495 317.594 185.363 317.594
184.501 275.487 203.799 275.487 203.799 318.598 184.501 318.598
180.684 275.821 200.177 275.821 200.177 318.916 180.684 318.916
177.883 273.397 197.414 273.397 197.414 316.707 177.883 316.707
178.024 274.163 197.579 274.163 197.579 317.847 178.024 317.847
174.804 271.851 194.295 271.851 194.295 315.756 174.804 315.756
172.202 270.105 191.753 270.105 191.753 314.113 172.202 314.113
169.524 271.276 189.215 271.276 189.215 315.365 169.524 315.365
166.100 272.960 185.987 272.960 185.987 316.893 166.100 316.893
162.334 271.639 182.299 271.639 182.299 315.484 162.334 315.484
159.266 269.289 179.224 269.289 179.224 313.097 159.266 313.097
156.894 269.998 176.803 269.998 176.803 313.974 156.894 313.974
156.900 270.051 176.728 270.051 176.728 314.329 156.900 314.329
153.401 270.239 173.253 270.239 173.253 314.700 153.401 314.700
149.989 267.380 169.946 267.380 169.946 311.834 149.989 311.834
150.405 268.856 170.624 268.856 170.624 313.091 150.405 313.091
150.327 268.586 170.672 268.586 170.672 312.928 150.327 312.928
146.091 268.912 166.663 268.912 166.663 313.390 146.091 313.390
142.947 266.064 163.535 266.064 163.535 310.612 142.947 310.612
139.979 266.721 160.629 266.721 160.629 311.395 139.979 311.395
137.177 264.158 157.928 264.158 157.928 308.969 137.177 308.969
137.240 266.294 158.046 266.294 158.046 311.181 137.240 311.181
130.433 265.963 151.154 265.963 151.154 311.127 130.433 311.127
131.008 264.054 151.820 264.054 151.820 309.268 131.008 309.268
127.240 267.898 148.188 267.898 148.188 313.218 127.240 313.218
123.370 264.291 144.433 264.291 144.433 309.699 123.370 309.699
119.575 260.725 140.625 260.725 140.625 306.500 119.575 306.500
116.279 260.109 137.390 260.109 137.390 305.786 116.279 305.786
116.313 260.502 137.582 260.502 137.582 306.185 116.313 306.185
116.213 261.873 137.437 261.873 137.437 307.797 116.213 307.797
115.760 264.730 137.000 264.730 137.000 310.482 115.760 310.482
112.004 265.065 133.424 265.065 133.424 310.876 112.004 310.876
108.707 264.757 130.034 264.757 130.034 311.036 108.707 311.036
108.993 264.342 130.209 264.342 130.209 311.147 108.993 311.147
105.917 264.269 127.132 264.269 127.132 311.485 105.917 311.485
102.552 263.121 123.581 263.121 123.581 311.120 102.552 311.120
102.833 259.850 124.078 259.850 124.078 307.660 102.833 307.660
103.527 246.888 124.779 246.888 124.779 294.832 103.527 294.832
103.593 242.100 124.810 242.100 124.810 290.172 103.593 290.172
103.011 242.026 124.308 242.026 124.308 289.953 103.011 289.953
102.554 239.964 123.772 239.964 123.772 287.752 102.554 287.752
97.856 240.111 118.958 240.111 118.958 288.055 97.856 288.055
89.592 241.606 110.572 241.606 110.572 289.715 89.592 289.715
85.476 247.123 106.522 247.123 106.522 295.292 85.476 295.292
85.723 246.763 106.583 246.763 106.583 295.374 85.723 295.374
82.248 247.351 103.220 247.351 103.220 296.176 82.248 296.176
82.069 248.157 103.213 248.157 103.213 297.169 82.069 297.169
81.985 248.375 103.343 248.375 103.343 297.487 81.985 297.487
78.110 248.893 99.805 248.893 99.805 298.008 78.110 298.008
74.508 250.614 96.355 250.614 96.355 300.093 74.508 300.093
75.635 247.183 97.389 247.183 97.389 297.127 75.635 297.127
75.984 242.207 97.740 242.207 97.740 292.328 75.984 292.328
72.017 242.700 93.821 242.700 93.821 292.846 72.017 292.846
68.311 242.314 90.111 242.314 90.111 292.458 68.311 292.458
65.067 238.827 86.988 238.827 86.988 288.897 65.067 288.897
65.383 239.127 87.451 239.127 87.451 289.100 65.383 289.100
61.624 239.397 83.683 239.397 83.683 289.558 61.624 289.558
61.674 239.921 83.818 239.921 83.818 290.094 61.674 290.094
57.832 239.478 79.889 239.478 79.889 289.893 57.832 289.893
53.962 239.616 76.022 239.616 76.022 290.222 53.962 290.222
54.508 236.202 76.503 236.202 76.503 287.081 54.508 287.081
50.506 238.564 72.587 238.564 72.587 289.449 50.506 289.449
47.196 239.814 69.284 239.814 69.284 290.558 47.196 290.558
47.466 241.268 69.779 241.268 69.779 291.585 47.466 291.585
43.201 241.935 65.474 241.935 65.474 292.525 43.201 292.525
39.954 246.677 62.158 246.677 62.158 297.508 39.954 297.508
36.394 246.891 58.620 246.891 58.620 297.979 36.394 297.979
37.464 246.922 59.728 246.922 59.728 298.274 37.464 298.274
38.215 242.747 60.467 242.747 60.467 294.371 38.215 294.371
38.430 239.004 60.738 239.004 60.738 290.866 38.430 290.866
34.600 235.861 57.196 235.861 57.196 287.647 34.600 287.647
31.228 236.444 53.999 236.444 53.999 288.245 31.228 288.245
27.906 236.926 50.788 236.926 50.788 288.902 27.906 288.902
24.961 240.887 47.795 240.887 47.795 293.049 24.961 293.049
25.979 236.696 48.897 236.696 48.897 288.859 25.979 288.859
22.652 236.695 45.663 236.695 45.663 288.869 22.652 288.869
23.074 237.385 46.188 237.385 46.188 289.367 23.074 289.367
19.627 237.520 42.587 237.520 42.587 289.765 19.627 289.765
16.018 236.250 39.142 236.250 39.142 288.404 16.018 288.404
12.418 240.534 35.460 240.534 35.460 292.928 12.418 292.928
12.374 240.276 35.376 240.276 35.376 293.098 12.374 293.098
8.572 239.381 31.523 239.381 31.523 292.594 8.572 292.594
5.222 242.909 27.801 242.909 27.801 296.829 5.222 296.829
5.795 241.948 28.414 241.948 28.414 296.217 5.795 296.217
2.496 241.891 24.819 241.891 24.819 296.853 2.496 296.853
3.573 238.528 25.842 238.528 25.842 293.769 3.573 293.769
0.060 247.594 22.193 247.594 22.193 303.459 0.060 303.459
0.376 249.459 22.447 249.459 22.447 305.575 0.376 305.575
0.383 249.809 22.508 249.809 22.508 306.220 0.383 306.220
-0.490 249.356 21.692 249.356 21.692 305.900 -0.490 305.900
4.177 234.737 26.495 234.737 26.495 291.098 4.177 291.098
3.994 232.694 26.413 232.694 26.413 289.145 3.994 289.145
3.304 231.431 26.066 231.431 26.066 287.497 3.304 287.497
-0.328 230.541 22.016 230.541 22.016 287.260 -0.328 287.260
-0.832 229.538 21.315 229.538 21.315 286.292 -0.832 286.292
-0.779 227.334 21.244 227.334 21.244 284.136 -0.779 284.136
-4.403 227.202 17.527 227.202 17.527 284.128 -4.403 284.128
-3.621 226.836 18.250 226.836 18.250 283.831 -3.621 283.831
-2.621 227.443 19.235 227.443 19.235 284.449 -2.621 284.449
-2.266 226.338 19.576 226.338 19.576 283.345 -2.266 283.345
-1.852 224.919 19.983 224.919 19.983 281.926 -1.852 281.926
-1.151 224.102 20.682 224.102 20.682 281.108 -1.151 281.108
-0.552 222.497 21.281 222.497 21.281 279.502 -0.552 279.502
0.544 221.749 22.377 221.749 22.377 278.754 0.544 278.754
1.598 221.624 23.431 221.624 23.431 278.628 1.598 278.628
2.611 221.840 24.446 221.840 24.446 278.840 2.611 278.840
3.349 221.665 25.188 221.665 25.188 278.659 3.349 278.659
4.002 222.132 25.843 222.132 25.843 279.122 4.002 279.122
4.843 221.635 26.691 221.635 26.691 278.616 4.843 278.616
5.335 221.820 27.188 221.820 27.188 278.793 5.335 278.793
5.867 222.141 27.725 222.141 27.725 279.107 5.867 279.107
5.959 221.206 27.828 221.206 27.828 278.157 5.959 278.157
