402.000 95.000 420.000 95.000 420.000 151.000 402.000 151.000
402.118 93.144 420.587 93.144 420.587 148.602 402.118 148.602
401.618 94.806 420.387 94.806 420.387 150.043 401.618 150.043
401.768 94.430 420.685 94.430 420.685 149.586 401.768 149.586
401.716 95.557 420.911 95.557 420.911 150.425 401.716 150.425
401.505 94.592 420.948 94.592 420.948 149.379 401.505 149.379
402.361 95.086 421.856 95.086 421.856 149.865 402.361 149.865
401.667 94.774 421.248 94.774 421.248 149.548 401.667 149.548
401.772 92.760 421.389 92.760 421.389 147.551 401.772 147.551
402.229 94.329 421.777 94.329 421.777 149.030 402.229 149.030
402.022 89.526 421.716 89.526 421.716 144.294 402.022 144.294
402.597 96.147 422.274 96.147 422.274 150.817 402.597 150.817
403.025 91.226 422.737 91.226 422.737 146.199 403.025 146.199
404.419 95.396 424.019 95.396 424.019 150.346 404.419 150.346
404.667 90.710 424.277 90.710 424.277 145.564 404.667 145.564
404.834 94.306 424.278 94.306 424.278 149.184 404.834 149.184
404.243 89.738 423.683 89.738 423.683 144.778 404.243 144.778
404.799 94.345 424.227 94.345 424.227 149.130 404.799 149.130
404.664 90.912 424.159 90.912 424.159 145.579 404.664 145.579
404.768 93.719 424.496 93.719 424.496 148.206 404.768 148.206
404.683 89.108 424.399 89.108 424.399 143.829 404.683 143.829
405.201 93.699 425.062 93.699 425.062 148.150 405.201 148.150
405.874 89.804 425.671 89.804 425.671 144.100 405.874 144.100
405.403 93.919 425.191 93.919 425.191 147.794 405.403 147.794
406.045 89.264 425.777 89.264 425.777 143.257 406.045 143.257
406.454 91.507 426.311 91.507 426.311 145.341 406.454 145.341
405.948 88.713 425.730 88.713 425.730 142.494 405.948 142.494
406.163 91.464 426.064 91.464 426.064 145.167 406.163 145.167
405.163 90.259 425.081 90.259 425.081 144.011 405.163 144.011
404.928 89.158 424.899 89.158 424.899 142.765 404.928 142.765
405.746 89.855 425.682 89.855 425.682 143.158 405.746 143.158
404.586 88.601 424.679 88.601 424.679 141.705 404.586 141.705
405.326 89.708 425.408 89.708 425.408 142.796 405.326 142.796
406.781 89.551 426.826 89.551 426.826 142.653 406.781 142.653
406.224 89.213 426.338 89.213 426.338 142.274 406.224 142.274
407.128 89.691 427.281 89.691 427.281 142.537 407.128 142.537
407.243 89.293 427.366 89.293 427.366 141.900 407.243 141.900
406.925 88.481 426.943 88.481 426.943 141.036 406.925 141.036
407.316 88.258 427.212 88.258 427.212 140.747 407.316 140.747
407.529 88.477 427.354 88.477 427.354 141.096 407.529 141.096
408.016 88.730 427.895 88.730 427.895 141.327 408.016 141.327
408.282 88.318 428.121 88.318 428.121 140.919 408.282 140.919
408.240 88.278 428.064 88.278 428.064 141.041 408.240 141.041
407.506 87.539 427.271 87.539 427.271 140.410 407.506 140.410
407.996 87.779 427.729 87.779 427.729 140.245 407.996 140.245
408.205 87.591 427.790 87.591 427.790 139.976 408.205 139.976
407.923 85.831 427.495 85.831 427.495 138.362 407.923 138.362
407.610 87.234 427.202 87.234 427.202 139.873 407.610 139.873
407.989 85.247 427.764 85.247 427.764 137.673 407.989 137.673
407.521 89.386 427.421 89.386 427.421 141.781 407.521 141.781
407.795 86.137 427.950 86.137 427.950 138.463 407.795 138.463
408.433 87.909 428.801 87.909 428.801 139.941 408.433 139.941
409.474 86.965 429.741 86.965 429.741 138.729 409.474 138.729
409.358 87.024 429.578 87.024 429.578 138.569 409.358 138.569
409.426 85.401 429.694 85.401 429.694 136.792 409.426 136.792
409.342 87.533 429.625 87.533 429.625 138.879 409.342 138.879
409.796 85.197 429.937 85.197 429.937 136.652 409.796 136.652
410.097 88.519 429.957 88.519 429.957 140.015 410.097 140.015
410.081 83.685 429.801 83.685 429.801 135.407 410.081 135.407
409.904 87.363 429.572 87.363 429.572 139.031 409.904 139.031
410.073 82.865 429.567 82.865 429.567 134.725 410.073 134.725
410.246 85.921 429.641 85.921 429.641 137.683 410.246 137.683
410.918 83.521 430.385 83.521 430.385 135.102 410.918 135.102
411.217 88.014 430.623 88.014 430.623 139.766 411.217 139.766
411.367 82.886 430.771 82.886 430.771 134.613 411.367 134.613
411.771 86.059 431.144 86.059 431.144 137.664 411.771 137.664
412.013 82.382 431.491 82.382 431.491 133.871 412.013 133.871
411.685 84.710 431.298 84.710 431.298 136.085 411.685 136.085
412.194 83.115 431.823 83.115 431.823 134.352 412.194 134.352
412.092 84.815 431.664 84.815 431.664 136.032 412.092 136.032
412.629 83.309 432.165 83.309 432.165 134.565 412.629 134.565
412.069 84.673 431.541 84.673 431.541 135.872 412.069 135.872
413.036 82.692 432.491 82.692 432.491 133.714 413.036 133.714
413.131 84.302 432.366 84.302 432.366 135.231 413.131 135.231
412.845 80.607 431.871 80.607 431.871 131.753 412.845 131.753
413.250 83.438 432.280 83.438 432.280 134.622 413.250 134.622
413.068 81.328 432.099 81.328 432.099 132.544 413.068 132.544
413.464 83.768 432.505 83.768 432.505 134.845 413.464 134.845
414.457 84.011 433.366 84.011 433.366 134.977 414.457 134.977
415.220 82.083 434.120 82.083 434.120 132.917 415.220 132.917
414.728 84.176 433.566 84.176 433.566 134.771 414.728 134.771
415.055 80.655 433.838 80.655 433.838 131.176 415.055 131.176
415.335 82.372 434.013 82.372 434.013 132.865 415.335 132.865
415.363 80.950 433.728 80.950 433.728 131.575 415.363 131.575
414.952 83.453 433.214 83.453 433.214 134.057 414.952 134.057
414.376 82.425 432.553 82.425 432.553 132.969 414.376 132.969
414.859 82.843 433.028 82.843 433.028 133.215 414.859 133.215
414.958 81.521 432.987 81.521 432.987 131.780 414.958 131.780
414.800 81.761 432.883 81.761 432.883 131.809 414.800 131.809
414.904 82.116 432.850 82.116 432.850 132.205 414.904 132.205
415.407 79.257 433.410 79.257 433.410 129.163 415.407 129.163
415.012 81.788 432.986 81.788 432.986 131.455 415.012 131.455
415.678 80.692 433.685 80.692 433.685 130.272 415.678 130.272
415.356 84.510 433.350 84.510 433.350 134.152 415.356 134.152
416.494 81.042 434.372 81.042 434.372 130.563 416.494 130.563
416.243 81.726 434.085 81.726 434.085 131.066 416.243 131.066
416.862 79.250 434.720 79.250 434.720 128.471 416.862 128.471
416.724 82.736 434.606 82.736 434.606 131.824 416.724 131.824
416.539 79.207 434.430 79.207 434.430 128.195 416.539 128.195
416.228 82.593 434.189 82.593 434.189 131.366 416.228 131.366
416.826 81.017 434.666 81.017 434.666 129.723 416.826 129.723
416.305 82.153 434.150 82.153 434.150 130.778 416.305 130.778
417.201 80.119 434.909 80.119 434.909 128.778 417.201 128.778
417.114 80.102 434.776 80.102 434.776 128.551 417.114 128.551
416.896 79.315 434.571 79.315 434.571 127.651 416.896 127.651
417.199 79.045 434.813 79.045 434.813 127.408 417.199 127.408
417.275 79.723 434.959 79.723 434.959 128.042 417.275 128.042
417.503 80.490 435.150 80.490 435.150 128.887 417.503 128.887
418.279 79.543 435.848 79.543 435.848 128.176 418.279 128.176
418.633 79.341 436.256 79.341 436.256 127.859 418.633 127.859
418.857 80.065 436.432 80.065 436.432 128.555 418.857 128.555
419.789 77.296 437.344 77.296 437.344 125.790 419.789 125.790
420.139 79.912 437.517 79.912 437.517 128.642 420.139 128.642
420.531 76.635 437.766 76.635 437.766 125.492 420.531 125.492
420.436 79.557 437.515 79.557 437.515 128.402 420.436 128.402
420.538 78.756 437.579 78.756 437.579 127.619 420.538 127.619
420.862 79.199 437.919 79.199 437.919 127.784 420.862 127.784
421.367 77.995 438.346 77.995 438.346 126.162 421.367 126.162
421.641 78.130 438.494 78.130 438.494 126.107 421.641 126.107
421.672 78.328 438.406 78.328 438.406 126.385 421.672 126.385
421.757 77.892 438.529 77.892 438.529 125.846 421.757 125.846
422.258 78.729 438.979 78.729 438.979 126.564 422.258 126.564
423.010 78.831 439.714 78.831 439.714 126.642 423.010 126.642
423.262 77.838 439.928 77.838 439.928 125.784 423.262 125.784
423.692 78.621 440.367 78.621 440.367 126.394 423.692 126.394
424.561 76.133 441.222 76.133 441.222 124.008 424.561 124.008
424.514 77.501 441.166 77.501 441.166 125.394 424.514 125.394
424.645 75.583 441.229 75.583 441.229 123.505 424.645 123.505
425.001 78.104 441.574 78.104 441.574 125.836 425.001 125.836
425.291 77.146 441.879 77.146 441.879 124.865 425.291 124.865
425.962 78.155 442.529 78.155 442.529 125.813 425.962 125.813
425.917 77.250 442.430 77.250 442.430 124.897 425.917 124.897
426.041 76.294 442.519 76.294 442.519 123.749 426.041 123.749
426.978 76.200 443.478 76.200 443.478 123.296 426.978 123.296
427.317 76.015 443.902 76.015 443.902 123.115 427.317 123.115
426.890 77.943 443.321 77.943 443.321 125.031 426.890 125.031
427.870 76.534 444.279 76.534 444.279 123.536 427.870 123.536
427.771 77.964 444.131 77.964 444.131 125.008 427.771 125.008
427.512 76.672 443.840 76.672 443.840 123.688 427.512 123.688
427.659 73.611 444.225 73.611 444.225 120.500 427.659 120.500
427.935 75.935 444.492 75.935 444.492 122.674 427.935 122.674
428.678 75.979 445.147 75.979 445.147 122.745 428.678 122.745
429.241 76.027 445.736 76.027 445.736 122.864 429.241 122.864
428.975 76.796 445.553 76.796 445.553 123.523 428.975 123.523
428.499 75.387 445.027 75.387 445.027 122.442 428.499 122.442
428.559 74.493 445.290 74.493 445.290 121.496 428.559 121.496
428.909 73.879 445.847 73.879 445.847 120.734 428.909 120.734
429.039 74.543 446.109 74.543 446.109 121.018 429.039 121.018
428.420 72.704 445.522 72.704 445.522 119.285 428.420 119.285
428.105 72.564 445.581 72.564 445.581 118.540 428.105 118.540
428.730 75.528 446.165 75.528 446.165 121.363 428.730 121.363
429.887 74.111 447.255 74.111 447.255 119.403 429.887 119.403
431.074 73.876 448.397 73.876 448.397 118.513 431.074 118.513
430.992 74.148 448.450 74.148 448.450 118.465 430.992 118.465
430.724 73.535 448.309 73.535 448.309 117.684 430.724 117.684
430.869 74.207 448.503 74.207 448.503 118.484 430.869 118.484
431.305 74.065 449.032 74.065 449.032 118.292 431.305 118.292
430.835 74.316 448.622 74.316 448.622 118.558 430.835 118.558
431.090 74.030 448.881 74.030 448.881 118.504 431.090 118.504
431.286 74.181 449.159 74.181 449.159 118.697 431.286 118.697
431.918 74.969 449.735 74.969 449.735 119.599 431.918 119.599
432.217 73.857 449.861 73.857 449.861 118.753 432.217 118.753
432.961 74.008 450.537 74.008 450.537 118.761 432.961 118.761
433.971 73.969 451.463 73.969 451.463 118.463 433.971 118.463
434.831 72.888 452.305 72.888 452.305 117.262 434.831 117.262
435.054 73.329 452.344 73.329 452.344 117.779 435.054 117.779
435.371 73.456 452.573 73.456 452.573 117.859 435.371 117.859
435.204 72.909 452.301 72.909 452.301 117.074 435.204 117.074
435.213 71.799 452.269 71.799 452.269 115.896 435.213 115.896
435.602 72.783 452.493 72.783 452.493 116.894 435.602 116.894
435.267 72.110 452.132 72.110 452.132 116.232 435.267 116.232
436.004 71.032 452.746 71.032 452.746 115.186 436.004 115.186
435.255 72.752 451.952 72.752 451.952 116.784 435.255 116.784
436.156 71.429 452.810 71.429 452.810 115.423 436.156 115.423
436.222 73.073 452.907 73.073 452.907 116.914 436.222 116.914
436.078 71.013 452.704 71.013 452.704 114.991 436.078 114.991
436.402 70.793 452.908 70.793 452.908 114.791 436.402 114.791
435.649 70.532 452.137 70.532 452.137 114.600 435.649 114.600
435.682 71.922 452.130 71.922 452.130 115.865 435.682 115.865
435.728 71.642 452.186 71.642 452.186 115.619 435.728 115.619
435.730 71.654 452.061 71.654 452.061 115.605 435.730 115.605
435.413 71.005 451.763 71.005 451.763 114.901 435.413 114.901
435.970 70.644 452.293 70.644 452.293 114.351 435.970 114.351
435.938 71.182 452.221 71.182 452.221 114.831 435.938 114.831
435.797 70.904 451.972 70.904 451.972 114.357 435.797 114.357
436.072 70.277 452.241 70.277 452.241 113.761 436.072 113.761
436.632 71.287 452.844 71.287 452.844 114.642 436.632 114.642
436.710 71.034 452.834 71.034 452.834 114.462 436.710 114.462
437.105 69.742 453.264 69.742 453.264 113.193 437.105 113.193
437.607 70.838 453.793 70.838 453.793 114.100 437.607 114.100
438.021 68.403 454.075 68.403 454.075 111.677 438.021 111.677
438.079 70.377 454.049 70.377 454.049 113.626 438.079 113.626
437.497 69.628 453.447 69.628 453.447 112.717 437.497 112.717
438.669 70.265 454.598 70.265 454.598 113.035 438.669 113.035
438.745 67.523 454.596 67.523 454.596 110.567 438.745 110.567
439.601 70.677 455.384 70.677 455.384 113.441 439.601 113.441
440.078 67.760 455.889 67.760 455.889 110.518 440.078 110.518
440.271 68.386 455.951 68.386 455.951 111.216 440.271 111.216
440.769 67.892 456.370 67.892 456.370 110.614 440.769 110.614
440.750 69.022 456.394 69.022 456.394 111.642 440.750 111.642
440.904 68.166 456.553 68.166 456.553 110.784 440.904 110.784
440.747 69.351 456.388 69.351 456.388 112.015 440.747 112.015
440.763 68.126 456.295 68.126 456.295 110.878 440.763 110.878
440.631 67.544 456.165 67.544 456.165 110.165 440.631 110.165
440.549 67.480 456.090 67.480 456.090 109.973 440.549 109.973
440.617 66.913 456.083 66.913 456.083 109.665 440.617 109.665
441.104 67.447 456.507 67.447 456.507 110.236 441.104 110.236
441.463 68.619 456.878 68.619 456.878 111.482 441.463 111.482
441.080 67.499 456.424 67.499 456.424 110.421 441.080 110.421
441.523 68.410 456.861 68.410 456.861 111.291 441.523 111.291
441.066 68.052 456.398 68.052 456.398 111.062 441.066 111.062
442.083 66.308 457.355 66.308 457.355 109.536 442.083 109.536
441.937 66.598 457.267 66.598 457.267 109.857 441.937 109.857
442.180 65.977 457.553 65.977 457.553 109.332 442.180 109.332
441.829 67.296 457.145 67.296 457.145 110.787 441.829 110.787
441.873 66.418 457.241 66.418 457.241 110.095 441.873 110.095
441.820 66.584 457.264 66.584 457.264 110.148 441.820 110.148
442.118 66.239 457.539 66.239 457.539 109.972 442.118 109.972
441.463 66.005 456.850 66.005 456.850 109.858 441.463 109.858
441.037 65.312 456.426 65.312 456.426 109.199 441.037 109.199
441.640 64.100 457.078 64.100 457.078 108.104 441.640 108.104
441.721 64.713 457.105 64.713 457.105 108.924 441.721 108.924
441.870 64.921 457.353 64.921 457.353 109.006 441.870 109.006
443.011 64.031 458.532 64.031 458.532 108.139 443.011 108.139
442.611 65.757 458.077 65.757 458.077 109.876 442.611 109.876
442.819 64.167 458.264 64.167 458.264 108.430 442.819 108.430
443.450 64.326 458.861 64.326 458.861 108.562 443.450 108.562
443.987 64.126 459.398 64.126 459.398 108.133 443.987 108.133
444.252 63.083 459.607 63.083 459.607 106.874 444.252 106.874
444.529 63.482 459.850 63.482 459.850 107.122 444.529 107.122
444.850 63.070 460.422 63.070 460.422 106.356 444.850 106.356
444.811 63.387 460.419 63.387 460.419 106.573 444.811 106.573
445.108 64.458 460.701 64.458 460.701 107.433 445.108 107.433
445.144 63.084 460.782 63.084 460.782 105.911 445.144 105.911
445.379 63.689 461.021 63.689 461.021 106.224 445.379 106.224
445.131 63.017 460.683 63.017 460.683 105.613 445.131 105.613
445.440 62.126 461.077 62.126 461.077 104.659 445.440 104.659
445.231 62.059 460.901 62.059 460.901 104.640 445.231 104.640
445.571 62.933 461.134 62.933 461.134 105.663 445.571 105.663
446.194 61.864 461.764 61.864 461.764 104.638 446.194 104.638
446.292 63.110 461.806 63.110 461.806 106.005 446.292 106.005
446.936 63.492 462.407 63.492 462.407 106.402 446.936 106.402
447.234 62.291 462.692 62.291 462.692 105.307 447.234 105.307
447.439 62.306 462.843 62.306 462.843 105.371 447.439 105.371
447.232 62.151 462.638 62.151 462.638 105.145 447.232 105.145
447.957 61.700 463.375 61.700 463.375 104.537 447.957 104.537
448.128 61.623 463.528 61.623 463.528 104.458 448.128 104.458
448.393 62.406 463.800 62.406 463.800 105.078 448.393 105.078
448.303 62.166 463.786 62.166 463.786 104.632 448.303 104.632
448.524 60.490 464.089 60.490 464.089 102.822 448.524 102.822
449.175 60.738 464.788 60.738 464.788 102.925 449.175 102.925
449.291 61.752 464.856 61.752 464.856 104.146 449.291 104.146
449.885 60.999 465.466 60.999 465.466 103.478 449.885 103.478
450.083 62.050 465.670 62.050 465.670 104.648 450.083 104.648
450.693 60.048 466.307 60.048 466.307 102.707 450.693 102.707
450.730 60.850 466.398 60.850 466.398 103.399 450.730 103.399
450.515 59.710 466.402 59.710 466.402 101.990 450.515 101.990
450.953 61.935 466.854 61.935 466.854 104.294 450.953 104.294
451.683 59.752 467.571 59.752 467.571 102.131 451.683 102.131
451.688 63.802 467.574 63.802 467.574 105.877 451.688 105.877
451.586 58.423 467.437 58.423 467.437 100.569 451.586 100.569
451.754 61.608 467.500 61.608 467.500 103.690 451.754 103.690
451.573 58.005 467.383 58.005 467.383 99.997 451.573 99.997
452.157 61.704 468.049 61.704 468.049 103.597 452.157 103.597
452.694 58.908 468.698 58.908 468.698 100.839 452.694 100.839
452.887 61.322 468.856 61.322 468.856 103.104 452.887 103.104
452.806 59.796 468.675 59.796 468.675 101.700 452.806 101.700
453.227 60.510 469.037 60.510 469.037 102.490 453.227 102.490
453.979 58.727 469.824 58.727 469.824 100.492 453.979 100.492
453.791 60.314 469.646 60.314 469.646 101.832 453.791 101.832
453.851 60.587 469.720 60.587 469.720 102.175 453.851 102.175
453.641 60.576 469.502 60.576 469.502 102.011 453.641 102.011
453.774 60.414 469.597 60.414 469.597 101.922 453.774 101.922
453.979 59.296 469.714 59.296 469.714 100.786 453.979 100.786
454.623 58.695 470.318 58.695 470.318 100.073 454.623 100.073
454.653 58.599 470.439 58.599 470.439 99.937 454.653 99.937
454.715 58.336 470.565 58.336 470.565 99.637 454.715 99.637
455.217 59.973 470.996 59.973 470.996 101.203 455.217 101.203
455.275 59.681 471.057 59.681 471.057 100.960 455.275 100.960
454.692 59.076 470.537 59.076 470.537 100.438 454.692 100.438
455.538 60.424 471.376 60.424 471.376 101.669 455.538 101.669
455.846 58.543 471.667 58.543 471.667 99.562 455.846 99.562
455.704 58.171 471.564 58.171 471.564 99.318 455.704 99.318
456.371 57.705 472.246 57.705 472.246 98.925 456.371 98.925
455.885 57.959 471.775 57.959 471.775 99.202 455.885 99.202
456.681 59.291 472.594 59.291 472.594 100.359 456.681 100.359
456.767 58.199 472.643 58.199 472.643 99.136 456.767 99.136
456.440 59.038 472.282 59.038 472.282 99.840 456.440 99.840
456.734 59.008 472.641 59.008 472.641 99.714 456.734 99.714
456.233 58.834 472.170 58.834 472.170 99.608 456.233 99.608
457.208 57.239 473.162 57.239 473.162 98.017 457.208 98.017
457.506 57.615 473.450 57.615 473.450 98.430 457.506 98.430
457.747 56.971 473.639 56.971 473.639 97.978 457.747 97.978
458.389 57.452 474.333 57.452 474.333 98.590 458.389 98.590
458.288 59.146 474.166 59.146 474.166 100.091 458.288 100.091
459.073 58.072 474.947 58.072 474.947 99.087 459.073 99.087
459.106 57.469 474.971 57.469 474.971 98.510 459.106 98.510
459.664 56.091 475.440 56.091 475.440 96.968 459.664 96.968
459.927 56.697 475.679 56.697 475.679 97.193 459.927 97.193
460.546 57.828 476.295 57.828 476.295 98.166 460.546 98.166
460.657 56.208 476.296 56.208 476.296 96.499 460.657 96.499
460.980 58.333 476.637 58.333 476.637 98.545 460.980 98.545
460.901 55.567 476.620 55.567 476.620 95.584 460.901 95.584
461.169 57.885 476.883 57.885 476.883 97.568 461.169 97.568
461.962 55.083 477.590 55.083 477.590 94.795 461.962 94.795
462.024 57.036 477.655 57.036 477.655 96.659 462.024 96.659
462.048 56.676 477.680 56.676 477.680 96.353 462.048 96.353
462.755 55.326 478.284 55.326 478.284 95.143 462.755 95.143
462.409 57.869 477.903 57.869 477.903 97.642 462.409 97.642
463.221 55.617 478.683 55.617 478.683 95.263 463.221 95.263
464.076 56.634 479.515 56.634 479.515 96.103 464.076 96.103
463.951 54.541 479.382 54.541 479.382 93.953 463.951 93.953
463.918 57.590 479.268 57.590 479.268 96.765 463.918 96.765
464.658 55.265 480.088 55.265 480.088 94.471 464.658 94.471
464.820 57.347 480.238 57.347 480.238 96.371 464.820 96.371
465.109 55.040 480.439 55.040 480.439 94.001 465.109 94.001
465.627 55.872 480.951 55.872 480.951 94.735 465.627 94.735
465.739 54.126 481.008 54.126 481.008 92.854 465.739 92.854
465.606 56.693 480.859 56.693 480.859 95.488 465.606 95.488
466.154 55.022 481.322 55.022 481.322 93.801 466.154 93.801
465.991 56.728 481.170 56.728 481.170 95.476 465.991 95.476
467.326 55.124 482.479 55.124 482.479 93.904 467.326 93.904
466.872 55.639 482.013 55.639 482.013 94.518 466.872 94.518
467.746 54.066 482.797 54.066 482.797 92.909 467.746 92.909
467.861 55.217 482.920 55.217 482.920 94.129 467.861 94.129
467.910 53.494 482.901 53.494 482.901 92.234 467.910 92.234
468.429 56.171 483.398 56.171 483.398 94.835 468.429 94.835
468.195 54.381 483.137 54.381 483.137 92.870 468.195 92.870
468.324 56.679 483.261 56.679 483.261 94.899 468.324 94.899
469.079 54.870 483.980 54.870 483.980 93.185 469.079 93.185
468.933 55.312 483.772 55.312 483.772 93.376 468.933 93.376
469.077 55.598 483.874 55.598 483.874 93.708 469.077 93.708
469.462 52.580 484.246 52.580 484.246 90.968 469.462 90.968
469.158 56.051 483.973 56.051 483.973 94.575 469.158 94.575
470.025 52.862 484.956 52.862 484.956 91.530 470.025 91.530
470.050 56.938 485.011 56.938 485.011 95.582 470.050 95.582
470.689 52.649 485.708 52.649 485.708 91.516 470.689 91.516
470.761 55.305 485.894 55.305 485.894 94.094 470.761 94.094
471.856 52.174 486.948 52.174 486.948 90.989 471.856 90.989
471.428 53.880 486.557 53.880 486.557 92.612 471.428 92.612
471.928 53.512 487.018 53.512 487.018 92.276 471.928 92.276
472.255 53.685 487.341 53.685 487.341 92.366 472.255 92.366
472.212 54.662 487.216 54.662 487.216 93.401 472.212 93.401
472.429 54.605 487.404 54.605 487.404 93.192 472.429 93.192
472.894 53.817 487.832 53.817 487.832 92.513 472.894 92.513
472.989 54.092 488.029 54.092 488.029 92.536 472.989 92.536
473.286 52.493 488.321 52.493 488.321 90.753 473.286 90.753
473.875 54.496 488.785 54.496 488.785 92.625 473.875 92.625
