216.000 123.000 258.000 123.000 258.000 152.000 216.000 152.000
220.583 125.137 262.342 125.137 262.342 154.212 220.583 154.212
221.263 126.503 262.736 126.503 262.736 155.838 221.263 155.838
222.907 126.418 264.091 126.418 264.091 156.102 222.907 156.102
223.728 127.455 264.855 127.455 264.855 157.264 223.728 157.264
224.774 128.015 265.903 128.015 265.903 157.816 224.774 157.816
224.982 129.223 265.894 129.223 265.894 159.052 224.982 159.052
226.482 129.674 267.359 129.674 267.359 159.538 226.482 159.538
227.639 129.711 268.438 129.711 268.438 159.686 227.639 159.686
227.405 130.625 268.475 130.625 268.475 160.394 227.405 160.394
228.634 130.429 269.807 130.429 269.807 160.072 228.634 160.072
230.600 130.101 271.646 130.101 271.646 160.044 230.600 160.044
230.106 130.252 271.306 130.252 271.306 160.035 230.106 160.035
231.924 130.886 273.330 130.886 273.330 160.440 231.924 160.440
232.466 131.697 273.922 131.697 273.922 161.207 232.466 161.207
233.564 131.099 275.025 131.099 275.025 160.665 233.564 160.665
233.819 132.543 275.323 132.543 275.323 161.903 233.819 161.903
234.463 132.280 276.001 132.280 276.001 161.876 234.463 161.876
234.618 132.882 276.130 132.882 276.130 162.638 234.618 162.638
234.498 132.294 276.351 132.294 276.351 162.084 234.498 162.084
235.250 132.726 277.204 132.726 277.204 162.590 235.250 162.590
237.894 132.575 280.083 132.575 280.083 162.368 237.894 162.368
239.802 133.104 282.236 133.104 282.236 162.850 239.802 162.850
241.041 132.742 283.918 132.742 283.918 162.200 241.041 162.200
241.619 132.817 284.633 132.817 284.633 162.164 241.619 162.164
241.443 133.086 284.706 133.086 284.706 162.250 241.443 162.250
242.803 132.623 286.192 132.623 286.192 161.730 242.803 161.730
244.356 131.846 287.975 131.846 287.975 160.780 244.356 160.780
244.718 132.443 288.320 132.443 288.320 161.223 244.718 161.223
248.454 132.873 291.921 132.873 291.921 161.759 248.454 161.759
249.780 133.512 293.178 133.512 293.178 162.348 249.780 162.348
252.951 134.218 295.991 134.218 295.991 163.234 252.951 163.234
255.762 134.134 298.817 134.134 298.817 163.267 255.762 163.267
256.828 136.008 299.323 136.008 299.323 165.458 256.828 165.458
258.391 135.527 300.228 135.527 300.228 165.704 258.391 165.704
259.548 135.248 301.114 135.248 301.114 165.804 259.548 165.804
261.474 135.507 303.073 135.507 303.073 166.347 261.474 166.347
262.973 136.652 304.568 136.652 304.568 167.793 262.973 167.793
265.338 137.380 307.231 137.380 307.231 168.693 265.338 168.693
266.866 137.999 309.141 137.999 309.141 169.572 266.866 169.572
268.613 138.662 310.777 138.662 310.777 170.688 268.613 170.688
270.582 139.118 312.732 139.118 312.732 171.409 270.582 171.409
271.178 139.523 313.140 139.523 313.140 172.325 271.178 172.325
272.784 140.046 314.933 140.046 314.933 173.138 272.784 173.138
273.441 140.302 315.791 140.302 315.791 173.578 273.441 173.578
274.905 141.150 317.123 141.150 317.123 174.633 274.905 174.633
275.784 140.621 318.311 140.621 318.311 174.264 275.784 174.264
276.414 140.412 318.991 140.412 318.991 174.267 276.414 174.267
278.277 141.053 321.025 141.053 321.025 174.909 278.277 174.909
281.912 141.302 324.557 141.302 324.557 175.454 281.912 175.454
283.259 141.893 325.823 141.893 325.823 176.157 283.259 176.157
284.687 143.443 327.281 143.443 327.281 177.729 284.687 177.729
286.009 144.395 328.485 144.395 328.485 178.813 286.009 178.813
287.092 145.058 329.825 145.058 329.825 179.577 287.092 179.577
288.532 145.768 331.751 145.768 331.751 180.238 288.532 180.238
290.877 146.451 333.984 146.451 333.984 181.241 290.877 181.241
297.395 147.616 340.681 147.616 340.681 182.647 297.395 182.647
299.113 147.956 342.660 147.956 342.660 183.273 299.113 183.273
302.769 148.864 346.376 148.864 346.376 184.471 302.769 184.471
304.357 150.349 348.262 150.349 348.262 185.938 304.357 185.938
306.940 151.283 351.083 151.283 351.083 187.171 306.940 187.171
309.002 152.232 353.439 152.232 353.439 188.304 309.002 188.304
310.422 153.088 355.410 153.088 355.410 189.301 310.422 189.301
313.382 153.347 358.612 153.347 358.612 189.782 313.382 189.782
318.491 154.563 363.750 154.563 363.750 191.241 318.491 191.241
321.961 156.299 367.730 156.299 367.730 192.837 321.961 192.837
324.013 157.706 369.936 157.706 369.936 194.498 324.013 194.498
327.337 158.927 373.596 158.927 373.596 195.911 327.337 195.911
329.008 159.289 375.973 159.289 375.973 196.147 329.008 196.147
329.026 159.878 376.280 159.878 376.280 197.072 329.026 197.072
330.343 158.949 377.818 158.949 377.818 196.451 330.343 196.451
331.658 160.484 379.563 160.484 379.563 197.965 331.658 197.965
331.875 161.785 379.722 161.785 379.722 199.507 331.875 199.507
333.956 161.499 381.644 161.499 381.644 199.583 333.956 199.583
336.462 162.544 384.393 162.544 384.393 200.676 336.462 200.676
336.271 162.826 384.377 162.826 384.377 201.156 336.271 201.156
336.973 163.275 385.339 163.275 385.339 201.802 336.973 201.802
337.234 163.769 385.484 163.769 385.484 202.706 337.234 202.706
338.127 165.057 386.559 165.057 386.559 204.425 338.127 204.425
339.108 165.397 388.082 165.397 388.082 204.831 339.108 204.831
340.673 165.805 389.894 165.805 389.894 205.515 340.673 205.515
341.705 166.989 391.249 166.989 391.249 206.821 341.705 206.821
342.517 168.701 392.248 168.701 392.248 208.587 342.517 208.587
342.328 169.847 392.504 169.847 392.504 209.854 342.328 209.854
344.282 170.353 394.821 170.353 394.821 210.646 344.282 210.646
345.089 170.975 395.667 170.975 395.667 211.662 345.089 211.662
345.581 171.399 396.347 171.399 396.347 212.488 345.581 212.488
346.376 172.277 397.202 172.277 397.202 213.914 346.376 213.914
347.348 172.809 398.414 172.809 398.414 214.797 347.348 214.797
347.553 173.487 398.872 173.487 398.872 215.668 347.553 215.668
347.135 173.174 398.345 173.174 398.345 215.794 347.135 215.794
348.087 174.648 399.463 174.648 399.463 217.611 348.087 217.611
350.023 176.006 401.632 176.006 401.632 219.215 350.023 219.215
351.175 176.859 403.014 176.859 403.014 220.044 351.175 220.044
352.165 176.443 403.962 176.443 403.962 220.027 352.165 220.027
352.714 178.408 404.523 178.408 404.523 222.404 352.714 222.404
352.808 179.393 405.041 179.393 405.041 223.494 352.808 223.494
353.833 179.939 406.287 179.939 406.287 224.200 353.833 224.200
354.046 181.662 406.590 181.662 406.590 226.222 354.046 226.222
354.206 183.565 407.259 183.565 407.259 228.202 354.206 228.202
355.043 184.675 408.494 184.675 408.494 229.548 355.043 229.548
355.115 185.372 408.990 185.372 408.990 230.483 355.115 230.483
355.063 186.753 409.486 186.753 409.486 231.877 355.063 231.877
354.856 187.029 409.520 187.029 409.520 232.549 354.856 232.549
356.015 188.530 410.537 188.530 410.537 234.909 356.015 234.909
355.629 188.865 410.292 188.865 410.292 235.864 355.629 235.864
355.776 189.979 410.615 189.979 410.615 237.514 355.776 237.514
356.320 190.736 411.480 190.736 411.480 238.718 356.320 238.718
354.715 190.677 409.897 190.677 409.897 239.334 354.715 239.334
353.671 192.855 409.924 192.855 409.924 241.326 353.671 241.326
354.412 194.245 411.158 194.245 411.158 243.052 354.412 243.052
353.549 194.801 410.696 194.801 410.696 244.102 353.549 244.102
353.868 195.826 411.483 195.826 411.483 245.504 353.868 245.504
353.783 197.158 412.139 197.158 412.139 246.825 353.783 246.825
351.709 197.695 410.455 197.695 410.455 247.514 351.709 247.514
350.455 199.651 409.758 199.651 409.758 249.724 350.455 249.724
351.254 199.913 410.755 199.913 410.755 250.613 351.254 250.613
349.928 199.541 409.478 199.541 409.478 250.989 349.928 250.989
349.652 201.370 409.495 201.370 409.495 253.387 349.652 253.387
347.137 203.696 407.385 203.696 407.385 255.808 347.137 255.808
346.687 205.468 407.447 205.468 407.447 258.004 346.687 258.004
344.920 206.741 406.169 206.741 406.169 259.749 344.920 259.749
344.341 208.231 405.867 208.231 405.867 261.788 344.341 261.788
343.126 210.643 405.669 210.643 405.669 264.297 343.126 264.297
342.294 213.418 405.101 213.418 405.101 267.496 342.294 267.496
339.982 216.101 402.994 216.101 402.994 270.617 339.982 270.617
337.934 218.774 402.195 218.774 402.195 273.169 337.934 273.169
335.067 221.797 399.858 221.797 399.858 276.779 335.067 276.779
332.346 222.079 397.246 222.079 397.246 278.089 332.346 278.089
331.220 224.270 396.814 224.270 396.814 280.438 331.220 280.438
328.321 225.313 394.669 225.313 394.669 282.029 328.321 282.029
325.949 226.142 392.644 226.142 392.644 283.634 325.949 283.634
322.149 227.607 389.846 227.607 389.846 285.502 322.149 285.502
320.250 229.083 389.123 229.083 389.123 287.036 320.250 287.036
318.116 237.236 388.003 237.236 388.003 295.623 318.116 295.623
314.388 243.598 385.633 243.598 385.633 302.287 314.388 302.287
305.204 243.138 377.489 243.138 377.489 302.250 305.204 302.250
303.836 243.589 377.484 243.589 377.484 302.855 303.836 302.855
297.327 251.956 371.509 251.956 371.509 312.039 297.327 312.039
295.067 249.243 370.077 249.243 370.077 309.832 295.067 309.832
291.365 242.117 368.400 242.117 368.400 302.297 291.365 302.297
288.832 245.120 366.730 245.120 366.730 305.534 288.832 305.534
279.665 247.287 358.392 247.287 358.392 308.295 279.665 308.295
268.786 273.857 348.651 273.857 348.651 335.348 268.786 335.348
257.598 262.523 338.341 262.523 338.341 324.866 257.598 324.866
248.709 270.850 329.899 270.850 329.899 334.179 248.709 334.179
241.914 279.861 323.168 279.861 323.168 343.711 241.914 343.711
235.024 289.648 316.513 289.648 316.513 354.185 235.024 354.185
228.523 298.538 310.926 298.538 310.926 363.349 228.523 363.349
218.901 298.833 302.725 298.833 302.725 363.839 218.901 363.839
209.778 307.331 294.926 307.331 294.926 372.309 209.778 372.309
200.968 306.669 287.220 306.669 287.220 372.258 200.968 372.258
193.190 287.267 280.101 287.267 280.101 353.342 193.190 353.342
194.497 288.130 283.215 288.130 283.215 354.155 194.497 354.155
176.129 292.265 267.839 292.265 267.839 356.705 176.129 356.705
176.288 294.851 270.454 294.851 270.454 358.406 176.288 358.406
163.827 299.501 259.997 299.501 259.997 361.948 163.827 361.948
152.641 303.607 250.446 303.607 250.446 365.432 152.641 365.432
139.172 307.578 238.491 307.578 238.491 368.839 139.172 368.839
122.098 312.276 221.832 312.276 221.832 373.590 122.098 373.590
103.574 325.000 204.297 325.000 204.297 386.863 103.574 386.863
95.072 326.228 196.643 326.228 196.643 388.735 95.072 388.735
85.111 328.629 187.504 328.629 187.504 391.665 85.111 391.665
59.838 341.606 162.859 341.606 162.859 404.992 59.838 404.992
