395.000 229.000 555.000 229.000 555.000 384.000 395.000 384.000
394.064 228.694 553.389 228.694 553.389 385.591 394.064 385.591
391.931 223.213 548.330 223.213 548.330 382.055 391.931 382.055
387.948 219.500 542.710 219.500 542.710 378.353 387.948 378.353
384.230 213.614 537.937 213.614 537.937 372.073 384.230 372.073
379.576 207.061 531.254 207.061 531.254 365.513 379.576 365.513
378.226 202.885 527.659 202.885 527.659 361.536 378.226 361.536
377.267 200.061 525.192 200.061 525.192 357.191 377.267 357.191
372.280 193.361 517.320 193.361 517.320 351.306 372.280 351.306
370.202 189.318 512.421 189.318 512.421 347.615 370.202 347.615
366.690 184.309 506.608 184.309 506.608 342.409 366.690 342.409
365.579 182.289 503.785 182.289 503.785 338.985 365.579 338.985
360.988 182.546 497.423 182.546 497.423 337.500 360.988 337.500
361.381 176.513 496.365 176.513 496.365 330.050 361.381 330.050
358.336 176.647 491.893 176.647 491.893 328.251 358.336 328.251
359.222 178.690 491.967 178.690 491.967 327.433 359.222 327.433
353.458 175.350 486.514 175.350 486.514 321.864 353.458 321.864
353.931 177.546 485.941 177.546 485.941 322.121 353.931 322.121
349.736 173.557 481.162 173.557 481.162 316.257 349.736 316.257
349.713 174.864 480.423 174.864 480.423 315.173 349.713 315.173
341.361 166.108 470.153 166.108 470.153 304.946 341.361 304.946
332.098 159.882 458.847 159.882 458.847 297.087 332.098 297.087
328.797 158.608 454.588 158.608 454.588 293.321 328.797 293.321
324.800 156.307 449.876 156.307 449.876 288.478 324.800 288.478
322.631 154.847 447.008 154.847 447.008 285.259 322.631 285.259
320.996 155.789 445.521 155.789 445.521 283.965 320.996 283.965
318.511 153.755 441.809 153.755 441.809 280.565 318.511 280.565
312.628 152.420 434.972 152.420 434.972 277.793 312.628 277.793
309.054 152.144 430.223 152.144 430.223 276.750 309.054 276.750
308.470 152.661 428.284 152.661 428.284 277.684 308.470 277.684
305.346 153.766 423.988 153.766 423.988 278.704 305.346 278.704
301.634 152.844 420.160 152.844 420.160 277.663 301.634 277.663
299.473 150.250 416.746 150.250 416.746 274.648 299.473 274.648
296.017 147.377 412.407 147.377 412.407 270.543 296.017 270.543
293.206 144.622 408.500 144.622 408.500 266.062 293.206 266.062
291.519 142.250 406.098 142.250 406.098 261.589 291.519 261.589
288.688 141.899 402.294 141.899 402.294 260.308 288.688 260.308
285.766 138.819 398.936 138.819 398.936 255.339 285.766 255.339
283.469 139.818 396.457 139.818 396.457 254.745 283.469 254.745
275.766 136.070 388.395 136.070 388.395 249.292 275.766 249.292
272.949 133.536 384.119 133.536 384.119 245.399 272.949 245.399
271.856 134.285 381.606 134.285 381.606 244.801 271.856 244.801
270.052 132.524 378.317 132.524 378.317 242.034 270.052 242.034
268.711 131.217 375.754 131.217 375.754 239.582 268.711 239.582
266.221 129.972 371.236 129.972 371.236 237.632 266.221 237.632
263.764 128.688 366.140 128.688 366.140 236.053 263.764 236.053
266.602 129.599 366.626 129.599 366.626 235.977 266.602 235.977
262.120 127.012 359.944 127.012 359.944 232.336 262.120 232.336
262.034 128.415 358.456 128.415 358.456 232.040 262.034 232.040
261.776 127.117 356.134 127.117 356.134 229.735 261.776 229.735
262.392 127.643 355.247 127.643 355.247 228.778 262.392 228.778
262.318 127.392 353.228 127.392 353.228 227.474 262.318 227.474
262.407 126.560 351.832 126.560 351.832 225.147 262.407 225.147
263.089 126.261 351.254 126.261 351.254 223.508 263.089 223.508
262.929 125.011 349.528 125.011 349.528 221.615 262.929 221.615
262.767 123.787 347.735 123.787 347.735 219.801 262.767 219.801
265.548 122.921 349.068 122.921 349.068 218.091 265.548 218.091
265.841 123.476 348.304 123.476 348.304 217.710 265.841 217.710
267.028 123.175 348.640 123.175 348.640 216.414 267.028 216.414
267.427 122.945 348.327 122.945 348.327 215.173 267.427 215.173
268.383 121.779 348.415 121.779 348.415 213.314 268.383 213.314
267.483 121.315 346.894 121.315 346.894 211.860 267.483 211.860
268.142 119.691 346.745 119.691 346.745 209.328 268.142 209.328
269.404 118.978 347.207 118.978 347.207 207.671 269.404 207.671
271.617 117.224 348.320 117.224 348.320 205.171 271.617 205.171
270.956 117.956 347.300 117.956 347.300 204.460 270.956 204.460
272.273 116.985 347.733 116.985 347.733 202.289 272.273 202.289
272.382 116.726 347.030 116.726 347.030 200.793 272.382 200.793
272.342 115.210 345.949 115.210 345.949 198.128 272.342 198.128
274.000 115.707 346.671 115.707 346.671 197.594 274.000 197.594
276.163 111.269 348.373 111.269 348.373 191.440 276.163 191.440
279.395 108.523 350.212 108.523 350.212 187.858 279.395 187.858
282.976 108.827 352.851 108.827 352.851 187.200 282.976 187.200
284.359 108.326 353.624 108.326 353.624 185.852 284.359 185.852
287.098 107.300 355.463 107.300 355.463 184.010 287.098 184.010
288.416 109.090 356.204 109.090 356.204 184.868 288.416 184.868
289.353 108.368 356.494 108.368 356.494 183.042 289.353 183.042
290.848 107.732 357.477 107.732 357.477 181.699 290.848 181.699
293.352 106.835 359.376 106.835 359.376 180.198 293.352 180.198
293.568 106.609 359.178 106.609 359.178 179.183 293.568 179.183
295.484 106.429 360.426 106.429 360.426 178.446 295.484 178.446
297.217 105.623 361.683 105.623 361.683 176.984 297.217 176.984
299.122 104.900 363.085 104.900 363.085 176.087 299.122 176.087
300.231 104.579 363.966 104.579 363.966 175.187 300.231 175.187
301.958 104.359 365.300 104.359 365.300 174.490 301.958 174.490
304.438 103.228 367.394 103.228 367.394 172.843 304.438 172.843
305.247 103.108 368.266 103.108 368.266 172.301 305.247 172.301
306.839 102.169 369.885 102.169 369.885 170.827 306.839 170.827
309.182 102.250 372.376 102.250 372.376 170.452 309.182 170.452
309.851 101.389 373.058 101.389 373.058 169.130 309.851 169.130
312.600 100.134 375.775 100.134 375.775 167.276 312.600 167.276
314.680 99.092 377.877 99.092 377.877 165.810 314.680 165.810
317.242 98.736 380.206 98.736 380.206 164.916 317.242 164.916
318.725 98.714 381.568 98.714 381.568 164.537 318.725 164.537
321.045 99.132 384.173 99.132 384.173 164.493 321.045 164.493
322.072 98.127 384.897 98.127 384.897 163.305 322.072 163.305
323.769 98.067 386.643 98.067 386.643 162.875 323.769 162.875
326.925 96.577 389.705 96.577 389.705 160.999 326.925 160.999
329.384 96.321 391.968 96.321 391.968 160.465 329.384 160.465
332.051 96.337 394.354 96.337 394.354 159.872 332.051 159.872
335.427 94.993 397.211 94.993 397.211 158.443 335.427 158.443
338.000 93.733 399.387 93.733 399.387 157.070 338.000 157.070
342.569 94.179 403.856 94.179 403.856 157.541 342.569 157.541
345.023 93.308 406.256 93.308 406.256 156.110 345.023 156.110
347.791 92.874 408.726 92.874 408.726 155.580 347.791 155.580
349.239 91.737 409.810 91.737 409.810 153.962 349.239 153.962
350.520 90.995 410.864 90.995 410.864 153.006 350.520 153.006
352.743 90.963 412.993 90.963 412.993 152.718 352.743 152.718
355.411 90.378 415.221 90.378 415.221 151.895 355.411 151.895
357.493 89.590 417.143 89.590 417.143 150.919 357.493 150.919
360.169 88.984 419.516 88.984 419.516 150.572 360.169 150.572
363.399 88.770 422.322 88.770 422.322 150.166 363.399 150.166
365.956 88.709 424.782 88.709 424.782 149.736 365.956 149.736
369.497 87.680 427.968 87.680 427.968 148.311 369.497 148.311
371.594 86.348 429.890 86.348 429.890 146.421 371.594 146.421
374.451 85.928 432.590 85.928 432.590 145.938 374.451 145.938
376.664 84.717 434.435 84.717 434.435 144.892 376.664 144.892
379.231 84.070 436.649 84.070 436.649 144.760 379.231 144.760
381.836 84.620 439.068 84.620 439.068 145.072 381.836 145.072
383.439 84.201 440.404 84.201 440.404 144.778 383.439 144.778
385.096 83.100 441.721 83.100 441.721 143.597 385.096 143.597
386.457 82.420 442.896 82.420 442.896 142.615 386.457 142.615
389.265 81.950 445.640 81.950 445.640 141.710 389.265 141.710
391.619 81.685 447.692 81.685 447.692 141.358 391.619 141.358
393.856 81.047 449.694 81.047 449.694 140.569 393.856 140.569
395.732 81.072 451.409 81.072 451.409 140.207 395.732 140.207
398.378 81.359 453.882 81.359 453.882 140.295 398.378 140.295
399.941 80.177 455.331 80.177 455.331 138.710 399.941 138.710
402.032 79.468 457.442 79.468 457.442 137.718 402.032 137.718
