484.000 167.000 499.000 167.000 499.000 220.000 484.000 220.000
484.458 164.969 499.423 164.969 499.423 218.285 484.458 218.285
484.622 164.885 499.647 164.885 499.647 218.427 484.622 218.427
484.655 167.173 499.565 167.173 499.565 221.120 484.655 221.120
483.391 163.976 498.512 163.976 498.512 217.873 483.391 217.873
484.480 168.867 499.530 168.867 499.530 222.813 484.480 222.813
483.229 165.502 498.447 165.502 498.447 219.386 483.229 219.386
483.308 167.930 498.379 167.930 498.379 222.150 483.308 222.150
482.105 166.043 497.335 166.043 497.335 220.240 482.105 220.240
482.350 167.866 497.481 167.866 497.481 222.112 482.350 222.112
481.751 165.854 496.929 165.854 496.929 220.193 481.751 220.193
481.868 167.508 496.915 167.508 496.915 221.973 481.868 221.973
481.665 164.176 496.706 164.176 496.706 218.579 481.665 218.579
482.317 169.239 497.224 169.239 497.224 223.532 482.317 223.532
480.575 164.432 495.656 164.432 495.656 218.451 480.575 218.451
481.484 169.091 496.379 169.091 496.379 222.981 481.484 222.981
480.906 166.601 495.760 166.601 495.760 220.521 480.906 220.521
481.672 169.383 496.469 169.383 496.469 223.255 481.672 223.255
481.230 166.883 496.025 166.883 496.025 220.954 481.230 220.954
481.837 169.894 496.512 169.894 496.512 223.990 481.837 223.990
481.193 166.608 495.789 166.608 495.789 220.853 481.193 220.853
481.412 169.865 496.181 169.865 496.181 223.678 481.412 223.678
480.948 166.126 495.718 166.126 495.718 220.294 480.948 220.294
481.185 168.295 496.027 168.295 496.027 222.295 481.185 222.295
481.861 167.638 496.665 167.638 496.665 222.103 481.861 222.103
481.340 168.398 496.190 168.398 496.190 223.003 481.340 223.003
481.037 167.296 495.996 167.296 495.996 222.111 481.037 222.111
481.019 169.791 496.061 169.791 496.061 224.800 481.019 224.800
480.575 166.867 495.825 166.867 495.825 222.037 480.575 222.037
481.246 169.211 496.519 169.211 496.519 224.462 481.246 224.462
480.529 166.117 495.812 166.117 495.812 222.132 480.529 222.132
480.871 170.017 496.236 170.017 496.236 225.860 480.871 225.860
480.257 165.255 495.723 165.255 495.723 221.756 480.257 221.756
480.326 170.241 495.960 170.241 495.960 226.422 480.326 226.422
479.456 165.257 495.170 165.257 495.170 221.872 479.456 221.872
480.889 169.609 496.653 169.609 496.653 225.969 480.889 225.969
479.625 167.336 495.622 167.336 495.622 223.496 479.625 223.496
479.700 171.553 495.790 171.553 495.790 227.351 479.700 227.351
479.872 167.674 495.961 167.674 495.961 223.659 479.872 223.659
479.910 170.872 496.034 170.872 496.034 226.805 479.910 226.805
479.808 168.403 495.967 168.403 495.967 224.789 479.808 224.789
479.474 170.064 495.726 170.064 495.726 226.420 479.474 226.420
479.327 168.119 495.472 168.119 495.472 224.881 479.327 224.881
478.874 170.034 495.076 170.034 495.076 226.661 478.874 226.661
478.638 168.367 494.957 168.367 494.957 224.819 478.638 224.819
478.973 170.902 495.157 170.902 495.157 227.865 478.973 227.865
477.940 168.972 494.246 168.972 494.246 226.250 477.940 226.250
477.516 171.121 493.912 171.121 493.912 228.743 477.516 228.743
476.576 169.075 493.141 169.075 493.141 226.753 476.576 226.753
475.923 170.424 492.382 170.424 492.382 229.023 475.923 229.023
476.188 168.631 492.680 168.631 492.680 227.602 476.188 227.602
475.094 169.087 491.531 169.087 491.531 228.715 475.094 228.715
475.254 167.661 491.589 167.661 491.589 228.054 475.254 228.054
474.725 168.389 490.984 168.389 490.984 229.798 474.725 229.798
474.004 166.764 490.351 166.764 490.351 228.477 474.004 228.477
474.194 166.994 490.408 166.994 490.408 229.530 474.194 229.530
473.531 165.991 489.671 165.991 489.671 229.223 473.531 229.223
474.250 167.731 490.391 167.731 490.391 231.153 474.250 231.153
474.031 168.200 490.339 168.200 490.339 231.604 474.031 231.604
473.929 167.393 490.489 167.393 490.489 230.399 473.929 230.399
473.748 168.004 490.457 168.004 490.457 230.844 473.748 230.844
473.841 168.171 490.699 168.171 490.699 230.931 473.841 230.931
472.902 169.463 489.935 169.463 489.935 231.645 472.902 231.645
473.234 168.077 490.418 168.077 490.418 229.513 473.234 229.513
473.010 169.850 490.165 169.850 490.165 230.860 473.010 230.860
471.906 171.138 488.935 171.138 488.935 231.782 471.906 231.782
472.366 169.707 489.184 169.707 489.184 229.958 472.366 229.958
472.192 172.114 488.803 172.114 488.803 232.102 472.192 232.102
472.184 170.916 488.689 170.916 488.689 230.441 472.184 230.441
471.779 173.281 488.148 173.281 488.148 232.678 471.779 232.678
471.660 173.429 488.058 173.429 488.058 232.391 471.660 232.391
470.533 173.558 486.816 173.558 486.816 232.238 470.533 232.238
471.087 173.044 487.209 173.044 487.209 231.725 471.087 231.725
469.300 173.005 485.544 173.005 485.544 231.352 469.300 231.352
468.985 173.138 485.189 173.138 485.189 231.140 468.985 231.140
468.915 174.656 485.322 174.656 485.322 231.568 468.915 231.568
468.618 174.218 485.034 174.218 485.034 230.621 468.618 230.621
468.505 175.757 485.016 175.757 485.016 231.489 468.505 231.489
467.504 175.481 484.180 175.481 484.180 230.781 467.504 230.781
467.886 176.558 484.627 176.558 484.627 231.473 467.886 231.473
467.244 175.976 484.173 175.976 484.173 230.259 467.244 230.259
467.613 176.606 484.545 176.606 484.545 230.374 467.613 230.374
467.627 176.336 484.385 176.336 484.385 230.031 467.627 230.031
466.952 175.909 483.660 175.909 483.660 229.486 466.952 229.486
466.682 177.494 483.384 177.494 483.384 230.864 466.682 230.864
466.832 175.602 483.411 175.602 483.411 229.219 466.832 229.219
466.896 177.388 483.488 177.388 483.488 230.713 466.896 230.713
466.319 176.828 482.850 176.828 482.850 230.201 466.319 230.201
465.515 178.056 481.920 178.056 481.920 231.261 465.515 231.261
465.895 177.666 482.195 177.666 482.195 230.914 465.895 230.914
464.609 177.305 480.998 177.305 480.998 230.611 464.609 230.611
464.622 178.317 480.912 178.317 480.912 231.964 464.622 231.964
464.278 177.138 480.516 177.138 480.516 231.029 464.278 231.029
464.790 176.813 480.952 176.813 480.952 230.933 464.790 230.933
464.135 176.429 480.280 176.429 480.280 230.756 464.135 230.756
463.527 177.119 479.728 177.119 479.728 231.606 463.527 231.606
464.426 175.597 480.680 175.597 480.680 230.360 464.426 230.360
464.111 177.126 480.485 177.126 480.485 231.733 464.111 231.733
464.510 177.326 480.824 177.326 480.824 232.430 464.510 232.430
464.091 176.829 480.373 176.829 480.373 232.201 464.091 232.201
463.515 176.209 479.953 176.209 479.953 231.660 463.515 231.660
464.181 176.532 480.626 176.532 480.626 232.229 464.181 232.229
464.579 176.517 481.011 176.517 481.011 232.479 464.579 232.479
464.698 175.900 481.185 175.900 481.185 231.942 464.698 231.942
464.398 177.413 480.932 177.413 480.932 233.505 464.398 233.505
463.984 174.796 480.571 174.796 480.571 231.163 463.984 231.163
464.165 177.299 480.844 177.299 480.844 233.623 464.165 233.623
463.245 176.411 480.039 176.411 480.039 232.933 463.245 232.933
463.608 177.633 480.357 177.633 480.357 234.205 463.608 234.205
463.343 175.901 480.068 175.901 480.068 232.769 463.343 232.769
463.889 177.846 480.539 177.846 480.539 234.591 463.889 234.591
462.965 176.465 479.792 176.465 479.792 233.183 462.965 233.183
462.847 178.252 479.654 178.252 479.654 235.099 462.847 235.099
462.323 176.667 479.096 176.667 479.096 233.810 462.323 233.810
461.685 177.482 478.614 177.482 478.614 234.397 461.685 234.397
461.534 177.339 478.483 177.339 478.483 234.627 461.534 234.627
460.816 177.667 477.962 177.667 477.962 234.920 460.816 234.920
460.241 177.319 477.567 177.319 477.567 234.620 460.241 234.620
459.809 178.731 477.398 178.731 477.398 235.837 459.809 235.837
459.551 178.282 477.208 178.282 477.208 235.630 459.551 235.630
458.870 178.010 476.656 178.010 476.656 235.124 458.870 235.124
458.839 178.409 476.778 178.409 476.778 235.285 458.839 235.285
458.683 178.043 476.808 178.043 476.808 234.436 458.683 234.436
458.397 180.261 476.720 180.261 476.720 236.054 458.397 236.054
459.150 178.245 477.660 178.245 477.660 233.816 459.150 233.816
458.813 179.760 477.327 179.760 477.327 235.062 458.813 235.062
459.243 179.942 477.593 179.942 477.593 235.511 459.243 235.511
458.771 180.123 477.156 180.123 477.156 235.548 458.771 235.548
459.572 179.657 477.956 179.657 477.956 234.968 459.572 234.968
459.310 180.270 477.489 180.270 477.489 235.757 459.310 235.757
460.199 179.724 478.600 179.724 478.600 234.883 460.199 234.883
459.885 180.207 478.172 180.207 478.172 235.348 459.885 235.348
460.051 179.408 478.152 179.408 478.152 234.838 460.051 234.838
460.520 180.759 478.440 180.759 478.440 236.462 460.520 236.462
459.974 178.919 477.767 178.919 477.767 234.677 459.974 234.677
459.900 181.345 477.634 181.345 477.634 236.971 459.900 236.971
459.956 179.229 477.544 179.229 477.544 235.018 459.956 235.018
459.683 181.605 477.299 181.605 477.299 237.133 459.683 237.133
459.635 180.261 477.077 180.261 477.077 236.030 459.635 236.030
458.929 180.236 476.393 180.236 476.393 235.900 458.929 235.900
458.903 181.055 476.217 181.055 476.217 236.638 458.903 236.638
457.756 180.384 475.007 180.384 475.007 236.276 457.756 236.276
457.937 180.493 475.111 180.493 475.111 236.520 457.937 236.520
458.079 180.298 475.131 180.298 475.131 236.486 458.079 236.486
457.717 181.081 474.742 181.081 474.742 237.229 457.717 237.229
457.581 181.336 474.645 181.336 474.645 237.140 457.581 237.140
457.274 182.500 474.435 182.500 474.435 237.799 457.274 237.799
457.387 180.985 474.547 180.985 474.547 236.377 457.387 236.377
457.427 183.550 474.683 183.550 474.683 238.459 457.427 238.459
457.314 181.492 474.401 181.492 474.401 236.611 457.314 236.611
457.521 182.805 474.587 182.805 474.587 237.713 457.521 237.713
457.647 182.662 474.578 182.662 474.578 237.870 457.647 237.870
457.469 182.663 474.378 182.663 474.378 237.849 457.469 237.849
457.563 182.302 474.410 182.302 474.410 237.766 457.563 237.766
457.291 181.918 474.019 181.918 474.019 237.614 457.291 237.614
457.085 183.453 473.821 183.453 473.821 239.184 457.085 239.184
456.343 182.156 472.975 182.156 472.975 238.155 456.343 238.155
456.134 183.412 472.764 183.412 472.764 239.340 456.134 239.340
455.135 183.664 471.836 183.664 471.836 239.784 455.135 239.784
454.978 183.798 471.762 183.798 471.762 239.654 454.978 239.654
453.937 184.951 470.776 184.951 470.776 240.469 453.937 240.469
453.055 183.691 469.777 183.691 469.777 239.582 453.055 239.582
453.108 183.925 469.787 183.925 469.787 239.913 453.108 239.913
452.393 183.500 469.027 183.500 469.027 239.816 452.393 239.816
451.981 184.011 468.809 184.011 468.809 240.077 451.981 240.077
451.795 184.416 468.837 184.416 468.837 240.217 451.795 240.217
451.175 185.386 468.360 185.386 468.360 241.051 451.175 241.051
450.682 185.055 467.996 185.055 467.996 240.637 450.682 240.637
451.114 185.528 468.529 185.528 468.529 241.162 451.114 241.162
450.835 185.422 468.305 185.422 468.305 241.188 450.835 241.188
451.317 185.329 468.733 185.329 468.733 241.124 451.317 241.124
450.976 184.788 468.379 184.788 468.379 240.880 450.976 240.880
451.029 186.146 468.559 186.146 468.559 241.954 451.029 241.954
450.727 184.004 468.219 184.004 468.219 240.365 450.727 240.365
451.287 185.465 468.817 185.465 468.817 241.882 451.287 241.882
450.159 184.061 467.634 184.061 467.634 240.961 450.159 240.961
450.871 186.587 468.289 186.587 468.289 243.679 450.871 243.679
449.818 183.955 467.130 183.955 467.130 241.812 449.818 241.812
449.609 187.169 467.000 187.169 467.000 245.090 449.609 245.090
448.203 184.964 465.566 184.964 465.566 243.518 448.203 243.518
448.156 187.371 465.727 187.371 465.727 245.732 448.156 245.732
447.706 184.879 465.207 184.879 465.207 243.823 447.706 243.823
447.705 187.100 465.269 187.100 465.269 246.190 447.705 246.190
447.207 185.241 464.867 185.241 464.867 244.533 447.207 244.533
446.454 186.312 464.367 186.312 464.367 245.482 446.454 245.482
446.349 185.590 464.295 185.590 464.295 244.757 446.349 244.757
445.826 187.510 464.077 187.510 464.077 246.026 445.826 246.026
445.919 186.508 464.224 186.508 464.224 245.408 445.919 245.408
445.505 188.642 463.908 188.642 463.908 247.273 445.505 247.273
445.959 187.009 464.234 187.009 464.234 246.156 445.959 246.156
446.591 188.779 464.874 188.779 464.874 247.967 446.591 247.967
446.230 186.343 464.752 186.343 464.752 245.567 446.230 245.567
445.859 188.455 464.680 188.455 464.680 247.550 445.859 247.550
445.134 186.652 464.159 186.652 464.159 245.680 445.134 245.680
445.630 188.089 464.785 188.089 464.785 246.994 445.630 246.994
444.808 187.184 464.126 187.184 464.126 246.029 444.808 246.029
445.330 190.380 464.657 190.380 464.657 249.178 445.330 249.178
444.134 188.309 463.607 188.309 463.607 247.000 444.134 247.000
444.264 190.730 463.881 190.730 463.881 249.163 444.264 249.163
443.988 188.968 463.498 188.968 463.498 247.864 443.988 247.864
443.469 190.740 463.008 190.740 463.008 249.734 443.469 249.734
443.155 188.929 462.678 188.929 462.678 248.282 443.155 248.282
442.522 189.267 462.119 189.267 462.119 248.785 442.522 248.785
440.899 188.794 460.465 188.794 460.465 248.929 440.899 248.929
441.614 189.436 461.067 189.436 461.067 249.710 441.614 249.710
440.945 189.300 460.482 189.300 460.482 249.441 440.945 249.441
440.591 189.757 460.231 189.757 460.231 249.879 440.591 249.879
440.759 190.652 460.408 190.652 460.408 250.649 440.759 250.649
438.832 188.193 458.792 188.193 458.792 248.058 438.832 248.058
429.675 188.057 449.990 188.057 449.990 247.472 429.675 247.472
418.150 188.932 438.632 188.932 438.632 248.127 418.150 248.127
405.355 188.382 425.728 188.382 425.728 247.513 405.355 247.513
393.390 189.723 413.760 189.723 413.760 248.960 393.390 248.960
380.094 187.463 400.528 187.463 400.528 247.009 380.094 247.009
363.577 189.585 383.839 189.585 383.839 249.321 363.577 249.321
350.677 188.876 370.732 188.876 370.732 249.020 350.677 249.020
342.127 188.627 362.220 188.627 362.220 248.762 342.127 248.762
333.762 189.980 354.118 189.980 354.118 249.591 333.762 249.591
335.634 192.073 355.709 192.073 355.709 251.626 335.634 251.626
328.222 190.479 348.515 190.479 348.515 249.209 328.222 249.209
332.920 191.700 353.137 191.700 353.137 249.836 332.920 249.836
342.964 193.185 362.793 193.185 362.793 250.923 342.964 250.923
348.924 194.454 368.514 194.454 368.514 252.341 348.924 252.341
363.935 193.906 383.299 193.906 383.299 251.714 363.935 251.714
375.001 194.757 394.376 194.757 394.376 252.432 375.001 252.432
385.076 193.403 404.385 193.403 404.385 250.834 385.076 250.834
399.394 192.361 418.512 192.361 418.512 249.780 399.394 249.780
405.558 193.829 424.334 193.829 424.334 251.244 405.558 251.244
399.006 190.837 417.682 190.837 417.682 248.643 399.006 248.643
408.841 191.172 427.606 191.172 427.606 248.681 408.841 248.681
400.883 190.964 419.992 190.964 419.992 248.055 400.883 248.055
392.602 191.136 411.960 191.136 411.960 248.141 392.602 248.141
376.902 191.755 396.389 191.755 396.389 248.550 376.902 248.550
364.799 191.808 384.131 191.808 384.131 248.622 364.799 248.622
356.766 191.450 376.224 191.450 376.224 248.582 356.766 248.582
341.452 192.918 360.975 192.918 360.975 249.795 341.452 249.795
329.160 193.905 348.749 193.905 348.749 250.823 329.160 250.823
323.503 193.062 343.088 193.062 343.088 250.457 323.503 250.457
316.055 195.310 335.654 195.310 335.654 253.010 316.055 253.010
325.865 195.982 345.191 195.982 345.191 254.108 325.865 254.108
330.605 196.153 349.829 196.153 349.829 253.937 330.605 253.937
345.282 195.989 364.413 195.989 364.413 253.927 345.282 253.927
357.132 198.705 375.872 198.705 375.872 256.635 357.132 256.635
366.943 196.286 385.692 196.286 385.692 254.205 366.943 254.205
381.595 196.867 400.314 196.867 400.314 254.605 381.595 254.605
390.719 197.886 409.486 197.886 409.486 255.669 390.719 255.669
399.974 196.255 418.628 196.255 418.628 253.937 399.974 253.937
419.182 194.541 437.894 194.541 437.894 252.336 419.182 252.336
413.366 192.380 431.995 192.380 431.995 250.232 413.366 250.232
404.979 194.209 423.747 194.209 423.747 252.159 404.979 252.159
389.468 194.805 408.550 194.805 408.550 252.296 389.468 252.296
373.754 195.288 393.062 195.288 393.062 252.248 373.754 252.248
362.029 195.389 381.474 195.389 381.474 251.741 362.029 251.741
346.740 197.173 366.088 197.173 366.088 253.420 346.740 253.420
335.659 195.537 355.110 195.537 355.110 251.567 335.659 251.567
325.000 198.004 344.561 198.004 344.561 253.710 325.000 253.710
321.862 198.267 341.684 198.267 341.684 253.922 321.862 253.922
327.722 198.113 347.462 198.113 347.462 253.603 327.722 253.603
332.443 198.524 352.359 198.524 352.359 253.836 332.443 253.836
327.163 200.441 346.800 200.441 346.800 256.147 327.163 256.147
338.441 200.532 357.623 200.532 357.623 257.092 338.441 257.092
350.392 201.021 369.384 201.021 369.384 257.579 350.392 257.579
365.172 200.230 384.071 200.230 384.071 256.860 365.172 256.860
379.272 199.226 397.853 199.226 397.853 256.817 379.272 256.817
393.074 200.246 411.618 200.246 411.618 258.462 393.074 258.462
403.014 199.978 421.401 199.978 421.401 259.154 403.014 259.154
413.445 196.935 431.739 196.935 431.739 256.137 413.445 256.137
406.158 197.097 424.938 197.097 424.938 255.697 406.158 255.697
394.869 198.101 413.733 198.101 413.733 256.093 394.869 256.093
378.395 198.534 397.518 198.534 397.518 256.256 378.395 256.256
366.556 199.275 385.796 199.275 385.796 257.066 366.556 257.066
359.296 198.307 378.719 198.307 378.719 255.725 359.296 255.725
344.157 201.448 363.551 201.448 363.551 258.686 344.157 258.686
332.636 200.144 352.117 200.144 352.117 257.291 332.636 257.291
316.985 202.254 336.512 202.254 336.512 259.549 316.985 259.549
315.796 202.044 335.195 202.044 335.195 259.389 315.796 259.389
321.239 202.369 340.867 202.369 340.867 259.584 321.239 259.584
320.334 203.381 339.613 203.381 339.613 261.398 320.334 261.398
344.643 200.948 363.825 200.948 363.825 259.199 344.643 259.199
348.474 202.901 367.676 202.901 367.676 261.429 348.474 261.429
363.059 200.464 382.454 200.464 382.454 259.252 363.059 259.252
367.793 200.579 387.152 200.579 387.152 259.793 367.793 259.793
378.438 203.237 397.822 203.237 397.822 262.575 378.438 262.575
393.684 203.201 413.084 203.201 413.084 262.829 393.684 262.829
404.319 202.202 423.807 202.202 423.807 262.615 404.319 262.615
404.651 200.664 424.372 200.664 424.372 261.330 404.651 261.330
392.949 200.203 412.945 200.203 412.945 260.768 392.949 260.768
380.850 200.602 401.058 200.602 401.058 260.869 380.850 260.869
373.548 200.313 393.820 200.313 393.820 260.778 373.548 260.778
357.553 202.447 377.950 202.447 377.950 262.767 357.553 262.767
340.844 203.906 361.337 203.906 361.337 264.178 340.844 264.178
329.412 202.393 350.072 202.393 350.072 262.414 329.412 262.414
318.184 205.427 338.807 205.427 338.807 265.301 318.184 265.301
311.159 203.844 331.791 203.844 331.791 263.809 311.159 263.809
310.524 205.608 331.433 205.608 331.433 265.903 310.524 265.903
315.507 205.151 336.377 205.151 336.377 265.264 315.507 265.264
326.382 207.188 347.094 207.188 347.094 267.772 326.382 267.772
337.627 206.691 358.229 206.691 358.229 267.211 337.627 267.211
348.546 208.179 368.944 208.179 368.944 269.019 348.546 269.019
359.586 205.880 379.682 205.880 379.682 267.232 359.586 267.232
374.603 204.004 394.430 204.004 394.430 266.006 374.603 266.006
385.266 205.584 405.054 205.584 405.054 267.691 385.266 267.691
396.467 205.724 416.009 205.724 416.009 268.725 396.467 268.725
402.291 205.238 422.060 205.238 422.060 267.912 402.291 267.912
400.727 203.271 420.512 203.271 420.512 266.226 400.727 266.226
388.038 204.507 408.184 204.507 408.184 267.378 388.038 267.378
373.836 203.846 394.248 203.846 394.248 266.905 373.836 266.905
365.875 205.357 386.385 205.357 386.385 268.169 365.875 268.169
349.131 205.313 369.648 205.313 369.648 268.068 349.131 268.068
340.906 204.016 361.620 204.016 361.620 266.705 340.906 266.705
329.067 206.276 350.012 206.276 350.012 268.937 329.067 268.937
314.924 206.766 336.143 206.766 336.143 269.515 314.924 269.515
308.326 207.767 329.653 207.767 329.653 270.403 308.326 270.403
309.666 208.678 330.796 208.678 330.796 271.787 309.666 271.787
316.568 206.391 337.514 206.391 337.514 269.551 316.568 269.551
311.518 209.490 332.399 209.490 332.399 272.864 311.518 272.864
323.286 210.065 344.257 210.065 344.257 273.525 323.286 273.525
329.691 209.718 350.715 209.718 350.715 273.168 329.691 273.168
342.373 209.885 363.306 209.885 363.306 273.412 342.373 273.412
353.324 208.964 374.512 208.964 374.512 271.939 353.324 271.939
368.886 208.721 390.101 208.721 390.101 271.594 368.886 271.594
379.770 207.976 400.889 207.976 400.889 270.681 379.770 270.681
384.238 206.654 405.294 206.654 405.294 269.181 384.238 269.181
384.531 207.902 405.269 207.902 405.269 270.661 384.531 270.661
384.595 208.673 405.140 208.673 405.140 271.732 384.595 271.732
384.322 207.883 404.653 207.883 404.653 271.441 384.322 271.441
382.985 207.456 402.882 207.456 402.882 271.856 382.985 271.856
382.552 208.311 402.026 208.311 402.026 273.312 382.552 273.312
382.173 207.647 401.597 207.647 401.597 272.935 382.173 272.935
382.008 208.414 401.233 208.414 401.233 274.168 382.008 274.168
381.453 207.965 400.596 207.965 400.596 274.093 381.453 274.093
380.310 207.842 399.352 207.842 399.352 274.452 380.310 274.452
379.930 207.908 398.875 207.908 398.875 274.838 379.930 274.838
379.996 207.839 398.893 207.839 398.893 275.141 379.996 275.141
379.076 207.050 398.013 207.050 398.013 274.801 379.076 274.801
378.625 208.861 397.674 208.861 397.674 276.706 378.625 276.706
378.216 208.870 397.256 208.870 397.256 276.860 378.216 276.860
377.442 209.570 396.386 209.570 396.386 277.685 377.442 277.685
377.378 209.880 396.371 209.880 396.371 277.821 377.378 277.821
377.551 211.236 396.503 211.236 396.503 278.904 377.551 278.904
376.763 211.312 395.751 211.312 395.751 278.894 376.763 278.894
376.377 210.809 395.272 210.809 395.272 278.461 376.377 278.461
377.028 211.575 395.774 211.575 395.774 279.091 377.028 279.091
376.479 211.553 395.215 211.553 395.215 278.800 376.479 278.800
376.545 211.714 395.148 211.714 395.148 278.750 376.545 278.750
376.873 212.046 395.202 212.046 395.202 279.314 376.873 279.314
376.491 212.013 394.750 212.013 394.750 279.216 376.491 279.216
376.769 213.344 394.849 213.344 394.849 280.913 376.769 280.913
376.074 212.383 394.038 212.383 394.038 280.021 376.074 280.021
376.361 214.085 394.270 214.085 394.270 281.779 376.361 281.779
375.273 212.666 393.117 212.666 393.117 280.250 375.273 280.250
375.765 213.503 393.391 213.503 393.391 281.360 375.765 281.360
375.099 213.115 392.819 213.115 392.819 280.697 375.099 280.697
374.876 214.187 392.563 214.187 392.563 281.577 374.876 281.577
374.298 212.223 391.980 212.223 391.980 279.445 374.298 279.445
375.331 213.682 392.763 213.682 392.763 281.008 375.331 281.008
374.850 212.911 392.474 212.911 392.474 279.625 374.850 279.625
374.395 215.484 392.125 215.484 392.125 281.739 374.395 281.739
376.521 215.864 394.122 215.864 394.122 282.320 376.521 282.320
376.842 216.222 394.574 216.222 394.574 282.545 376.842 282.545
376.880 216.406 394.725 216.406 394.725 282.349 376.880 282.349
377.984 216.450 395.814 216.450 395.814 282.325 377.984 282.325
378.753 216.117 396.581 216.117 396.581 281.804 378.753 281.804
378.767 216.613 396.617 216.613 396.617 281.960 378.767 281.960
378.998 215.980 396.768 215.980 396.768 281.442 378.998 281.442
379.741 215.668 397.494 215.668 397.494 281.455 379.741 281.455
379.475 216.327 397.371 216.327 397.371 282.472 379.475 282.472
379.415 216.071 397.424 216.071 397.424 282.260 379.415 282.260
380.373 218.056 398.516 218.056 398.516 284.395 380.373 284.395
380.275 217.075 398.619 217.075 398.619 283.594 380.275 283.594
380.966 218.164 399.262 218.164 399.262 285.250 380.966 285.250
381.255 217.824 399.604 217.824 399.604 285.373 381.255 285.373
381.841 217.494 400.245 217.494 400.245 284.881 381.841 284.881
382.726 217.106 401.195 217.106 401.195 284.625 382.726 284.625
382.975 217.628 401.474 217.628 401.474 285.132 382.975 285.132
383.547 218.608 401.947 218.608 401.947 286.509 383.547 286.509
383.477 219.588 401.889 219.588 401.889 287.671 383.477 287.671
384.714 220.183 403.086 220.183 403.086 288.662 384.714 288.662
384.394 220.290 402.661 220.290 402.661 289.267 384.394 289.267
385.660 220.994 403.714 220.994 403.714 290.725 385.660 290.725
386.503 221.196 404.509 221.196 404.509 291.249 386.503 291.249
386.594 222.253 404.750 222.253 404.750 292.272 386.594 292.272
386.421 219.735 404.658 219.735 404.658 289.965 386.421 289.965
386.922 221.215 405.162 221.215 405.162 291.722 386.922 291.722
386.662 219.679 404.861 219.679 404.861 290.954 386.662 290.954
386.247 221.095 404.545 221.095 404.545 292.663 386.247 292.663
386.580 222.022 405.074 222.022 405.074 293.703 386.580 293.703
385.553 221.919 404.213 221.919 404.213 293.840 385.553 293.840
385.861 224.210 404.704 224.210 404.704 295.958 385.861 295.958
385.651 223.440 404.524 223.440 404.524 295.042 385.651 295.042
385.784 223.335 404.740 223.335 404.740 294.727 385.784 294.727
384.712 223.479 403.602 223.479 403.602 294.975 384.712 294.975
384.776 222.661 403.839 222.661 403.839 293.829 384.776 293.829
383.981 222.135 403.440 222.135 403.440 292.809 383.981 292.809
384.280 224.837 403.732 224.837 403.732 295.627 384.280 295.627
383.915 224.407 403.496 224.407 403.496 294.917 383.915 294.917
384.125 226.004 403.682 226.004 403.682 296.590 384.125 296.590
384.227 226.342 403.900 226.342 403.900 296.895 384.227 296.895
384.081 227.459 403.873 227.459 403.873 297.853 384.081 297.853
383.895 226.677 403.704 226.677 403.704 296.952 383.895 296.952
383.620 226.968 403.349 226.968 403.349 297.261 383.620 297.261
383.476 225.835 403.212 225.835 403.212 295.775 383.476 295.775
383.682 226.819 403.387 226.819 403.387 296.509 383.682 296.509
382.704 226.824 402.584 226.824 402.584 295.987 382.704 295.987
382.191 228.383 402.125 228.383 402.125 297.527 382.191 297.527
381.339 226.405 401.272 226.405 401.272 295.233 381.339 295.233
381.344 229.014 401.214 229.014 401.214 297.840 381.344 297.840
380.386 230.389 400.074 230.389 400.074 299.338 380.386 299.338
379.200 228.382 399.042 228.382 399.042 296.772 379.200 296.772
378.413 229.668 398.017 229.668 398.017 298.323 378.413 298.323
377.098 227.805 396.597 227.805 396.597 296.362 377.098 296.362
376.591 228.079 395.764 228.079 395.764 296.830 376.591 296.830
375.936 228.119 395.074 228.119 395.074 296.887 375.936 296.887
375.806 226.641 394.887 226.641 394.887 295.863 375.806 295.863
375.983 228.254 395.175 228.254 395.175 297.546 375.983 297.546
375.411 230.669 394.851 230.669 394.851 299.792 375.411 299.792
374.400 229.987 394.004 229.987 394.004 299.124 374.400 299.124
374.490 231.325 394.200 231.325 394.200 300.305 374.490 300.305
374.460 231.511 394.158 231.511 394.158 300.799 374.460 300.799
374.407 233.309 394.275 233.309 394.275 302.265 374.407 302.265
374.451 230.995 394.366 230.995 394.366 299.780 374.451 299.780
374.553 232.669 394.319 232.669 394.319 301.909 374.553 301.909
374.011 231.737 393.845 231.737 393.845 301.214 374.011 301.214
374.513 231.272 394.212 231.272 394.212 301.033 374.513 301.033
374.445 229.708 394.461 229.708 394.461 299.471 374.445 299.471
375.374 231.393 395.519 231.393 395.519 301.245 375.374 301.245
374.585 230.692 394.661 230.692 394.661 300.891 374.585 300.891
374.822 233.475 394.618 233.475 394.618 303.953 374.822 303.953
374.636 233.522 394.413 233.522 394.413 304.324 374.636 304.324
374.700 233.611 394.415 233.611 394.415 304.892 374.700 304.892
375.130 234.233 394.844 234.233 394.844 305.720 375.130 305.720
375.865 232.589 395.464 232.589 395.464 304.706 375.865 304.706
376.531 232.243 396.132 232.243 396.132 304.431 376.531 304.431
376.446 231.676 396.239 231.676 396.239 303.690 376.446 303.690
377.488 233.004 397.268 233.004 397.268 305.095 377.488 305.095
377.781 233.070 397.555 233.070 397.555 305.423 377.781 305.423
379.132 233.606 398.650 233.606 398.650 306.419 379.132 306.419
379.938 233.761 399.251 233.761 399.251 306.916 379.938 306.916
380.817 234.093 400.030 234.093 400.030 307.810 380.817 307.810
381.458 234.218 400.610 234.218 400.610 308.361 381.458 308.361
382.710 235.336 401.790 235.336 401.790 309.561 382.710 309.561
383.517 234.272 402.780 234.272 402.780 308.457 383.517 308.457
384.486 234.726 403.710 234.726 403.710 309.180 384.486 309.180
384.386 235.227 403.562 235.227 403.562 310.159 384.386 310.159
384.921 235.122 404.086 235.122 404.086 310.603 384.921 310.603
385.420 237.115 404.703 237.115 404.703 313.116 385.420 313.116
385.422 235.391 404.978 235.391 404.978 311.700 385.422 311.700
384.453 236.177 404.446 236.177 404.446 312.433 384.453 312.433
384.460 235.928 404.591 235.928 404.591 312.564 384.460 312.564
384.676 236.819 404.991 236.819 404.991 313.681 384.676 313.681
384.977 235.975 405.335 235.975 405.335 313.532 384.977 313.532
385.591 236.506 405.979 236.506 405.979 314.451 385.591 314.451
386.458 236.833 406.866 236.833 406.866 315.084 386.458 315.084
385.640 235.518 406.262 235.518 406.262 314.567 385.640 314.567
381.096 236.093 402.276 236.093 402.276 314.902 381.096 314.902
375.417 235.475 396.980 235.475 396.980 314.382 375.417 314.382
369.752 238.768 391.736 238.768 391.736 317.172 369.752 317.172
362.656 236.428 384.705 236.428 384.705 315.085 362.656 315.085
355.478 237.475 377.721 237.475 377.721 316.180 355.478 316.180
349.620 239.142 372.230 239.142 372.230 317.833 349.620 317.833
345.054 240.662 367.956 240.662 367.956 318.635 345.054 318.635
338.665 240.874 361.804 240.874 361.804 318.521 338.665 318.521
331.989 240.817 355.000 240.817 355.000 318.505 331.989 318.505
328.754 239.485 351.964 239.485 351.964 317.169 328.754 317.169
320.947 238.972 344.358 238.972 344.358 316.252 320.947 316.252
314.591 242.421 337.684 242.421 337.684 319.987 314.591 319.987
308.817 241.248 331.764 241.248 331.764 319.051 308.817 319.051
302.378 241.753 325.346 241.753 325.346 319.406 302.378 319.406
296.160 244.207 319.198 244.207 319.198 321.532 296.160 321.532
288.180 243.028 311.447 243.028 311.447 320.437 288.180 320.437
281.320 247.220 304.530 247.220 304.530 324.614 281.320 324.614
276.061 243.691 298.953 243.691 298.953 321.497 276.061 321.497
269.796 244.619 292.924 244.619 292.924 322.054 269.796 322.054
262.747 244.104 285.881 244.104 285.881 321.712 262.747 321.712
256.950 245.496 280.151 245.496 280.151 322.981 256.950 322.981
250.253 244.281 273.516 244.281 273.516 321.717 250.253 321.717
244.916 246.982 268.239 246.982 268.239 323.809 244.916 323.809
240.551 247.209 263.629 247.209 263.629 324.057 240.551 324.057
234.229 247.660 257.534 247.660 257.534 324.230 234.229 324.230
227.525 249.715 250.629 249.715 250.629 326.218 227.525 326.218
222.930 250.324 245.864 250.324 245.864 326.712 222.930 326.712
218.678 250.909 241.607 250.909 241.607 327.362 218.678 327.362
212.518 250.014 235.487 250.014 235.487 326.760 212.518 326.760
205.388 248.872 228.547 248.872 228.547 325.632 205.388 325.632
199.204 249.198 222.611 249.198 222.611 326.063 199.204 326.063
192.919 249.902 216.246 249.902 216.246 326.579 192.919 326.579
190.131 250.688 213.799 250.688 213.799 327.367 190.131 327.367
183.834 251.792 207.449 251.792 207.449 328.361 183.834 328.361
176.604 251.714 200.263 251.714 200.263 328.455 176.604 328.455
170.750 254.629 194.371 254.629 194.371 331.365 170.750 331.365
165.129 255.554 188.975 255.554 188.975 332.362 165.129 332.362
158.242 253.954 181.807 253.954 181.807 331.527 158.242 331.527
151.436 255.127 175.169 255.127 175.169 332.414 151.436 332.414
145.709 254.116 169.317 254.116 169.317 331.643 145.709 331.643
139.158 254.178 162.995 254.178 162.995 331.617 139.158 331.617
132.920 254.795 156.734 254.795 156.734 332.381 132.920 332.381
127.477 254.388 151.319 254.388 151.319 331.920 127.477 331.920
123.047 255.754 146.892 255.754 146.892 333.280 123.047 333.280
116.493 256.339 140.026 256.339 140.026 334.449 116.493 334.449
115.935 258.063 139.325 258.063 139.325 336.642 115.935 336.642
115.673 257.880 138.852 257.880 138.852 336.877 115.673 336.877
116.032 258.836 139.072 258.836 139.072 337.973 116.032 337.973
116.023 258.660 138.807 258.660 138.807 338.230 116.023 338.230
116.599 258.554 139.225 258.554 139.225 338.385 116.599 338.385
116.451 259.933 139.007 259.933 139.007 339.773 116.451 339.773
115.779 260.428 138.317 260.428 138.317 340.592 115.779 340.592
116.268 258.737 138.662 258.737 138.662 339.429 116.268 339.429
116.282 258.323 138.921 258.323 138.921 339.043 116.282 339.043
115.855 257.823 138.236 257.823 138.236 339.116 115.855 339.116
115.769 260.895 138.126 260.895 138.126 342.268 115.769 342.268
114.687 261.530 137.182 261.530 137.182 342.917 114.687 342.917
114.696 262.211 137.031 262.211 137.031 343.812 114.696 343.812
114.517 263.125 136.912 263.125 136.912 344.335 114.517 344.335
114.026 262.318 136.375 262.318 136.375 343.473 114.026 343.473
114.361 262.701 136.608 262.701 136.608 343.959 114.361 343.959
114.498 263.334 136.801 263.334 136.801 344.632 114.498 344.632
114.227 261.391 136.554 261.391 136.554 342.321 114.227 342.321
114.356 261.725 136.651 261.725 136.651 342.727 114.356 342.727
114.429 259.659 136.737 259.659 136.737 340.785 114.429 340.785
114.104 260.264 136.472 260.264 136.472 341.427 114.104 341.427
114.473 260.946 136.909 260.946 136.909 342.394 114.473 342.394
113.943 261.505 136.374 261.505 136.374 343.538 113.943 343.538
114.423 261.233 137.005 261.233 137.005 343.616 114.423 343.616
115.110 262.178 137.835 262.178 137.835 344.907 115.110 344.907
115.133 262.893 138.013 262.893 138.013 345.532 115.133 345.532
114.877 260.601 137.622 260.601 137.622 343.802 114.877 343.802
114.304 256.543 137.207 256.543 137.207 339.718 114.304 339.718
114.667 255.236 137.413 255.236 137.413 338.776 114.667 338.776
114.390 250.169 137.058 250.169 137.058 334.141 114.390 334.141
113.838 246.050 136.347 246.050 136.347 330.314 113.838 330.314
114.116 244.035 136.528 244.035 136.528 328.609 114.116 328.609
114.459 239.159 136.629 239.159 136.629 324.533 114.459 324.533
115.124 237.871 137.092 237.871 137.092 324.127 115.124 324.127
114.666 233.744 136.548 233.744 136.548 320.553 114.666 320.553
114.777 230.936 136.720 230.936 136.720 318.025 114.777 318.025
114.194 226.242 136.393 226.242 136.393 313.187 114.194 313.187
114.033 224.217 136.338 224.217 136.338 311.080 114.033 311.080
113.510 218.899 136.017 218.899 136.017 305.868 113.510 305.868
113.090 214.016 135.641 214.016 135.641 301.311 113.090 301.311
112.806 210.029 135.376 210.029 135.376 298.045 112.806 298.045
113.177 207.593 135.851 207.593 135.851 296.186 113.177 296.186
112.904 203.677 135.767 203.677 135.767 292.633 112.904 292.633
136.218 202.549 159.290 202.549 159.290 293.026 136.218 293.026
138.733 199.092 162.077 199.092 162.077 290.537 138.733 290.537
139.547 199.489 162.926 199.489 162.926 292.140 139.547 292.140
138.670 199.765 162.529 199.765 162.529 292.664 138.670 292.664
138.348 200.504 162.338 200.504 162.338 294.144 138.348 294.144
138.739 199.221 162.797 199.221 162.797 293.506 138.739 293.506
138.993 198.804 162.964 198.804 162.964 293.917 138.993 293.917
139.318 198.722 163.332 198.722 163.332 294.593 139.318 294.593
139.588 198.321 163.572 198.321 163.572 294.847 139.588 294.847
139.035 200.526 163.175 200.526 163.175 296.699 139.035 296.699
138.532 200.440 162.677 200.440 162.677 297.172 138.532 297.172
137.845 200.523 161.933 200.523 161.933 297.753 137.845 297.753
138.247 200.523 162.295 200.523 162.295 298.577 138.247 298.577
137.647 201.402 162.011 201.402 162.011 299.733 137.647 299.733
137.063 200.851 161.630 200.851 161.630 299.460 137.063 299.460
137.218 200.595 161.804 200.595 161.804 299.804 137.218 299.804
136.630 201.879 161.543 201.879 161.543 301.080 136.630 301.080
138.670 199.897 164.047 199.897 164.047 298.913 138.670 298.913
142.762 199.590 168.597 199.590 168.597 298.165 142.762 298.165
146.485 199.675 172.781 199.675 172.781 297.756 146.485 297.756
150.353 199.688 177.139 199.688 177.139 297.609 150.353 297.609
160.391 202.318 187.275 202.318 187.275 300.445 160.391 300.445
163.793 200.711 190.447 200.711 190.447 299.319 163.793 299.319
174.015 204.596 200.726 204.596 200.726 303.288 174.015 303.288
177.340 203.376 204.246 203.376 204.246 301.496 177.340 301.496
188.265 205.177 215.096 205.177 215.096 303.111 188.265 303.111
191.594 202.236 218.483 202.236 218.483 300.328 191.594 300.328
195.616 203.289 222.686 203.289 222.686 301.414 195.616 301.414
199.606 203.122 226.831 203.122 226.831 301.066 199.606 301.066
211.578 205.002 239.206 205.002 239.206 302.165 211.578 302.165
215.775 204.089 243.874 204.089 243.874 300.603 215.775 300.603
220.310 203.829 248.612 203.829 248.612 300.228 220.310 300.228
225.027 206.056 253.290 206.056 253.290 302.568 225.027 302.568
236.054 208.082 264.543 208.082 264.543 304.020 236.054 304.020
241.435 206.732 270.266 206.732 270.266 302.137 241.435 302.137
246.376 208.230 275.546 208.230 275.546 303.049 246.376 303.049
256.810 209.254 285.932 209.254 285.932 303.868 256.810 303.868
261.649 208.956 290.905 208.956 290.905 303.288 261.649 303.288
264.395 208.046 293.357 208.046 293.357 302.939 264.395 302.939
265.305 207.641 294.271 207.641 294.271 302.585 265.305 302.585
265.063 208.912 294.136 208.912 294.136 303.836 265.063 303.836
265.503 208.490 294.367 208.490 294.367 303.766 265.503 303.766
265.777 208.989 294.483 208.989 294.483 304.713 265.777 304.713
267.288 210.836 295.719 210.836 295.719 307.704 267.288 307.704
266.637 209.683 295.144 209.683 295.144 306.779 266.637 306.779
267.687 211.076 296.042 211.076 296.042 308.503 267.687 308.503
268.192 210.404 296.521 210.404 296.521 308.080 268.192 308.080
269.399 211.831 297.709 211.831 297.709 309.312 269.399 309.312
269.460 210.425 297.793 210.425 297.793 308.207 269.460 308.207
270.991 210.743 299.121 210.743 299.121 309.094 270.991 309.094
270.800 211.884 299.049 211.884 299.049 310.626 270.800 310.626
270.702 212.198 299.015 212.198 299.015 311.288 270.702 311.288
272.522 210.850 300.676 210.850 300.676 310.469 272.522 310.469
272.855 212.734 301.303 212.734 301.303 312.271 272.855 312.271
272.938 211.937 301.561 211.937 301.561 312.036 272.938 312.036
273.149 214.155 301.934 214.155 301.934 314.239 273.149 314.239
273.229 214.060 302.113 214.060 302.113 314.087 273.229 314.087
273.960 214.318 302.964 214.318 302.964 313.981 273.960 313.981
274.341 214.704 303.348 214.704 303.348 314.487 274.341 314.487
274.575 215.290 303.369 215.290 303.369 316.207 274.575 316.207
274.970 213.915 303.799 213.915 303.799 315.203 274.970 315.203
275.346 216.091 304.077 216.091 304.077 317.963 275.346 317.963
275.976 216.255 304.602 216.255 304.602 318.893 275.976 318.893
276.052 219.219 304.789 219.219 304.789 322.037 276.052 322.037
277.239 217.984 306.060 217.984 306.060 320.488 277.239 320.488
278.741 219.146 307.620 219.146 307.620 321.247 278.741 321.247
280.205 218.733 309.129 218.733 309.129 320.540 280.205 320.540
277.546 216.898 306.674 216.898 306.674 318.860 277.546 318.860
272.183 218.173 301.488 218.173 301.488 319.887 272.183 319.887
265.424 218.491 294.559 218.491 294.559 320.793 265.424 320.793
260.524 219.801 289.820 219.801 289.820 322.258 260.524 322.258
254.009 217.998 283.565 217.998 283.565 320.200 254.009 320.200
248.683 222.289 278.562 222.289 278.562 324.130 248.683 324.130
242.966 223.221 273.016 223.221 273.016 324.849 242.966 324.849
235.760 223.063 266.110 223.063 266.110 324.687 235.760 324.687
230.635 225.864 261.105 225.864 261.105 327.350 230.635 327.350
220.599 226.670 251.097 226.670 251.097 328.426 220.599 328.426
213.299 225.184 244.011 225.184 244.011 326.557 213.299 326.557
207.665 225.301 238.754 225.301 238.754 326.441 207.665 326.441
202.271 226.642 233.211 226.642 233.211 328.422 202.271 328.422
196.263 225.191 226.996 225.191 226.996 328.023 196.263 328.023
191.149 226.711 221.829 226.711 221.829 329.520 191.149 329.520
183.799 230.234 214.489 230.234 214.489 333.120 183.799 333.120
178.486 228.473 209.219 228.473 209.219 331.522 178.486 331.522
175.335 230.977 205.656 230.977 205.656 334.615 175.335 334.615
170.199 230.418 200.795 230.418 200.795 334.200 170.199 334.200
163.754 231.883 194.442 231.883 194.442 335.754 163.754 335.754
159.367 231.072 189.484 231.072 189.484 335.352 159.367 335.352
160.148 233.832 190.557 233.832 190.557 337.209 160.148 337.209
159.296 230.966 189.910 230.966 189.910 334.118 159.296 334.118
159.767 234.264 190.634 234.264 190.634 337.064 159.767 337.064
158.433 233.008 189.333 233.008 189.333 335.831 158.433 335.831
158.651 236.173 189.548 236.173 189.548 338.988 158.651 338.988
157.934 237.495 188.945 237.495 188.945 340.155 157.934 340.155
157.816 238.046 189.136 238.046 189.136 340.126 157.816 340.126
157.393 239.126 188.779 239.126 188.779 340.672 157.393 340.672
156.387 238.728 188.044 238.728 188.044 340.022 156.387 340.022
155.322 240.025 187.170 240.025 187.170 341.281 155.322 341.281
153.435 239.602 185.460 239.602 185.460 340.747 153.435 340.747
152.830 241.608 184.669 241.608 184.669 343.210 152.830 343.210
151.645 239.619 183.329 239.619 183.329 341.826 151.645 341.826
150.834 239.906 182.698 239.906 182.698 342.209 150.834 342.209
150.471 242.393 182.556 242.393 182.556 344.777 150.471 344.777
150.402 242.631 182.444 242.631 182.444 345.966 150.402 345.966
150.509 244.122 182.633 244.122 182.633 347.970 150.509 347.970
150.569 244.693 182.922 244.693 182.922 348.606 150.569 348.606
151.336 245.306 183.665 245.306 183.665 348.944 151.336 348.944
151.670 245.975 184.115 245.975 184.115 349.642 151.670 349.642
151.131 246.782 183.598 246.782 183.598 350.681 151.131 350.681
151.086 246.461 183.391 246.461 183.391 351.409 151.086 351.409
151.291 246.881 183.648 246.881 183.648 352.143 151.291 352.143
151.336 247.303 183.688 247.303 183.688 353.215 151.336 353.215
151.337 248.097 183.867 248.097 183.867 353.947 151.337 353.947
151.685 250.079 184.131 250.079 184.131 356.256 151.685 356.256
152.469 248.330 184.600 248.330 184.600 355.494 152.469 355.494
152.188 251.188 184.432 251.188 184.432 358.425 152.188 358.425
151.563 249.726 184.016 249.726 184.016 357.175 151.563 357.175
151.101 251.401 183.888 251.401 183.888 358.995 151.101 358.995
150.198 250.427 183.140 250.427 183.140 358.553 150.198 358.553
148.846 249.530 182.231 249.530 182.231 357.820 148.846 357.820
147.983 250.110 181.991 250.110 181.991 358.733 147.983 358.733
146.739 248.636 181.130 248.636 181.130 357.589 146.739 357.589
146.546 250.890 181.591 250.890 181.591 360.006 146.546 360.006
146.983 252.286 182.240 252.286 182.240 361.522 146.983 361.522
146.894 254.502 182.122 254.502 182.122 363.899 146.894 363.899
148.149 254.992 183.406 254.992 183.406 364.487 148.149 364.487
148.940 256.965 184.108 256.965 184.108 366.391 148.940 366.391
149.918 256.042 184.911 256.042 184.911 365.222 149.918 365.222
151.785 257.681 186.401 257.681 186.401 367.272 151.785 367.272
151.802 256.151 186.292 256.151 186.292 366.096 151.802 366.096
153.211 255.616 187.501 255.616 187.501 366.122 153.211 366.122
154.278 255.022 188.254 255.022 188.254 366.444 154.278 366.444
154.554 256.361 188.359 256.361 188.359 368.730 154.554 368.730
154.960 256.753 188.807 256.753 188.807 369.328 154.960 369.328
155.611 257.601 189.250 257.601 189.250 370.750 155.611 370.750
155.424 260.624 189.236 260.624 189.236 373.927 155.424 373.927
155.059 262.183 189.143 262.183 189.143 375.306 155.059 375.306
154.387 262.655 188.634 262.655 188.634 376.055 154.387 376.055
153.184 261.765 187.638 261.765 187.638 374.955 153.184 374.955
153.451 262.562 187.805 262.562 187.805 376.703 153.451 376.703
152.764 261.870 187.386 261.870 187.386 376.021 152.764 376.021
152.927 260.922 187.580 260.922 187.580 375.643 152.927 375.643
152.730 260.672 187.617 260.672 187.617 375.679 152.730 375.679
153.053 263.409 187.949 263.409 187.949 378.945 153.053 378.945
152.939 263.358 187.909 263.358 187.909 379.088 152.939 379.088
154.061 266.783 188.896 266.783 188.896 383.117 154.061 383.117
153.579 265.936 188.796 265.936 188.796 381.574 153.579 381.574
153.810 266.701 189.137 266.701 189.137 382.491 153.810 382.491
154.106 268.795 189.442 268.795 189.442 384.619 154.106 384.619
154.207 269.342 189.657 269.342 189.657 385.187 154.207 385.187
155.474 267.764 190.548 267.764 190.548 384.339 155.474 384.339
155.647 268.810 190.795 268.810 190.795 385.684 155.647 385.684
155.525 267.855 190.904 267.855 190.904 384.582 155.525 384.582
155.281 269.690 190.954 269.690 190.954 386.141 155.281 386.141
155.469 277.504 191.504 277.504 191.504 393.943 155.469 393.943
155.405 281.162 191.569 281.162 191.569 397.843 155.405 397.843
154.996 287.750 191.476 287.750 191.476 405.005 154.996 405.005
154.053 289.454 190.494 289.454 190.494 407.342 154.053 407.342
152.793 289.993 189.211 289.993 189.211 408.549 152.793 408.549
151.512 288.635 187.875 288.635 187.875 407.909 151.512 407.909
150.262 290.536 186.744 290.536 186.744 410.124 150.262 410.124
148.831 288.907 185.321 288.907 185.321 408.966 148.831 408.966
149.426 287.191 186.233 287.191 186.233 407.189 149.426 407.189
148.587 289.911 185.745 289.911 185.745 409.594 148.587 409.594
147.347 289.943 184.856 289.943 184.856 409.279 147.347 409.279
146.460 289.465 184.147 289.465 184.147 409.017 146.460 409.017
145.689 293.055 183.684 293.055 183.684 412.954 145.689 412.954
145.223 291.296 183.243 291.296 183.243 411.659 145.223 411.659
144.867 291.933 183.478 291.933 183.478 412.013 144.867 412.013
144.662 294.004 183.530 294.004 183.530 413.960 144.662 413.960
145.414 294.602 184.534 294.602 184.534 414.230 145.414 414.230
145.889 294.178 184.968 294.178 184.968 413.809 145.889 413.809
146.652 294.937 185.712 294.937 185.712 415.056 146.652 415.056
147.164 294.105 186.107 294.105 186.107 414.800 147.164 414.800
148.149 294.679 186.792 294.679 186.792 415.792 148.149 415.792
148.686 292.924 187.021 292.924 187.021 414.876 148.686 414.876
149.735 295.674 188.121 295.674 188.121 418.061 149.735 418.061
149.314 295.669 187.689 295.669 187.689 418.357 149.314 418.357
150.044 296.933 188.496 296.933 188.496 419.652 150.044 419.652
150.783 297.655 189.168 297.655 189.168 421.193 150.783 421.193
150.741 295.606 189.191 295.606 189.191 419.333 150.741 419.333
151.258 298.259 189.869 298.259 189.869 421.954 151.258 421.954
151.442 296.204 190.128 296.204 190.128 419.943 151.442 419.943
151.455 298.490 190.303 298.490 190.303 422.321 151.455 422.321
151.518 296.558 190.545 296.558 190.545 420.253 151.518 420.253
151.161 288.610 190.350 288.610 190.350 412.720 151.161 412.720
151.991 282.665 191.158 282.665 191.158 407.139 151.991 407.139
152.154 274.918 191.655 274.918 191.655 399.449 152.154 399.449
153.359 267.916 192.927 267.916 192.927 392.868 153.359 392.868
154.965 258.978 194.582 258.978 194.582 383.566 154.965 383.566
156.732 252.897 196.311 252.897 196.311 377.728 156.732 377.728
158.899 244.982 198.384 244.982 198.384 369.656 158.899 369.656
159.567 235.460 199.019 235.460 199.019 360.590 159.567 360.590
160.879 230.329 200.255 230.329 200.255 355.366 160.879 355.366
161.511 221.208 200.870 221.208 200.870 346.662 161.511 346.662
161.425 207.321 200.996 207.321 200.996 333.084 161.425 333.084
161.845 199.993 201.339 199.993 201.339 326.073 161.845 326.073
162.479 195.092 202.035 195.092 202.035 320.841 162.479 320.841
161.777 186.110 201.366 186.110 201.366 312.374 161.777 312.374
160.891 178.190 200.645 178.190 200.645 304.590 160.891 304.590
159.863 173.654 199.661 173.654 199.661 300.563 159.863 300.563
159.935 168.691 199.724 168.691 199.724 296.129 159.935 296.129
158.699 159.715 198.453 159.715 198.453 287.786 158.699 287.786
158.033 150.303 197.672 150.303 197.672 278.843 158.033 278.843
158.092 147.233 197.743 147.233 197.743 276.212 158.092 276.212
157.524 141.776 197.307 141.776 197.307 270.666 157.524 270.666
156.718 133.732 196.704 133.732 196.704 262.482 156.718 262.482
156.669 125.403 196.580 125.403 196.580 254.284 156.669 254.284
156.952 119.527 197.039 119.527 197.039 248.407 156.952 248.407
157.629 113.299 197.745 113.299 197.745 242.431 157.629 242.431
158.010 102.540 198.181 102.540 198.181 231.689 158.010 231.689
158.295 95.798 198.687 95.798 198.687 224.640 158.295 224.640
158.738 90.042 199.091 90.042 199.091 218.731 158.738 218.731
159.256 85.833 199.578 85.833 199.578 214.788 159.256 214.788
160.223 88.356 200.651 88.356 200.651 217.003 160.223 217.003
159.599 85.995 200.016 85.995 200.016 214.152 159.599 214.152
160.091 88.891 200.652 88.891 200.652 216.715 160.091 216.715
160.425 88.619 200.686 88.619 200.686 216.593 160.425 216.593
159.744 88.765 199.939 88.765 199.939 216.521 159.744 216.521
160.006 87.837 199.926 87.837 199.926 215.643 160.006 215.643
160.719 88.824 200.601 88.824 200.601 216.120 160.719 216.120
161.128 89.016 200.953 89.016 200.953 216.265 161.128 216.265
161.053 89.117 200.795 89.117 200.795 216.260 161.053 216.260
160.923 89.951 200.649 89.951 200.649 216.891 160.923 216.891
161.118 90.879 200.780 90.879 200.780 217.540 161.118 217.540
160.062 91.158 199.707 91.158 199.707 217.755 160.062 217.755
160.292 90.938 199.897 90.938 199.897 217.356 160.292 217.356
160.093 92.076 199.690 92.076 199.690 218.269 160.093 218.269
159.405 93.063 198.898 93.063 198.898 219.174 159.405 219.174
158.089 92.820 197.830 92.820 197.830 218.262 158.089 218.262
156.758 95.010 196.613 95.010 196.613 220.165 156.758 220.165
154.465 94.123 194.547 94.123 194.547 218.799 154.465 218.799
153.497 95.741 193.556 95.741 193.556 220.116 153.497 220.116
150.912 95.363 191.195 95.363 191.195 219.364 150.912 219.364
149.000 96.240 189.340 96.240 189.340 220.148 149.000 220.148
146.506 95.841 186.837 95.841 186.837 219.518 146.506 219.518
144.477 97.369 185.169 97.369 185.169 220.499 144.477 220.499
142.623 97.845 183.463 97.845 183.463 220.740 142.623 220.740
141.043 100.166 182.123 100.166 182.123 222.840 141.043 222.840
138.854 98.347 180.123 98.347 180.123 221.182 138.854 221.182
137.634 102.946 179.221 102.946 179.221 225.520 137.634 225.520
135.298 100.247 177.315 100.247 177.315 222.139 135.298 222.139
135.097 101.749 176.448 101.749 176.448 224.297 135.097 224.297
135.157 103.136 175.982 103.136 175.982 224.866 135.157 224.866
134.911 104.497 175.387 104.497 175.387 224.922 134.911 224.922
134.526 104.047 175.086 104.047 175.086 222.264 134.526 222.264
136.068 104.084 176.589 104.084 176.589 219.416 136.068 219.416
136.083 105.663 176.594 105.663 176.594 218.932 136.083 218.932
136.035 104.317 176.191 104.317 176.191 216.255 136.035 216.255
136.603 103.302 176.251 103.302 176.251 214.408 136.603 214.408
137.324 105.123 176.441 105.123 176.441 215.313 137.324 215.313
137.756 107.204 176.221 107.204 176.221 217.224 137.756 217.224
138.099 107.106 175.891 107.106 175.891 216.876 138.099 216.876
138.054 108.365 175.244 108.365 175.244 218.182 138.054 218.182
138.666 111.730 175.917 111.730 175.917 221.137 138.666 221.137
138.675 112.376 175.992 112.376 175.992 221.736 138.675 221.736
138.030 112.576 175.228 112.576 175.228 222.434 138.030 222.434
137.672 112.832 174.817 112.832 174.817 222.776 137.672 222.776
137.655 112.835 174.810 112.835 174.810 222.654 137.655 222.654
137.435 113.310 174.416 113.310 174.416 223.279 137.435 223.279
137.375 113.563 174.491 113.563 174.491 223.223 137.375 223.223
137.195 113.267 174.198 113.267 174.198 222.870 137.195 222.870
137.117 113.768 174.239 113.768 174.239 222.992 137.117 222.992
137.515 114.244 173.687 114.244 173.687 224.666 137.515 224.666
137.497 114.029 173.004 114.029 173.004 225.779 137.497 225.779
137.871 113.989 172.800 113.989 172.800 226.672 137.871 226.672
137.730 114.410 172.273 114.410 172.273 227.655 137.730 227.655
137.735 114.628 171.961 114.628 171.961 228.307 137.735 228.307
137.539 117.299 171.167 117.299 171.167 233.147 137.539 233.147
137.729 114.073 171.297 114.073 171.297 230.306 137.729 230.306
138.658 114.480 172.095 114.480 172.095 231.112 138.658 231.112
139.279 114.177 172.570 114.177 172.570 231.424 139.279 231.424
139.883 113.842 173.060 113.842 173.060 231.601 139.883 231.601
140.707 115.445 173.516 115.445 173.516 235.412 140.707 235.412
141.573 112.558 174.493 112.558 174.493 233.025 141.573 233.025
141.886 115.606 175.055 115.606 175.055 235.921 141.886 235.921
142.053 116.996 175.363 116.996 175.363 236.962 142.053 236.962
141.502 118.494 174.935 118.494 174.935 238.202 141.502 238.202
141.180 118.209 174.708 118.209 174.708 237.846 141.180 237.846
141.018 119.864 174.609 119.864 174.609 239.352 141.018 239.352
141.905 127.285 175.112 127.285 175.112 247.849 141.905 247.849
142.603 136.685 175.654 136.685 175.654 259.161 142.603 259.161
144.133 137.413 177.809 137.413 177.809 261.354 144.133 261.354
144.840 136.731 179.132 136.731 179.132 261.993 144.840 261.993
145.335 136.590 180.283 136.590 180.283 262.947 145.335 262.947
144.619 136.241 180.190 136.241 180.190 263.667 144.619 263.667
144.751 137.624 180.941 137.624 180.941 266.028 144.751 266.028
145.046 138.361 181.849 138.361 181.849 267.498 145.046 267.498
146.397 137.903 182.474 137.903 182.474 269.903 146.397 269.903
146.347 138.735 182.127 138.735 182.127 273.095 146.347 273.095
147.343 138.755 183.099 138.755 183.099 274.691 147.343 274.691
148.736 139.071 184.633 139.071 184.633 276.495 148.736 276.495
150.892 140.134 187.007 140.134 187.007 278.952 150.892 278.952
151.619 140.416 188.075 140.416 188.075 280.152 151.619 280.152
153.653 138.671 190.401 138.671 190.401 279.261 153.653 279.261
155.934 140.862 193.013 140.862 193.013 282.073 155.934 282.073
156.953 139.134 194.109 139.134 194.109 281.973 156.953 281.973
158.798 141.794 196.351 141.794 196.351 285.585 158.798 285.585
159.543 142.688 197.279 142.688 197.279 287.750 159.543 287.750
159.997 143.710 198.241 143.710 198.241 289.157 159.997 289.157
160.423 145.449 198.930 145.449 198.930 291.532 160.423 291.532
161.919 146.871 200.741 146.871 200.741 293.487 161.919 293.487
163.514 148.758 202.333 148.758 202.333 295.958 163.514 295.958
164.612 148.996 203.354 148.996 203.354 297.235 164.612 297.235
165.240 147.767 203.976 147.767 203.976 296.854 165.240 296.854
166.132 148.521 204.938 148.521 204.938 298.514 166.132 298.514
166.596 148.287 205.388 148.287 205.388 299.368 166.596 299.368
167.805 149.623 206.676 149.623 206.676 301.499 167.805 301.499
168.015 149.062 207.207 149.062 207.207 301.525 168.015 301.525
170.416 152.431 209.646 152.431 209.646 306.250 170.416 306.250
173.011 153.800 212.152 153.800 212.152 308.404 173.011 308.404
175.051 152.491 213.841 152.491 213.841 308.383 175.051 308.383
177.041 154.109 215.720 154.109 215.720 311.268 177.041 311.268
177.540 153.128 216.378 153.128 216.378 310.404 177.540 310.404
180.108 156.597 219.061 156.597 219.061 314.448 180.108 314.448
181.775 153.091 220.931 153.091 220.931 310.971 181.775 310.971
182.852 154.658 222.081 154.658 222.081 312.865 182.852 312.865
183.659 153.629 223.012 153.629 223.012 312.099 183.659 312.099
184.507 154.383 223.765 154.383 223.765 313.223 184.507 313.223
185.510 158.047 224.833 158.047 224.833 317.273 185.510 317.273
186.156 158.928 225.521 158.928 225.521 318.256 186.156 318.256
186.194 160.677 225.888 160.677 225.888 320.184 186.194 320.184
186.249 162.424 226.160 162.424 226.160 322.405 186.249 322.405
187.130 164.319 227.253 164.319 227.253 324.643 187.130 324.643
188.572 166.567 228.884 166.567 228.884 327.343 188.572 327.343
188.669 164.064 228.888 164.064 228.888 326.670 188.669 326.670
188.539 165.169 228.724 165.169 228.724 329.298 188.539 329.298
188.831 164.040 229.153 164.040 229.153 329.191 188.831 329.191
189.167 166.656 229.983 166.656 229.983 331.973 189.167 331.973
189.601 166.860 230.753 166.860 230.753 332.202 189.601 332.202
190.003 170.156 231.571 170.156 231.571 335.587 190.003 335.587
190.926 170.385 232.666 170.385 232.666 335.953 190.926 335.953
192.367 173.850 234.179 173.850 234.179 340.237 192.367 340.237
193.495 173.977 235.464 173.977 235.464 340.579 193.495 340.579
195.476 175.791 237.262 175.791 237.262 343.298 195.476 343.298
197.192 177.102 239.093 177.102 239.093 343.911 197.192 343.911
198.049 179.126 240.232 179.126 240.232 345.097 198.049 345.097
199.503 179.110 241.637 179.110 241.637 344.752 199.503 344.752
200.578 179.946 242.673 179.946 242.673 345.433 200.578 345.433
201.416 180.631 243.464 180.631 243.464 346.099 201.416 346.099
201.544 179.394 243.538 179.394 243.538 345.074 201.544 345.074
202.050 181.397 244.119 181.397 244.119 346.743 202.050 346.743
203.797 183.758 245.856 183.758 245.856 349.618 203.797 349.618
204.332 186.067 246.128 186.067 246.128 353.822 204.332 353.822
204.937 186.118 246.635 186.118 246.635 355.375 204.937 355.375
204.976 188.915 246.970 188.915 246.970 359.187 204.976 359.187
206.151 190.154 248.318 190.154 248.318 361.258 206.151 361.258
206.212 190.407 248.634 190.407 248.634 362.089 206.212 362.089
206.431 191.007 248.923 191.007 248.923 363.977 206.431 363.977
206.694 193.048 249.676 193.048 249.676 365.647 206.694 365.647
206.322 192.620 249.706 192.620 249.706 365.185 206.322 365.185
207.554 193.226 250.909 193.226 250.909 366.408 207.554 366.408
208.727 194.424 252.371 194.424 252.371 367.399 208.727 367.399
210.193 197.401 254.091 197.401 254.091 370.411 210.193 370.411
212.018 199.613 256.280 199.613 256.280 372.784 212.018 372.784
212.488 199.697 256.976 199.697 256.976 374.007 212.488 374.007
216.023 204.299 260.668 204.299 260.668 378.795 216.023 378.795
217.257 203.772 262.324 203.772 262.324 377.803 217.257 377.803
221.018 204.298 266.026 204.298 266.026 378.721 221.018 378.721
222.013 205.937 267.267 205.937 267.267 379.659 222.013 379.659
222.842 206.186 268.498 206.186 268.498 379.098 222.842 379.098
223.461 206.070 269.219 206.070 269.219 378.537 223.461 378.537
225.789 207.113 271.595 207.113 271.595 379.856 225.789 379.856
227.405 210.209 273.267 210.209 273.267 383.236 227.405 383.236
228.336 210.736 274.316 210.736 274.316 384.507 228.336 384.507
229.711 212.541 275.746 212.541 275.746 387.267 229.711 387.267
231.072 215.973 277.324 215.973 277.324 391.530 231.072 391.530
232.889 216.765 279.492 216.765 279.492 392.671 232.889 392.671
234.039 216.209 280.771 216.209 280.771 392.903 234.039 392.903
234.981 216.538 281.545 216.538 281.545 394.878 234.981 394.878
235.892 218.814 282.608 218.814 282.608 397.658 235.892 397.658
237.848 219.190 284.190 219.190 284.190 399.355 237.848 399.355
238.610 217.882 284.987 217.882 284.987 398.114 238.610 398.114
240.515 218.566 286.874 218.566 286.874 398.919 240.515 398.919
242.333 222.639 289.266 222.639 289.266 401.796 242.333 401.796
244.108 223.493 291.263 223.493 291.263 401.926 244.108 401.926
245.611 225.587 293.105 225.587 293.105 403.699 245.611 403.699
248.786 227.454 296.349 227.454 296.349 405.435 248.786 405.435
251.269 231.061 298.747 231.061 298.747 409.697 251.269 409.697
252.781 228.009 300.194 228.009 300.194 407.525 252.781 407.525
251.155 228.482 299.464 228.482 299.464 405.996 251.155 405.996
247.194 232.272 296.530 232.272 296.530 407.569 247.194 407.569
232.649 233.089 282.412 233.089 282.412 407.630 232.649 407.630
227.298 232.901 277.324 232.901 277.324 407.166 227.298 407.166
213.083 235.740 263.379 235.740 263.379 409.678 213.083 409.678
208.010 233.673 258.460 233.673 258.460 408.291 208.010 408.291
202.908 240.340 253.906 240.340 253.906 413.694 202.908 413.694
187.823 241.595 238.802 241.595 238.802 415.675 187.823 415.675
173.296 246.918 224.835 246.918 224.835 420.008 173.296 420.008
168.409 246.931 220.473 246.931 220.473 418.983 168.409 418.983
164.080 249.354 215.734 249.354 215.734 422.217 164.080 422.217
161.562 251.424 212.444 251.424 212.444 425.689 161.562 425.689
159.400 248.974 209.892 248.974 209.892 424.739 159.400 424.739
159.806 249.622 209.917 249.622 209.917 426.057 159.806 426.057
161.130 250.186 210.973 250.186 210.973 426.966 161.130 426.966
162.447 252.043 212.297 252.043 212.297 427.953 162.447 427.953
163.832 253.209 213.458 253.209 213.458 428.838 163.832 428.838
166.282 256.214 215.782 256.214 215.782 431.266 166.282 431.266
168.646 258.521 218.390 258.521 218.390 432.788 168.646 432.788
171.510 260.940 221.227 260.940 221.227 434.613 171.510 434.613
173.056 262.685 223.386 262.685 223.386 434.738 173.056 434.738
175.333 264.133 225.608 264.133 225.608 435.387 175.333 435.387
177.437 265.447 227.821 265.447 227.821 436.021 177.437 436.021
179.575 265.974 230.014 265.974 230.014 436.052 179.575 436.052
181.571 262.355 231.903 262.355 231.903 433.005 181.571 433.005
183.781 256.124 234.083 256.124 234.083 427.035 183.781 427.035
186.314 249.318 236.505 249.318 236.505 420.879 186.314 420.879
188.497 246.934 238.672 246.934 238.672 418.927 188.497 418.927
191.001 244.214 241.006 244.214 241.006 416.970 191.001 416.970
192.707 238.299 242.877 238.299 242.877 411.352 192.707 411.352
195.005 234.392 245.115 234.392 245.115 407.633 195.005 407.633
197.527 229.407 247.281 229.407 247.281 403.964 197.527 403.964
200.583 224.569 249.969 224.569 249.969 400.281 200.583 400.281
202.899 214.506 252.494 214.506 252.494 390.946 202.899 390.946
205.407 209.599 254.882 209.599 254.882 387.700 205.407 387.700
206.571 196.863 256.230 196.863 256.230 376.992 206.571 376.992
210.411 195.275 260.254 195.275 260.254 376.005 210.411 376.005
211.364 186.624 261.666 186.624 261.666 368.264 211.364 368.264
213.771 184.263 264.568 184.263 264.568 366.060 213.771 366.060
215.504 179.277 266.581 179.277 266.581 361.713 215.504 361.713
218.281 176.903 269.554 176.903 269.554 360.519 218.281 360.519
220.754 171.241 272.463 171.241 272.463 355.767 220.754 355.767
224.969 162.437 276.667 162.437 276.667 348.564 224.969 348.564
229.616 157.480 281.066 157.480 281.066 345.165 229.616 345.165
232.524 148.883 284.138 148.883 284.138 337.668 232.524 337.668
235.918 141.476 287.258 141.476 287.258 333.095 235.918 333.095
239.548 138.637 291.109 138.637 291.109 331.531 239.548 331.531
241.120 131.190 292.480 131.190 292.480 327.517 241.120 327.517
244.755 128.344 296.256 128.344 296.256 326.482 244.755 326.482
247.089 132.041 299.196 132.041 299.196 330.970 247.089 330.970
249.387 134.131 301.871 134.131 301.871 334.169 249.387 334.169
252.707 139.308 305.771 139.308 305.771 339.086 252.707 339.086
255.393 144.922 308.799 144.922 308.799 344.948 255.393 344.948
256.480 147.225 310.510 147.225 310.510 347.930 256.480 347.930
259.050 149.248 313.059 149.248 313.059 352.054 259.050 352.054
262.785 149.434 316.596 149.434 316.596 353.834 262.785 353.834
265.680 150.545 319.899 150.545 319.899 355.107 265.680 355.107
267.216 149.534 321.517 149.534 321.517 354.558 267.216 354.558
270.939 150.843 325.753 150.843 325.753 355.116 270.939 355.116
273.659 153.304 328.706 153.304 328.706 357.310 273.659 357.310
276.832 154.781 332.407 154.781 332.407 357.661 276.832 357.661
281.337 158.711 337.157 158.711 337.157 361.003 281.337 361.003
