165.000 165.000 193.000 165.000 193.000 251.000 165.000 251.000
165.603 160.563 193.899 160.563 193.899 246.090 165.603 246.090
167.407 163.712 195.834 163.712 195.834 249.111 167.407 249.111
169.155 162.433 197.678 162.433 197.678 247.809 169.155 247.809
170.945 163.096 199.805 163.096 199.805 248.067 170.945 248.067
173.197 163.647 202.239 163.647 202.239 248.715 173.197 248.715
175.137 163.285 204.270 163.285 204.270 248.376 175.137 248.376
176.681 162.708 205.715 162.708 205.715 247.840 176.681 247.840
178.496 163.430 207.650 163.430 207.650 248.557 178.496 248.557
179.251 163.069 208.296 163.069 208.296 247.830 179.251 247.830
180.198 163.899 209.253 163.899 209.253 248.290 180.198 248.290
182.196 162.529 211.096 162.529 211.096 246.513 182.196 246.513
182.621 164.094 211.709 164.094 211.709 247.512 182.621 247.512
182.682 163.426 211.687 163.426 211.687 246.909 182.682 246.909
183.040 163.023 212.076 163.023 212.076 246.389 183.040 246.389
183.866 163.538 212.905 163.538 212.905 246.621 183.866 246.621
185.307 162.498 214.323 162.498 214.323 245.166 185.307 245.166
185.536 163.364 214.611 163.364 214.611 245.775 185.536 245.775
185.163 163.816 214.218 163.816 214.218 246.257 185.163 246.257
186.092 161.637 215.159 161.637 215.159 244.097 186.092 244.097
186.358 163.787 215.423 163.787 215.423 246.159 186.358 246.159
187.038 162.739 215.994 162.739 215.994 245.025 187.038 245.025
187.217 164.000 216.196 164.000 216.196 246.148 187.217 246.148
186.990 163.661 215.943 163.661 215.943 245.909 186.990 245.909
187.510 162.882 216.374 162.882 216.374 245.164 187.510 245.164
187.179 163.475 216.145 163.475 216.145 245.608 187.179 245.608
187.106 163.587 216.149 163.587 216.149 245.909 187.106 245.909
187.465 163.202 216.508 163.202 216.508 245.444 187.465 245.444
187.241 162.861 216.245 162.861 216.245 245.241 187.241 245.241
187.600 163.164 216.615 163.164 216.615 245.223 187.600 245.223
187.208 163.726 216.247 163.726 216.247 245.777 187.208 245.777
186.557 162.838 215.653 162.838 215.653 244.785 186.557 244.785
186.587 163.065 215.623 163.065 215.623 245.123 186.587 245.123
186.606 163.632 215.781 163.632 215.781 245.707 186.606 245.707
186.682 163.812 215.933 163.812 215.933 245.923 186.682 245.923
185.973 164.878 215.359 164.878 215.359 246.694 185.973 246.694
186.073 164.137 215.431 164.137 215.431 245.892 186.073 245.892
185.753 165.043 215.088 165.043 215.088 246.719 185.753 246.719
185.620 163.282 214.992 163.282 214.992 245.061 185.620 245.061
185.357 163.802 214.820 163.802 214.820 245.568 185.357 245.568
185.433 164.187 214.806 164.187 214.806 246.075 185.433 246.075
185.329 163.221 214.652 163.221 214.652 245.068 185.329 245.068
184.846 163.600 214.195 163.600 214.195 245.462 184.846 245.462
184.872 163.310 214.162 163.310 214.162 245.337 184.872 245.337
184.667 162.980 213.881 162.980 213.881 245.074 184.667 245.074
184.390 164.799 213.540 164.799 213.540 247.043 184.390 247.043
184.465 165.910 213.551 165.910 213.551 248.188 184.465 248.188
184.957 165.155 214.074 165.155 214.074 247.180 184.957 247.180
184.608 164.901 213.668 164.901 213.668 246.787 184.608 246.787
184.052 165.421 213.197 165.421 213.197 246.815 184.052 246.815
183.812 165.801 212.875 165.801 212.875 247.002 183.812 247.002
183.179 165.901 212.237 165.901 212.237 247.031 183.179 247.031
183.037 165.869 212.037 165.869 212.037 247.141 183.037 247.141
182.159 163.955 211.246 163.955 211.246 245.241 182.159 245.241
181.803 166.477 210.906 166.477 210.906 247.739 181.803 247.739
180.433 163.217 209.461 163.217 209.461 244.789 180.433 244.789
179.912 165.665 209.035 165.665 209.035 247.483 179.912 247.483
179.496 164.029 208.492 164.029 208.492 246.122 179.496 246.122
177.939 164.901 206.985 164.901 206.985 247.186 177.939 247.186
176.186 164.203 205.093 164.203 205.093 246.753 176.186 246.753
175.673 163.423 204.699 163.423 204.699 246.154 175.673 246.154
175.157 163.004 204.108 163.004 204.108 246.285 175.157 246.285
173.539 163.498 202.420 163.498 202.420 247.229 173.539 247.229
173.238 162.121 202.137 162.121 202.137 246.212 173.238 246.212
172.130 163.523 201.135 163.523 201.135 247.907 172.130 247.907
172.395 162.345 201.508 162.345 201.508 247.080 172.395 247.080
171.777 161.213 200.967 161.213 200.967 246.495 171.777 246.495
171.073 161.946 200.400 161.946 200.400 247.756 171.073 247.756
170.645 159.789 200.055 159.789 200.055 245.928 170.645 245.928
169.858 161.995 199.299 161.995 199.299 248.374 169.858 248.374
170.403 160.247 199.903 160.247 199.903 246.607 170.403 246.607
170.026 161.695 199.501 161.695 199.501 247.815 170.026 247.815
170.539 160.826 199.975 160.826 199.975 247.069 170.539 247.069
169.599 160.285 199.005 160.285 199.005 246.701 169.599 246.701
169.163 160.731 198.449 160.731 198.449 247.022 169.163 247.022
169.083 159.864 198.277 159.864 198.277 246.271 169.083 246.271
168.662 158.837 197.764 158.837 197.764 245.346 168.662 245.346
167.797 159.450 196.852 159.450 196.852 246.029 167.797 246.029
167.858 160.311 196.869 160.311 196.869 247.008 167.858 247.008
167.239 158.082 196.300 158.082 196.300 244.811 167.239 244.811
167.192 159.998 196.172 159.998 196.172 246.947 167.192 246.947
166.919 157.747 195.911 157.747 195.911 244.654 166.919 244.654
165.874 159.542 194.927 159.542 194.927 246.492 165.874 246.492
165.765 157.834 194.804 157.834 194.804 244.999 165.765 244.999
165.386 159.598 194.484 159.598 194.484 246.879 165.386 246.879
165.295 157.981 194.303 157.981 194.303 245.309 165.295 245.309
164.824 159.195 193.884 159.195 193.884 246.328 164.824 246.328
165.454 157.140 194.493 157.140 194.493 244.481 165.454 244.481
164.853 159.447 193.936 159.447 193.936 246.748 164.853 246.748
164.406 157.143 193.450 157.143 193.450 244.164 164.406 244.164
164.725 158.881 193.798 158.881 193.798 245.996 164.725 245.996
165.180 158.639 194.226 158.639 194.226 245.782 165.180 245.782
164.382 158.926 193.530 158.926 193.530 245.500 164.382 245.500
164.787 159.145 193.844 159.145 193.844 245.878 164.787 245.878
164.500 158.234 193.468 158.234 193.468 244.860 164.500 244.860
164.638 158.861 193.577 158.861 193.577 245.442 164.638 245.442
165.195 158.434 194.066 158.434 194.066 245.520 165.195 245.520
164.375 158.571 193.355 158.571 193.355 245.739 164.375 245.739
164.842 158.892 193.894 158.892 193.894 246.265 164.842 246.265
164.511 157.591 193.639 157.591 193.639 244.771 164.511 244.771
164.731 160.309 193.821 160.309 193.821 247.552 164.731 247.552
165.310 156.467 194.388 156.467 194.388 243.811 165.310 243.811
164.425 159.743 193.573 159.743 193.573 247.016 164.425 247.016
165.484 157.417 194.583 157.417 194.583 244.976 165.484 244.976
164.381 158.528 193.570 158.528 193.570 245.719 164.381 245.719
165.045 158.966 194.233 158.966 194.233 246.277 165.045 246.277
165.120 158.694 194.297 158.694 194.297 245.937 165.120 245.937
165.266 157.805 194.434 157.805 194.434 244.838 165.266 244.838
164.711 160.488 193.924 160.488 193.924 247.601 164.711 247.601
165.235 156.352 194.338 156.352 194.338 243.593 165.235 243.593
165.178 159.539 194.270 159.539 194.270 246.918 165.178 246.918
165.506 156.742 194.644 156.742 194.644 244.141 165.506 244.141
165.043 160.559 194.355 160.559 194.355 247.557 165.043 247.557
165.518 156.277 194.717 156.277 194.717 243.470 165.518 243.470
165.305 158.990 194.477 158.990 194.477 246.107 165.305 246.107
165.238 157.869 194.448 157.869 194.448 245.166 165.238 245.166
165.684 159.087 194.876 159.087 194.876 246.473 165.684 246.473
165.352 158.390 194.523 158.390 194.523 245.827 165.352 245.827
165.912 157.918 195.039 157.918 195.039 245.486 165.912 245.486
165.431 158.724 194.550 158.724 194.550 246.129 165.431 246.129
165.267 157.982 194.367 157.982 194.367 245.428 165.267 245.428
165.698 158.482 194.832 158.482 194.832 245.897 165.698 245.897
165.034 157.771 194.155 157.771 194.155 244.932 165.034 244.932
165.387 159.713 194.463 159.713 194.463 246.795 165.387 246.795
165.349 158.295 194.403 158.295 194.403 245.537 165.349 245.537
165.275 158.468 194.366 158.468 194.366 245.473 165.275 245.473
165.200 158.304 194.246 158.304 194.246 245.650 165.200 245.650
165.720 158.318 194.731 158.318 194.731 245.642 165.720 245.642
165.960 158.969 194.949 158.969 194.949 246.060 165.960 246.060
165.478 158.945 194.465 158.945 194.465 246.045 165.478 246.045
165.591 158.686 194.542 158.686 194.542 245.645 165.591 245.645
165.793 158.975 194.774 158.975 194.774 245.777 165.793 245.777
165.456 159.326 194.431 159.326 194.431 245.837 165.456 245.837
165.568 158.047 194.531 158.047 194.531 244.421 165.568 244.421
165.271 160.068 194.215 160.068 194.215 246.512 165.271 246.512
165.287 157.605 194.158 157.605 194.158 243.983 165.287 243.983
164.957 159.703 193.845 159.703 193.845 246.043 164.957 246.043
166.375 158.629 195.191 158.629 195.191 245.079 166.375 245.079
165.030 159.704 193.849 159.704 193.849 246.123 165.030 246.123
165.919 158.073 194.583 158.073 194.583 244.661 165.919 244.661
165.566 160.397 194.235 160.397 194.235 246.955 165.566 246.955
165.434 157.402 194.192 157.402 194.192 243.995 165.434 243.995
165.236 160.110 193.951 160.110 193.951 246.718 165.236 246.718
165.613 157.460 194.306 157.460 194.306 244.094 165.613 244.094
164.990 159.259 193.706 159.259 193.706 245.934 164.990 245.934
165.993 158.354 194.749 158.354 194.749 245.512 165.993 245.512
164.959 158.361 193.865 158.361 193.865 245.300 164.959 245.300
165.117 159.893 193.969 159.893 193.969 246.943 165.117 246.943
165.527 157.228 194.383 157.228 194.383 244.237 165.527 244.237
164.994 160.068 193.862 160.068 193.862 246.927 164.994 246.927
165.430 157.406 194.216 157.406 194.216 244.436 165.430 244.436
165.751 159.828 194.536 159.828 194.536 246.992 165.751 246.992
165.544 156.615 194.268 156.615 194.268 243.726 165.544 243.726
165.256 159.014 194.032 159.014 194.032 245.903 165.256 245.903
165.674 158.078 194.476 158.078 194.476 245.174 165.674 245.174
165.665 159.461 194.558 159.461 194.558 246.361 165.665 246.361
165.211 156.935 194.204 156.935 194.204 243.650 165.211 243.650
165.362 160.334 194.296 160.334 194.296 247.148 165.362 247.148
165.759 158.057 194.652 158.057 194.652 245.040 165.759 245.040
165.111 159.715 194.072 159.715 194.072 246.540 165.111 246.540
165.853 156.791 194.834 156.791 194.834 243.620 165.853 243.620
165.404 159.867 194.370 159.867 194.370 246.786 165.404 246.786
165.363 156.870 194.249 156.870 194.249 243.561 165.363 243.561
165.914 159.795 194.813 159.795 194.813 246.543 165.914 246.543
165.592 156.573 194.511 156.573 194.511 243.484 165.592 243.484
165.640 159.738 194.560 159.738 194.560 246.610 165.640 246.610
165.805 156.903 194.693 156.903 194.693 243.878 165.805 243.878
165.104 160.059 193.981 160.059 193.981 247.031 165.104 247.031
165.953 157.864 194.825 157.864 194.825 244.896 165.953 244.896
165.312 159.053 194.166 159.053 194.166 246.189 165.312 246.189
165.301 158.541 194.238 158.541 194.238 245.365 165.301 245.365
165.521 159.158 194.463 159.158 194.463 246.152 165.521 246.152
165.732 158.676 194.703 158.676 194.703 245.485 165.732 245.485
165.155 158.725 194.128 158.725 194.128 245.407 165.155 245.407
165.709 158.642 194.727 158.642 194.727 245.340 165.709 245.340
165.158 158.239 194.209 158.239 194.209 244.919 165.158 244.919
165.734 159.593 194.776 159.593 194.776 246.283 165.734 246.283
165.126 157.918 194.144 157.918 194.144 244.552 165.126 244.552
165.513 158.375 194.449 158.375 194.449 245.175 165.513 245.175
165.411 160.199 194.365 160.199 194.365 247.139 165.411 247.139
165.760 157.969 194.725 157.969 194.725 245.037 165.760 245.037
165.865 158.848 194.818 158.848 194.818 246.025 165.865 246.025
165.692 159.883 194.608 159.883 194.608 247.088 165.692 247.088
165.808 157.635 194.757 157.635 194.757 244.409 165.808 244.409
164.736 160.306 193.753 160.306 193.753 246.937 164.736 246.937
165.661 157.507 194.633 157.507 194.633 244.230 165.661 244.230
164.834 160.853 193.731 160.853 193.731 247.595 164.834 247.595
165.814 157.319 194.685 157.319 194.685 244.150 165.814 244.150
165.141 159.765 194.037 159.765 194.037 246.540 165.141 246.540
166.079 157.258 195.024 157.258 195.024 244.095 166.079 244.095
165.318 159.637 194.421 159.637 194.421 246.270 165.318 246.270
166.157 158.179 195.045 158.179 195.045 245.144 166.157 245.144
165.534 160.008 194.631 160.008 194.631 246.620 165.534 246.620
165.106 157.306 194.138 157.306 194.138 243.834 165.106 243.834
165.770 159.883 194.746 159.883 194.746 246.512 165.770 246.512
165.494 156.939 194.419 156.939 194.419 243.375 165.494 243.375
165.411 161.038 194.304 161.038 194.304 247.456 165.411 247.456
166.006 157.588 194.933 157.588 194.933 243.925 166.006 243.925
165.504 159.642 194.341 159.642 194.341 246.101 165.504 246.101
165.678 158.838 194.411 158.838 194.411 245.876 165.678 245.876
165.145 158.575 193.971 158.575 193.971 245.416 165.145 245.416
165.737 160.319 194.558 160.319 194.558 247.154 165.737 247.154
165.683 158.191 194.546 158.191 194.546 244.993 165.683 244.993
165.298 160.012 194.122 160.012 194.122 247.082 165.298 247.082
166.820 157.257 195.608 157.257 195.608 244.515 166.820 244.515
165.993 159.844 194.815 159.844 194.815 247.189 165.993 247.189
166.327 157.406 195.085 157.406 195.085 244.508 166.327 244.508
166.073 159.915 194.881 159.915 194.881 247.021 166.073 247.021
165.646 157.678 194.477 157.678 194.477 244.453 165.646 244.453
165.439 159.454 194.305 159.454 194.305 246.251 165.439 246.251
166.226 159.331 195.058 159.331 195.058 246.237 166.226 246.237
166.146 158.870 194.980 158.870 194.980 245.802 166.146 245.802
166.113 158.768 195.007 158.768 195.007 245.473 166.113 245.473
166.438 158.845 195.396 158.845 195.396 245.677 166.438 245.677
166.361 158.165 195.287 158.165 195.287 244.804 166.361 244.804
166.881 159.401 195.760 159.401 195.760 246.138 166.881 246.138
166.184 159.650 195.077 159.650 195.077 246.197 166.184 246.197
166.903 159.021 195.790 159.021 195.790 245.194 166.903 245.194
167.504 159.971 196.354 159.971 196.354 246.598 167.504 246.598
167.170 158.537 196.029 158.537 196.029 245.396 167.170 245.396
167.203 160.877 196.097 160.877 196.097 248.066 167.203 248.066
166.634 156.938 195.436 156.938 195.436 243.832 166.634 243.832
166.781 160.410 195.576 160.410 195.576 247.389 166.781 247.389
166.992 158.294 195.869 158.294 195.869 244.861 166.992 244.861
167.635 159.692 196.552 159.692 196.552 246.395 167.635 246.395
167.632 158.756 196.468 158.756 196.468 245.320 167.632 245.320
168.321 160.186 197.211 160.186 197.211 246.719 168.321 246.719
168.760 158.697 197.631 158.697 197.631 245.393 168.760 245.393
168.681 160.158 197.515 160.158 197.515 246.966 168.681 246.966
168.555 158.813 197.320 158.813 197.320 245.628 168.555 245.628
168.559 158.723 197.356 158.723 197.356 245.900 168.559 245.900
168.953 159.639 197.752 159.639 197.752 246.580 168.953 246.580
168.368 158.120 197.154 158.120 197.154 245.094 168.368 245.094
168.771 160.882 197.555 160.882 197.555 247.843 168.771 247.843
168.157 157.001 196.959 157.001 196.959 243.916 168.157 243.916
168.220 160.606 197.121 160.606 197.121 247.295 168.220 247.295
168.654 157.981 197.525 157.981 197.525 244.912 168.654 244.912
168.159 160.279 197.028 160.279 197.028 247.329 168.159 247.329
167.782 157.856 196.628 157.856 196.628 244.896 167.782 244.896
167.432 160.280 196.378 160.280 196.378 247.150 167.432 247.150
167.902 157.866 196.884 157.866 196.884 244.828 167.902 244.828
167.539 159.823 196.513 159.823 196.513 246.925 167.539 246.925
167.921 158.646 196.915 158.646 196.915 245.922 167.921 245.922
167.805 159.563 196.813 159.563 196.813 246.966 167.805 246.966
168.055 158.535 197.027 158.535 197.027 245.965 168.055 245.965
168.315 159.704 197.227 159.704 197.227 247.205 168.315 247.205
168.332 158.179 197.170 158.179 197.170 245.732 168.332 245.732
168.124 160.006 197.178 160.006 197.178 247.138 168.124 247.138
168.858 158.778 197.931 158.778 197.931 245.774 168.858 245.774
168.982 160.958 198.300 160.958 198.300 247.534 168.982 247.534
169.127 159.331 198.466 159.331 198.466 245.778 169.127 245.778
169.112 160.592 198.367 160.592 198.367 246.847 169.112 246.847
169.296 159.461 198.468 159.461 198.468 245.687 169.296 245.687
169.199 159.886 198.335 159.886 198.335 246.095 169.199 246.095
169.242 160.046 198.349 160.046 198.349 246.068 169.242 246.068
169.196 159.774 198.283 159.774 198.283 245.604 169.196 245.604
169.148 159.035 198.298 159.035 198.298 244.655 169.148 244.655
169.119 160.505 198.273 160.505 198.273 246.036 169.119 246.036
169.288 159.626 198.429 159.626 198.429 245.192 169.288 245.192
168.936 159.737 198.061 159.737 198.061 245.347 168.936 245.347
168.348 160.013 197.469 160.013 197.469 245.768 168.348 245.768
167.122 159.075 196.190 159.075 196.190 244.983 167.122 244.983
165.941 159.994 194.891 159.994 194.891 246.027 165.941 246.027
166.033 159.161 195.000 159.161 195.000 245.251 166.033 245.251
164.358 160.166 193.466 160.166 193.466 246.174 164.358 246.174
164.025 159.483 193.127 159.483 193.127 245.362 164.025 245.362
163.396 159.340 192.520 159.340 192.520 245.155 163.396 245.155
162.813 159.981 191.793 159.981 191.793 246.126 162.813 246.126
162.326 159.116 191.276 159.116 191.276 245.333 162.326 245.333
161.530 159.532 190.699 159.532 190.699 245.433 161.530 245.433
160.904 161.034 190.131 161.034 190.131 246.835 160.904 246.835
161.091 159.328 190.405 159.328 190.405 244.932 161.091 244.932
159.853 161.171 189.225 161.171 189.225 246.697 159.853 246.697
159.972 159.459 189.435 159.459 189.435 244.923 159.972 244.923
159.205 160.457 188.819 160.457 188.819 245.757 159.205 245.757
159.167 159.378 188.894 159.378 188.894 244.565 159.167 244.565
158.321 160.070 188.161 160.070 188.161 245.137 158.321 245.137
158.621 158.801 188.414 158.801 188.414 243.856 158.621 243.856
157.852 160.804 187.839 160.804 187.839 245.479 157.852 245.479
157.965 159.613 187.970 159.613 187.970 244.346 157.965 244.346
157.788 159.397 187.760 159.397 187.760 244.115 157.788 244.115
158.269 160.195 188.194 160.195 188.194 245.223 158.269 245.223
158.835 158.691 188.701 158.691 188.701 243.837 158.835 243.837
158.276 160.495 188.173 160.495 188.173 245.552 158.276 245.552
158.881 158.821 188.703 158.821 188.703 244.087 158.881 244.087
158.669 157.583 188.501 157.583 188.501 242.919 158.669 242.919
158.604 157.512 188.305 157.512 188.305 243.222 158.604 243.222
157.706 156.415 187.386 156.415 187.386 242.228 157.706 242.228
157.188 157.184 186.964 157.184 186.964 242.774 157.188 242.774
156.403 157.064 186.341 157.064 186.341 242.418 156.403 242.418
155.735 158.081 185.882 158.081 185.882 243.476 155.735 243.476
154.734 158.810 185.177 158.810 185.177 243.895 154.734 243.895
154.265 157.080 184.888 157.080 184.888 241.874 154.265 241.874
154.112 159.195 184.815 159.195 184.815 244.222 154.112 244.222
153.226 158.305 184.104 158.305 184.104 243.435 153.226 243.435
151.979 159.600 183.110 159.600 183.110 244.510 151.979 244.510
150.915 159.412 182.174 159.412 182.174 244.344 150.915 244.344
148.015 159.776 179.453 159.776 179.453 244.279 148.015 244.279
145.455 159.618 176.710 159.618 176.710 243.894 145.455 243.894
142.865 159.078 174.142 159.078 174.142 243.366 142.865 243.366
141.264 160.724 172.536 160.724 172.536 244.621 141.264 244.621
138.834 161.122 170.146 161.122 170.146 244.852 138.834 244.852
136.398 160.320 167.754 160.320 167.754 243.978 136.398 243.978
134.734 160.424 165.993 160.424 165.993 244.028 134.734 244.028
133.158 159.154 164.464 159.154 164.464 242.359 133.158 242.359
131.216 160.906 162.561 160.906 162.561 243.899 131.216 243.899
129.386 160.996 160.361 160.996 160.361 244.457 129.386 244.457
127.534 160.774 158.333 160.774 158.333 244.393 127.534 244.393
125.057 163.659 155.784 163.659 155.784 247.362 125.057 247.362
123.187 160.570 153.873 160.570 153.873 244.470 123.187 244.470
121.752 161.864 152.257 161.864 152.257 246.075 121.752 246.075
120.441 160.833 150.914 160.833 150.914 245.296 120.441 245.296
120.581 161.780 150.817 161.780 150.817 246.796 120.581 246.796
120.294 159.506 150.476 159.506 150.476 244.854 120.294 244.854
119.653 161.206 149.818 161.206 149.818 246.752 119.653 246.752
119.822 160.605 150.061 160.605 150.061 246.449 119.822 246.449
119.475 159.994 149.753 159.994 149.753 246.105 119.475 246.105
120.131 160.507 150.325 160.507 150.325 247.052 120.131 247.052
121.639 160.673 151.767 160.673 151.767 247.566 121.639 247.566
122.693 161.860 152.728 161.860 152.728 248.871 122.693 248.871
124.322 161.724 154.337 161.724 154.337 248.588 124.322 248.588
126.991 163.177 156.851 163.177 156.851 250.314 126.991 250.314
128.887 160.804 158.591 160.804 158.591 247.806 128.887 247.806
130.263 163.221 160.148 163.221 160.148 249.488 130.263 249.488
132.149 161.972 161.869 161.972 161.869 247.980 132.149 247.980
132.970 163.411 162.569 163.411 162.569 249.393 132.970 249.393
134.994 161.761 164.425 161.761 164.425 247.766 134.994 247.766
136.266 163.488 165.648 163.488 165.648 249.572 136.266 249.572
137.295 160.442 166.794 160.442 166.794 246.528 137.295 246.528
139.385 162.255 169.009 162.255 169.009 248.338 139.385 248.338
142.692 162.195 172.591 162.195 172.591 248.269 142.692 248.269
144.834 163.320 174.954 163.320 174.954 249.590 144.834 249.590
148.381 161.385 178.657 161.385 178.657 248.006 148.381 248.006
151.124 160.575 181.337 160.575 181.337 247.467 151.124 247.467
153.326 160.322 183.555 160.322 183.555 247.308 153.326 247.308
155.106 159.096 185.272 159.096 185.272 246.665 155.106 246.665
157.771 159.782 187.876 159.782 187.876 247.905 157.771 247.905
160.246 159.733 190.307 159.733 190.307 247.727 160.246 247.727
162.872 160.429 192.933 160.429 192.933 248.566 162.872 248.566
163.081 160.917 193.167 160.917 193.167 249.002 163.081 249.002
166.358 161.065 196.497 161.065 196.497 248.991 166.358 248.991
169.138 159.744 199.335 159.744 199.335 247.269 169.138 247.269
171.167 160.686 201.250 160.686 201.250 248.001 171.167 248.001
174.405 159.650 204.507 159.650 204.507 246.824 174.405 246.824
176.315 159.739 206.378 159.739 206.378 247.229 176.315 247.229
177.664 160.761 207.798 160.761 207.798 248.406 177.664 248.406
180.184 160.172 210.571 160.172 210.571 247.528 180.184 247.528
181.764 160.296 212.301 160.296 212.301 247.591 181.764 247.591
184.110 160.020 214.758 160.020 214.758 247.475 184.110 247.475
186.400 160.966 217.264 160.966 217.264 248.356 186.400 248.356
187.929 159.991 218.954 159.991 218.954 247.487 187.929 247.487
190.533 159.416 221.661 159.416 221.661 246.922 190.533 246.922
192.416 160.147 223.623 160.147 223.623 247.744 192.416 247.744
193.676 159.392 224.840 159.392 224.840 247.176 193.676 247.176
196.528 158.393 227.325 158.393 227.325 246.991 196.528 246.991
200.059 160.304 230.771 160.304 230.771 249.310 200.059 249.310
203.095 157.189 233.835 157.189 233.835 246.176 203.095 246.176
205.170 159.182 236.009 159.182 236.009 248.374 205.170 248.374
207.305 159.615 238.130 159.615 238.130 249.016 207.305 249.016
210.224 161.099 240.839 161.099 240.839 251.202 210.224 251.202
212.979 161.023 243.737 161.023 243.737 251.518 212.979 251.518
215.343 160.815 246.262 160.815 246.262 250.958 215.343 250.958
223.510 160.595 254.607 160.595 254.607 250.286 223.510 250.286
227.056 161.583 257.908 161.583 257.908 251.378 227.056 251.378
230.950 158.584 261.707 158.584 261.707 248.681 230.950 248.681
235.129 156.640 265.803 156.640 265.803 247.209 235.129 247.209
237.474 158.921 268.246 158.921 268.246 249.783 237.474 249.783
239.984 156.744 271.132 156.744 271.132 247.585 239.984 247.585
247.821 155.715 279.294 155.715 279.294 247.043 247.821 247.043
248.482 155.199 279.761 155.199 279.761 247.486 248.482 247.486
250.505 156.216 282.105 156.216 282.105 248.246 250.505 248.246
257.472 155.662 289.187 155.662 289.187 247.569 257.472 247.569
258.008 155.218 289.772 155.218 289.772 247.178 258.008 247.178
259.777 157.787 291.694 157.787 291.694 249.124 259.777 249.124
260.748 155.478 292.743 155.478 292.743 246.563 260.748 246.563
262.330 153.116 294.110 153.116 294.110 244.145 262.330 244.145
264.016 152.256 295.630 152.256 295.630 244.216 264.016 244.216
265.266 151.714 296.343 151.714 296.343 244.981 265.266 244.981
266.254 150.166 297.225 150.166 297.225 244.029 266.254 244.029
267.747 146.659 298.727 146.659 298.727 240.768 267.747 240.768
270.038 146.097 301.022 146.097 301.022 240.117 270.038 240.117
272.493 146.195 303.046 146.195 303.046 241.401 272.493 241.401
274.547 146.850 305.173 146.850 305.173 242.756 274.547 242.756
277.743 145.809 308.554 145.809 308.554 242.660 277.743 242.660
280.458 144.734 311.279 144.734 311.279 242.465 280.458 242.465
281.323 144.225 312.394 144.225 312.394 242.081 281.323 242.081
282.493 144.405 313.626 144.405 313.626 242.913 282.493 242.913
283.377 143.422 314.408 143.422 314.408 243.047 283.377 243.047
284.886 142.925 315.741 142.925 315.741 243.421 284.886 243.421
285.233 142.078 315.983 142.078 315.983 243.702 285.233 243.702
284.338 141.550 315.186 141.550 315.186 243.707 284.338 243.707
286.011 140.756 316.708 140.756 316.708 243.444 286.011 243.444
285.452 140.451 316.172 140.451 316.172 243.633 285.452 243.633
286.105 142.222 316.898 142.222 316.898 245.577 286.105 245.577
285.975 140.654 316.876 140.654 316.876 244.021 285.975 244.021
285.990 140.321 316.775 140.321 316.775 244.337 285.990 244.337
285.826 140.441 316.529 140.441 316.529 245.227 285.826 245.227
285.430 141.787 316.325 141.787 316.325 246.458 285.430 246.458
284.771 141.985 315.789 141.985 315.789 246.320 284.771 246.320
284.541 142.210 315.722 142.210 315.722 246.194 284.541 246.194
284.440 141.991 315.714 141.991 315.714 245.923 284.440 245.923
284.348 139.780 315.961 139.780 315.961 243.323 284.348 243.323
284.558 140.521 316.259 140.521 316.259 244.170 284.558 244.170
285.461 138.868 317.035 138.868 317.035 242.939 285.461 242.939
286.015 139.632 317.382 139.632 317.382 244.463 286.015 244.463
287.093 139.978 318.348 139.978 318.348 245.012 287.093 245.012
287.557 140.658 318.710 140.658 318.710 246.103 287.557 246.103
288.632 139.795 319.963 139.795 319.963 245.393 288.632 245.393
289.165 137.614 320.442 137.614 320.442 243.661 289.165 243.661
289.828 137.683 321.157 137.683 321.157 243.749 289.828 243.749
291.187 137.082 322.457 137.082 322.457 243.441 291.187 243.441
291.934 136.464 323.099 136.464 323.099 242.771 291.934 242.771
292.628 135.239 323.477 135.239 323.477 241.865 292.628 241.865
293.202 133.634 323.815 133.634 323.815 240.429 293.202 240.429
293.789 133.843 324.443 133.843 324.443 240.577 293.789 240.577
294.668 132.826 325.378 132.826 325.378 239.140 294.668 239.140
295.149 131.942 325.925 131.942 325.925 238.429 295.149 238.429
295.870 132.145 326.592 132.145 326.592 239.002 295.870 239.002
296.869 132.609 327.557 132.609 327.557 239.647 296.869 239.647
297.283 132.717 327.993 132.717 327.993 239.913 297.283 239.913
297.671 132.761 328.452 132.761 328.452 239.952 297.671 239.952
298.143 132.779 328.979 132.779 328.979 239.821 298.143 239.821
299.017 131.967 329.874 131.967 329.874 239.297 299.017 239.297
298.848 132.815 329.813 132.815 329.813 240.073 298.848 240.073
299.028 132.155 330.021 132.155 330.021 239.224 299.028 239.224
299.247 132.588 330.302 132.588 330.302 239.706 299.247 239.706
299.242 131.993 330.322 131.993 330.322 239.050 299.242 239.050
299.473 132.913 330.631 132.913 330.631 239.758 299.473 239.758
299.562 131.583 330.787 131.583 330.787 238.357 299.562 238.357
298.706 132.105 329.981 132.105 329.981 238.737 298.706 238.737
298.752 132.600 330.047 132.600 330.047 239.114 298.752 239.114
298.032 132.293 329.389 132.293 329.389 238.734 298.032 238.734
298.010 132.236 329.566 132.236 329.566 238.713 298.010 238.713
296.573 132.310 328.231 132.310 328.231 238.702 296.573 238.702
295.343 131.363 326.878 131.363 326.878 238.036 295.343 238.036
294.259 129.922 325.921 129.922 325.921 236.777 294.259 236.777
294.546 131.328 326.034 131.328 326.034 238.488 294.546 238.488
292.471 130.745 324.004 130.745 324.004 238.068 292.471 238.068
292.199 130.802 323.730 130.802 323.730 238.358 292.199 238.358
291.117 130.028 322.515 130.028 322.515 237.627 291.117 237.627
291.519 130.931 322.879 130.931 322.879 238.555 291.519 238.555
290.514 129.845 321.910 129.845 321.910 237.170 290.514 237.170
290.786 129.736 322.143 129.736 322.143 237.101 290.786 237.101
291.164 128.773 322.700 128.773 322.700 235.870 291.164 235.870
291.233 128.657 322.904 128.657 322.904 235.370 291.233 235.370
291.027 129.909 322.653 129.909 322.653 236.318 291.027 236.318
290.944 129.870 322.638 129.870 322.638 236.056 290.944 236.056
291.161 129.422 322.950 129.422 322.950 235.267 291.161 235.267
291.183 129.411 322.904 129.411 322.904 235.192 291.183 235.192
292.022 128.865 323.746 128.865 323.746 234.626 292.022 234.626
292.223 131.343 323.974 131.343 323.974 236.858 292.223 236.858
293.306 131.752 324.849 131.752 324.849 237.280 293.306 237.280
295.036 131.568 326.577 131.568 326.577 236.865 295.036 236.865
295.774 131.442 327.089 131.442 327.089 237.353 295.774 237.353
297.001 132.789 328.126 132.789 328.126 238.872 297.001 238.872
298.128 133.681 329.408 133.681 329.408 239.360 298.128 239.360
299.945 132.751 331.254 132.751 331.254 237.851 299.945 237.851
300.415 132.909 331.647 132.909 331.647 238.000 300.415 238.000
301.147 134.245 332.277 134.245 332.277 239.710 301.147 239.710
302.131 135.090 333.064 135.090 333.064 240.137 302.131 240.137
302.328 133.077 333.273 133.077 333.273 237.793 302.328 237.793
302.677 132.800 333.718 132.800 333.718 237.558 302.677 237.558
302.796 133.193 333.925 133.193 333.925 237.633 302.796 237.633
303.555 132.785 334.848 132.785 334.848 236.863 303.555 236.863
303.972 133.085 335.114 133.085 335.114 237.223 303.972 237.223
303.808 136.400 334.997 136.400 334.997 239.902 303.808 239.902
304.322 135.493 335.660 135.493 335.660 238.248 304.322 238.248
304.575 135.606 336.014 135.606 336.014 237.814 304.575 237.814
304.388 134.892 335.608 134.892 335.608 236.912 304.388 236.912
304.982 133.175 336.116 133.175 336.116 235.111 304.982 235.111
305.166 133.439 335.982 133.439 335.982 235.307 305.166 235.307
305.444 132.921 336.100 132.921 336.100 234.758 305.444 234.758
305.933 131.798 336.461 131.798 336.461 233.641 305.933 233.641
307.099 133.022 337.513 133.022 337.513 234.824 307.099 234.824
308.753 133.754 339.160 133.754 339.160 235.555 308.753 235.555
309.515 133.763 340.224 133.763 340.224 234.766 309.515 234.766
310.976 132.942 341.837 132.942 341.837 233.375 310.976 233.375
312.627 132.735 343.780 132.735 343.780 232.764 312.627 232.764
314.007 133.130 345.377 133.130 345.377 232.467 314.007 232.467
315.392 132.348 347.097 132.348 347.097 230.702 315.392 230.702
317.149 132.491 349.206 132.491 349.206 230.200 317.149 230.200
317.697 132.811 350.174 132.811 350.174 229.566 317.697 229.566
318.081 131.401 350.608 131.401 350.608 227.742 318.081 227.742
318.251 131.147 350.826 131.147 350.826 227.059 318.251 227.059
317.957 130.546 350.388 130.546 350.388 226.473 317.957 226.473
316.461 128.455 348.779 128.455 348.779 224.526 316.461 224.526
315.870 123.176 347.642 123.176 347.642 221.098 315.870 221.098
315.338 124.245 346.983 124.245 346.983 223.132 315.338 223.132
314.095 124.216 345.510 124.216 345.510 223.819 314.095 223.819
312.996 124.755 344.375 124.755 344.375 225.026 312.996 225.026
312.561 124.123 343.899 124.123 343.899 224.911 312.561 224.911
311.958 127.050 343.536 127.050 343.536 227.421 311.958 227.421
311.367 124.904 342.900 124.904 342.900 225.690 311.367 225.690
310.773 125.026 342.355 125.026 342.355 225.845 310.773 225.845
309.620 128.064 341.298 128.064 341.298 228.632 309.620 228.632
309.421 126.211 341.039 126.211 341.039 226.902 309.421 226.902
308.316 127.567 339.921 127.567 339.921 228.162 308.316 228.162
308.300 125.253 339.825 125.253 339.825 226.074 308.300 226.074
308.656 123.266 340.115 123.266 340.115 224.291 308.656 224.291
308.117 122.557 339.471 122.557 339.471 223.665 308.117 223.665
307.649 126.784 338.825 126.784 338.825 228.096 307.649 228.096
306.654 124.982 337.672 124.982 337.672 226.304 306.654 226.304
305.830 125.234 336.630 125.234 336.630 227.220 305.830 227.220
304.567 125.173 335.279 125.173 335.279 227.436 304.567 227.436
303.227 126.446 333.938 126.446 333.938 229.020 303.227 229.020
301.719 127.226 332.597 127.226 332.597 229.706 301.719 229.706
301.197 126.793 332.274 126.793 332.274 229.251 301.197 229.251
300.392 126.859 331.533 126.859 331.533 229.440 300.392 229.440
298.677 125.447 329.951 125.447 329.951 228.400 298.677 228.400
290.005 125.645 321.473 125.645 321.473 228.889 290.005 228.889
289.241 126.556 320.871 126.556 320.871 230.383 289.241 230.383
288.049 125.058 320.019 125.058 320.019 229.111 288.049 229.111
286.273 125.598 318.338 125.598 318.338 229.948 286.273 229.948
279.914 125.899 311.918 125.899 311.918 230.571 279.914 230.571
279.340 127.490 311.553 127.490 311.553 231.772 279.340 231.772
277.336 127.497 309.883 127.497 309.883 231.404 277.336 231.404
270.533 125.457 303.036 125.457 303.036 229.347 270.533 229.347
271.766 125.292 304.188 125.292 304.188 229.008 271.766 229.008
271.680 124.417 304.008 124.417 304.008 227.944 271.680 227.944
270.999 127.290 303.539 127.290 303.539 230.200 270.999 230.200
269.299 128.145 302.066 128.145 302.066 230.270 269.299 230.270
266.697 128.164 299.894 128.164 299.894 229.307 266.697 229.307
264.692 128.224 297.886 128.224 297.886 228.806 264.692 228.806
262.415 128.549 295.843 128.549 295.843 228.218 262.415 228.218
260.758 128.628 294.415 128.628 294.415 227.166 260.758 227.166
258.488 127.598 292.561 127.598 292.561 225.435 258.488 225.435
257.332 127.751 291.706 127.751 291.706 224.413 257.332 224.413
255.876 128.194 290.349 128.194 290.349 224.799 255.876 224.799
249.328 128.902 283.475 128.902 283.475 225.453 249.328 225.453
240.080 135.097 273.504 135.097 273.504 232.639 240.080 232.639
238.276 141.233 271.835 141.233 271.835 238.814 238.276 238.814
236.864 138.302 270.759 138.302 270.759 236.036 236.864 236.036
235.416 137.055 269.358 137.055 269.358 235.145 235.416 235.145
234.631 135.956 268.796 135.956 268.796 233.760 234.631 233.760
234.415 135.423 268.606 135.423 268.606 233.330 234.415 233.330
233.796 134.635 267.417 134.635 267.417 233.019 233.796 233.019
233.345 134.394 266.596 134.394 266.596 233.025 233.345 233.025
232.375 133.303 265.561 133.303 265.561 231.690 232.375 231.690
232.191 131.668 265.205 131.668 265.205 230.104 232.191 230.104
231.020 131.389 264.081 131.389 264.081 229.644 231.020 229.644
229.564 131.817 262.731 131.817 262.731 228.935 229.564 228.935
229.074 130.117 262.317 130.117 262.317 226.691 229.074 226.691
228.353 132.013 261.619 132.013 261.619 227.980 228.353 227.980
222.187 132.380 255.292 132.380 255.292 227.579 222.187 227.579
222.907 134.352 255.980 134.352 255.980 228.955 222.907 228.955
222.572 134.747 255.681 134.747 255.681 228.761 222.572 228.761
221.260 135.047 254.401 135.047 254.401 228.664 221.260 228.664
219.954 134.488 253.020 134.488 253.020 227.525 219.954 227.525
214.043 133.982 246.689 133.982 246.689 226.675 214.043 226.675
214.061 134.320 246.547 134.320 246.547 226.461 214.061 226.461
213.340 135.482 245.684 135.482 245.684 227.018 213.340 227.018
211.216 134.045 243.329 134.045 243.329 225.195 211.216 225.195
209.484 133.861 241.490 133.861 241.490 224.242 209.484 224.242
208.828 133.799 240.601 133.799 240.601 223.741 208.828 223.741
206.952 135.907 238.399 135.907 238.399 225.629 206.952 225.629
206.055 136.984 237.319 136.984 237.319 226.170 206.055 226.170
204.910 136.813 235.921 136.813 235.921 225.771 204.910 225.771
204.124 136.948 235.114 136.948 235.114 225.416 204.124 225.416
202.916 136.454 233.762 136.454 233.762 224.664 202.916 224.664
201.925 136.486 232.422 136.486 232.422 224.920 201.925 224.920
201.308 135.264 231.578 135.264 231.578 223.668 201.308 223.668
200.348 133.449 230.317 133.449 230.317 222.013 200.348 222.013
199.189 132.254 229.013 132.254 229.013 220.693 199.189 220.693
197.895 133.360 227.535 133.360 227.535 221.567 197.895 221.567
192.698 132.644 222.066 132.644 222.066 220.888 192.698 220.888
192.979 133.757 222.290 133.757 222.290 221.642 192.979 221.642
192.182 133.518 221.449 133.518 221.449 221.051 192.182 221.051
191.733 134.223 221.018 134.223 221.018 221.628 191.733 221.628
186.575 134.981 215.851 134.981 215.851 222.333 186.575 222.333
185.617 136.522 215.346 136.522 215.346 223.702 185.617 223.702
179.686 137.702 209.490 137.702 209.490 225.114 179.686 225.114
179.397 135.823 209.418 135.823 209.418 223.129 179.397 223.129
178.722 137.367 208.939 137.367 208.939 224.672 178.722 224.672
173.291 136.261 203.563 136.261 203.563 223.448 173.291 223.448
173.656 137.374 203.624 137.374 203.624 225.139 173.656 225.139
173.351 136.957 203.174 136.957 203.174 225.150 173.351 225.150
172.250 134.838 202.193 134.838 202.193 222.642 172.250 222.642
171.336 136.548 201.156 136.548 201.156 224.707 171.336 224.707
169.877 135.972 199.781 135.972 199.781 223.898 169.877 223.898
168.922 137.507 198.840 137.507 198.840 225.186 168.922 225.186
167.430 136.017 197.225 136.017 197.225 224.002 167.430 224.002
166.442 135.355 196.102 135.355 196.102 223.721 166.442 223.721
165.884 134.816 195.411 134.816 195.411 223.152 165.884 223.152
165.195 134.270 194.591 134.270 194.591 222.748 165.195 222.748
164.479 134.352 193.781 134.352 193.781 222.828 164.479 222.828
164.029 133.867 193.212 133.867 193.212 222.550 164.029 222.550
163.435 134.227 192.590 134.227 192.590 223.032 163.435 223.032
162.224 134.207 191.367 134.207 191.367 223.037 162.224 223.037
161.019 134.360 190.305 134.360 190.305 223.078 161.019 223.078
159.186 137.081 188.598 137.081 188.598 226.001 159.186 226.001
157.618 139.795 187.216 139.795 187.216 228.762 157.618 228.762
151.620 141.524 181.270 141.524 181.270 230.901 151.620 230.901
150.833 139.072 180.594 139.072 180.594 228.519 150.833 228.519
149.344 136.934 179.155 136.934 179.155 226.602 149.344 226.602
143.025 139.485 172.803 139.485 172.803 229.375 143.025 229.375
142.528 136.399 172.289 136.399 172.289 226.268 142.528 226.268
141.371 140.221 171.148 140.221 171.148 230.096 141.371 230.096
139.888 138.708 169.790 138.708 169.790 228.463 139.888 228.463
139.187 142.183 169.235 142.183 169.235 231.954 139.187 231.954
137.976 140.079 168.151 140.079 168.151 229.846 137.976 229.846
137.537 143.784 167.780 143.784 167.780 233.451 137.537 233.451
136.246 142.050 166.706 142.050 166.706 231.398 136.246 231.398
135.629 141.868 166.175 141.868 166.175 231.075 135.629 231.075
134.907 140.170 165.277 140.170 165.277 229.624 134.907 229.624
134.256 138.662 164.755 138.662 164.755 227.896 134.256 227.896
133.730 141.314 164.134 141.314 164.134 230.974 133.730 230.974
132.846 139.223 163.245 139.223 163.245 228.758 132.846 228.758
132.127 137.810 162.509 137.810 162.509 227.181 132.127 227.181
131.631 140.572 161.912 140.572 161.912 230.017 131.631 230.017
130.967 138.337 161.147 138.337 161.147 227.811 130.967 227.811
130.512 137.488 160.661 137.488 160.661 226.820 130.512 226.820
129.453 132.772 159.547 132.772 159.547 221.884 129.453 221.884
128.759 134.646 158.729 134.646 158.729 223.589 128.759 223.589
127.665 130.175 157.436 130.175 157.436 219.381 127.665 219.381
126.646 133.079 156.188 133.079 156.188 222.542 126.646 222.542
124.609 139.340 154.203 139.340 154.203 228.952 124.609 228.952
123.056 139.396 152.770 139.396 152.770 229.057 123.056 229.057
120.754 135.277 150.584 135.277 150.584 224.868 120.754 224.868
119.213 135.960 149.054 135.960 149.054 225.753 119.213 225.753
117.730 136.573 147.597 136.573 147.597 226.566 117.730 226.566
115.838 131.863 145.742 131.863 145.742 221.858 115.838 221.858
114.148 133.567 144.141 133.567 144.141 223.601 114.148 223.601
112.541 133.100 142.548 133.100 142.548 223.180 112.541 223.180
110.809 133.144 140.773 133.144 140.773 223.390 110.809 223.390
109.497 133.205 139.343 133.205 139.343 223.683 109.497 223.683
108.167 133.220 137.917 133.220 137.917 224.053 108.167 224.053
100.817 134.985 130.333 134.985 130.333 226.424 100.817 226.424
100.768 137.211 130.056 137.211 130.056 229.347 100.768 229.347
100.283 143.954 129.510 143.954 129.510 236.863 100.283 236.863
93.320 142.657 122.281 142.657 122.281 236.823 93.320 236.823
93.809 147.207 123.046 147.207 123.046 241.680 93.809 241.680
93.947 144.263 123.525 144.263 123.525 239.216 93.947 239.216
93.720 142.193 123.159 142.193 123.159 238.033 93.720 238.033
93.430 140.226 122.792 140.226 122.792 236.983 93.430 236.983
93.258 145.547 123.267 145.547 123.267 242.085 93.258 242.085
93.322 142.399 123.311 142.399 123.311 239.864 93.322 239.864
93.158 139.833 123.198 139.833 123.198 238.381 93.158 238.381
93.412 138.269 123.452 138.269 123.452 237.640 93.412 237.640
100.345 143.581 130.868 143.581 130.868 242.893 100.345 242.893
99.429 141.227 130.423 141.227 130.423 240.703 99.429 240.703
98.954 138.366 130.121 138.366 130.121 238.641 98.954 238.641
98.640 136.028 129.953 136.028 129.953 237.158 98.640 237.158
104.746 140.104 136.700 140.104 136.700 241.191 104.746 241.191
104.199 136.605 136.423 136.605 136.423 238.211 104.199 238.211
110.069 135.863 142.521 135.863 142.521 237.343 110.069 237.343
108.705 135.071 141.260 135.071 141.260 236.794 108.705 236.794
108.165 135.899 140.876 135.899 140.876 237.397 108.165 237.397
107.740 140.774 140.575 140.774 140.575 242.578 107.740 242.578
108.010 140.136 140.946 140.136 140.946 242.408 108.010 242.408
113.717 138.851 146.687 138.851 146.687 241.448 113.717 241.448
112.453 138.768 145.410 138.768 145.410 241.746 112.453 241.746
111.609 139.180 144.604 139.180 144.604 242.267 111.609 242.267
111.259 139.125 144.322 139.125 144.322 242.359 111.259 242.359
111.241 138.861 144.304 138.861 144.304 242.384 111.241 242.384
111.025 138.129 144.120 138.129 144.120 241.708 111.025 241.708
110.730 138.332 143.863 138.332 143.863 242.088 110.730 242.088
116.430 137.448 149.625 137.448 149.625 241.186 116.430 241.186
114.755 137.771 147.807 137.771 147.807 241.789 114.755 241.789
113.396 136.556 146.502 136.556 146.502 240.584 113.396 240.584
113.028 131.600 146.069 131.600 146.069 235.433 113.028 235.433
113.122 134.123 146.028 134.123 146.028 237.986 113.122 237.986
112.914 134.317 145.767 134.317 145.767 238.191 112.914 238.191
118.345 129.635 151.303 129.635 151.303 233.021 118.345 233.021
116.623 133.466 149.631 133.466 149.631 236.545 116.623 236.545
116.091 135.850 149.131 135.850 149.131 238.538 116.091 238.538
115.865 137.316 148.988 137.316 148.988 239.855 115.865 239.855
122.305 133.322 155.328 133.322 155.328 235.744 122.305 235.744
121.877 135.953 155.028 135.953 155.028 237.757 121.877 237.757
122.707 137.832 155.799 137.832 155.799 239.507 122.707 239.507
128.456 136.914 161.962 136.914 161.962 237.854 128.456 237.854
127.815 136.884 161.648 136.884 161.648 237.114 127.815 237.114
128.969 138.495 162.882 138.495 162.882 238.434 128.969 238.434
129.999 137.953 164.019 137.953 164.019 237.375 129.999 237.375
131.459 138.977 165.619 138.977 165.619 237.758 131.459 237.758
132.614 139.557 166.799 139.557 166.799 237.773 132.614 237.773
133.990 137.938 168.233 137.938 168.233 235.689 133.990 235.689
135.191 139.144 169.584 139.144 169.584 236.159 135.191 236.159
136.377 140.535 170.818 140.535 170.818 237.033 136.377 237.033
143.559 139.474 177.758 139.474 177.758 236.171 143.559 236.171
144.616 139.007 178.671 139.007 178.671 235.625 144.616 235.625
145.762 138.256 179.753 138.256 179.753 234.531 145.762 234.531
147.372 138.374 181.354 138.374 181.354 234.215 147.372 234.215
149.137 137.164 182.957 137.164 182.957 232.994 149.137 232.994
150.535 138.194 184.271 138.194 184.271 233.483 150.535 233.483
151.635 138.309 185.328 138.309 185.328 233.524 151.635 233.524
153.670 139.405 187.180 139.405 187.180 234.465 153.670 234.465
155.245 138.464 188.624 138.464 188.624 233.196 155.245 233.196
156.944 137.612 190.207 137.612 190.207 232.134 156.944 232.134
159.135 137.944 192.251 137.944 192.251 231.990 159.135 231.990
161.538 138.457 194.541 138.457 194.541 232.197 161.538 232.197
163.702 137.701 196.565 137.701 196.565 231.439 163.702 231.439
165.973 136.127 198.848 136.127 198.848 229.410 165.973 229.410
168.271 136.339 200.972 136.339 200.972 229.404 168.271 229.404
170.152 136.568 202.738 136.568 202.738 229.512 170.152 229.512
171.977 137.709 204.598 137.709 204.598 230.113 171.977 230.113
173.034 137.417 205.572 137.417 205.572 229.760 173.034 229.760
174.352 136.952 206.781 136.952 206.781 229.315 174.352 229.315
175.336 136.744 207.644 136.744 207.644 228.787 175.336 228.787
177.108 137.187 209.590 137.187 209.590 228.756 177.108 228.756
178.469 137.303 210.966 137.303 210.966 228.479 178.469 228.479
180.210 137.341 212.712 137.341 212.712 227.972 180.210 227.972
182.131 135.419 214.537 135.419 214.537 225.591 182.131 225.591
184.488 135.376 216.715 135.376 216.715 225.272 184.488 225.272
187.017 136.131 218.878 136.131 218.878 225.814 187.017 225.814
190.247 137.585 222.132 137.585 222.132 226.848 190.247 226.848
193.226 137.625 224.959 137.625 224.959 226.970 193.226 226.970
195.637 137.396 227.232 137.396 227.232 226.779 195.637 226.779
197.074 137.926 228.586 137.926 228.586 227.050 197.074 227.050
198.045 138.760 229.387 138.760 229.387 227.618 198.045 227.618
198.822 138.971 230.162 138.971 230.162 227.458 198.822 227.458
200.295 138.218 231.560 138.218 231.560 226.590 200.295 226.590
202.459 137.455 233.627 137.455 233.627 225.756 202.459 225.756
203.619 137.403 234.720 137.403 234.720 225.522 203.619 225.522
204.054 137.389 235.257 137.389 235.257 225.325 204.054 225.325
205.204 137.733 236.458 137.733 236.458 225.466 205.204 225.466
205.635 137.430 236.957 137.430 236.957 224.973 205.635 224.973
206.430 137.555 237.661 137.555 237.661 225.067 206.430 225.067
207.430 138.879 238.685 138.879 238.685 225.989 207.430 225.989
207.658 138.618 238.979 138.618 238.979 225.489 207.658 225.489
208.173 138.428 239.547 138.428 239.547 225.284 208.173 225.284
209.849 138.966 241.165 138.966 241.165 225.559 209.849 225.559
209.918 138.724 241.305 138.724 241.305 225.119 209.918 225.119
210.620 139.634 241.925 139.634 241.925 225.879 210.620 225.879
211.085 139.412 242.435 139.412 242.435 225.650 211.085 225.650
211.948 138.907 243.019 138.907 243.019 225.068 211.948 225.068
214.460 137.023 245.391 137.023 245.391 223.247 214.460 223.247
216.511 136.803 247.248 136.803 247.248 223.009 216.511 223.009
218.547 137.893 248.939 137.893 248.939 224.133 218.547 224.133
219.587 136.912 250.154 136.912 250.154 222.866 219.587 222.866
220.833 136.570 251.446 136.570 251.446 222.673 220.833 222.673
222.624 136.920 253.190 136.920 253.190 223.309 222.624 223.309
224.255 136.943 254.781 136.943 254.781 223.521 224.255 223.521
226.271 137.056 256.874 137.056 256.874 223.901 226.271 223.901
227.775 136.131 258.226 136.131 258.226 223.489 227.775 223.489
228.993 135.456 259.263 135.456 259.263 223.618 228.993 223.618
229.514 136.038 259.182 136.038 259.182 225.388 229.514 225.388
229.941 135.106 259.357 135.106 259.357 225.243 229.941 225.243
230.186 134.554 259.398 134.554 259.398 225.480 230.186 225.480
229.426 135.678 258.495 135.678 258.495 227.490 229.426 227.490
229.436 135.621 258.448 135.621 258.448 228.159 229.436 228.159
229.137 135.134 258.189 135.134 258.189 228.058 229.137 228.058
228.620 134.805 257.794 134.805 257.794 227.957 228.620 227.957
227.792 134.975 257.115 134.975 257.115 228.353 227.792 228.353
226.156 135.164 255.970 135.164 255.970 227.958 226.156 227.958
224.698 135.476 254.946 135.476 254.946 227.767 224.698 227.767
217.021 137.909 248.035 137.909 248.035 229.127 217.021 229.127
215.688 136.598 246.915 136.598 246.915 227.739 215.688 227.739
214.067 136.074 245.524 136.074 245.524 226.993 214.067 226.993
212.805 135.856 244.237 135.856 244.237 226.578 212.805 226.578
211.393 136.237 242.728 136.237 242.728 226.806 211.393 226.806
210.619 136.394 242.117 136.394 242.117 227.030 210.619 227.030
209.886 136.659 241.471 136.659 241.471 227.330 209.886 227.330
209.217 137.247 240.852 137.247 240.852 227.745 209.217 227.745
208.198 138.003 239.859 138.003 239.859 228.609 208.198 228.609
207.781 135.938 239.188 135.938 239.188 227.175 207.781 227.175
207.002 136.911 238.377 136.911 238.377 228.349 207.002 228.349
206.824 135.575 238.257 135.575 238.257 227.086 206.824 227.086
205.559 135.233 236.967 135.233 236.967 226.842 205.559 226.842
204.726 134.484 236.119 134.484 236.119 225.685 204.726 225.685
203.116 134.301 234.322 134.301 234.322 225.563 203.116 225.563
202.085 134.773 232.971 134.773 232.971 226.128 202.085 226.128
201.232 134.713 231.825 134.713 231.825 225.927 201.232 225.927
200.999 135.531 231.268 135.531 231.268 226.580 200.999 226.580
201.003 135.361 230.943 135.361 230.943 226.505 201.003 226.505
200.350 136.153 230.128 136.153 230.128 227.060 200.350 227.060
199.704 135.958 229.289 135.958 229.289 226.904 199.704 226.904
198.971 136.085 228.384 136.085 228.384 226.925 198.971 226.925
198.450 135.828 227.779 135.828 227.779 226.541 198.450 226.541
197.187 135.450 226.545 135.450 226.545 226.070 197.187 226.070
196.249 133.563 225.563 133.563 225.563 224.219 196.249 224.219
195.713 133.313 225.030 133.313 225.030 223.920 195.713 223.920
194.707 135.160 223.913 135.160 223.913 226.123 194.707 226.123
193.810 133.587 223.091 133.587 223.091 224.225 193.810 224.225
192.873 135.243 222.196 135.243 222.196 226.111 192.873 226.111
191.666 134.651 221.383 134.651 221.383 224.989 191.666 224.989
191.093 135.377 220.957 135.377 220.957 225.571 191.093 225.571
190.341 136.423 220.548 136.423 220.548 226.112 190.341 226.112
189.282 135.973 219.748 135.973 219.748 225.478 189.282 225.478
188.504 135.713 219.218 135.713 219.218 224.852 188.504 224.852
187.469 138.446 218.359 138.446 218.359 227.441 187.469 227.441
186.293 137.581 217.341 137.581 217.341 226.559 186.293 226.559
178.417 137.277 209.716 137.277 209.716 225.783 178.417 225.783
172.613 136.165 203.800 136.165 203.800 224.641 172.613 224.641
172.769 138.273 203.751 138.273 203.751 227.148 172.769 227.148
172.514 136.323 203.458 136.323 203.458 225.026 172.514 225.026
171.233 138.643 201.969 138.643 201.969 227.896 171.233 227.896
170.800 137.798 201.523 137.798 201.523 226.902 170.800 226.902
170.190 137.977 200.858 137.977 200.858 226.980 170.190 226.980
169.532 137.892 200.132 137.892 200.132 226.838 169.532 226.838
168.639 137.212 199.231 137.212 199.231 225.977 168.639 225.977
168.180 137.131 198.677 137.131 198.677 225.986 168.180 225.986
167.504 137.426 197.812 137.426 197.812 226.503 167.504 226.503
167.170 136.420 197.265 136.420 197.265 225.574 167.170 225.574
166.395 136.237 196.408 136.237 196.408 225.108 166.395 225.108
165.473 137.841 195.411 137.841 195.411 226.720 165.473 226.720
164.441 139.700 194.363 139.700 194.363 228.494 164.441 228.494
163.923 137.383 193.693 137.383 193.693 226.401 163.923 226.401
162.824 138.931 192.472 138.931 192.472 228.155 162.824 228.155
162.773 136.658 192.277 136.658 192.277 225.924 162.773 225.924
162.065 136.704 191.764 136.704 191.764 225.385 162.065 225.385
160.594 140.166 190.466 140.166 190.466 228.594 160.594 228.594
158.992 138.313 189.003 138.313 189.003 226.543 158.992 226.543
157.574 138.165 187.736 138.165 187.736 226.251 157.574 226.251
151.776 140.752 182.017 140.752 182.017 229.103 151.776 229.103
152.130 139.311 182.446 139.311 182.446 227.794 152.130 227.794
152.003 141.797 182.273 141.797 182.273 230.440 152.003 230.440
151.535 140.391 181.790 140.391 181.790 229.293 151.535 229.293
150.242 137.879 180.533 137.879 180.533 226.814 150.242 226.814
143.641 140.594 173.933 140.594 173.933 229.822 143.641 229.822
144.469 137.413 174.616 137.413 174.616 227.100 144.469 227.100
143.794 141.064 173.929 141.064 173.929 230.868 143.794 230.868
143.237 144.211 173.428 144.211 173.428 234.143 143.237 234.143
142.948 141.471 173.142 141.471 173.142 231.570 142.948 231.570
142.341 144.585 172.637 144.585 172.637 234.789 142.341 234.789
141.727 141.369 172.024 141.369 172.024 231.768 141.727 231.768
141.474 139.038 171.721 139.038 171.721 229.513 141.474 229.513
141.304 137.700 171.594 137.700 171.594 228.033 141.304 228.033
139.669 138.437 170.333 138.437 170.333 228.226 139.669 228.226
137.734 138.298 168.548 138.298 168.548 227.868 137.734 227.868
135.445 138.622 166.493 138.622 166.493 227.846 135.445 227.846
133.624 138.833 164.785 138.833 164.785 227.775 133.624 227.775
132.642 141.305 163.724 141.305 163.724 230.568 132.642 230.568
131.061 139.797 162.220 139.797 162.220 228.967 131.061 228.967
129.895 139.361 161.019 139.361 161.019 228.613 129.895 228.613
127.827 134.046 158.898 134.046 158.898 223.556 127.827 223.556
126.408 139.089 157.532 139.089 157.532 228.683 126.408 228.683
125.178 133.841 156.145 133.841 156.145 223.599 125.178 223.599
123.992 134.604 154.813 134.604 154.813 224.561 123.992 224.561
123.063 140.921 153.791 140.921 153.791 231.297 123.063 231.297
121.969 135.113 152.709 135.113 152.709 225.449 121.969 225.449
120.960 131.801 151.438 131.801 151.438 222.439 120.960 222.439
119.775 135.209 150.236 135.209 150.236 225.756 119.775 225.756
118.394 132.279 148.795 132.279 148.795 222.800 118.394 222.800
117.347 134.904 147.684 134.904 147.684 225.423 117.347 225.423
116.896 131.097 147.056 131.097 147.056 221.655 116.896 221.655
116.452 133.951 146.449 133.951 146.449 224.562 116.452 224.562
116.229 130.754 146.061 130.754 146.061 221.256 116.229 221.256
116.055 134.355 145.772 134.355 145.772 224.998 116.055 224.998
115.863 131.413 145.524 131.413 145.524 221.927 115.863 221.927
115.268 133.991 144.928 133.991 144.928 224.467 115.268 224.467
114.169 130.380 143.760 130.380 143.760 220.892 114.169 220.892
113.719 132.370 143.349 132.370 143.349 222.730 113.719 222.730
113.375 130.161 142.907 130.161 142.907 220.565 113.375 220.565
112.418 132.409 141.937 132.409 141.937 222.860 112.418 222.860
111.601 133.444 141.058 133.444 141.058 224.021 111.601 224.021
110.991 130.439 140.482 130.439 140.482 220.836 110.991 220.836
110.485 132.468 139.902 132.468 139.902 223.068 110.485 223.068
109.306 132.900 138.810 132.900 138.810 223.889 109.306 223.889
108.277 130.058 137.940 130.058 137.940 220.821 108.277 220.821
107.235 134.132 136.906 134.132 136.906 225.038 107.235 225.038
106.137 134.579 135.803 134.579 135.803 225.813 106.137 225.813
98.637 134.817 128.276 134.817 128.276 226.375 98.637 226.375
98.706 130.925 128.249 130.925 128.249 222.603 98.706 222.603
98.167 133.349 127.757 133.349 127.757 225.392 98.167 225.392
97.462 134.342 127.150 134.342 127.150 226.604 97.462 226.604
96.859 135.531 126.546 135.531 126.546 227.985 96.859 227.985
91.155 130.533 120.422 130.533 120.422 223.882 91.155 223.882
91.799 130.917 120.896 130.917 120.896 224.798 91.799 224.798
91.791 130.786 120.819 130.786 120.819 225.163 91.791 225.163
91.688 125.902 120.698 125.902 120.698 220.486 91.688 220.486
91.504 126.430 120.406 126.430 120.406 221.589 91.504 221.589
90.854 126.318 119.911 126.318 119.911 221.531 90.854 221.531
90.213 127.944 119.317 127.944 119.317 223.270 90.213 223.270
89.585 128.424 118.616 128.424 118.616 224.189 89.585 224.189
88.934 129.085 117.953 129.085 117.953 225.180 88.934 225.180
88.086 141.206 117.281 141.206 117.281 237.766 88.086 237.766
87.113 138.535 116.146 138.535 116.146 235.850 87.113 235.850
86.058 140.115 115.140 140.115 115.140 237.903 86.058 237.903
85.671 141.137 114.643 141.137 114.643 239.233 85.671 239.233
84.568 136.973 113.623 136.973 113.623 235.409 84.568 235.409
84.045 139.363 113.104 139.363 113.104 238.370 84.045 238.370
83.321 135.513 112.322 135.513 112.322 235.316 83.321 235.316
82.316 132.130 111.460 132.130 111.460 232.447 82.316 232.447
81.726 130.289 110.989 130.289 110.989 230.908 81.726 230.908
80.880 129.014 110.297 129.014 110.297 230.022 80.880 230.022
80.198 128.226 109.540 128.226 109.540 229.992 80.198 229.992
79.999 128.523 109.392 128.523 109.392 230.845 79.999 230.845
79.294 127.928 108.750 127.928 108.750 230.830 79.294 230.830
79.659 127.692 109.249 127.692 109.249 230.594 79.659 230.594
79.753 128.089 109.397 128.089 109.397 231.489 79.753 231.489
80.193 128.964 110.008 128.964 110.008 232.558 80.193 232.558
80.328 127.672 110.266 127.672 110.266 231.630 80.328 231.630
80.161 127.027 110.191 127.027 110.191 231.436 80.161 231.436
80.251 126.484 110.357 126.484 110.357 231.290 80.251 231.290
80.122 127.476 110.330 127.476 110.330 232.545 80.122 232.545
79.880 127.147 110.183 127.147 110.183 232.666 79.880 232.666
80.357 127.217 110.780 127.217 110.780 232.791 80.357 232.791
80.351 127.144 110.735 127.144 110.735 233.050 80.351 233.050
80.695 126.445 111.227 126.445 111.227 232.519 80.695 232.519
80.714 127.496 111.386 127.496 111.386 233.846 80.714 233.846
80.344 128.097 111.149 128.097 111.149 234.803 80.344 234.803
80.060 127.084 110.992 127.084 110.992 233.849 80.060 233.849
80.231 126.958 111.306 126.958 111.306 233.964 80.231 233.964
80.266 126.483 111.356 126.483 111.356 233.663 80.266 233.663
80.089 126.913 111.200 126.913 111.200 234.229 80.089 234.229
79.954 125.791 111.133 125.791 111.133 233.230 79.954 233.230
79.896 126.454 111.224 126.454 111.224 234.230 79.896 234.230
80.346 125.215 111.595 125.215 111.595 233.252 80.346 233.252
80.261 125.691 111.539 125.691 111.539 233.943 80.261 233.943
80.386 124.571 111.710 124.571 111.710 233.232 80.386 233.232
