508.000 60.000 523.000 60.000 523.000 103.000 508.000 103.000
508.503 63.195 523.705 63.195 523.705 105.823 508.503 105.823
509.063 63.868 524.540 63.868 524.540 106.010 509.063 106.010
509.282 65.396 524.970 65.396 524.970 107.324 509.282 107.324
509.686 65.581 525.455 65.581 525.455 107.413 509.686 107.413
509.736 65.678 525.514 65.678 525.514 107.611 509.736 107.611
509.264 65.643 525.183 65.643 525.183 107.576 509.264 107.576
509.148 65.601 525.120 65.601 525.120 107.790 509.148 107.790
508.623 65.334 524.691 65.334 524.691 107.521 508.623 107.521
508.418 65.965 524.586 65.965 524.586 108.111 508.418 108.111
508.453 65.290 524.833 65.290 524.833 107.261 508.453 107.261
508.627 65.207 525.035 65.207 525.035 107.219 508.627 107.219
508.317 65.869 524.784 65.869 524.784 107.782 508.317 107.782
508.515 66.536 525.069 66.536 525.069 108.468 508.515 108.468
508.401 66.092 524.886 66.092 524.886 108.053 508.401 108.053
508.323 66.236 524.841 66.236 524.841 108.094 508.323 108.094
508.406 66.370 524.995 66.370 524.995 108.210 508.406 108.210
508.063 66.200 524.682 66.200 524.682 108.064 508.063 108.064
508.301 65.949 525.004 65.949 525.004 107.571 508.301 107.571
508.181 66.240 524.965 66.240 524.965 107.987 508.181 107.987
508.021 66.565 524.791 66.565 524.791 108.313 508.021 108.313
508.221 66.346 525.017 66.346 525.017 108.036 508.221 108.036
508.168 66.787 525.008 66.787 525.008 108.515 508.168 108.515
507.890 64.629 524.783 64.629 524.783 106.399 507.890 106.399
507.775 66.459 524.585 66.459 524.585 108.290 507.775 108.290
508.155 66.160 524.942 66.160 524.942 108.057 508.155 108.057
508.160 65.951 524.882 65.951 524.882 107.728 508.160 107.728
508.039 65.565 524.792 65.565 524.792 107.351 508.039 107.351
508.098 66.519 524.801 66.519 524.801 108.323 508.098 108.323
508.309 66.484 524.993 66.484 524.993 108.279 508.309 108.279
508.022 66.238 524.689 66.238 524.689 108.122 508.022 108.122
508.165 65.688 524.903 65.688 524.903 107.555 508.165 107.555
508.013 66.029 524.767 66.029 524.767 107.867 508.013 107.867
508.184 65.724 525.028 65.724 525.028 107.579 508.184 107.579
507.910 66.219 524.832 66.219 524.832 108.065 507.910 108.065
507.691 66.783 524.662 66.783 524.662 108.487 507.691 108.487
507.851 65.883 524.893 65.883 524.893 107.728 507.851 107.728
507.647 65.529 524.760 65.529 524.760 107.321 507.647 107.321
507.337 66.068 524.454 66.068 524.454 107.829 507.337 107.829
507.442 65.679 524.540 65.679 524.540 107.437 507.442 107.437
507.416 65.774 524.537 65.774 524.537 107.519 507.416 107.519
507.302 65.826 524.471 65.826 524.471 107.592 507.302 107.592
507.545 66.192 524.717 66.192 524.717 107.867 507.545 107.867
507.371 66.301 524.518 66.301 524.518 107.812 507.371 107.812
507.245 66.067 524.421 66.067 524.421 107.479 507.245 107.479
507.164 66.044 524.253 66.044 524.253 107.690 507.164 107.690
507.417 66.413 524.465 66.413 524.465 108.073 507.417 108.073
507.166 66.298 524.194 66.298 524.194 107.909 507.166 107.909
507.143 65.094 524.144 65.094 524.144 106.615 507.143 106.615
506.800 66.412 523.745 66.412 523.745 107.913 506.800 107.913
507.481 66.535 524.423 66.535 524.423 108.195 507.481 108.195
507.250 66.889 524.120 66.889 524.120 108.590 507.250 108.590
507.228 65.872 524.111 65.872 524.111 107.642 507.228 107.642
507.235 65.089 524.177 65.089 524.177 106.804 507.235 106.804
506.899 66.525 523.707 66.525 523.707 108.207 506.899 108.207
507.698 67.143 524.453 67.143 524.453 108.875 507.698 108.875
507.789 65.380 524.537 65.380 524.537 107.277 507.789 107.277
507.795 66.373 524.506 66.373 524.506 108.252 507.795 108.252
507.755 67.000 524.516 67.000 524.516 108.751 507.755 108.751
507.942 65.484 524.687 65.484 524.687 107.267 507.942 107.267
508.053 66.381 524.863 66.381 524.863 107.943 508.053 107.943
508.099 66.470 524.835 66.470 524.835 108.093 508.099 108.093
507.737 66.437 524.502 66.437 524.502 108.214 507.737 108.214
507.674 67.442 524.432 67.442 524.432 109.260 507.674 109.260
507.961 65.735 524.729 65.735 524.729 107.729 507.961 107.729
507.647 65.573 524.443 65.573 524.443 107.654 507.647 107.654
507.550 66.898 524.436 66.898 524.436 108.818 507.550 108.818
507.772 64.810 524.695 64.810 524.695 106.647 507.772 106.647
507.461 66.422 524.357 66.422 524.357 108.236 507.461 108.236
507.514 66.430 524.428 66.430 524.428 108.318 507.514 108.318
507.601 65.740 524.564 65.740 524.564 107.527 507.601 107.527
507.577 66.334 524.543 66.334 524.543 108.094 507.577 108.094
507.546 66.567 524.547 66.567 524.547 108.346 507.546 108.346
507.631 66.091 524.587 66.091 524.587 108.011 507.631 108.011
507.636 66.963 524.618 66.963 524.618 108.588 507.636 108.588
507.726 65.297 524.723 65.297 524.723 106.926 507.726 106.926
507.697 66.713 524.605 66.713 524.605 108.317 507.697 108.317
507.867 65.774 524.814 65.774 524.814 107.522 507.867 107.522
507.486 66.201 524.420 66.201 524.420 107.951 507.486 107.951
507.711 66.193 524.605 66.193 524.605 107.834 507.711 107.834
507.782 65.869 524.761 65.869 524.761 107.517 507.782 107.517
507.878 65.772 524.760 65.772 524.760 107.395 507.878 107.395
507.909 65.682 524.775 65.682 524.775 107.377 507.909 107.377
507.969 66.581 524.858 66.581 524.858 108.412 507.969 108.412
507.643 67.889 524.589 67.889 524.589 109.685 507.643 109.685
507.634 73.367 524.421 73.367 524.421 114.934 507.634 114.934
507.666 78.726 524.389 78.726 524.389 119.660 507.666 119.660
507.927 80.337 524.637 80.337 524.637 121.187 507.927 121.187
508.437 78.620 525.240 78.620 525.240 119.454 508.437 119.454
507.970 79.798 524.750 79.798 524.750 120.467 507.970 120.467
508.630 79.418 525.429 79.418 525.429 120.263 508.630 120.263
508.569 79.675 525.349 79.675 525.349 120.765 508.569 120.765
508.465 79.148 525.345 79.148 525.345 120.199 508.465 120.199
508.542 79.948 525.471 79.948 525.471 121.004 508.542 121.004
508.033 83.960 524.901 83.960 524.901 124.946 508.033 124.946
507.802 89.636 524.650 89.636 524.650 130.260 507.802 130.260
508.207 94.193 524.784 94.193 524.784 134.229 508.207 134.229
508.825 97.391 525.230 97.391 525.230 137.525 508.825 137.525
509.767 97.336 526.234 97.336 526.234 137.585 509.767 137.585
510.646 97.099 527.263 97.099 527.263 137.521 510.646 137.521
511.205 97.186 527.860 97.186 527.860 137.735 511.205 137.735
511.789 96.857 528.527 96.857 528.527 137.636 511.789 137.636
512.174 97.543 528.962 97.543 528.962 138.599 512.174 138.599
512.537 96.751 529.392 96.751 529.392 137.738 512.537 137.738
512.061 97.565 529.075 97.565 529.075 138.599 512.061 138.599
512.038 98.635 529.121 98.635 529.121 139.688 512.038 139.688
512.080 97.720 529.246 97.720 529.246 138.929 512.080 138.929
511.134 99.730 528.307 99.730 528.307 140.829 511.134 140.829
510.858 99.534 528.040 99.534 528.040 140.773 510.858 140.773
510.472 99.136 527.652 99.136 527.652 140.470 510.472 140.470
510.018 99.021 527.078 99.021 527.078 140.480 510.018 140.480
509.715 98.771 526.790 98.771 526.790 140.386 509.715 140.386
509.451 99.815 526.528 99.815 526.528 141.492 509.451 141.492
508.952 100.265 526.066 100.265 526.066 141.900 508.952 141.900
508.801 100.096 525.871 100.096 525.871 141.787 508.801 141.787
508.723 100.280 525.731 100.280 525.731 141.850 508.723 141.850
508.594 101.977 525.571 101.977 525.571 143.417 508.594 143.417
508.376 102.228 525.364 102.228 525.364 143.785 508.376 143.785
508.290 102.221 525.238 102.221 525.238 143.892 508.290 143.892
508.031 102.694 524.977 102.694 524.977 144.417 508.031 144.417
508.034 102.711 524.921 102.711 524.921 144.573 508.034 144.573
507.426 102.595 524.345 102.595 524.345 144.421 507.426 144.421
506.471 103.370 523.443 103.370 523.443 145.216 506.471 145.216
505.610 104.580 522.534 104.580 522.534 146.469 505.610 146.469
505.062 104.527 521.926 104.527 521.926 146.544 505.062 146.544
504.715 104.400 521.700 104.400 521.700 146.446 504.715 146.446
504.380 104.093 521.425 104.093 521.425 145.953 504.380 145.953
504.636 105.333 521.750 105.333 521.750 147.167 504.636 147.167
504.552 105.870 521.638 105.870 521.638 147.848 504.552 147.848
504.916 105.864 521.970 105.864 521.970 147.867 504.916 147.867
505.109 105.031 522.216 105.031 522.216 147.082 505.109 147.082
505.335 105.284 522.446 105.284 522.446 147.363 505.335 147.363
505.053 105.050 522.164 105.050 522.164 146.967 505.053 146.967
505.495 105.322 522.652 105.322 522.652 147.347 505.495 147.347
505.539 104.882 522.746 104.882 522.746 146.740 505.539 146.740
505.452 106.339 522.546 106.339 522.546 148.095 505.452 148.095
505.757 105.401 522.880 105.401 522.880 147.226 505.757 147.226
505.441 105.128 522.488 105.128 522.488 147.086 505.441 147.086
505.725 105.605 522.680 105.605 522.680 147.570 505.725 147.570
505.619 105.802 522.542 105.802 522.542 147.867 505.619 147.867
505.647 105.554 522.631 105.554 522.631 147.643 505.647 147.643
505.455 105.976 522.411 105.976 522.411 148.060 505.455 148.060
505.840 106.156 522.938 106.156 522.938 148.362 505.840 148.362
505.597 105.987 522.797 105.987 522.797 148.229 505.597 148.229
505.208 105.851 522.360 105.851 522.360 148.244 505.208 148.244
504.757 105.820 521.910 105.820 521.910 148.265 504.757 148.265
504.522 106.102 521.719 106.102 521.719 148.702 504.522 148.702
503.854 106.294 521.082 106.294 521.082 148.775 503.854 148.775
503.029 108.151 520.228 108.151 520.228 150.605 503.029 150.605
502.574 106.872 519.873 106.872 519.873 149.504 502.574 149.504
501.775 106.761 519.012 106.761 519.012 149.393 501.775 149.393
500.971 107.649 518.157 107.649 518.157 150.192 500.971 150.192
500.784 107.383 517.957 107.383 517.957 150.060 500.784 150.060
500.234 108.539 517.305 108.539 517.305 151.163 500.234 151.163
499.907 108.779 516.885 108.779 516.885 151.642 499.907 151.642
499.628 108.516 516.689 108.516 516.689 151.386 499.628 151.386
499.129 109.447 516.108 109.447 516.108 152.203 499.129 152.203
499.139 109.703 516.050 109.703 516.050 152.498 499.139 152.498
498.929 110.018 515.837 110.018 515.837 152.813 498.929 152.813
498.332 110.405 515.307 110.405 515.307 153.335 498.332 153.335
497.943 110.688 514.985 110.688 514.985 153.718 497.943 153.718
497.589 110.389 514.644 110.389 514.644 153.327 497.589 153.327
496.873 111.556 513.972 111.556 513.972 154.360 496.873 154.360
496.684 112.793 513.729 112.793 513.729 155.509 496.684 155.509
496.638 112.407 513.563 112.407 513.563 155.251 496.638 155.251
496.407 111.704 513.316 111.704 513.316 154.504 496.407 154.504
496.494 111.704 513.381 111.704 513.381 154.634 496.494 154.634
496.306 111.882 513.181 111.882 513.181 154.836 496.306 154.836
496.449 111.615 513.371 111.615 513.371 154.616 496.449 154.616
496.094 111.937 513.077 111.937 513.077 154.849 496.094 154.849
496.161 111.966 513.168 111.966 513.168 154.970 496.161 154.970
496.350 112.783 513.353 112.783 513.353 155.814 496.350 155.814
496.706 112.909 513.751 112.909 513.751 155.831 496.706 155.831
496.817 113.724 513.869 113.724 513.869 156.841 496.817 156.841
496.909 112.851 514.074 112.851 514.074 156.131 496.909 156.131
497.134 113.595 514.254 113.595 514.254 156.868 497.134 156.868
496.892 113.522 514.114 113.522 514.114 156.974 496.892 156.974
496.690 113.346 513.894 113.346 513.894 156.808 496.690 156.808
496.078 114.652 513.410 114.652 513.410 157.935 496.078 157.935
495.809 114.195 513.175 114.195 513.175 157.467 495.809 157.467
495.540 113.791 512.848 113.791 512.848 157.169 495.540 157.169
495.279 113.090 512.621 113.090 512.621 156.793 495.279 156.793
494.938 113.819 512.388 113.819 512.388 157.672 494.938 157.672
494.747 114.125 512.250 114.125 512.250 158.018 494.747 158.018
494.847 113.153 512.370 113.153 512.370 157.208 494.847 157.208
494.739 113.114 512.345 113.114 512.345 157.260 494.739 157.260
494.755 112.669 512.342 112.669 512.342 156.935 494.755 156.935
494.533 112.858 512.228 112.858 512.228 157.187 494.533 157.187
494.400 113.379 512.176 113.379 512.176 157.832 494.400 157.832
494.758 112.787 512.493 112.787 512.493 157.327 494.758 157.327
494.275 112.628 512.018 112.628 512.018 157.203 494.275 157.203
494.461 112.301 512.235 112.301 512.235 156.954 494.461 156.954
495.077 112.507 512.843 112.507 512.843 157.351 495.077 157.351
494.596 112.576 512.400 112.576 512.400 157.421 494.596 157.421
494.599 112.899 512.339 112.899 512.339 157.822 494.599 157.822
494.674 112.858 512.520 112.858 512.520 157.803 494.674 157.803
494.579 112.524 512.350 112.524 512.350 157.648 494.579 157.648
494.512 112.612 512.250 112.612 512.250 157.850 494.512 157.850
494.573 112.703 512.247 112.703 512.247 158.137 494.573 158.137
494.555 112.191 512.268 112.191 512.268 157.515 494.555 157.515
494.364 112.703 512.062 112.703 512.062 158.171 494.364 158.171
494.491 112.456 512.228 112.456 512.228 158.057 494.491 158.057
494.695 112.581 512.507 112.581 512.507 158.156 494.695 158.156
494.370 113.185 512.241 113.185 512.241 158.555 494.370 158.555
494.451 113.158 512.361 113.158 512.361 158.565 494.451 158.565
494.347 112.716 512.228 112.716 512.228 158.249 494.347 158.249
493.882 113.033 511.813 113.033 511.813 158.686 493.882 158.686
493.732 112.665 511.711 112.665 511.711 158.224 493.732 158.224
493.523 112.709 511.532 112.709 511.532 158.263 493.523 158.263
493.896 112.304 512.002 112.304 512.002 158.011 493.896 158.011
494.045 112.900 512.089 112.900 512.089 158.514 494.045 158.514
493.971 113.585 512.116 113.585 512.116 158.941 493.971 158.941
480.727 111.903 499.101 111.903 499.101 157.575 480.727 157.575
467.406 111.887 486.072 111.887 486.072 157.698 467.406 157.698
454.066 112.425 472.830 112.425 472.830 158.390 454.066 158.390
443.703 113.317 462.622 113.317 462.622 158.956 443.703 158.956
442.354 113.535 461.364 113.535 461.364 158.944 442.354 158.944
441.579 113.715 460.682 113.715 460.682 158.869 441.579 158.869
441.648 112.983 460.656 112.983 460.656 158.200 441.648 158.200
442.191 111.712 461.209 111.712 461.209 156.830 442.191 156.830
436.873 110.259 455.953 110.259 455.953 155.483 436.873 155.483
423.393 109.802 442.444 109.802 442.444 155.406 423.393 155.406
402.387 110.759 421.707 110.759 421.707 155.934 402.387 155.934
397.176 111.559 416.392 111.559 416.392 156.600 397.176 156.600
396.535 111.118 415.650 111.118 415.650 155.851 396.535 155.851
396.017 111.305 415.122 111.305 415.122 155.782 396.017 155.782
396.191 110.085 415.240 110.085 415.240 154.470 396.191 154.470
396.533 109.940 415.486 109.940 415.486 154.339 396.533 154.339
396.978 110.307 415.922 110.307 415.922 154.455 396.978 154.455
398.115 109.824 416.933 109.824 416.933 154.065 398.115 154.065
398.753 108.063 417.558 108.063 417.558 152.208 398.753 152.208
399.738 107.936 418.434 107.936 418.434 151.970 399.738 151.970
400.313 107.772 418.868 107.772 418.868 151.649 400.313 151.649
401.322 106.862 419.885 106.862 419.885 150.525 401.322 150.525
401.899 106.690 420.326 106.690 420.326 150.372 401.899 150.372
402.651 106.294 420.946 106.294 420.946 149.798 402.651 149.798
403.225 105.978 421.537 105.978 421.537 149.450 403.225 149.450
403.679 105.702 421.860 105.702 421.860 148.890 403.679 148.890
404.241 105.044 422.404 105.044 422.404 148.328 404.241 148.328
404.735 104.259 422.776 104.259 422.776 147.475 404.735 147.475
405.547 104.679 423.671 104.679 423.671 147.700 405.547 147.700
405.859 105.779 424.080 105.779 424.080 148.620 405.859 148.620
406.166 105.370 424.418 105.370 424.418 147.925 406.166 147.925
406.748 103.412 424.917 103.412 424.917 145.950 406.748 145.950
407.440 103.303 425.656 103.303 425.656 145.566 407.440 145.566
407.618 103.375 425.688 103.375 425.688 145.644 407.618 145.644
407.653 102.614 425.620 102.614 425.620 144.892 407.653 144.892
407.881 102.712 425.834 102.712 425.834 144.697 407.881 144.697
408.159 103.057 425.952 103.057 425.952 144.954 408.159 144.954
408.451 102.923 426.071 102.923 426.071 144.517 408.451 144.517
408.839 102.355 426.484 102.355 426.484 143.742 408.839 143.742
409.015 101.504 426.644 101.504 426.644 142.745 409.015 142.745
409.013 100.700 426.721 100.700 426.721 141.629 409.013 141.629
409.275 100.296 426.910 100.296 426.910 141.237 409.275 141.237
409.646 99.404 427.256 99.404 427.256 140.080 409.646 140.080
410.151 99.054 427.771 99.054 427.771 139.564 410.151 139.564
410.562 98.602 428.049 98.602 428.049 138.955 410.562 138.955
410.487 99.312 427.960 99.312 427.960 139.488 410.487 139.488
410.385 98.554 427.906 98.554 427.906 138.612 410.385 138.612
410.271 99.918 427.668 99.918 427.668 139.773 410.271 139.773
410.464 98.940 427.818 98.940 427.818 138.710 410.464 138.710
410.409 98.878 427.673 98.878 427.673 138.561 410.409 138.561
410.856 99.044 428.117 99.044 428.117 138.585 410.856 138.585
411.347 98.451 428.574 98.451 428.574 138.080 411.347 138.080
411.756 97.404 428.977 97.404 428.977 136.981 411.756 136.981
412.009 96.198 429.193 96.198 429.193 135.797 412.009 135.797
412.774 95.887 429.789 95.887 429.789 135.409 412.774 135.409
413.302 95.837 430.199 95.837 430.199 135.315 413.302 135.315
413.786 95.586 430.594 95.586 430.594 134.958 413.786 134.958
414.459 95.501 431.161 95.501 431.161 134.678 414.459 134.678
415.328 95.131 431.953 95.131 431.953 134.053 415.328 134.053
415.574 94.677 432.038 94.677 432.038 133.544 415.574 133.544
415.846 95.226 432.182 95.226 432.182 134.076 415.846 134.076
416.582 94.729 432.958 94.729 432.958 133.487 416.582 133.487
417.036 94.743 433.296 94.743 433.296 133.486 417.036 133.486
417.328 93.544 433.523 93.544 433.523 132.098 417.328 132.098
417.499 93.682 433.601 93.682 433.601 132.013 417.499 132.013
418.267 93.030 434.206 93.030 434.206 131.288 418.267 131.288
418.632 93.346 434.425 93.346 434.425 131.543 418.632 131.543
419.407 93.857 435.075 93.857 435.075 131.855 419.407 131.855
420.138 93.637 435.643 93.637 435.643 131.446 420.138 131.446
420.733 92.320 436.238 92.320 436.238 129.549 420.733 129.549
421.351 91.633 436.750 91.633 436.750 128.546 421.351 128.546
421.877 92.113 437.324 92.113 437.324 128.921 421.877 128.921
422.570 91.802 438.115 91.802 438.115 128.423 422.570 128.423
423.247 91.581 438.713 91.581 438.713 127.993 423.247 127.993
423.797 91.252 439.171 91.252 439.171 127.616 423.797 127.616
424.689 91.128 440.093 91.128 440.093 127.221 424.689 127.221
425.773 89.611 441.088 89.611 441.088 125.948 425.773 125.948
426.340 89.051 441.587 89.051 441.587 125.525 426.340 125.525
426.875 88.741 442.079 88.741 442.079 124.996 426.875 124.996
427.219 88.730 442.354 88.730 442.354 124.923 427.219 124.923
428.143 88.566 443.143 88.566 443.143 124.782 428.143 124.782
428.248 88.245 443.203 88.245 443.203 124.375 428.248 124.375
428.256 88.206 443.306 88.206 443.306 124.068 428.256 124.068
428.345 88.394 443.430 88.394 443.430 124.082 428.345 124.082
428.109 88.447 443.172 88.447 443.172 124.015 428.109 124.015
427.753 88.526 442.820 88.526 442.820 123.781 427.753 123.781
427.653 88.635 442.731 88.635 442.731 123.620 427.653 123.620
427.760 89.099 442.714 89.099 442.714 123.887 427.760 123.887
427.972 89.013 442.876 89.013 442.876 123.741 427.972 123.741
428.068 88.623 442.908 88.623 442.908 123.129 428.068 123.129
428.316 87.868 443.226 87.868 443.226 122.171 428.316 122.171
428.479 86.962 443.344 86.962 443.344 121.139 428.479 121.139
428.511 86.882 443.265 86.882 443.265 120.849 428.511 120.849
428.645 86.089 443.468 86.089 443.468 119.967 428.645 119.967
428.736 85.633 443.577 85.633 443.577 119.514 428.736 119.514
428.793 85.418 443.616 85.418 443.616 119.343 428.793 119.343
429.316 85.293 444.049 85.293 444.049 119.412 429.316 119.412
429.391 85.241 444.021 85.241 444.021 119.592 429.391 119.592
429.359 85.056 443.938 85.056 443.938 119.369 429.359 119.369
429.676 84.734 444.210 84.734 444.210 119.227 429.676 119.227
429.939 84.531 444.441 84.531 444.441 119.139 429.939 119.139
430.186 84.523 444.667 84.523 444.667 119.096 430.186 119.096
430.174 84.760 444.647 84.760 444.647 119.392 430.174 119.392
430.531 84.758 445.087 84.758 445.087 119.342 430.531 119.342
430.472 85.141 445.063 85.141 445.063 119.669 430.472 119.669
430.726 84.587 445.350 84.587 445.350 119.230 430.726 119.230
430.435 84.572 445.024 84.572 445.024 119.313 430.435 119.313
430.628 84.443 445.247 84.443 445.247 119.223 430.628 119.223
430.863 84.414 445.410 84.414 445.410 119.301 430.863 119.301
430.934 83.831 445.507 83.831 445.507 118.540 430.934 118.540
431.106 82.876 445.753 82.876 445.753 117.632 431.106 117.632
431.183 83.161 445.954 83.161 445.954 117.745 431.183 117.745
431.315 82.752 446.128 82.752 446.128 117.394 431.315 117.394
431.328 82.907 446.194 82.907 446.194 117.563 431.328 117.563
431.426 83.499 446.282 83.499 446.282 118.162 431.426 118.162
431.550 82.978 446.386 82.978 446.386 117.698 431.550 117.698
431.958 82.363 446.785 82.363 446.785 116.879 431.958 116.879
432.147 82.017 447.052 82.017 447.052 116.413 432.147 116.413
432.323 82.177 447.155 82.177 447.155 116.553 432.323 116.553
432.501 82.160 447.344 82.160 447.344 116.655 432.501 116.655
432.758 82.754 447.626 82.754 447.626 117.027 432.758 117.027
432.995 83.016 447.866 83.016 447.866 117.111 432.995 117.111
433.845 82.603 448.598 82.603 448.598 116.700 433.845 116.700
434.856 81.907 449.650 81.907 449.650 116.014 434.856 116.014
435.505 81.520 450.391 81.520 450.391 115.487 435.505 115.487
436.070 81.119 451.035 81.119 451.035 115.106 436.070 115.106
436.493 81.242 451.414 81.242 451.414 115.324 436.493 115.324
436.813 80.857 451.760 80.857 451.760 115.139 436.813 115.139
437.234 81.094 452.193 81.094 452.193 115.243 437.234 115.243
437.668 81.159 452.723 81.159 452.723 115.175 437.668 115.175
437.893 80.697 453.003 80.697 453.003 114.733 437.893 114.733
438.110 80.798 453.235 80.798 453.235 114.783 438.110 114.783
438.437 81.086 453.537 81.086 453.537 114.824 438.437 114.824
438.596 81.075 453.686 81.075 453.686 114.678 438.596 114.678
