420.000 287.000 452.000 287.000 452.000 377.000 420.000 377.000
417.818 287.093 449.632 287.093 449.632 377.458 417.818 377.458
416.634 286.169 448.478 286.169 448.478 376.842 416.634 376.842
415.182 285.755 447.227 285.755 447.227 376.042 415.182 376.042
413.559 284.913 445.670 284.913 445.670 374.876 413.559 374.876
412.124 283.434 444.122 283.434 444.122 373.291 412.124 373.291
410.388 282.072 442.418 282.072 442.418 371.464 410.388 371.464
408.500 284.102 440.431 284.102 440.431 373.518 408.500 373.518
406.195 282.108 438.078 282.108 438.078 371.587 406.195 371.587
404.737 283.164 436.650 283.164 436.650 372.547 404.737 372.547
403.263 281.988 435.140 281.988 435.140 371.494 403.263 371.494
402.197 284.341 433.989 284.341 433.989 373.808 402.197 373.808
401.106 283.315 432.714 283.315 432.714 372.836 401.106 372.836
399.681 281.202 431.447 281.202 431.447 370.654 399.681 370.654
398.461 281.811 430.301 281.811 430.301 370.967 398.461 370.967
397.010 282.316 428.808 282.316 428.808 371.062 397.010 371.062
395.044 279.618 426.649 279.618 426.649 368.578 395.044 368.578
394.224 281.403 425.832 281.403 425.832 370.479 394.224 370.479
392.663 279.815 424.310 279.815 424.310 368.917 392.663 368.917
391.933 281.227 423.458 281.227 423.458 370.506 391.933 370.506
387.244 279.186 418.054 279.186 418.054 369.431 387.244 369.431
387.990 277.738 418.547 277.738 418.547 368.102 387.990 368.102
387.426 278.059 417.738 278.059 417.738 368.157 387.426 368.157
384.891 274.912 414.605 274.912 414.605 365.850 384.891 365.850
384.413 274.286 413.783 274.286 413.783 365.601 384.413 365.601
382.111 274.694 411.379 274.694 411.379 366.219 382.111 366.219
382.460 272.570 411.445 272.570 411.445 364.927 382.460 364.927
380.913 274.788 409.741 274.788 409.741 367.282 380.913 367.282
380.152 272.976 408.641 272.976 408.641 365.938 380.152 365.938
379.345 274.017 407.642 274.017 407.642 366.953 379.345 366.953
377.535 273.251 405.749 273.251 405.749 366.040 377.535 366.040
376.323 272.748 404.558 272.748 404.558 365.332 376.323 365.332
375.131 271.427 403.275 271.427 403.275 364.200 375.131 364.200
374.042 270.860 402.158 270.860 402.158 363.679 374.042 363.679
373.463 269.606 401.656 269.606 401.656 362.091 373.463 362.091
371.879 270.203 400.133 270.203 400.133 362.626 371.879 362.626
370.882 269.238 399.094 269.238 399.094 361.794 370.882 361.794
369.709 270.842 397.963 270.842 397.963 363.454 369.709 363.454
368.522 270.307 396.790 270.307 396.790 362.915 368.522 362.915
368.428 268.729 396.669 268.729 396.669 361.445 368.428 361.445
367.098 269.890 395.621 269.890 395.621 362.187 367.098 362.187
366.006 268.105 394.787 268.105 394.787 360.356 366.006 360.356
366.136 265.377 395.161 265.377 395.161 357.511 366.136 357.511
365.704 265.691 395.094 265.691 395.094 357.639 365.704 357.639
365.796 263.651 395.286 263.651 395.286 355.770 365.796 355.770
363.707 266.106 393.577 266.106 393.577 357.633 363.707 357.633
362.751 264.490 392.654 264.490 392.654 356.117 362.751 356.117
361.417 266.406 391.354 266.406 391.354 357.883 361.417 357.883
360.722 267.662 390.392 267.662 390.392 359.300 360.722 359.300
359.657 264.734 389.117 264.734 389.117 356.455 359.657 356.455
359.209 264.146 388.401 264.146 388.401 356.072 359.209 356.072
356.793 263.803 385.667 263.803 385.667 355.656 356.793 355.656
356.000 260.714 384.714 260.714 384.714 352.475 356.000 352.475
356.181 257.641 384.434 257.641 384.434 350.248 356.181 350.248
353.778 260.200 381.990 260.200 381.990 352.535 353.778 352.535
353.829 259.539 381.966 259.539 381.966 351.927 353.829 351.927
352.594 261.417 381.057 261.417 381.057 353.223 352.594 353.223
351.121 261.311 379.634 261.311 379.634 352.552 351.121 352.552
350.327 262.627 379.083 262.627 379.083 352.871 350.327 352.871
350.201 260.228 378.991 260.228 378.991 349.849 350.201 349.849
348.428 259.929 377.333 259.929 377.333 349.280 348.428 349.280
347.502 254.648 376.470 254.648 376.470 344.000 347.502 344.000
346.089 256.065 375.391 256.065 375.391 345.529 346.089 345.529
345.762 255.395 375.312 255.395 375.312 344.523 345.762 344.523
343.960 256.630 373.698 256.630 373.698 345.612 343.960 345.612
343.748 257.158 373.965 257.158 373.965 345.222 343.748 345.222
342.414 259.651 372.909 259.651 372.909 347.119 342.414 347.119
340.790 257.949 371.003 257.949 371.003 345.502 340.790 345.502
339.988 255.946 369.689 255.946 369.689 344.022 339.988 344.022
338.304 255.236 367.776 255.236 367.776 343.377 338.304 343.377
337.232 253.140 366.343 253.140 366.343 341.465 337.232 341.465
336.726 251.005 365.758 251.005 365.758 339.265 336.726 339.265
337.174 252.333 365.677 252.333 365.677 341.336 337.174 341.336
335.585 251.434 363.773 251.434 363.773 340.805 335.585 340.805
334.914 253.544 363.213 253.544 363.213 342.494 334.914 342.494
333.591 253.643 362.238 253.643 362.238 341.977 333.591 341.977
332.256 252.987 361.276 252.987 361.276 340.778 332.256 340.778
331.763 249.781 360.830 249.781 360.830 337.953 331.763 337.953
330.242 250.008 359.268 250.008 359.268 338.620 330.242 338.620
328.682 246.851 357.777 246.851 357.777 335.820 328.682 335.820
327.816 247.716 357.298 247.716 357.298 336.204 327.816 336.204
326.658 246.430 356.343 246.430 356.343 334.386 326.658 334.386
324.926 246.863 354.682 246.863 354.682 334.858 324.926 334.858
323.517 246.035 353.376 246.035 353.376 334.288 323.517 334.288
322.139 248.952 352.231 248.952 352.231 337.496 322.139 337.496
320.700 246.763 350.759 246.763 350.759 335.346 320.700 335.346
319.163 246.294 349.300 246.294 349.300 335.131 319.163 335.131
319.361 243.584 349.321 243.584 349.321 333.126 319.361 333.126
318.010 241.533 347.480 241.533 347.480 332.229 318.010 332.229
316.257 239.487 345.617 239.487 345.617 331.021 316.257 331.021
315.816 237.304 345.080 237.304 345.080 330.001 315.816 330.001
314.730 236.139 343.933 236.139 343.933 329.958 314.730 329.958
314.054 236.276 343.385 236.276 343.385 331.022 314.054 331.022
313.195 234.971 342.836 234.971 342.836 330.207 313.195 330.207
311.460 236.151 341.306 236.151 341.306 332.786 311.460 332.786
310.542 233.347 340.417 233.347 340.417 330.990 310.542 330.990
311.785 230.824 342.156 230.824 342.156 328.862 311.785 328.862
313.891 227.375 344.517 227.375 344.517 326.491 313.891 326.491
318.158 225.844 349.281 225.844 349.281 326.049 318.158 326.049
320.605 224.049 352.099 224.049 352.099 325.153 320.605 325.153
323.893 223.058 355.788 223.058 355.788 325.008 323.893 325.008
326.845 223.256 359.073 223.256 359.073 325.814 326.845 325.814
329.214 223.367 361.697 223.367 361.697 326.330 329.214 326.330
332.198 223.921 365.204 223.921 365.204 326.961 332.198 326.961
335.911 224.169 369.358 224.169 369.358 327.330 335.911 327.330
338.753 224.709 372.790 224.709 372.790 327.117 338.753 327.117
342.457 222.264 376.779 222.264 376.779 324.424 342.457 324.424
345.690 220.506 379.995 220.506 379.995 322.587 345.690 322.587
348.984 220.066 383.494 220.066 383.494 322.185 348.984 322.185
352.690 219.407 387.260 219.407 387.260 322.046 352.690 322.046
356.603 220.688 391.219 220.688 391.219 323.518 356.603 323.518
359.330 220.950 394.016 220.950 394.016 323.924 359.330 323.924
362.397 220.285 397.290 220.285 397.290 322.991 362.397 322.991
365.095 218.599 399.865 218.599 399.865 321.674 365.095 321.674
368.279 217.959 403.162 217.959 403.162 320.851 368.279 320.851
370.783 216.817 405.547 216.817 405.547 319.838 370.783 319.838
374.593 216.043 408.959 216.043 408.959 320.249 374.593 320.249
378.635 213.610 412.664 213.610 412.664 318.602 378.635 318.602
386.207 211.532 420.284 211.532 420.284 316.684 386.207 316.684
386.839 212.706 420.792 212.706 420.792 318.364 386.839 318.364
389.362 210.535 423.251 210.535 423.251 316.571 389.362 316.571
391.959 212.958 426.412 212.958 426.412 318.768 391.959 318.768
400.012 211.880 434.750 211.880 434.750 317.781 400.012 317.781
401.910 210.513 436.650 210.513 436.650 316.242 401.910 316.242
404.776 216.486 439.704 216.486 439.704 321.528 404.776 321.528
408.081 213.812 443.122 213.812 443.122 318.270 408.081 318.270
412.480 217.360 447.485 217.360 447.485 321.294 412.480 321.294
415.074 215.918 450.078 215.918 450.078 319.408 415.074 319.408
419.320 218.247 454.552 218.247 454.552 320.849 419.320 320.849
423.895 217.507 459.180 217.507 459.180 319.838 423.895 319.838
424.980 215.516 460.360 215.516 460.360 317.120 424.980 317.120
426.076 214.754 461.296 214.754 461.296 316.444 426.076 316.444
426.036 214.900 461.076 214.900 461.076 316.261 426.036 316.261
425.659 216.926 460.394 216.926 460.394 317.903 425.659 317.903
423.897 215.271 458.241 215.271 458.241 315.531 423.897 315.531
423.328 215.721 457.222 215.721 457.222 316.113 423.328 316.113
423.372 213.574 456.722 213.574 456.722 313.612 423.372 313.612
422.783 215.030 455.831 215.030 455.831 314.550 422.783 314.550
422.427 211.439 455.366 211.439 455.366 310.905 422.427 310.905
422.183 213.377 455.062 213.377 455.062 312.506 422.183 312.506
422.270 212.773 454.695 212.773 454.695 311.320 422.270 311.320
422.191 210.657 454.247 210.657 454.247 308.903 422.191 308.903
421.342 211.794 453.171 211.794 453.171 309.847 421.342 309.847
420.008 209.909 451.700 209.909 451.700 307.660 420.008 307.660
420.519 211.523 451.887 211.523 451.887 309.221 420.519 309.221
419.636 212.230 451.066 212.230 451.066 309.167 419.636 309.167
418.602 211.499 450.225 211.499 450.225 307.382 418.602 307.382
418.088 212.879 449.634 212.879 449.634 308.235 418.088 308.235
417.043 213.595 448.877 213.595 448.877 307.506 417.043 307.506
416.875 213.878 448.594 213.878 448.594 306.856 416.875 306.856
411.645 215.415 443.466 215.415 443.466 307.996 411.645 307.996
452.310 183.531 483.315 183.531 483.315 276.069 452.310 276.069
453.515 182.406 483.873 182.406 483.873 274.383 453.515 274.383
453.672 181.925 483.605 181.925 483.605 273.131 453.672 273.131
453.003 182.314 482.856 182.314 482.856 272.443 453.003 272.443
453.029 181.925 482.652 181.925 482.652 270.615 453.029 270.615
452.783 181.065 482.442 181.065 482.442 268.160 452.783 268.160
452.810 178.883 482.031 178.883 482.031 264.409 452.810 264.409
452.197 178.329 481.444 178.329 481.444 261.693 452.197 261.693
451.608 175.219 480.484 175.219 480.484 257.664 451.608 257.664
451.361 177.301 480.095 177.301 480.095 258.414 451.361 258.414
450.500 175.746 478.911 175.746 478.911 256.196 450.500 256.196
451.528 177.956 479.552 177.956 479.552 257.569 451.528 257.569
450.991 180.024 478.909 180.024 478.909 258.455 450.991 258.455
451.014 180.301 478.628 180.301 478.628 258.023 451.014 258.023
449.785 180.450 477.242 180.450 477.242 257.638 449.785 257.638
449.636 179.506 476.914 179.506 476.914 256.344 449.636 256.344
449.827 181.463 476.995 181.463 476.995 257.653 449.827 257.653
450.034 183.269 477.004 183.269 477.004 258.655 450.034 258.655
448.875 181.738 475.555 181.738 475.555 257.052 448.875 257.052
447.603 180.144 474.097 180.144 474.097 255.228 447.603 255.228
447.837 181.148 474.224 181.148 474.224 255.932 447.837 255.932
446.569 179.352 472.680 179.352 472.680 254.142 446.569 254.142
446.636 179.635 472.474 179.635 472.474 254.420 446.636 254.420
445.080 176.290 470.696 176.290 470.696 251.623 445.080 251.623
444.235 173.067 469.608 173.067 469.608 249.859 444.235 249.859
443.006 170.313 468.245 170.313 468.245 248.569 443.006 248.569
441.045 168.977 466.434 168.977 466.434 248.531 441.045 248.531
439.844 166.598 465.361 166.598 465.361 247.341 439.844 247.341
439.095 166.145 464.819 166.145 464.819 247.716 439.095 247.716
439.462 166.132 465.280 166.132 465.280 248.640 439.462 248.640
438.964 164.977 464.969 164.977 464.969 248.028 438.964 248.028
438.119 165.277 464.268 165.277 464.268 248.898 438.119 248.898
438.187 166.297 464.562 166.297 464.562 250.298 438.187 250.298
438.072 164.235 464.519 164.235 464.519 248.832 438.072 248.832
437.732 167.041 464.443 167.041 464.443 251.308 437.732 251.308
438.230 164.437 465.125 164.437 465.125 248.562 438.230 248.562
437.996 166.594 465.296 166.594 465.296 250.268 437.996 250.268
441.117 163.849 468.855 163.849 468.855 247.948 441.117 247.948
442.961 163.071 470.872 163.071 470.872 247.834 442.961 247.834
450.532 163.967 478.674 163.967 478.674 248.698 450.532 248.698
456.472 161.638 484.733 161.638 484.733 246.770 456.472 246.770
457.496 164.371 485.890 164.371 485.890 249.694 457.496 249.694
464.128 162.794 492.935 162.794 492.935 248.079 464.128 248.079
465.820 164.596 494.894 164.596 494.894 249.501 465.820 249.501
472.870 165.732 502.115 165.732 502.115 250.659 472.870 250.659
474.446 164.031 503.892 164.031 503.892 249.292 474.446 249.292
477.317 163.060 506.845 163.060 506.845 248.259 477.317 248.259
480.688 163.162 510.428 163.162 510.428 248.649 480.688 248.649
488.946 163.914 518.541 163.914 518.541 249.300 488.946 249.300
491.383 160.902 520.967 160.902 520.967 246.591 491.383 246.591
493.858 161.700 523.741 161.700 523.741 247.257 493.858 247.257
497.576 162.261 527.479 162.261 527.479 247.790 497.576 247.790
500.792 164.390 531.105 164.390 531.105 249.534 500.792 249.534
503.525 161.276 533.577 161.276 533.577 246.955 503.525 246.955
504.902 164.108 534.784 164.108 534.784 249.721 504.902 249.721
506.362 164.510 535.859 164.510 535.859 249.953 506.362 249.953
506.611 162.942 535.964 162.942 535.964 247.775 506.611 247.775
506.274 162.756 535.349 162.756 535.349 247.401 506.274 247.401
507.056 162.184 535.776 162.184 535.776 246.849 507.056 246.849
506.240 163.006 534.592 163.006 534.592 247.682 506.240 247.682
506.268 163.303 534.249 163.303 534.249 248.124 506.268 248.124
506.294 162.190 534.044 162.190 534.044 247.253 506.294 247.253
506.488 162.469 534.018 162.469 534.018 247.688 506.488 247.688
506.071 161.818 533.411 161.818 533.411 246.999 506.071 246.999
506.225 161.782 533.545 161.782 533.545 246.965 506.225 246.965
506.454 160.963 533.747 160.963 533.747 245.728 506.454 245.728
505.970 161.305 533.228 161.305 533.228 245.878 505.970 245.878
506.299 161.706 533.446 161.706 533.446 246.024 506.299 246.024
506.074 160.619 533.262 160.619 533.262 244.567 506.074 244.567
505.719 161.897 532.993 161.897 532.993 245.621 505.719 245.621
506.269 162.185 533.510 162.185 533.510 245.502 506.269 245.502
505.927 161.537 533.109 161.537 533.109 244.702 505.927 244.702
506.500 162.549 533.611 162.549 533.611 245.437 506.500 245.437
505.973 161.030 532.766 161.030 532.766 244.240 505.973 244.240
506.011 162.279 532.649 162.279 532.649 245.190 506.011 245.190
505.977 162.425 532.628 162.425 532.628 245.155 505.977 245.155
505.100 162.147 531.440 162.147 531.440 245.195 505.100 245.195
504.276 162.447 530.567 162.447 530.567 245.332 504.276 245.332
503.441 164.450 529.710 164.450 529.710 247.201 503.441 247.201
502.499 163.725 528.886 163.725 528.886 246.216 502.499 246.216
502.193 164.203 528.565 164.203 528.565 246.503 502.193 246.503
502.337 165.292 528.688 165.292 528.688 247.468 502.337 247.468
502.101 165.632 528.437 165.632 528.437 247.588 502.101 247.588
501.587 164.675 527.839 164.675 527.839 246.713 501.587 246.713
502.029 166.032 528.536 166.032 528.536 247.356 502.029 247.356
502.245 165.087 528.738 165.087 528.738 246.359 502.245 246.359
502.382 165.289 528.731 165.289 528.731 246.539 502.382 246.539
502.151 165.678 528.406 165.678 528.406 246.773 502.151 246.773
501.931 164.004 528.101 164.004 528.101 245.022 501.931 245.022
501.115 164.981 527.320 164.981 527.320 245.468 501.115 245.468
500.518 167.942 527.134 167.942 527.134 247.412 500.518 247.412
500.771 165.449 527.459 165.449 527.459 244.748 500.771 244.748
500.554 166.093 527.326 166.093 527.326 245.087 500.554 245.087
500.396 167.501 527.385 167.501 527.385 246.093 500.396 246.093
500.639 166.680 527.600 166.680 527.600 245.280 500.639 245.280
500.960 167.642 527.968 167.642 527.968 246.062 500.960 246.062
501.728 167.156 528.752 167.156 528.752 245.384 501.728 245.384
502.459 167.664 529.362 167.664 529.362 245.735 502.459 245.735
502.728 165.942 529.481 165.942 529.481 244.148 502.728 244.148
502.941 167.064 529.715 167.064 529.715 245.787 502.941 245.787
503.153 166.089 529.981 166.089 529.981 244.925 503.153 244.925
503.198 167.546 530.194 167.546 530.194 246.023 503.198 246.023
503.979 165.474 530.972 165.474 530.972 243.658 503.979 243.658
504.404 166.335 531.178 166.335 531.178 244.451 504.404 244.451
504.270 166.182 531.045 166.182 531.045 243.883 504.270 243.883
504.694 166.904 531.287 166.904 531.287 244.430 504.694 244.430
504.827 166.927 531.531 166.927 531.531 243.764 504.827 243.764
504.396 165.976 531.517 165.976 531.517 241.971 504.396 241.971
505.208 167.008 532.432 167.008 532.432 242.575 505.208 242.575
505.876 168.423 533.215 168.423 533.215 243.396 505.876 243.396
507.171 166.741 534.387 166.741 534.387 241.103 507.171 241.103
509.133 167.011 535.801 167.011 535.801 241.474 509.133 241.474
512.073 166.644 538.249 166.644 538.249 240.716 512.073 240.716
513.666 166.539 539.396 166.539 539.396 239.991 513.666 239.991
514.496 166.102 539.550 166.102 539.550 238.977 514.496 238.977
516.216 166.902 540.869 166.902 540.869 238.804 516.216 238.804
516.911 166.931 541.112 166.931 541.112 238.048 516.911 238.048
517.374 168.695 541.186 168.695 541.186 238.864 517.374 238.864
518.206 168.830 541.762 168.830 541.762 238.155 518.206 238.155
518.305 169.247 541.761 169.247 541.761 237.686 518.305 237.686
518.704 171.263 541.949 171.263 541.949 238.784 518.704 238.784
519.395 171.071 542.232 171.071 542.232 237.981 519.395 237.981
519.883 169.904 542.248 169.904 542.248 236.460 519.883 236.460
520.857 171.401 542.899 171.401 542.899 237.227 520.857 237.227
520.930 170.190 542.542 170.190 542.542 235.365 520.930 235.365
521.517 170.151 542.876 170.151 542.876 234.758 521.517 234.758
522.536 171.438 543.557 171.438 543.557 235.681 522.536 235.681
522.371 169.145 543.190 169.145 543.190 233.437 522.371 233.437
522.840 170.086 543.463 170.086 543.463 233.945 522.840 233.945
523.579 171.109 544.012 171.109 544.012 234.693 523.579 234.693
523.921 171.197 544.351 171.197 544.351 234.529 523.921 234.529
523.805 172.822 544.118 172.822 544.118 236.016 523.805 236.016
524.181 170.844 544.560 170.844 544.560 233.740 524.181 233.740
524.549 172.647 544.851 172.647 544.851 235.232 524.549 235.232
525.068 172.666 545.297 172.666 545.297 234.909 525.068 234.909
524.896 171.764 545.039 171.764 545.039 233.629 524.896 233.629
524.679 173.203 544.685 173.203 544.685 234.613 524.679 234.613
524.510 171.490 544.461 171.490 544.461 232.705 524.510 232.705
525.738 172.194 545.580 172.194 545.580 233.511 525.738 233.511
525.376 172.186 545.149 172.186 545.149 233.169 525.376 233.169
525.364 173.664 544.970 173.664 544.970 234.563 525.364 234.563
526.521 172.519 546.109 172.519 546.109 233.571 526.521 233.571
526.753 172.739 546.258 172.739 546.258 233.763 526.753 233.763
527.255 173.705 546.733 173.705 546.733 234.551 527.255 234.551
527.256 174.044 546.675 174.044 546.675 234.837 527.256 234.837
527.199 173.439 546.575 173.439 546.575 233.983 527.199 233.983
527.982 176.176 547.383 176.176 547.383 236.872 527.982 236.872
528.400 173.696 547.788 173.696 547.788 234.545 528.400 234.545
528.709 175.383 547.991 175.383 547.991 236.087 528.709 236.087
529.078 174.962 548.410 174.962 548.410 235.480 529.078 235.480
530.120 173.144 549.394 173.144 549.394 233.719 530.120 233.719
530.172 174.819 549.323 174.819 549.323 235.493 530.172 235.493
529.404 173.356 548.444 173.356 548.444 233.941 529.404 233.941
530.554 173.985 549.471 173.985 549.471 234.838 530.554 234.838
530.730 173.817 549.746 173.817 549.746 234.845 530.730 234.845
530.799 173.438 549.836 173.438 549.836 234.390 530.799 234.390
531.460 174.797 550.491 174.797 550.491 235.883 531.460 235.883
532.193 174.980 551.312 174.980 551.312 236.106 532.193 236.106
531.977 175.957 551.260 175.957 551.260 236.534 531.977 236.534
531.987 175.095 551.165 175.095 551.165 235.587 531.987 235.587
532.549 175.813 551.721 175.813 551.721 236.294 532.549 236.294
532.720 175.254 551.811 175.254 551.811 235.617 532.720 235.617
533.304 175.706 552.321 175.706 552.321 236.022 533.304 236.022
532.571 175.514 551.674 175.514 551.674 235.746 532.571 235.746
533.160 176.296 552.185 176.296 552.185 236.481 533.160 236.481
533.370 175.102 552.133 175.102 552.133 235.728 533.370 235.728
534.042 176.743 552.769 176.743 552.769 237.089 534.042 237.089
533.114 174.679 551.812 174.679 551.812 234.993 533.114 234.993
533.900 176.440 552.617 176.440 552.617 236.668 533.900 236.668
533.297 176.801 552.179 176.801 552.179 236.936 533.297 236.936
534.837 176.372 553.810 176.372 553.810 236.414 534.837 236.414
533.705 177.220 552.723 177.220 552.723 237.107 533.705 237.107
534.540 178.407 553.596 178.407 553.596 238.174 534.540 238.174
535.205 176.934 554.396 176.934 554.396 236.678 535.205 236.678
535.416 178.337 554.643 178.337 554.643 238.031 535.416 238.031
536.037 177.335 555.259 177.335 555.259 236.839 536.037 236.839
535.654 178.731 554.844 178.731 554.844 238.025 535.654 238.025
536.063 177.000 555.183 177.000 555.183 236.656 536.063 236.656
535.973 176.918 554.991 176.918 554.991 236.798 535.973 236.798
536.195 175.845 555.241 175.845 555.241 235.823 536.195 235.823
536.285 177.620 555.423 177.620 555.423 237.659 536.285 237.659
536.557 178.263 555.617 178.263 555.617 238.123 536.557 238.123
536.506 177.605 555.598 177.605 555.598 237.420 536.506 237.420
541.678 176.625 560.883 176.625 560.883 236.828 541.678 236.828
546.384 178.289 565.731 178.289 565.731 238.521 546.384 238.521
550.788 177.631 570.269 177.631 570.269 237.478 550.788 237.478
553.614 177.730 573.359 177.730 573.359 237.107 553.614 237.107
558.556 178.764 578.213 178.764 578.213 238.056 558.556 238.056
561.061 177.152 581.188 177.152 581.188 236.031 561.061 236.031
567.123 178.684 587.131 178.684 587.131 237.466 567.123 237.466
569.852 176.728 590.254 176.728 590.254 235.507 569.852 235.507
575.303 177.743 595.678 177.743 595.678 236.062 575.303 236.062
579.286 178.362 599.921 178.362 599.921 236.157 579.286 236.157
583.339 177.493 603.975 177.493 603.975 235.349 583.339 235.349
586.582 179.443 607.310 179.443 607.310 237.154 586.582 237.154
588.458 176.242 609.507 176.242 609.507 234.190 588.458 234.190
591.559 179.634 612.826 179.634 612.826 237.767 591.559 237.767
593.734 179.592 614.564 179.592 614.564 238.367 593.734 238.367
594.236 179.748 614.588 179.748 614.588 238.864 594.236 238.864
594.465 179.285 614.523 179.285 614.523 238.588 594.465 238.588
595.052 180.219 614.855 180.219 614.855 239.747 595.052 239.747
595.171 180.329 614.750 180.329 614.750 240.204 595.171 240.204
595.419 179.356 614.883 179.356 614.883 239.146 595.419 239.146
595.545 180.757 614.892 180.757 614.892 240.977 595.545 240.977
595.372 177.841 614.526 177.841 614.526 238.423 595.372 238.423
595.207 179.005 614.253 179.005 614.253 239.947 595.207 239.947
595.532 178.552 614.557 178.552 614.557 239.444 595.532 239.444
595.735 179.112 614.829 179.112 614.829 239.921 595.735 239.921
594.993 178.921 614.023 178.921 614.023 239.789 594.993 239.789
595.230 178.915 614.246 178.915 614.246 240.065 595.230 240.065
595.631 179.666 614.631 179.666 614.631 240.898 595.631 240.898
595.132 179.085 614.002 179.085 614.002 240.443 595.132 240.443
595.117 180.125 613.996 180.125 613.996 241.642 595.117 241.642
594.752 178.831 613.685 178.831 613.685 240.674 594.752 240.674
595.356 178.843 614.429 178.843 614.429 240.618 595.356 240.618
594.794 179.471 613.817 179.471 613.817 241.237 594.794 241.237
595.645 180.379 614.727 180.379 614.727 242.138 595.645 242.138
595.110 179.424 614.205 179.424 614.205 241.276 595.110 241.276
595.608 179.665 614.680 179.665 614.680 241.667 595.608 241.667
595.269 178.985 614.368 178.985 614.368 241.081 595.269 241.081
595.850 179.102 615.119 179.102 615.119 241.001 595.850 241.001
595.350 180.250 614.552 180.250 614.552 242.091 595.350 242.091
595.873 179.071 615.081 179.071 615.081 241.009 595.873 241.009
596.067 179.223 615.274 179.223 615.274 240.973 596.067 240.973
596.581 180.014 615.764 180.014 615.764 241.683 596.581 241.683
596.986 180.763 616.125 180.763 616.125 242.295 596.986 242.295
596.312 179.850 615.485 179.850 615.485 241.460 596.312 241.460
597.435 180.749 616.600 180.749 616.600 242.495 597.435 242.495
597.222 179.693 616.338 179.693 616.338 241.713 597.222 241.713
598.372 180.391 617.315 180.391 617.315 242.684 598.372 242.684
598.211 179.086 617.088 179.086 617.088 241.552 598.211 241.552
598.013 178.366 616.935 178.366 616.935 240.847 598.013 240.847
597.944 179.160 616.845 179.160 616.845 241.616 597.944 241.616
597.958 179.221 616.908 179.221 616.908 241.794 597.958 241.794
598.096 180.098 617.040 180.098 617.040 242.870 598.096 242.870
598.289 180.962 617.276 180.962 617.276 243.870 598.289 243.870
597.970 179.889 616.989 179.889 616.989 242.751 597.970 242.751
598.382 181.898 617.382 181.898 617.382 244.670 598.382 244.670
598.084 180.992 617.032 180.992 617.032 243.902 598.084 243.902
598.229 180.008 617.112 180.008 617.112 243.389 598.229 243.389
598.740 179.938 617.712 179.938 617.712 243.357 598.740 243.357
597.347 180.376 616.316 180.376 616.316 244.082 597.347 244.082
597.739 178.319 616.685 178.319 616.685 242.292 597.739 242.292
598.372 178.418 617.255 178.418 617.255 242.940 598.372 242.940
598.226 179.106 617.241 179.106 617.241 243.712 598.226 243.712
597.737 179.691 616.859 179.691 616.859 244.023 597.737 244.023
598.337 179.385 617.513 179.385 617.513 243.852 598.337 243.852
598.467 178.986 617.716 178.986 617.716 243.792 598.467 243.792
598.897 181.412 618.355 181.412 618.355 245.999 598.897 245.999
598.900 180.854 618.386 180.854 618.386 245.413 598.900 245.413
599.238 180.936 618.781 180.936 618.781 245.446 599.238 245.446
599.468 180.710 619.059 180.710 619.059 245.229 599.468 245.229
599.884 182.383 619.510 182.383 619.510 246.810 599.884 246.810
599.829 182.649 619.459 182.649 619.459 247.088 599.829 247.088
600.446 181.159 620.227 181.159 620.227 245.651 600.446 245.651
599.895 181.228 619.757 181.228 619.757 245.795 599.895 245.795
599.621 180.118 619.507 180.118 619.507 244.778 599.621 244.778
599.723 180.266 619.592 180.266 619.592 245.175 599.723 245.175
600.456 179.775 620.311 179.775 620.311 244.884 600.456 244.884
600.110 179.939 620.025 179.939 620.025 244.871 600.110 244.871
600.732 180.963 620.720 180.963 620.720 245.796 600.732 245.796
600.810 180.629 620.810 180.629 620.810 245.431 600.810 245.431
600.093 181.924 620.072 181.924 620.072 246.448 600.093 246.448
600.600 181.703 620.587 181.703 620.587 246.215 600.600 246.215
600.302 180.926 620.190 180.926 620.190 245.676 600.302 245.676
601.229 180.814 621.105 180.814 621.105 245.353 601.229 245.353
601.718 182.002 621.458 182.002 621.458 246.706 601.718 246.706
601.629 180.305 621.327 180.305 621.327 245.040 601.629 245.040
602.245 181.097 621.853 181.097 621.853 246.121 602.245 246.121
602.349 181.352 622.004 181.352 622.004 246.832 602.349 246.832
602.815 180.296 622.405 180.296 622.405 246.173 602.815 246.173
602.787 180.415 622.494 180.415 622.494 246.367 602.787 246.367
602.657 182.152 622.377 182.152 622.377 247.952 602.657 247.952
603.113 182.182 622.982 182.182 622.982 247.855 603.113 247.855
602.909 183.054 623.049 183.054 623.049 248.362 602.909 248.362
603.459 183.186 623.663 183.186 623.663 248.387 603.459 248.387
603.895 182.931 624.100 182.931 624.100 248.135 603.895 248.135
604.108 183.424 624.229 183.424 624.229 248.858 604.108 248.858
604.172 183.347 624.344 183.347 624.344 248.856 604.172 248.856
604.495 183.594 624.672 183.594 624.672 249.099 604.495 249.099
604.263 182.858 624.441 182.858 624.441 248.500 604.263 248.500
604.163 183.417 624.376 183.417 624.376 249.098 604.163 249.098
604.857 183.224 625.079 183.224 625.079 248.979 604.857 248.979
604.390 183.797 624.809 183.797 624.809 249.353 604.390 249.353
604.824 183.592 625.314 183.592 625.314 249.207 604.824 249.207
605.035 182.322 625.544 182.322 625.544 248.035 605.035 248.035
605.114 184.285 625.692 184.285 625.692 249.955 605.114 249.955
605.181 185.034 625.771 185.034 625.771 250.679 605.181 250.679
605.324 185.256 625.988 185.256 625.988 250.770 605.324 250.770
606.105 185.352 626.666 185.352 626.666 251.123 606.105 251.123
606.913 185.014 627.476 185.014 627.476 250.736 606.913 250.736
607.401 184.808 628.223 184.808 628.223 250.015 607.401 250.015
607.424 183.936 628.083 183.936 628.083 249.515 607.424 249.515
607.515 183.816 627.949 183.816 627.949 249.982 607.515 249.982
607.541 184.127 627.762 184.127 627.762 250.750 607.541 250.750
608.567 182.321 628.716 182.321 628.716 249.014 608.567 249.014
608.542 183.787 628.806 183.787 628.806 250.645 608.542 250.645
608.571 184.377 628.834 184.377 628.834 251.531 608.571 251.531
607.958 186.002 628.320 186.002 628.320 253.345 607.958 253.345
608.426 185.766 628.855 185.766 628.855 253.244 608.426 253.244
609.093 185.258 629.562 185.258 629.562 252.918 609.093 252.918
609.059 185.487 629.576 185.487 629.576 253.416 609.059 253.416
609.913 185.720 630.304 185.720 630.304 253.860 609.913 253.860
610.150 184.728 630.521 184.728 630.521 253.042 610.150 253.042
610.991 185.221 631.382 185.221 631.382 253.699 610.991 253.699
611.218 185.897 631.630 185.897 631.630 254.606 611.218 254.606
610.964 185.846 631.347 185.846 631.347 254.770 610.964 254.770
611.834 184.735 632.038 184.735 632.038 254.204 611.834 254.204
611.467 185.161 631.733 185.161 631.733 254.852 611.467 254.852
611.376 185.112 631.708 185.112 631.708 255.060 611.376 255.060
611.857 183.227 632.196 183.227 632.196 253.116 611.857 253.116
611.791 182.228 631.995 182.228 631.995 252.306 611.791 252.306
612.465 184.766 632.786 184.766 632.786 254.878 612.465 254.878
612.452 186.237 632.894 186.237 632.894 256.369 612.452 256.369
612.652 186.456 633.089 186.456 633.089 256.881 612.652 256.881
612.856 185.747 633.246 185.747 633.246 256.164 612.856 256.164
613.750 185.328 634.143 185.328 634.143 255.908 613.750 255.908
614.173 184.833 634.505 184.833 634.505 255.665 614.173 255.665
614.152 182.476 634.133 182.476 634.133 253.730 614.152 253.730
614.196 183.363 634.152 183.363 634.152 254.794 614.196 254.794
614.832 183.901 634.780 183.901 634.780 255.617 614.832 255.617
615.160 184.219 635.048 184.219 635.048 256.488 615.160 256.488
615.360 183.849 635.261 183.849 635.261 256.520 615.360 256.520
614.979 181.695 634.677 181.695 634.677 254.773 614.979 254.773
614.917 184.622 634.604 184.622 634.604 257.599 614.917 257.599
615.129 185.744 634.689 185.744 634.689 258.999 615.129 258.999
611.616 183.077 631.520 183.077 631.520 256.254 611.616 256.254
613.246 180.537 633.214 180.537 633.214 253.930 613.246 253.930
614.190 183.352 634.076 183.352 634.076 257.154 614.190 257.154
615.009 185.632 634.800 185.632 634.800 259.580 615.009 259.580
615.263 187.411 635.015 187.411 635.015 261.041 615.263 261.041
615.496 185.410 635.036 185.410 635.036 259.550 615.496 259.550
615.901 184.738 635.177 184.738 635.177 259.187 615.901 259.187
616.188 184.336 635.319 184.336 635.319 259.270 616.188 259.270
615.884 184.505 634.950 184.505 634.950 259.727 615.884 259.727
615.840 184.273 634.952 184.273 634.952 259.769 615.840 259.769
615.421 184.202 634.407 184.202 634.407 260.300 615.421 260.300
614.693 189.197 633.896 189.197 633.896 265.022 614.693 265.022
615.007 188.057 634.284 188.057 634.284 264.140 615.007 264.140
615.154 186.776 634.447 186.776 634.447 262.858 615.154 262.858
615.572 186.297 634.827 186.297 634.827 262.525 615.572 262.525
615.739 185.328 635.002 185.328 635.002 261.524 615.739 261.524
615.552 187.786 634.765 187.786 634.765 263.983 615.552 263.983
615.556 189.792 634.808 189.792 634.808 265.705 615.556 265.705
615.821 187.749 635.081 187.749 635.081 263.481 615.821 263.481
615.822 186.615 634.932 186.615 634.932 262.367 615.822 262.367
615.684 185.201 634.764 185.201 634.764 260.636 615.684 260.636
615.292 189.219 634.341 189.219 634.341 264.712 615.292 264.712
615.187 187.838 634.264 187.838 634.264 263.403 615.187 263.403
615.023 189.948 634.038 189.948 634.038 265.434 615.023 265.434
613.786 191.607 632.962 191.607 632.962 266.590 613.786 266.590
613.517 193.954 632.896 193.954 632.896 268.891 613.517 268.891
613.334 191.439 632.922 191.439 632.922 266.363 613.334 266.363
613.110 190.704 632.899 190.704 632.899 265.494 613.110 265.494
612.607 192.523 632.584 192.523 632.584 267.131 612.607 267.131
612.697 190.634 633.092 190.634 633.092 264.160 612.697 264.160
612.137 193.429 632.754 193.429 632.754 266.712 612.137 266.712
612.178 191.797 633.073 191.797 633.073 264.627 612.178 264.627
612.157 194.322 633.349 194.322 633.349 266.631 612.157 266.631
611.990 192.895 633.363 192.895 633.363 264.582 611.990 264.582
612.303 194.103 633.833 194.103 633.833 265.515 612.303 265.515
612.126 195.646 633.737 195.646 633.737 267.052 612.126 267.052
611.659 196.834 633.372 196.834 633.372 268.232 611.659 268.232
611.238 195.322 633.111 195.322 633.111 265.928 611.238 265.928
610.617 194.104 632.540 194.104 632.540 264.241 610.617 264.241
611.143 195.761 632.796 195.761 632.796 266.273 611.143 266.273
605.327 192.544 626.962 192.544 626.962 263.395 605.327 263.395
605.435 194.545 627.240 194.545 627.240 265.388 605.435 265.388
605.656 193.942 627.626 193.942 627.626 264.472 605.656 264.472
606.195 193.418 628.395 193.418 628.395 263.279 606.195 263.279
606.660 193.455 628.714 193.455 628.714 263.977 606.660 263.977
607.241 194.874 629.497 194.874 629.497 265.332 607.241 265.332
607.931 193.760 630.352 193.760 630.352 263.456 607.931 263.456
608.290 195.305 630.626 195.305 630.626 265.014 608.290 265.014
608.600 195.662 630.831 195.662 630.831 265.371 608.600 265.371
608.997 195.275 631.108 195.275 631.108 264.979 608.997 264.979
608.955 195.276 630.921 195.276 630.921 265.179 608.955 265.179
609.238 194.338 630.955 194.338 630.955 264.538 609.238 264.538
609.567 194.473 631.189 194.473 631.189 264.960 609.567 264.960
610.291 194.239 631.752 194.239 631.752 264.972 610.291 264.972
610.623 193.932 632.097 193.932 632.097 264.536 610.623 264.536
610.841 195.196 632.101 195.196 632.101 266.750 610.841 266.750
610.900 196.575 632.053 196.575 632.053 268.645 610.900 268.645
610.950 195.653 632.279 195.653 632.279 267.295 610.950 267.295
610.988 197.121 632.449 197.121 632.449 268.567 610.988 268.567
611.342 196.073 632.842 196.073 632.842 267.218 611.342 267.218
611.981 197.776 633.504 197.776 633.504 268.672 611.981 268.672
612.162 198.446 633.556 198.446 633.556 269.519 612.162 269.519
612.353 197.948 633.828 197.948 633.828 268.733 612.353 268.733
612.734 197.999 634.176 197.999 634.176 268.827 612.734 268.827
613.295 197.486 634.569 197.486 634.569 268.545 613.295 268.545
613.535 197.051 634.625 197.051 634.625 268.541 613.535 268.541
614.207 198.063 635.141 198.063 635.141 269.834 614.207 269.834
614.143 197.775 634.821 197.775 634.821 270.066 614.143 270.066
614.445 198.690 634.941 198.690 634.941 271.367 614.445 271.367
614.597 198.293 634.918 198.293 634.918 271.528 614.597 271.528
614.446 199.790 634.739 199.790 634.739 273.254 614.446 273.254
614.378 199.683 634.552 199.683 634.552 273.271 614.378 273.271
613.969 199.112 634.177 199.112 634.177 272.978 613.969 272.978
614.431 200.424 634.797 200.424 634.797 274.348 614.431 274.348
614.179 199.466 634.584 199.466 634.584 273.631 614.179 273.631
613.798 199.226 634.191 199.226 634.191 273.441 613.798 273.441
613.751 201.599 633.970 201.599 633.970 276.267 613.751 276.267
614.016 200.070 634.225 200.070 634.225 274.985 614.016 274.985
613.573 201.325 633.700 201.325 633.700 276.623 613.573 276.623
613.725 199.263 633.869 199.263 633.869 274.638 613.725 274.638
613.297 201.176 633.444 201.176 633.444 276.758 613.297 276.758
613.332 200.653 633.562 200.653 633.562 276.335 613.332 276.335
613.021 199.687 633.299 199.687 633.299 275.506 613.021 275.506
612.479 205.628 632.767 205.628 632.767 281.369 612.479 281.369
612.368 199.358 632.792 199.358 632.792 275.008 612.368 275.008
612.293 201.349 632.731 201.349 632.731 277.001 612.293 277.001
612.654 200.088 633.127 200.088 633.127 275.706 612.654 275.706
612.573 203.601 633.047 203.601 633.047 279.284 612.573 279.284
612.396 204.905 632.841 204.905 632.841 280.726 612.396 280.726
612.617 202.598 633.077 202.598 633.077 278.447 612.617 278.447
612.300 201.353 632.791 201.353 632.791 277.175 612.300 277.175
611.969 203.893 632.465 203.893 632.465 279.745 611.969 279.745
611.670 202.111 632.150 202.111 632.150 278.084 611.670 278.084
611.535 208.615 632.070 208.615 632.070 284.407 611.535 284.407
611.941 208.582 632.505 208.582 632.505 284.319 611.941 284.319
611.561 201.494 632.123 201.494 632.123 277.246 611.561 277.246
611.450 199.938 632.046 199.938 632.046 275.675 611.450 275.675
611.161 198.622 631.774 198.622 631.774 274.342 611.161 274.342
611.027 202.240 631.730 202.240 631.730 277.770 611.027 277.770
610.492 200.366 631.215 200.366 631.215 275.837 610.492 275.837
609.982 204.373 630.745 204.373 630.745 279.756 609.982 279.756
609.352 204.435 630.146 204.435 630.146 279.741 609.352 279.741
608.477 203.284 629.342 203.284 629.342 278.462 608.477 278.462
612.846 202.414 633.655 202.414 633.655 277.511 612.846 277.511
611.852 207.402 632.884 207.402 632.884 281.669 611.852 281.669
611.545 216.480 632.616 216.480 632.616 290.356 611.545 290.356
611.517 212.678 632.672 212.678 632.672 286.278 611.517 286.278
611.089 209.883 632.317 209.883 632.317 283.300 611.089 283.300
610.238 208.377 631.506 208.377 631.506 281.663 610.238 281.663
609.119 206.800 630.406 206.800 630.406 280.031 609.119 280.031
608.305 204.588 629.607 204.588 629.607 277.780 608.305 277.780
607.715 203.463 629.020 203.463 629.020 276.650 607.715 276.650
607.417 203.092 628.724 203.092 628.724 276.277 607.417 276.277
611.905 208.419 633.241 208.419 633.241 281.487 611.905 281.487
611.444 205.837 632.784 205.837 632.784 278.893 611.444 278.893
610.538 202.447 631.878 202.447 631.878 275.503 610.538 275.503
609.291 198.377 630.631 198.377 630.631 271.433 609.291 271.433
608.558 195.413 629.898 195.413 629.898 268.469 608.558 268.469
608.619 192.225 629.959 192.225 629.959 265.281 608.619 265.281
609.189 190.137 630.529 190.137 630.529 263.193 609.189 263.193
556.466 145.197 578.327 145.197 578.327 217.418 556.466 217.418
560.514 141.705 582.707 141.705 582.707 213.115 560.514 213.115
564.895 142.136 587.574 142.136 587.574 211.943 564.895 211.943
568.604 144.087 591.434 144.087 591.434 213.140 568.604 213.140
573.021 144.600 596.018 144.600 596.018 212.680 573.021 212.680
577.280 146.903 600.375 146.903 600.375 214.460 577.280 214.460
581.174 147.932 604.258 147.932 604.258 214.707 581.174 214.707
610.809 141.303 633.348 141.303 633.348 209.430 610.809 209.430
612.419 137.547 634.413 137.547 634.413 206.540 612.419 206.540
612.228 131.396 633.729 131.396 633.729 201.289 612.228 201.289
612.868 134.407 633.985 134.407 633.985 204.691 612.868 204.691
612.721 133.055 633.545 133.055 633.545 203.463 612.721 203.463
613.509 135.791 634.215 135.791 634.215 206.438 613.509 206.438
612.876 133.743 633.409 133.743 633.409 204.749 612.876 204.749
612.713 133.126 633.160 133.126 633.160 204.354 612.713 204.354
612.831 133.269 633.119 133.269 633.119 204.612 612.831 204.612
612.746 132.557 632.937 132.557 632.937 204.152 612.746 204.152
612.406 132.652 632.627 132.652 632.627 204.043 612.406 204.043
612.784 131.527 632.924 131.527 632.924 203.281 612.784 203.281
612.335 130.332 632.507 130.332 632.507 201.999 612.335 201.999
613.260 133.273 633.529 133.273 633.529 204.879 613.260 204.879
613.084 131.815 633.372 131.815 633.372 203.031 613.084 203.031
612.889 130.881 633.060 130.881 633.060 202.207 612.889 202.207
612.606 130.070 632.771 130.070 632.771 201.360 612.606 201.360
612.853 132.679 633.079 132.679 633.079 203.916 612.853 203.916
612.345 129.813 632.595 129.813 632.595 201.096 612.345 201.096
612.557 132.113 632.789 132.113 632.789 203.422 612.557 203.422
612.269 129.868 632.570 129.868 632.570 201.211 612.269 201.211
611.807 128.100 632.115 128.100 632.115 199.434 611.807 199.434
611.801 129.525 632.197 129.525 632.197 200.770 611.801 200.770
611.890 130.838 632.310 130.838 632.310 202.251 611.890 202.251
611.761 127.659 632.222 127.659 632.222 199.173 611.761 199.173
611.934 128.365 632.401 128.365 632.401 199.964 611.934 199.964
611.470 125.546 631.908 125.546 631.908 197.330 611.470 197.330
611.675 126.996 632.124 126.996 632.124 198.787 611.675 198.787
612.044 128.735 632.496 128.735 632.496 200.561 612.044 200.561
611.575 126.311 632.004 126.311 632.004 198.282 611.575 198.282
611.894 128.147 632.309 128.147 632.309 200.174 611.894 200.174
611.644 125.103 632.096 125.103 632.096 197.461 611.644 197.461
611.478 128.079 631.944 128.079 631.944 200.533 611.478 200.533
611.213 125.078 631.776 125.078 631.776 197.601 611.213 197.601
611.471 127.279 632.037 127.279 632.037 199.957 611.471 199.957
611.259 123.006 631.820 123.006 631.820 196.147 611.259 196.147
611.226 124.598 631.783 124.598 631.783 197.872 611.226 197.872
610.879 120.848 631.442 120.848 631.442 194.390 610.879 194.390
610.776 122.053 631.352 122.053 631.352 195.813 610.776 195.813
611.249 122.513 631.816 122.513 631.816 196.614 611.249 196.614
611.494 122.982 632.017 122.982 632.017 197.396 611.494 197.396
611.610 124.004 632.066 124.004 632.066 198.961 611.610 198.961
580.350 140.709 601.530 140.709 601.530 213.175 580.350 213.175
578.979 140.726 600.384 140.726 600.384 212.039 578.979 212.039
578.502 142.917 600.369 142.917 600.369 211.691 578.502 211.691
578.003 142.724 600.087 142.724 600.087 209.478 578.003 209.478
578.277 145.768 600.427 145.768 600.427 210.648 578.277 210.648
578.516 144.314 600.444 144.314 600.444 208.352 578.516 208.352
579.024 147.017 600.782 147.017 600.782 209.547 579.024 209.547
578.885 145.745 600.423 145.745 600.423 207.361 578.885 207.361
579.526 147.587 600.829 147.587 600.829 208.017 579.526 208.017
579.953 146.087 600.886 146.087 600.886 205.842 579.953 205.842
