11.000 224.000 27.000 224.000 27.000 265.000 11.000 265.000
10.923 223.615 27.289 223.615 27.289 264.052 10.923 264.052
7.538 227.208 24.167 227.208 24.167 267.094 7.538 267.094
4.249 230.542 20.567 230.542 20.567 270.709 4.249 270.709
7.527 246.160 24.218 246.160 24.218 285.784 7.527 285.784
7.408 247.004 24.424 247.004 24.424 286.230 7.408 286.230
7.396 247.591 24.710 247.591 24.710 286.376 7.396 286.376
7.931 244.648 25.286 244.648 25.286 283.491 7.931 283.491
8.132 241.515 25.577 241.515 25.577 280.343 8.132 280.343
8.503 242.110 26.003 242.110 26.003 280.875 8.503 280.875
8.874 241.980 26.288 241.980 26.288 280.794 8.874 280.794
8.989 242.144 26.372 242.144 26.372 281.147 8.989 281.147
8.948 243.026 26.380 243.026 26.380 281.966 8.948 281.966
8.853 243.325 26.307 243.325 26.307 282.356 8.853 282.356
9.237 243.623 26.672 243.623 26.672 282.663 9.237 282.663
9.516 243.557 26.917 243.557 26.917 282.684 9.516 282.684
9.548 243.942 26.956 243.942 26.956 283.029 9.548 283.029
9.463 244.424 26.901 244.424 26.901 283.696 9.463 283.696
9.463 244.631 26.892 244.631 26.892 283.884 9.463 283.884
9.513 244.668 27.018 244.668 27.018 284.028 9.513 284.028
9.566 244.780 26.822 244.780 26.822 284.465 9.566 284.465
9.466 245.373 26.848 245.373 26.848 285.013 9.466 285.013
9.697 241.774 26.854 241.774 26.854 281.748 9.697 281.748
9.438 246.147 26.734 246.147 26.734 285.903 9.438 285.903
9.365 246.220 26.793 246.220 26.793 285.850 9.365 285.850
9.131 250.336 26.821 250.336 26.821 289.778 9.131 289.778
8.848 250.153 26.687 250.153 26.687 289.519 8.848 289.519
8.682 250.159 26.643 250.159 26.643 289.473 8.682 289.473
8.512 249.682 26.509 249.682 26.509 289.082 8.512 289.082
8.550 249.572 26.645 249.572 26.645 288.990 8.550 288.990
8.513 249.343 26.798 249.343 26.798 288.640 8.513 288.640
8.357 246.503 26.725 246.503 26.725 285.653 8.357 285.653
8.080 246.989 26.444 246.989 26.444 286.103 8.080 286.103
7.992 247.082 26.380 247.082 26.380 286.282 7.992 286.282
4.732 247.400 23.052 247.400 23.052 286.683 4.732 286.683
4.923 247.512 23.185 247.512 23.185 286.776 4.923 286.776
5.184 248.130 23.478 248.130 23.478 287.225 5.184 287.225
5.388 248.645 23.764 248.645 23.764 287.789 5.388 287.789
5.888 248.414 24.281 248.414 24.281 287.624 5.888 287.624
6.292 248.141 24.704 248.141 24.704 287.369 6.292 287.369
9.691 248.128 28.104 248.128 28.104 287.465 9.691 287.465
9.618 247.946 27.983 247.946 27.983 287.410 9.618 287.410
9.572 248.027 27.864 248.027 27.864 287.669 9.572 287.669
9.625 248.067 27.931 248.067 27.931 287.818 9.625 287.818
9.570 247.748 27.849 247.748 27.849 287.611 9.570 287.611
9.587 247.334 27.846 247.334 27.846 287.300 9.587 287.300
9.493 250.890 27.775 250.890 27.775 290.872 9.493 290.872
9.461 250.186 27.800 250.186 27.800 290.156 9.461 290.156
9.422 249.849 27.758 249.849 27.758 289.809 9.422 289.809
9.445 249.653 27.740 249.653 27.740 289.716 9.445 289.716
9.412 249.171 27.670 249.171 27.670 289.294 9.412 289.294
9.468 248.786 27.763 248.786 27.763 288.880 9.468 288.880
9.464 249.008 27.773 249.008 27.773 289.150 9.464 289.150
9.612 248.983 27.949 248.983 27.949 289.174 9.612 289.174
9.598 249.049 28.008 249.049 28.008 289.234 9.598 289.234
9.577 249.193 28.073 249.193 28.073 289.503 9.577 289.503
9.313 249.871 27.947 249.871 27.947 290.122 9.313 290.122
9.144 250.217 27.869 250.217 27.869 290.550 9.144 290.550
8.842 251.040 27.682 251.040 27.682 291.360 8.842 291.360
5.453 248.194 24.352 248.194 24.352 288.464 5.453 288.464
9.226 252.271 28.222 252.271 28.222 292.487 9.226 292.487
9.161 252.527 28.212 252.527 28.212 292.767 9.161 292.767
9.170 252.506 28.279 252.506 28.279 292.750 9.170 292.750
5.521 260.317 24.171 260.317 24.171 301.150 5.521 301.150
6.159 255.968 24.594 255.968 24.594 297.081 6.159 297.081
3.016 251.803 20.999 251.803 20.999 293.501 3.016 293.501
3.131 250.007 20.979 250.007 20.979 291.855 3.131 291.855
3.225 249.180 20.949 249.180 20.949 291.097 3.225 291.097
7.250 243.383 24.992 243.383 24.992 285.209 7.250 285.209
7.412 246.017 25.216 246.017 25.216 287.711 7.412 287.711
7.702 245.224 25.573 245.224 25.573 286.721 7.702 286.721
7.602 240.638 25.559 240.638 25.559 281.965 7.602 281.965
4.303 239.477 22.085 239.477 22.085 280.979 4.303 280.979
7.924 234.804 25.825 234.804 25.825 276.136 7.924 276.136
8.061 233.875 26.072 233.875 26.072 274.993 8.061 274.993
8.074 228.959 26.091 228.959 26.091 270.002 8.074 270.002
8.089 235.211 26.158 235.211 26.158 276.113 8.089 276.113
4.869 230.379 22.673 230.379 22.673 271.558 4.869 271.558
8.530 233.159 26.445 233.159 26.445 274.238 8.530 274.238
8.499 235.957 26.515 235.957 26.515 276.843 8.499 276.843
8.275 235.332 26.360 235.332 26.360 276.099 8.275 276.099
8.170 234.265 26.263 234.265 26.263 274.962 8.170 274.962
8.028 233.191 26.197 233.191 26.197 273.713 8.028 273.713
7.867 235.836 26.077 235.836 26.077 276.281 7.867 276.281
7.784 234.971 26.033 234.971 26.033 275.355 7.784 275.355
7.820 233.851 26.083 233.851 26.083 274.180 7.820 274.180
7.728 236.457 25.995 236.457 25.995 276.660 7.728 276.660
7.973 239.146 26.218 239.146 26.218 279.374 7.973 279.374
8.035 238.435 26.292 238.435 26.292 278.651 8.035 278.651
7.953 234.310 26.255 234.310 26.255 274.464 7.953 274.464
8.092 237.436 26.420 237.436 26.420 277.552 8.092 277.552
4.761 232.919 23.096 232.919 23.096 272.985 4.761 272.985
8.339 235.847 26.661 235.847 26.661 275.856 8.339 275.856
8.377 235.137 26.714 235.137 26.714 275.050 8.377 275.050
8.297 245.987 26.660 245.987 26.660 285.778 8.297 285.778
8.348 245.656 26.713 245.656 26.713 285.351 8.348 285.351
8.324 245.548 26.658 245.548 26.658 285.173 8.324 285.173
8.198 244.730 26.502 244.730 26.502 284.260 8.198 284.260
7.959 244.018 26.241 244.018 26.241 283.514 7.959 283.514
7.883 243.478 26.175 243.478 26.175 282.831 7.883 282.831
7.923 238.778 26.184 238.778 26.184 278.096 7.923 278.096
7.923 241.217 26.182 241.217 26.182 280.481 7.923 280.481
7.993 236.605 26.261 236.605 26.261 275.739 7.993 275.739
4.403 232.336 22.681 232.336 22.681 271.374 4.403 271.374
7.830 231.561 26.147 231.561 26.147 270.489 7.830 270.489
7.712 237.598 25.998 237.598 25.998 276.483 7.712 276.483
7.429 236.138 25.704 236.138 25.704 274.996 7.429 274.996
7.268 235.104 25.529 235.104 25.529 273.945 7.268 273.945
7.302 234.298 25.553 234.298 25.553 273.083 7.302 273.083
4.027 240.863 22.231 240.863 22.231 279.639 4.027 279.639
7.717 236.052 25.912 236.052 25.912 274.805 7.717 274.805
4.589 238.780 22.741 238.780 22.741 277.478 4.589 277.478
8.035 237.953 26.178 237.953 26.178 276.641 8.035 276.641
7.985 236.992 26.111 236.992 26.111 275.652 7.985 275.652
7.995 235.901 26.091 235.901 26.091 274.551 7.995 274.551
8.113 235.131 26.208 235.131 26.208 273.741 8.113 273.741
7.926 234.811 26.008 234.811 26.008 273.393 7.926 273.393
