92.000 91.000 137.000 91.000 137.000 189.000 92.000 189.000
89.974 90.496 134.905 90.496 134.905 189.607 89.974 189.607
92.703 90.911 137.982 90.911 137.982 190.189 92.703 190.189
88.212 88.689 133.699 88.689 133.699 187.967 88.212 187.967
91.735 90.187 137.280 90.187 137.280 189.072 91.735 189.072
90.137 89.801 135.703 89.801 135.703 189.274 90.137 189.274
91.752 89.542 137.392 89.542 137.392 189.279 91.752 189.279
90.303 88.372 136.091 88.372 136.091 188.485 90.303 188.485
92.211 89.980 138.111 89.980 138.111 190.743 92.211 190.743
89.945 89.019 135.884 89.019 135.884 189.922 89.945 189.922
91.551 89.616 137.424 89.616 137.424 190.737 91.551 190.737
90.369 88.950 136.508 88.950 136.508 189.954 90.369 189.954
91.210 89.347 137.466 89.347 137.466 190.581 91.210 190.581
90.167 88.563 136.655 88.563 136.655 189.534 90.167 189.534
91.238 89.099 137.713 89.099 137.713 190.149 91.238 190.149
90.037 88.141 136.705 88.141 136.705 188.964 90.037 188.964
91.439 89.612 138.015 89.612 138.015 190.735 91.439 190.735
89.786 89.319 136.415 89.319 136.415 190.695 89.786 190.695
92.657 89.535 139.289 89.535 139.289 190.951 92.657 190.951
89.373 89.100 136.097 89.100 136.097 190.807 89.373 190.807
93.057 88.603 139.739 88.603 139.739 190.680 93.057 190.680
89.740 86.978 136.369 86.978 136.369 189.086 89.740 189.086
92.654 89.666 139.334 89.666 139.334 192.029 92.654 192.029
89.599 86.379 136.262 86.379 136.262 188.453 89.599 188.453
92.730 89.236 139.354 89.236 139.354 191.804 92.730 191.804
89.916 87.292 136.464 87.292 136.464 189.346 89.916 189.346
93.346 90.788 139.768 90.788 139.768 193.261 93.346 193.261
89.908 88.250 136.302 88.250 136.302 191.072 89.908 191.072
93.600 91.447 139.894 91.447 139.894 194.349 93.600 194.349
91.376 86.638 137.806 86.638 137.806 189.534 91.376 189.534
91.928 89.749 138.270 89.749 138.270 192.573 91.928 192.573
90.772 88.223 137.126 88.223 137.126 190.525 90.772 190.525
92.140 89.001 138.277 89.001 138.277 191.095 92.140 191.095
90.405 88.962 136.542 88.962 136.542 190.610 90.405 190.610
93.179 90.014 139.379 90.014 139.379 191.212 93.179 191.212
90.212 89.393 136.252 89.393 136.252 190.605 90.212 190.605
92.860 90.695 138.773 90.695 138.773 191.964 92.860 191.964
90.240 88.413 136.216 88.413 136.216 189.786 90.240 189.786
92.417 90.941 138.352 90.941 138.352 192.293 92.417 192.293
90.939 88.375 136.876 88.375 136.876 189.392 90.939 189.392
92.621 90.110 138.502 90.110 138.502 191.534 92.621 191.534
90.474 88.878 136.520 88.878 136.520 189.686 90.474 189.686
93.097 90.730 139.161 90.730 139.161 191.497 93.097 191.497
90.634 88.326 136.640 88.326 136.640 188.991 90.634 188.991
94.195 92.513 140.032 92.513 140.032 193.720 94.195 193.720
90.864 87.519 136.842 87.519 136.842 188.812 90.864 188.812
93.160 91.879 139.114 91.879 139.114 193.348 93.160 193.348
90.409 86.833 136.495 86.833 136.495 187.792 90.409 187.792
92.902 92.141 138.961 92.141 138.961 193.559 92.902 193.559
91.838 87.292 138.152 87.292 138.152 188.067 91.838 188.067
92.473 91.745 138.665 91.745 138.665 192.972 92.473 192.972
91.513 87.441 137.619 87.441 137.619 188.542 91.513 188.542
92.862 91.751 139.012 91.751 139.012 192.766 92.862 192.766
91.273 87.622 137.439 87.622 137.439 188.622 91.273 188.622
92.899 92.082 139.031 92.082 139.031 193.321 92.899 193.321
91.534 87.620 137.746 87.620 137.746 188.567 91.534 188.567
92.960 91.230 139.120 91.230 139.120 192.395 92.960 192.395
91.056 88.623 137.308 88.623 137.308 189.494 91.056 189.494
93.001 90.287 139.072 90.287 139.072 191.542 93.001 191.542
90.597 87.909 136.595 87.909 136.595 188.948 90.597 188.948
92.996 90.398 139.154 90.398 139.154 191.528 92.996 191.528
90.671 88.102 136.709 88.102 136.709 189.136 90.671 189.136
92.788 91.860 138.744 91.860 138.744 193.135 92.788 193.135
92.281 88.081 138.283 88.081 138.283 189.110 92.281 189.110
92.151 91.427 138.306 91.427 138.306 192.573 92.151 192.573
91.198 88.658 137.406 88.658 137.406 189.257 91.198 189.257
92.394 90.737 138.716 90.737 138.716 190.984 92.394 190.984
89.609 92.423 136.063 92.423 136.063 192.589 89.609 192.589
90.179 98.511 136.606 98.511 136.606 198.851 90.179 198.851
91.317 101.720 137.781 101.720 137.781 201.735 91.317 201.735
90.604 110.678 137.117 110.678 137.117 210.382 90.604 210.382
93.828 107.926 140.236 107.926 140.236 207.161 93.828 207.161
90.253 110.300 136.701 110.300 136.701 208.738 90.253 208.738
93.374 109.860 139.909 109.860 139.909 208.067 93.374 208.067
90.233 110.472 136.486 110.472 136.486 209.043 90.233 209.043
93.802 108.314 139.955 108.314 139.955 206.862 93.802 206.862
89.538 108.572 135.584 108.572 135.584 206.387 89.538 206.387
92.583 110.572 138.318 110.572 138.318 208.901 92.583 208.901
89.010 107.679 134.393 107.679 134.393 205.223 89.010 205.223
92.898 111.390 138.070 111.390 138.070 209.416 92.898 209.416
89.281 108.218 134.430 108.218 134.430 206.175 89.281 206.175
91.502 111.755 136.566 111.755 136.566 210.006 91.502 210.006
87.994 108.286 133.097 108.286 133.097 205.738 87.994 205.738
90.687 110.232 135.926 110.232 135.926 207.427 90.687 207.427
88.071 110.094 133.350 110.094 133.350 206.498 88.071 206.498
89.686 110.027 134.964 110.027 134.964 205.938 89.686 205.938
88.334 110.432 133.516 110.432 133.516 205.617 88.334 205.617
89.592 115.823 134.260 115.823 134.260 211.742 89.592 211.742
90.082 121.852 134.419 121.852 134.419 218.004 90.082 218.004
90.106 128.480 134.328 128.480 134.328 224.654 90.106 224.654
91.195 129.838 135.409 129.838 135.409 226.190 91.195 226.190
89.652 128.824 133.871 128.824 133.871 224.849 89.652 224.849
89.948 127.910 134.171 127.910 134.171 223.794 89.948 223.794
90.950 128.694 135.145 128.694 135.145 224.502 90.950 224.502
89.622 128.336 133.738 128.336 133.738 224.096 89.622 224.096
90.737 129.553 134.590 129.553 134.590 225.385 90.737 225.385
89.991 128.409 133.985 128.409 133.985 224.480 89.991 224.480
90.554 129.330 134.154 129.330 134.154 225.690 90.554 225.690
89.836 129.472 133.440 129.472 133.440 226.047 89.836 226.047
90.296 129.524 133.678 129.524 133.678 225.929 90.296 225.929
90.579 128.301 134.229 128.301 134.229 224.820 90.579 224.820
90.149 129.628 133.615 129.628 133.615 225.818 90.149 225.818
90.826 128.882 134.010 128.882 134.010 224.904 90.826 224.904
90.441 127.889 133.734 127.889 133.734 224.257 90.441 224.257
90.929 127.962 134.244 127.962 134.244 224.564 90.929 224.564
90.394 128.371 133.805 128.371 133.805 224.998 90.394 224.998
90.857 130.252 134.216 130.252 134.216 226.699 90.857 226.699
90.819 129.773 133.957 129.773 133.957 225.986 90.819 225.986
91.791 129.304 134.784 129.304 134.784 225.198 91.791 225.198
90.260 128.774 133.332 128.774 133.332 224.747 90.260 224.747
91.962 128.373 134.988 128.373 134.988 224.121 91.962 224.121
95.300 128.807 138.171 128.807 138.171 224.948 95.300 224.948
101.680 126.236 145.031 126.236 145.031 223.274 101.680 223.274
114.338 129.293 158.123 129.293 158.123 226.159 114.338 226.159
121.497 126.279 165.610 126.279 165.610 223.371 121.497 223.371
127.836 125.062 172.352 125.062 172.352 222.672 127.836 222.672
141.167 128.165 186.021 128.165 186.021 225.423 141.167 225.423
147.563 125.214 192.368 125.214 192.368 223.130 147.563 223.130
152.202 126.983 197.139 126.983 197.139 224.068 152.202 224.068
149.261 126.435 193.972 126.435 193.972 223.336 149.261 223.336
151.596 125.177 196.359 125.177 196.359 221.986 151.596 221.986
153.659 126.363 198.576 126.363 198.576 223.619 153.659 223.619
160.656 123.018 205.875 123.018 205.875 221.384 160.656 221.384
167.985 125.210 213.619 125.210 213.619 224.020 167.985 224.020
175.813 124.689 222.347 124.689 222.347 222.382 175.813 222.382
173.913 126.040 220.056 126.040 220.056 224.075 173.913 224.075
176.804 123.837 223.044 123.837 223.044 221.455 176.804 221.455
175.641 126.074 221.868 126.074 221.868 222.973 175.641 222.973
177.690 125.542 223.889 125.542 223.889 222.022 177.690 222.022
176.819 126.308 222.969 126.308 222.969 222.091 176.819 222.091
176.839 126.979 222.890 126.979 222.890 222.357 176.839 222.357
178.087 126.885 223.732 126.885 223.732 222.108 178.087 222.108
178.905 128.324 224.284 128.324 224.284 223.218 178.905 223.218
185.260 125.041 231.010 125.041 231.010 220.582 185.260 220.582
193.706 123.069 239.916 123.069 239.916 218.689 193.706 218.689
205.063 125.256 251.379 125.256 251.379 221.107 205.063 221.107
208.447 126.044 254.501 126.044 254.501 221.462 208.447 221.462
206.740 124.654 252.498 124.654 252.498 220.367 206.740 220.367
207.828 125.483 253.538 125.483 253.538 221.092 207.828 221.092
208.372 123.947 253.882 123.947 253.882 219.840 208.372 219.840
208.856 127.858 254.341 127.858 254.341 222.961 208.856 222.961
209.591 127.280 254.692 127.280 254.692 221.927 209.591 221.927
209.601 126.420 254.503 126.420 254.503 220.652 209.601 220.652
208.885 126.919 253.841 126.919 253.841 220.566 208.885 220.566
208.484 127.184 253.394 127.184 253.394 220.724 208.484 220.724
208.580 125.731 253.368 125.731 253.368 219.185 208.580 219.185
208.731 126.783 253.552 126.783 253.552 220.253 208.731 220.253
208.830 126.133 253.747 126.133 253.747 219.414 208.830 219.414
209.374 125.720 254.195 125.720 254.195 218.931 209.374 218.931
208.616 128.526 253.576 128.526 253.576 221.643 208.616 221.643
208.860 126.287 253.449 126.287 253.449 219.443 208.860 219.443
209.166 126.712 253.607 126.712 253.607 219.972 209.166 219.972
209.063 127.290 253.324 127.290 253.324 220.479 209.063 220.479
208.642 125.694 252.577 125.694 252.577 218.872 208.642 218.872
208.805 127.125 252.706 127.125 252.706 220.200 208.805 220.200
208.634 126.231 252.190 126.231 252.190 219.199 208.634 219.199
209.260 126.372 252.458 126.372 252.458 219.822 209.260 219.822
209.258 126.682 252.419 126.682 252.419 220.020 209.258 220.020
209.004 126.337 251.977 126.337 251.977 219.811 209.004 219.811
209.681 127.440 252.720 127.440 252.720 220.763 209.681 220.763
208.989 126.702 251.937 126.702 251.937 219.900 208.989 219.900
209.136 125.308 251.908 125.308 251.908 218.746 209.136 218.746
208.864 124.536 251.540 124.536 251.540 218.092 208.864 218.092
208.513 125.280 251.009 125.280 251.009 218.604 208.513 218.604
208.759 124.913 251.037 124.913 251.037 218.176 208.759 218.176
208.436 123.568 250.748 123.568 250.748 216.686 208.436 216.686
207.996 125.219 250.145 125.219 250.145 218.359 207.996 218.359
207.948 126.720 249.918 126.720 249.918 219.718 207.948 219.718
207.857 127.941 249.785 127.941 249.785 221.092 207.857 221.092
208.258 127.156 250.192 127.156 250.192 220.544 208.258 220.544
208.352 126.547 250.345 126.547 250.345 219.856 208.352 219.856
207.263 126.875 249.378 126.875 249.378 219.865 207.263 219.865
207.054 126.879 249.135 126.879 249.135 220.026 207.054 220.026
207.436 125.527 249.443 125.527 249.443 218.848 207.436 218.848
206.663 126.845 248.750 126.845 248.750 220.178 206.663 220.178
207.034 126.661 248.962 126.661 248.962 220.131 207.034 220.131
206.916 126.362 248.718 126.362 248.718 219.886 206.916 219.886
206.687 128.537 248.604 128.537 248.604 221.913 206.687 221.913
207.200 126.066 248.915 126.066 248.915 219.596 207.200 219.596
206.267 127.975 247.981 127.975 247.981 221.444 206.267 221.444
205.755 127.096 247.546 127.096 247.546 220.487 205.755 220.487
206.264 127.777 248.002 127.777 248.002 221.158 206.264 221.158
205.113 127.653 246.580 127.653 246.580 221.275 205.113 221.275
206.471 127.317 247.929 127.317 247.929 221.075 206.471 221.075
205.282 127.375 246.806 127.375 246.806 221.280 205.282 221.280
206.267 127.744 247.786 127.744 247.786 221.759 206.267 221.759
207.202 127.761 248.570 127.761 248.570 222.065 207.202 222.065
206.671 128.058 248.126 128.058 248.126 222.144 206.671 222.144
207.719 128.392 249.259 128.392 249.259 222.884 207.719 222.884
208.425 128.854 250.156 128.854 250.156 223.339 208.425 223.339
208.668 128.791 250.639 128.791 250.639 223.221 208.668 223.221
210.170 130.520 252.079 130.520 252.079 225.001 210.170 225.001
210.858 129.823 252.773 129.823 252.773 224.310 210.858 224.310
212.265 130.068 253.903 130.068 253.903 224.409 212.265 224.409
212.869 129.894 254.717 129.894 254.717 224.184 212.869 224.184
213.984 128.898 255.811 128.898 255.811 223.342 213.984 223.342
213.179 131.127 254.913 131.127 254.913 225.687 213.179 225.687
214.357 128.044 255.961 128.044 255.961 223.360 214.357 223.360
214.919 127.207 256.409 127.207 256.409 223.073 214.919 223.073
215.614 127.782 257.293 127.782 257.293 223.892 215.614 223.892
215.642 127.582 257.271 127.582 257.271 223.927 215.642 223.927
216.169 128.497 257.767 128.497 257.767 225.122 216.169 225.122
217.526 127.018 258.972 127.018 258.972 224.435 217.526 224.435
217.148 127.936 258.589 127.936 258.589 225.178 217.148 225.178
217.359 127.533 258.693 127.533 258.693 225.121 217.359 225.121
217.891 127.573 259.025 127.573 259.025 225.507 217.891 225.507
217.585 126.162 258.688 126.162 258.688 224.495 217.585 224.495
217.582 126.158 258.859 126.158 258.859 224.428 217.582 224.428
218.164 125.314 259.383 125.314 259.383 223.668 218.164 223.668
217.197 125.487 258.411 125.487 258.411 224.182 217.197 224.182
217.860 125.845 259.132 125.845 259.132 224.670 217.860 224.670
218.139 125.928 259.500 125.928 259.500 224.888 218.139 224.888
218.279 125.958 259.846 125.958 259.846 224.734 218.279 224.734
217.550 126.749 259.152 126.749 259.152 225.724 217.550 225.724
217.360 125.892 259.075 125.892 259.075 224.912 217.360 224.912
217.554 125.905 259.365 125.905 259.365 225.438 217.554 225.438
216.850 125.987 258.709 125.987 258.709 225.761 216.850 225.761
216.668 126.109 258.619 126.109 258.619 226.257 216.668 226.257
216.885 125.279 258.955 125.279 258.955 225.800 216.885 225.800
216.795 126.649 258.935 126.649 258.935 227.612 216.795 227.612
217.199 124.950 259.441 124.950 259.441 226.079 217.199 226.079
216.162 126.909 258.499 126.909 258.499 228.220 216.162 228.220
216.547 124.863 258.966 124.863 258.966 226.714 216.547 226.714
215.815 125.726 258.538 125.726 258.538 227.610 215.815 227.610
215.414 125.084 258.386 125.084 258.386 227.623 215.414 227.623
214.996 124.998 258.369 124.998 258.369 228.072 214.996 228.072
214.349 123.933 258.129 123.933 258.129 227.975 214.349 227.975
213.259 123.442 257.489 123.442 257.489 228.266 213.259 228.266
212.469 122.973 257.147 122.973 257.147 228.953 212.469 228.953
211.378 121.552 257.000 121.552 257.000 228.663 211.378 228.663
209.265 121.372 255.672 121.372 255.672 230.231 209.265 230.231
208.933 120.435 256.131 120.435 256.131 231.312 208.933 231.312
207.586 119.401 255.585 119.401 255.585 232.911 207.586 232.911
210.452 118.905 259.495 118.905 259.495 234.991 210.452 234.991
207.847 117.682 257.598 117.682 257.598 235.359 207.847 235.359
207.088 115.977 257.633 115.977 257.633 235.123 207.088 235.123
206.916 114.698 258.069 114.698 258.069 235.229 206.916 235.229
207.209 114.250 258.790 114.250 258.790 235.942 207.209 235.942
207.425 113.566 259.448 113.566 259.448 236.360 207.425 236.360
208.908 113.556 261.427 113.556 261.427 237.362 208.908 237.362
210.216 111.632 263.077 111.632 263.077 236.742 210.216 236.742
209.981 109.261 263.329 109.261 263.329 235.503 209.981 235.503
211.303 107.888 264.975 107.888 264.975 234.917 211.303 234.917
212.696 106.273 266.728 106.273 266.728 234.240 212.696 234.240
214.126 105.288 268.606 105.288 268.606 234.602 214.126 234.602
215.825 103.363 271.122 103.363 271.122 234.042 215.825 234.042
217.399 101.187 273.121 101.187 273.121 233.681 217.399 233.681
217.197 99.554 273.618 99.554 273.618 233.746 217.197 233.746
219.279 98.322 276.298 98.322 276.298 234.356 219.279 234.356
222.003 95.832 279.627 95.832 279.627 233.403 222.003 233.403
223.928 93.065 282.370 93.065 282.370 231.918 223.928 231.918
227.661 94.806 287.308 94.806 287.308 233.921 227.661 233.921
231.322 93.165 291.793 93.165 291.793 233.030 231.322 233.030
236.303 92.825 297.267 92.825 297.267 233.551 236.303 233.551
240.905 93.052 302.143 93.052 302.143 234.648 240.905 234.648
245.076 93.081 306.523 93.081 306.523 235.481 245.076 235.481
248.618 93.450 310.056 93.450 310.056 236.406 248.618 236.406
251.406 94.401 313.440 94.401 313.440 237.397 251.406 237.397
254.704 94.915 317.190 94.915 317.190 237.924 254.704 237.924
257.345 96.282 320.424 96.282 320.424 239.021 257.345 239.021
261.324 96.357 324.370 96.357 324.370 239.462 261.324 239.462
264.455 96.060 327.583 96.060 327.583 239.011 264.455 239.011
218.475 114.093 282.585 114.093 282.585 253.445 218.475 253.445
214.684 115.848 277.993 115.848 277.993 253.662 214.684 253.662
213.361 117.292 275.920 117.292 275.920 253.632 213.361 253.632
214.141 118.626 276.182 118.626 276.182 253.184 214.141 253.184
216.292 119.016 277.744 119.016 277.744 251.794 216.292 251.794
216.312 120.970 277.139 120.970 277.139 251.975 216.312 251.975
216.709 121.139 277.320 121.139 277.320 250.549 216.709 250.549
217.250 123.329 277.753 123.329 277.753 251.061 217.250 251.061
218.160 123.056 278.816 123.056 278.816 248.532 218.160 248.532
218.276 124.996 278.700 124.996 278.700 249.488 218.276 249.488
218.142 126.222 278.539 126.222 278.539 249.810 218.142 249.810
219.672 125.251 279.808 125.251 279.808 248.602 219.672 248.602
220.167 125.156 280.418 125.156 280.418 248.656 220.167 248.656
220.412 128.210 280.812 128.210 280.812 251.816 220.412 251.816
222.690 128.772 282.954 128.772 282.954 253.607 222.690 253.607
224.474 128.287 284.770 128.287 284.770 254.203 224.474 254.203
225.668 128.450 286.064 128.450 286.064 254.304 225.668 254.304
226.193 128.094 286.643 128.094 286.643 254.342 226.193 254.342
227.968 128.780 288.515 128.780 288.515 255.235 227.968 255.235
228.098 128.462 288.600 128.462 288.600 255.106 228.098 255.106
229.547 129.782 290.312 129.782 290.312 256.982 229.547 256.982
230.063 129.024 290.189 129.024 290.189 256.822 230.063 256.822
230.831 127.901 290.237 127.901 290.237 256.719 230.831 256.719
232.004 126.664 290.734 126.664 290.734 256.370 232.004 256.370
232.778 126.447 290.992 126.447 290.992 256.847 232.778 256.847
234.400 125.564 292.137 125.564 292.137 256.032 234.400 256.032
236.295 124.811 293.735 124.811 293.735 254.926 236.295 254.926
237.508 124.567 294.348 124.567 294.348 254.228 237.508 254.228
239.208 125.097 295.550 125.097 295.550 254.787 239.208 254.787
240.977 125.667 296.709 125.667 296.709 255.470 240.977 255.470
242.632 126.505 297.714 126.505 297.714 256.917 242.632 256.917
243.962 127.632 298.825 127.632 298.825 258.234 243.962 258.234
244.924 126.071 299.735 126.071 299.735 256.468 244.924 256.468
246.679 125.716 301.271 125.716 301.271 255.381 246.679 255.381
248.781 129.742 302.950 129.742 302.950 258.935 248.781 258.935
251.299 129.785 305.368 129.785 305.368 258.353 251.299 258.353
252.901 131.182 306.503 131.182 306.503 260.018 252.901 260.018
254.762 132.704 308.429 132.704 308.429 261.688 254.762 261.688
255.823 131.898 309.458 131.898 309.458 260.561 255.823 260.561
257.529 133.480 311.349 133.480 311.349 261.812 257.529 261.812
258.839 134.739 312.745 134.739 312.745 262.532 258.839 262.532
259.129 135.126 313.172 135.126 313.172 262.584 259.129 262.584
260.112 135.251 314.467 135.251 314.467 261.726 260.112 261.726
261.966 134.522 316.448 134.522 316.448 260.417 261.966 260.417
263.282 134.569 317.859 134.569 317.859 259.836 263.282 259.836
264.950 136.333 319.612 136.333 319.612 261.307 264.950 261.307
268.635 136.236 322.544 136.236 322.544 260.948 268.635 260.948
271.463 136.727 325.276 136.727 325.276 261.291 271.463 261.291
274.061 136.870 327.375 136.870 327.375 262.268 274.061 262.268
281.959 136.991 335.109 136.991 335.109 263.372 281.959 263.372
282.507 134.304 335.432 134.304 335.432 261.154 282.507 261.154
282.156 133.586 334.656 133.586 334.656 261.217 282.156 261.217
284.621 133.224 337.307 133.224 337.307 260.803 284.621 260.803
286.934 131.452 339.883 131.452 339.883 259.065 286.934 259.065
289.498 129.754 342.784 129.754 342.784 257.534 289.498 257.534
291.692 131.051 345.159 131.051 345.159 259.196 291.692 259.196
294.035 131.253 348.340 131.253 348.340 258.707 294.035 258.707
296.409 131.388 351.568 131.388 351.568 258.332 296.409 258.332
297.062 134.627 352.608 134.627 352.608 261.528 297.062 261.528
288.190 133.978 344.491 133.978 344.491 260.365 288.190 260.365
286.920 136.017 343.438 136.017 343.438 262.829 286.920 262.829
275.893 135.439 333.052 135.439 333.052 262.574 275.893 262.574
274.990 134.461 332.334 134.461 332.334 262.152 274.990 262.152
264.046 134.349 321.732 134.349 321.732 262.006 264.046 262.006
260.259 136.087 318.206 136.087 318.206 263.873 260.259 263.873
254.723 134.781 312.793 134.781 312.793 262.399 254.723 262.399
244.301 135.120 302.429 135.120 302.429 262.662 244.301 262.662
240.780 135.062 298.937 135.062 298.937 261.341 240.780 261.341
241.757 139.360 300.336 139.360 300.336 264.734 241.757 264.734
241.880 139.989 300.591 139.989 300.591 264.084 241.880 264.084
243.095 140.401 302.113 140.401 302.113 263.683 243.095 263.683
243.232 142.859 301.808 142.859 301.808 266.279 243.232 266.279
244.624 141.796 302.553 141.796 302.553 266.180 244.624 266.180
245.599 141.684 303.042 141.684 303.042 267.624 245.599 267.624
247.805 140.348 305.380 140.348 305.380 266.621 247.805 266.621
249.442 140.754 307.071 140.754 307.071 267.196 249.442 267.196
252.257 141.434 309.678 141.434 309.678 267.563 252.257 267.563
254.645 141.727 311.833 141.727 311.833 268.077 254.645 268.077
257.938 142.283 314.785 142.283 314.785 268.198 257.938 268.198
260.572 142.982 317.074 142.982 317.074 268.332 260.572 268.332
262.614 144.730 318.208 144.730 318.208 271.015 262.614 271.015
265.293 145.065 320.562 145.065 320.562 270.484 265.293 270.484
267.189 143.683 322.218 143.683 322.218 268.925 267.189 268.925
269.186 141.329 324.602 141.329 324.602 266.802 269.186 266.802
270.349 141.478 326.258 141.478 326.258 266.736 270.349 266.736
270.825 142.987 327.397 142.987 327.397 267.563 270.825 267.563
265.677 145.241 322.568 145.241 322.568 269.569 265.677 269.569
260.829 143.989 317.867 143.989 317.867 268.072 260.829 268.072
255.004 146.825 312.118 146.825 312.118 271.001 255.004 271.001
249.561 144.232 306.651 144.232 306.651 268.951 249.561 268.951
243.490 148.819 300.583 148.819 300.583 272.988 243.490 272.988
237.934 145.573 294.909 145.573 294.909 270.745 237.934 270.745
230.748 145.983 287.829 145.983 287.829 271.193 230.748 271.193
227.298 145.980 284.766 145.980 284.766 271.851 227.298 271.851
230.004 145.039 288.271 145.039 288.271 271.542 230.004 271.542
232.570 145.761 290.907 145.761 290.907 273.361 232.570 273.361
236.290 145.492 295.289 145.492 295.289 274.297 236.290 274.297
237.458 144.125 296.550 144.125 296.550 274.121 237.458 274.121
241.522 142.174 300.572 142.174 300.572 272.857 241.522 272.857
243.250 142.104 302.430 142.104 302.430 273.636 243.250 273.636
246.487 142.856 305.815 142.856 305.815 274.902 246.487 274.902
248.845 140.012 308.494 140.012 308.494 271.960 248.845 271.960
251.112 142.418 310.987 142.418 310.987 274.356 251.112 274.356
254.076 144.861 314.202 144.861 314.202 277.012 254.076 277.012
256.412 144.885 316.539 144.885 316.539 277.919 256.412 277.919
259.987 142.934 320.347 142.934 320.347 276.460 259.987 276.460
262.119 144.784 323.070 144.784 323.070 278.110 262.119 278.110
263.389 143.851 324.577 143.851 324.577 277.822 263.389 277.822
265.703 146.340 327.468 146.340 327.468 280.105 265.703 280.105
266.421 144.228 328.503 144.228 328.503 278.536 266.421 278.536
269.107 142.082 331.225 142.082 331.225 276.847 269.107 276.847
270.260 142.035 333.201 142.035 333.201 275.872 270.260 275.872
269.736 138.495 332.979 138.495 332.979 271.562 269.736 271.562
271.199 137.031 334.523 137.031 334.523 268.412 271.199 268.412
270.144 141.852 333.088 141.852 333.088 272.398 270.144 272.398
268.794 139.927 331.380 139.927 331.380 267.941 268.794 267.941
265.344 143.362 326.449 143.362 326.449 269.871 265.344 269.871
262.552 141.061 322.666 141.061 322.666 265.381 262.552 265.381
260.973 139.579 320.152 139.579 320.152 261.932 260.973 261.932
264.644 141.525 322.812 141.525 322.812 262.098 264.644 262.098
266.760 140.312 323.898 140.312 323.898 259.920 266.760 259.920
270.990 139.113 327.470 139.113 327.470 257.332 270.990 257.332
275.461 141.401 331.087 141.401 331.087 258.556 275.461 258.556
279.653 140.688 334.559 140.688 334.559 256.966 279.653 256.966
284.753 141.183 338.832 141.183 338.832 257.341 284.753 257.341
288.529 142.307 342.104 142.307 342.104 258.168 288.529 258.168
292.896 142.435 345.683 142.435 345.683 258.296 292.896 258.296
297.458 140.633 349.521 140.633 349.521 256.873 297.458 256.873
301.128 141.016 353.034 141.016 353.034 256.662 301.128 256.662
305.004 140.828 356.511 140.828 356.511 256.542 305.004 256.542
309.798 140.353 361.260 140.353 361.260 255.565 309.798 255.565
313.534 141.490 364.804 141.490 364.804 256.238 313.534 256.238
318.207 141.807 369.078 141.807 369.078 256.744 318.207 256.744
322.546 142.548 373.053 142.548 373.053 257.522 322.546 257.522
323.725 147.316 373.859 147.316 373.859 261.966 323.725 261.966
320.087 145.152 369.726 145.152 369.726 259.450 320.087 259.450
317.278 142.657 366.583 142.657 366.583 256.805 317.278 256.805
310.926 145.132 359.963 145.132 359.963 258.471 310.926 258.471
306.934 144.719 355.877 144.719 355.877 256.730 306.934 256.730
302.216 145.189 351.045 145.189 351.045 255.691 302.216 255.691
297.356 145.680 345.755 145.680 345.755 255.350 297.356 255.350
292.618 146.025 340.883 146.025 340.883 253.751 292.618 253.751
288.727 146.603 336.749 146.603 336.749 253.269 288.727 253.269
281.106 147.229 329.279 147.229 329.279 252.821 281.106 252.821
277.939 147.649 325.783 147.649 325.783 252.374 277.939 252.374
274.013 149.579 321.604 149.579 321.604 253.663 274.013 253.663
270.430 147.986 317.652 147.986 317.652 252.015 270.430 252.015
263.282 145.476 310.260 145.476 310.260 249.731 263.282 249.731
261.706 145.375 308.409 145.375 308.409 249.245 261.706 249.245
264.860 141.479 311.409 141.479 311.409 246.026 264.860 246.026
267.861 143.262 314.317 143.262 314.317 248.778 267.861 248.778
271.930 143.028 318.699 143.028 318.699 249.182 271.930 249.182
275.516 145.327 322.747 145.327 322.747 251.469 275.516 251.469
279.463 142.590 327.251 142.590 327.251 248.158 279.463 248.158
283.110 142.072 331.592 142.072 331.592 247.444 283.110 247.444
291.313 144.445 340.443 144.445 340.443 248.658 291.313 248.658
293.064 143.225 342.378 143.225 342.378 247.098 293.064 247.098
295.506 142.997 345.451 142.997 345.451 246.307 295.506 246.307
299.463 142.483 349.981 142.483 349.981 245.569 299.463 245.569
302.016 143.706 352.284 143.706 352.284 247.001 302.016 247.001
298.663 144.290 349.203 144.290 349.203 247.187 298.663 247.187
295.452 146.272 346.421 146.272 346.421 247.828 295.452 247.828
291.218 146.317 342.562 146.317 342.562 246.762 291.218 246.762
288.457 145.318 340.212 145.318 340.212 245.977 288.457 245.977
284.889 145.033 336.889 145.033 336.889 245.609 284.889 245.609
277.981 144.785 329.444 144.785 329.444 246.765 277.981 246.765
275.179 145.331 326.535 145.331 326.535 247.870 275.179 247.870
271.526 147.414 322.578 147.414 322.578 251.006 271.526 251.006
268.034 147.736 318.906 147.736 318.906 251.109 268.034 251.109
264.408 150.491 315.410 150.491 315.410 252.709 264.408 252.709
261.146 149.961 311.929 149.961 311.929 251.728 261.146 251.728
258.563 150.556 309.006 150.556 309.006 252.008 258.563 252.008
250.918 149.106 301.393 149.106 301.393 250.677 250.918 250.677
250.522 149.092 300.582 149.092 300.582 250.708 250.522 250.708
243.456 147.164 293.420 147.164 293.420 249.771 243.456 249.771
254.067 145.082 303.450 145.082 303.450 248.641 254.067 248.641
255.792 146.988 304.611 146.988 304.611 251.216 255.792 251.216
264.830 147.756 313.198 147.756 313.198 252.259 264.830 252.259
273.522 147.473 321.091 147.473 321.091 253.873 273.522 253.873
215.621 151.414 262.934 151.414 262.934 257.477 215.621 257.477
218.028 148.346 264.771 148.346 264.771 255.789 218.028 255.789
219.299 146.187 266.390 146.187 266.390 253.833 219.299 253.833
226.124 161.941 271.910 161.941 271.910 274.279 226.124 274.279
215.858 155.861 261.538 155.861 261.538 270.291 215.858 270.291
213.323 155.510 258.726 155.510 258.726 273.078 213.323 273.078
208.995 158.855 254.357 158.855 254.357 278.601 208.995 278.601
206.947 163.934 252.118 163.934 252.118 287.774 206.947 287.774
197.853 162.507 243.873 162.507 243.873 288.576 197.853 288.576
196.071 161.085 242.754 161.085 242.754 289.259 196.071 289.259
191.424 159.562 238.734 159.562 238.734 289.051 191.424 289.051
181.875 158.923 229.768 158.923 229.768 290.320 181.875 290.320
180.372 157.834 228.842 157.834 228.842 290.443 180.372 290.443
176.717 163.371 225.513 163.371 225.513 297.523 176.717 297.523
182.316 156.729 231.532 156.729 231.532 293.058 182.316 293.058
180.931 153.594 230.705 153.594 230.705 292.384 180.931 292.384
187.033 150.414 237.512 150.414 237.512 290.940 187.033 290.940
188.587 148.672 239.567 148.672 239.567 290.670 188.587 290.670
191.751 147.229 243.105 147.229 243.105 291.139 191.751 291.139
197.703 149.280 249.415 149.280 249.415 294.053 197.703 294.053
199.195 151.838 251.756 151.838 251.756 296.750 199.195 296.750
201.594 151.959 254.615 151.959 254.615 297.787 201.594 297.787
204.087 152.724 257.786 152.724 257.786 298.470 204.087 298.470
212.479 160.905 266.943 160.905 266.943 305.710 212.479 305.710
215.106 159.246 270.029 159.246 270.029 303.914 215.106 303.914
222.449 158.536 277.368 158.536 277.368 303.220 222.449 303.220
223.754 155.260 278.925 155.260 278.925 300.293 223.754 300.293
221.664 152.611 276.967 152.611 276.967 297.842 221.664 297.842
216.049 152.011 271.028 152.011 271.028 298.250 216.049 298.250
212.838 152.861 268.101 152.861 268.101 298.547 212.838 298.547
206.686 152.550 261.723 152.550 261.723 298.933 206.686 298.933
202.050 154.048 257.246 154.048 257.246 301.045 202.050 301.045
197.916 154.430 253.514 154.430 253.514 302.071 197.916 302.071
193.733 153.104 249.707 153.104 249.707 299.877 193.733 299.877
187.141 155.330 243.412 155.330 243.412 301.989 187.141 301.989
182.676 156.965 239.650 156.965 239.650 303.000 182.676 303.000
177.729 157.883 234.801 157.883 234.801 303.403 177.729 303.403
171.934 159.735 229.172 159.735 229.172 305.467 171.934 305.467
169.304 160.059 226.433 160.059 226.433 306.281 169.304 306.281
165.062 158.873 222.173 158.873 222.173 305.214 165.062 305.214
159.978 159.264 216.848 159.264 216.848 305.870 159.978 305.870
156.526 158.946 212.932 158.946 212.932 306.639 156.526 306.639
152.136 155.982 208.672 155.982 208.672 303.882 152.136 303.882
146.736 155.578 202.881 155.578 202.881 304.532 146.736 304.532
142.131 157.676 198.035 157.676 198.035 307.729 142.131 307.729
137.229 156.823 193.019 156.823 193.019 307.010 137.229 307.010
132.045 158.531 188.227 158.531 188.227 307.881 132.045 307.881
127.824 158.520 184.337 158.520 184.337 306.771 127.824 306.771
122.840 159.103 179.709 159.103 179.709 306.561 122.840 306.561
118.716 159.863 175.968 159.863 175.968 306.378 118.716 306.378
114.685 160.554 171.988 160.554 171.988 306.721 114.685 306.721
111.652 158.936 168.680 158.936 168.680 304.503 111.652 304.503
107.306 159.989 164.222 159.989 164.222 305.242 107.306 305.242
103.092 160.253 159.981 160.253 159.981 305.809 103.092 305.809
100.192 155.849 157.036 155.849 157.036 301.314 100.192 301.314
104.182 152.728 160.895 152.728 160.895 297.831 104.182 297.831
107.210 156.988 163.753 156.988 163.753 302.082 107.210 302.082
111.962 153.695 168.161 153.695 168.161 299.255 111.962 299.255
115.473 156.417 171.862 156.417 171.862 302.087 115.473 302.087
119.579 156.203 176.026 156.203 176.026 301.952 119.579 301.952
123.669 155.646 180.281 155.646 180.281 301.626 123.669 301.626
125.983 156.708 182.835 156.708 182.835 302.701 125.983 302.701
130.393 157.136 187.175 157.136 187.175 303.333 130.393 303.333
133.706 157.184 190.444 157.184 190.444 303.372 133.706 303.372
137.042 155.127 193.927 155.127 193.927 301.713 137.042 301.713
145.093 151.462 202.316 151.462 202.316 297.757 145.093 297.757
146.672 152.641 203.668 152.641 203.668 299.264 146.672 299.264
149.686 151.887 206.425 151.887 206.425 298.891 149.686 298.891
152.310 152.605 209.151 152.605 209.151 299.030 152.310 299.030
156.385 153.392 212.712 153.392 212.712 299.868 156.385 299.868
160.107 150.638 216.105 150.638 216.105 297.020 160.107 297.020
163.231 156.064 219.062 156.064 219.062 302.007 163.231 302.007
167.310 156.453 223.146 156.453 223.146 301.502 167.310 301.502
170.430 157.034 226.563 157.034 226.563 301.256 170.430 301.256
173.901 156.405 230.103 156.405 230.103 300.053 173.901 300.053
177.444 158.462 233.691 158.462 233.691 301.825 177.444 301.825
185.009 153.960 241.390 153.960 241.390 297.022 185.009 297.022
186.842 155.265 242.604 155.265 242.604 298.903 186.842 298.903
194.063 151.138 249.916 151.138 249.916 294.454 194.063 294.454
194.580 153.254 249.970 153.254 249.970 295.077 194.580 295.077
197.543 151.180 252.675 151.180 252.675 292.115 197.543 292.115
200.722 150.621 255.919 150.621 255.919 290.976 200.722 290.976
202.859 153.357 257.976 153.357 257.976 293.820 202.859 293.820
202.339 150.385 256.896 150.385 256.896 291.345 202.339 291.345
196.999 154.030 251.929 154.030 251.929 295.034 196.999 295.034
193.669 153.902 248.997 153.902 248.997 293.809 193.669 293.809
189.054 150.929 244.367 150.929 244.367 291.163 189.054 291.163
185.519 150.617 241.000 150.617 241.000 290.277 185.519 290.277
181.525 151.799 237.036 151.799 237.036 291.992 181.525 291.992
177.011 149.081 232.512 149.081 232.512 288.979 177.011 288.979
172.875 151.758 228.618 151.758 228.618 291.050 172.875 291.050
167.667 148.350 223.383 148.350 223.383 288.505 167.667 288.505
162.317 150.593 218.568 150.593 218.568 290.112 162.317 290.112
157.830 148.491 214.262 148.491 214.262 288.718 157.830 288.718
153.208 148.030 209.726 148.030 209.726 289.560 153.208 289.560
148.773 148.227 205.729 148.227 205.729 290.224 148.773 290.224
143.561 150.544 201.121 150.544 201.121 291.524 143.561 291.524
137.460 152.917 195.411 152.917 195.411 293.703 137.460 293.703
133.616 148.810 191.360 148.810 191.360 290.716 133.616 290.716
128.568 151.779 186.942 151.779 186.942 292.083 128.568 292.083
122.746 147.999 180.757 147.999 180.757 288.127 122.746 288.127
118.146 151.767 175.695 151.767 175.695 290.597 118.146 290.597
113.312 149.169 170.492 149.169 170.492 287.560 113.312 287.560
105.169 148.019 161.479 148.019 161.479 287.678 105.169 287.678
103.457 150.150 159.488 150.150 159.488 289.717 103.457 289.717
95.706 146.361 151.822 146.361 151.822 285.104 95.706 285.104
93.632 145.262 149.235 145.262 149.235 284.586 93.632 284.586
94.900 144.478 150.309 144.478 150.309 284.049 94.900 284.049
95.978 143.225 151.501 143.225 151.501 283.226 95.978 283.226
99.256 142.700 155.582 142.700 155.582 282.656 99.256 282.656
102.679 143.130 159.189 143.130 159.189 282.902 102.679 282.902
105.442 142.774 162.221 142.774 162.221 283.173 105.442 283.173
114.464 148.604 171.589 148.604 171.589 288.250 114.464 288.250
115.977 147.391 173.385 147.391 173.385 287.608 115.977 287.608
125.040 147.042 182.938 147.042 182.938 286.764 125.040 286.764
125.632 149.377 183.682 149.377 183.682 289.027 125.632 289.027
126.933 149.870 184.923 149.870 184.923 288.964 126.933 288.964
136.587 140.164 194.027 140.164 194.027 280.759 136.587 280.759
137.066 142.776 194.016 142.776 194.016 283.895 137.066 283.895
147.444 137.808 204.262 137.808 204.262 279.990 147.444 279.990
146.816 142.908 203.472 142.908 203.472 285.516 146.816 285.516
150.508 139.094 206.675 139.094 206.675 283.148 150.508 283.148
155.373 137.553 211.367 137.553 211.367 283.017 155.373 283.017
158.374 135.951 214.650 135.951 214.650 281.329 158.374 281.329
161.294 133.533 217.719 133.533 217.719 279.147 161.294 279.147
164.279 139.753 220.777 139.753 220.777 285.151 164.279 285.151
167.780 142.933 224.361 142.933 224.361 288.594 167.780 288.594
171.371 136.109 228.269 136.109 228.269 281.424 171.371 281.424
180.123 137.507 237.383 137.507 237.383 281.982 180.123 281.982
180.315 138.852 237.343 138.852 237.343 283.002 180.315 283.002
187.826 135.570 244.895 135.570 244.895 279.609 187.826 279.609
188.926 132.031 246.197 132.031 246.197 276.300 188.926 276.300
191.441 128.900 248.702 128.900 248.702 273.341 191.441 273.341
200.212 125.249 257.987 125.249 257.987 270.180 200.212 270.180
200.238 124.081 259.052 124.081 259.052 267.727 200.238 267.727
201.718 123.207 261.220 123.207 261.220 265.313 201.718 265.313
203.221 123.724 262.763 123.724 262.763 265.601 203.221 265.601
205.621 124.114 265.737 124.114 265.737 264.735 205.621 264.735
204.940 135.364 265.399 135.364 265.399 274.997 204.940 274.997
201.642 132.139 262.326 132.139 262.326 271.836 201.642 271.836
198.811 131.219 259.790 131.219 259.790 270.707 198.811 270.707
238.009 131.214 299.202 131.214 299.202 271.830 238.009 271.830
227.396 120.899 288.602 120.899 288.602 261.493 227.396 261.493
178.844 137.732 239.081 137.732 239.081 279.011 178.844 279.011
175.266 134.658 234.520 134.658 234.520 276.864 175.266 276.864
172.793 134.050 231.486 134.050 231.486 276.963 172.793 276.963
211.210 130.296 270.164 130.296 270.164 274.146 211.210 274.146
212.898 129.292 273.123 129.292 273.123 271.393 212.898 271.393
215.622 132.229 276.047 132.229 276.047 274.348 215.622 274.348
219.110 131.279 279.977 131.279 279.977 273.054 219.110 273.054
220.939 134.841 282.218 134.841 282.218 275.842 220.939 275.842
223.993 133.878 285.808 133.878 285.808 274.614 223.993 274.614
226.170 134.917 288.791 134.917 288.791 274.763 226.170 274.763
229.496 132.891 292.213 132.891 292.213 272.810 229.496 272.810
234.255 134.384 297.347 134.384 297.347 274.138 234.255 274.138
237.842 131.694 301.042 131.694 301.042 271.754 237.842 271.754
250.009 133.836 313.985 133.836 313.985 274.087 250.009 274.087
251.422 136.878 315.537 136.878 315.537 277.678 251.422 277.678
253.169 134.179 317.751 134.179 317.751 274.458 253.169 274.458
256.857 132.972 321.771 132.972 321.771 273.242 256.857 273.242
259.602 132.605 325.489 132.605 325.489 272.074 259.602 272.074
261.915 132.459 328.630 132.459 328.630 271.725 261.915 271.725
264.942 133.392 332.068 133.392 332.068 273.028 264.942 273.028
267.635 136.334 335.614 136.334 335.614 276.075 267.635 276.075
270.836 136.634 339.158 136.634 339.158 276.982 270.836 276.982
281.378 139.138 350.304 139.138 350.304 279.165 281.378 279.165
282.030 140.533 351.289 140.533 351.289 280.616 282.030 280.616
282.725 138.509 352.809 138.509 352.809 278.253 282.725 278.253
285.182 136.834 354.944 136.834 354.944 278.364 285.182 278.364
287.642 137.078 357.333 137.078 357.333 279.876 287.642 279.876
288.710 133.462 358.055 133.462 358.055 276.904 288.710 276.904
291.738 132.225 361.658 132.225 361.658 275.797 291.738 275.797
294.318 130.731 364.413 130.731 364.413 274.887 294.318 274.887
296.712 133.035 367.155 133.035 367.155 278.443 296.712 278.443
299.219 130.195 370.435 130.195 370.435 275.646 299.219 275.646
301.546 128.355 373.049 128.355 373.049 273.667 301.546 273.667
305.307 127.485 377.129 127.485 377.129 272.294 305.307 272.294
308.555 127.080 380.288 127.080 380.288 271.330 308.555 271.330
310.472 130.243 381.621 130.243 381.621 274.427 310.472 274.427
312.869 128.131 384.062 128.131 384.062 271.072 312.869 271.072
310.519 125.721 381.599 125.721 381.599 267.623 310.519 267.623
300.650 122.440 371.447 122.440 371.447 264.045 300.650 264.045
299.934 122.021 369.856 122.021 369.856 263.467 299.934 263.467
289.827 123.608 359.640 123.608 359.640 264.403 289.827 264.403
289.150 126.158 359.189 126.158 359.189 264.976 289.150 264.976
286.136 131.437 355.553 131.437 355.553 270.679 286.136 270.679
281.677 126.469 350.673 126.469 350.673 264.318 281.677 264.318
282.260 115.886 351.342 115.886 351.342 251.619 282.260 251.619
282.777 119.268 351.578 119.268 351.578 253.442 282.777 253.442
284.828 119.752 352.805 119.752 352.805 253.156 284.828 253.156
286.915 120.284 353.949 120.284 353.949 252.517 286.915 252.517
288.260 120.351 354.408 120.351 354.408 251.512 288.260 251.512
290.281 121.628 355.887 121.628 355.887 251.138 290.281 251.138
293.216 122.435 357.780 122.435 357.780 251.490 293.216 251.490
297.203 125.443 361.203 125.443 361.203 253.506 297.203 253.506
301.253 126.901 364.354 126.901 364.354 254.658 301.253 254.658
305.661 126.388 367.823 126.388 367.823 253.754 305.661 253.754
308.679 125.807 370.046 125.807 370.046 252.813 308.679 252.813
311.750 127.204 372.300 127.204 372.300 253.655 311.750 253.655
313.679 125.652 372.869 125.652 372.869 252.639 313.679 252.639
314.890 124.971 373.178 124.971 373.178 251.638 314.890 251.638
317.079 123.004 374.614 123.004 374.614 249.448 317.079 249.448
319.782 123.616 376.677 123.616 376.677 249.828 319.782 249.828
322.692 120.809 377.789 120.809 377.789 248.692 322.692 248.692
324.965 125.872 379.601 125.872 379.601 253.722 324.965 253.722
327.098 121.574 381.187 121.574 381.187 249.751 327.098 249.751
330.331 119.716 384.015 119.716 384.015 247.049 330.331 247.049
333.382 118.990 386.883 118.990 386.883 245.790 333.382 245.790
336.273 119.816 389.772 119.816 389.772 245.962 336.273 245.962
339.110 119.657 391.789 119.657 391.789 246.124 339.110 246.124
342.080 120.059 394.220 120.059 394.220 246.932 342.080 246.932
345.283 118.525 396.912 118.525 396.912 245.534 345.283 245.534
349.110 117.376 400.374 117.376 400.374 245.136 349.110 245.136
352.136 113.282 403.150 113.282 403.150 241.866 352.136 241.866
354.355 116.077 405.205 116.077 405.205 245.022 354.355 245.022
357.213 111.765 408.132 111.765 408.132 240.478 357.213 240.478
360.208 109.137 411.210 109.137 411.210 238.364 360.208 238.364
359.818 114.359 411.240 114.359 411.240 241.436 359.818 241.436
350.460 113.797 402.187 113.797 402.187 240.781 350.460 240.781
348.077 112.631 400.297 112.631 400.297 237.959 348.077 237.959
344.538 111.608 397.358 111.608 397.358 234.922 344.538 234.922
333.610 111.098 386.901 111.098 386.901 232.296 333.610 232.296
331.222 113.226 385.649 113.226 385.649 231.452 331.222 231.452
320.380 113.653 374.908 113.653 374.908 230.205 320.380 230.205
311.281 113.654 365.823 113.654 365.823 229.716 311.281 229.716
308.919 113.698 363.283 113.698 363.283 229.443 308.919 229.443
299.569 112.036 353.672 112.036 353.672 227.832 299.569 227.832
296.139 114.919 350.050 114.919 350.050 229.734 296.139 229.734
286.133 117.622 339.915 117.622 339.915 232.536 286.133 232.536
286.921 115.977 340.605 115.977 340.605 232.144 286.921 232.144
287.436 115.094 340.887 115.094 340.887 232.480 287.436 232.480
289.662 113.546 342.955 113.546 342.955 232.141 289.662 232.141
291.468 112.966 344.364 112.966 344.364 233.234 291.468 233.234
292.863 110.953 345.147 110.953 345.147 232.964 292.863 232.964
293.614 109.090 345.501 109.090 345.501 233.244 293.614 233.244
295.463 108.112 347.164 108.112 347.164 233.898 295.463 233.898
296.961 107.727 348.734 107.727 348.734 234.994 296.961 234.994
298.483 107.752 350.337 107.752 350.337 236.376 298.483 236.376
300.256 107.694 352.180 107.694 352.180 237.810 300.256 237.810
301.936 105.658 353.523 105.658 353.523 237.733 301.936 237.733
306.179 117.176 356.789 117.176 356.789 252.537 306.179 252.537
309.583 113.282 360.440 113.282 360.440 249.910 309.583 249.910
313.803 111.124 364.869 111.124 364.869 248.846 313.803 248.846
316.740 110.812 367.646 110.812 367.646 249.556 316.740 249.556
318.091 108.911 368.723 108.911 368.723 249.130 318.091 249.130
320.824 107.148 371.854 107.148 371.854 248.289 320.824 248.289
322.460 106.379 373.934 106.379 373.934 248.781 322.460 248.781
324.307 105.459 376.146 105.459 376.146 248.836 324.307 248.836
325.865 104.111 378.288 104.111 378.288 248.437 325.865 248.437
327.455 102.086 380.595 102.086 380.595 246.435 327.455 246.435
328.430 98.005 382.320 98.005 382.320 242.355 328.430 242.355
330.063 97.984 385.108 97.984 385.108 241.306 330.063 241.306
331.829 96.503 387.930 96.503 387.930 239.336 331.829 239.336
332.503 97.321 389.554 97.321 389.554 239.098 332.503 239.098
333.786 98.052 391.355 98.052 391.355 239.295 333.786 239.295
335.387 99.450 393.751 99.450 393.751 239.937 335.387 239.937
336.135 98.656 394.946 98.656 394.946 239.535 336.135 239.535
337.223 97.515 396.414 97.515 396.414 238.136 337.223 238.136
338.970 96.300 398.336 96.300 398.336 236.678 338.970 236.678
340.625 95.762 400.153 95.762 400.153 236.585 340.625 236.585
342.527 96.348 402.273 96.348 402.273 237.478 342.527 237.478
344.033 94.026 403.679 94.026 403.679 235.633 344.033 235.633
345.477 92.046 404.940 92.046 404.940 234.018 345.477 234.018
345.608 90.833 404.807 90.833 404.807 233.369 345.608 233.369
345.728 89.125 404.884 89.125 404.884 231.993 345.728 231.993
345.917 87.233 405.370 87.233 405.370 229.830 345.917 229.830
345.515 82.851 404.385 82.851 404.385 226.648 345.515 226.648
353.121 85.020 412.406 85.020 412.406 227.731 353.121 227.731
350.053 85.218 409.537 85.218 409.537 227.263 350.053 227.263
351.619 88.743 410.410 88.743 410.410 232.283 351.619 232.283
351.437 86.544 410.328 86.544 410.328 230.504 351.437 230.504
358.965 87.422 418.199 87.422 418.199 230.120 358.965 230.120
358.641 92.979 417.715 92.979 417.715 235.156 358.641 235.156
358.363 89.104 417.382 89.104 417.382 231.238 358.363 231.238
365.754 97.525 423.504 97.525 423.504 241.414 365.754 241.414
364.413 91.323 421.849 91.323 421.849 235.379 364.413 235.379
365.544 91.817 421.898 91.817 421.898 237.890 365.544 237.890
366.645 91.923 422.824 91.923 422.824 238.614 366.645 238.614
363.964 94.921 420.048 94.921 420.048 241.167 363.964 241.167
362.302 92.210 418.859 92.210 418.859 237.242 362.302 237.242
350.490 92.859 407.231 92.859 407.231 238.445 350.490 238.445
350.705 95.126 408.199 95.126 408.199 239.573 350.705 239.573
353.546 87.238 412.892 87.238 412.892 229.924 353.546 229.924
314.097 92.053 373.566 92.053 373.566 234.024 314.097 234.024
365.692 79.333 425.845 79.333 425.845 220.572 365.692 220.572
366.231 78.593 426.656 78.593 426.656 219.482 366.231 219.482
368.414 84.282 428.833 84.282 428.833 225.059 368.414 225.059
368.277 88.281 428.252 88.281 428.252 229.451 368.277 229.451
267.938 109.836 328.428 109.836 328.428 246.979 267.938 246.979
267.790 107.160 328.055 107.160 328.055 241.418 267.790 241.418
268.797 113.009 328.525 113.009 328.525 245.444 268.797 245.444
269.666 111.024 329.178 111.024 329.178 241.238 269.666 241.238
270.277 115.630 329.192 115.630 329.192 244.187 270.277 244.187
271.387 111.211 329.665 111.211 329.665 238.061 271.387 238.061
271.901 115.677 329.541 115.677 329.541 241.669 271.901 241.669
273.169 111.833 330.439 111.833 330.439 236.779 273.169 236.779
274.174 108.194 331.273 108.194 331.273 232.483 274.174 232.483
275.855 112.995 333.016 112.995 333.016 236.430 275.855 236.430
277.079 115.557 334.093 115.557 334.093 238.259 277.079 238.259
278.626 109.865 335.387 109.865 335.387 232.361 278.626 232.361
279.179 112.138 335.260 112.138 335.260 234.990 279.179 234.990
279.500 114.649 335.407 114.649 335.407 237.393 279.500 237.393
280.290 108.881 335.679 108.881 335.679 232.054 280.290 232.054
281.626 111.403 336.712 111.403 336.712 234.541 281.626 234.541
282.639 112.732 337.386 112.732 337.386 236.154 282.639 236.154
283.433 112.520 337.922 112.520 337.922 236.322 283.433 236.322
294.315 102.949 348.373 102.949 348.373 228.304 294.315 228.304
293.747 103.385 347.717 103.385 347.717 230.035 293.747 230.035
293.383 103.493 347.492 103.493 347.492 230.539 293.383 230.539
294.001 104.903 348.302 104.903 348.302 231.904 294.001 231.904
294.613 103.994 348.698 103.994 348.698 231.908 294.613 231.908
295.762 102.727 349.636 102.727 349.636 231.712 295.762 231.712
296.703 102.934 350.435 102.934 350.435 233.087 296.703 233.087
297.794 101.813 351.595 101.813 351.595 232.645 297.794 232.645
298.479 100.628 352.158 100.628 352.158 232.376 298.479 232.376
299.688 100.256 353.321 100.256 353.321 231.933 299.688 231.933
301.275 90.630 354.582 90.630 354.582 222.050 301.275 222.050
301.374 83.333 354.495 83.333 354.495 216.020 301.374 216.020
303.014 92.439 355.435 92.439 355.435 225.648 303.014 225.648
314.392 79.827 367.868 79.827 367.868 213.277 314.392 213.277
313.826 78.849 368.217 78.849 368.217 213.341 313.826 213.341
314.149 78.566 369.147 78.566 369.147 214.226 314.149 214.226
314.738 75.994 370.126 75.994 370.126 212.180 314.738 212.180
315.302 77.329 371.794 77.329 371.794 213.452 315.302 213.452
316.028 77.808 373.225 77.808 373.225 213.644 316.028 213.644
315.927 75.751 373.719 75.751 373.719 212.123 315.927 212.123
315.120 76.872 374.288 76.872 374.288 213.451 315.120 213.451
314.875 76.808 374.595 76.808 374.595 213.654 314.875 213.654
314.913 76.141 374.910 76.141 374.910 213.699 314.913 213.699
314.457 76.221 374.739 76.221 374.739 214.397 314.457 214.397
314.017 76.247 374.707 76.247 374.707 214.240 314.017 214.240
313.779 76.064 375.424 76.064 375.424 214.813 313.779 214.813
314.431 75.033 376.768 75.033 376.768 214.437 314.431 214.437
315.001 75.863 378.045 75.863 378.045 215.460 315.001 215.460
314.958 71.549 378.831 71.549 378.831 209.799 314.958 209.799
316.186 69.469 380.484 69.469 380.484 207.545 316.186 207.545
317.519 68.118 381.716 68.118 381.716 206.148 317.519 206.148
317.807 73.798 381.555 73.798 381.555 211.679 317.807 211.679
306.992 74.988 370.661 74.988 370.661 213.279 306.992 213.279
309.332 72.809 373.683 72.809 373.683 211.469 309.332 211.469
313.930 72.655 378.871 72.655 378.871 211.799 313.930 211.799
318.057 72.495 383.404 72.495 383.404 211.266 318.057 211.266
280.267 89.586 343.002 89.586 343.002 230.300 280.267 230.300
278.780 89.273 339.731 89.273 339.731 230.734 278.780 230.734
277.425 89.932 337.149 89.932 337.149 231.603 277.425 231.603
277.437 92.493 336.357 92.493 336.357 234.213 277.437 234.213
279.501 89.365 337.325 89.365 337.325 231.176 279.501 231.176
279.886 86.539 337.107 86.539 337.107 228.283 279.886 228.283
280.936 89.930 336.570 89.930 336.570 231.413 280.936 231.413
282.020 87.111 337.074 87.111 337.074 227.955 282.020 227.955
283.535 91.494 337.089 91.494 337.089 232.229 283.535 232.229
284.079 92.743 336.825 92.743 336.825 232.192 284.079 232.192
285.164 88.956 336.998 88.956 336.998 228.309 285.164 228.309
286.109 85.384 337.141 85.384 337.141 225.294 286.109 225.294
286.197 86.446 336.495 86.446 336.495 226.428 286.197 226.428
286.342 87.975 335.993 87.975 335.993 228.036 286.342 228.036
286.838 81.932 336.150 81.932 336.150 222.474 286.838 222.474
286.626 83.437 335.395 83.437 335.395 223.920 286.626 223.920
286.553 84.052 334.961 84.052 334.961 224.039 286.553 224.039
286.341 85.171 334.459 85.171 334.459 224.397 286.341 224.397
285.641 86.054 333.613 86.054 333.613 224.314 285.641 224.314
285.779 81.260 334.465 81.260 334.465 218.857 285.779 218.857
285.483 81.351 334.568 81.351 334.568 218.531 285.483 218.531
285.314 80.601 334.838 80.601 334.838 217.453 285.314 217.453
285.021 79.364 334.733 79.364 334.733 215.798 285.021 215.798
284.360 79.265 334.596 79.265 334.596 215.528 284.360 215.528
283.773 78.751 335.152 78.751 335.152 214.622 283.773 214.622
284.657 80.118 336.302 80.118 336.302 215.885 284.657 215.885
285.392 79.686 337.140 79.686 337.140 215.542 285.392 215.542
285.724 78.819 337.745 78.819 337.745 214.845 285.724 214.845
285.828 79.992 338.033 79.992 338.033 216.175 285.828 216.175
284.867 80.518 337.755 80.518 337.755 216.638 284.867 216.638
284.126 79.598 337.791 79.598 337.791 215.336 284.126 215.336
283.775 77.398 338.198 77.398 338.198 212.766 283.775 212.766
282.832 77.587 338.251 77.587 338.251 212.327 282.832 212.327
282.656 78.328 338.797 78.328 338.797 212.405 282.656 212.405
282.819 78.483 339.618 78.483 339.618 212.149 282.819 212.149
283.459 78.885 340.240 78.885 340.240 212.347 283.459 212.347
282.030 78.825 338.875 78.825 338.875 211.963 282.030 211.963
282.086 79.621 338.860 79.621 338.860 212.126 282.086 212.126
281.218 80.639 337.766 80.639 337.766 213.008 281.218 213.008
280.481 80.986 336.823 80.986 336.823 213.031 280.481 213.031
279.571 79.303 335.318 79.303 335.318 211.448 279.571 211.448
279.935 78.444 335.815 78.444 335.815 210.282 279.935 210.282
279.096 77.035 335.246 77.035 335.246 208.399 279.096 208.399
279.241 77.066 335.573 77.066 335.573 207.880 279.241 207.880
278.693 77.150 335.359 77.150 335.359 207.225 278.693 207.225
277.909 77.775 334.816 77.775 334.816 207.139 277.909 207.139
276.956 78.149 334.254 78.149 334.254 206.096 276.956 206.096
275.906 77.927 333.631 77.927 333.631 205.036 275.906 205.036
276.448 78.163 334.211 78.163 334.211 204.511 276.448 204.511
274.694 76.133 332.916 76.133 332.916 201.803 274.694 201.803
273.755 72.799 332.338 72.799 332.338 197.738 273.755 197.738
273.650 72.161 332.512 72.161 332.512 196.305 273.650 196.305
273.744 73.056 332.875 73.056 332.875 196.574 273.744 196.574
283.323 76.664 341.925 76.664 341.925 200.143 283.323 200.143
281.300 77.101 339.583 77.101 339.583 200.602 281.300 200.602
279.801 76.529 337.953 76.529 337.953 200.031 279.801 200.031
279.128 76.992 336.953 76.992 336.953 200.252 279.128 200.252
278.552 78.149 336.128 78.149 336.128 201.276 278.552 201.276
277.613 77.620 335.018 77.620 335.018 200.367 277.613 200.367
277.178 75.457 334.067 75.457 334.067 198.753 277.178 198.753
276.644 73.946 333.438 73.946 333.438 197.380 276.644 197.380
276.392 73.114 333.229 73.114 333.229 196.318 276.392 196.318
276.001 73.049 332.815 73.049 332.815 196.146 276.001 196.146
275.337 73.006 332.256 73.006 332.256 195.927 275.337 195.927
274.963 74.394 331.917 74.394 331.917 197.198 274.963 197.198
274.093 75.213 331.114 75.213 331.114 197.534 274.093 197.534
282.780 75.662 339.487 75.662 339.487 198.102 282.780 198.102
279.457 74.553 335.987 74.553 335.987 196.226 279.457 196.226
277.746 76.166 334.000 76.166 334.000 197.623 277.746 197.623
277.160 74.887 333.368 74.887 333.368 195.943 277.160 195.943
285.753 74.989 341.850 74.989 341.850 196.039 285.753 196.039
284.320 75.265 339.760 75.265 339.760 196.341 284.320 196.341
282.923 75.685 337.876 75.685 337.876 196.493 282.923 196.493
282.569 77.182 337.041 77.182 337.041 197.476 282.569 197.476
282.668 76.299 336.453 76.299 336.453 196.294 282.668 196.294
282.727 74.399 336.244 74.399 336.244 193.685 282.727 193.685
282.770 74.309 336.228 74.309 336.228 192.882 282.770 192.882
282.764 73.977 336.001 73.977 336.001 191.589 282.764 191.589
283.634 74.309 336.717 74.309 336.717 191.581 283.634 191.581
284.312 74.569 337.123 74.569 337.123 192.137 284.312 192.137
285.284 75.302 338.037 75.302 338.037 192.880 285.284 192.880
285.550 74.666 338.224 74.666 338.224 192.298 285.550 192.298
286.571 75.122 339.341 75.122 339.341 192.718 286.571 192.718
285.861 74.456 338.667 74.456 338.667 191.529 285.861 191.529
285.800 74.828 338.603 74.828 338.603 191.388 285.800 191.388
284.494 73.542 337.106 73.542 337.106 189.450 284.494 189.450
284.075 73.159 336.380 73.159 336.380 188.507 284.075 188.507
283.713 71.867 335.587 71.867 335.587 187.238 283.713 187.238
284.399 70.916 336.083 70.916 336.083 186.246 284.399 186.246
285.724 70.687 337.072 70.687 337.072 186.235 285.724 186.235
285.571 69.337 336.794 69.337 336.794 185.148 285.571 185.148
285.601 68.677 336.646 68.677 336.646 184.892 285.601 184.892
285.126 68.262 336.234 68.262 336.234 184.462 285.126 184.462
285.590 72.568 336.554 72.568 336.554 188.146 285.590 188.146
286.666 73.371 336.678 73.371 336.678 188.466 286.666 188.466
286.889 68.831 336.575 68.831 336.575 183.725 286.889 183.725
288.175 71.623 336.956 71.623 336.956 186.344 288.175 186.344
288.561 69.705 336.942 69.705 336.942 183.653 288.561 183.653
289.403 73.295 337.591 73.295 337.591 186.028 289.403 186.028
288.958 70.785 336.719 70.785 336.719 182.781 288.958 182.781
289.337 73.848 337.029 73.848 337.029 184.960 289.337 184.960
289.230 71.387 336.948 71.387 336.948 181.357 289.230 181.357
289.057 70.167 337.397 70.167 337.397 178.648 289.057 178.648
289.879 72.879 338.120 72.879 338.120 180.385 289.879 180.385
289.244 69.435 337.121 69.435 337.121 176.274 289.244 176.274
289.678 72.809 337.704 72.809 337.704 178.104 289.678 178.104
289.548 71.266 337.598 71.266 337.598 175.615 289.548 175.615
289.229 71.346 337.477 71.346 337.477 174.941 289.229 174.941
288.781 71.027 336.641 71.027 336.641 174.246 288.781 174.246
288.485 71.255 336.671 71.255 336.671 173.678 288.485 173.678
288.729 70.702 337.141 70.702 337.141 172.515 288.729 172.515
288.231 69.777 336.596 69.777 336.596 171.467 288.231 171.467
289.101 73.548 337.068 73.548 337.068 175.045 289.101 175.045
288.634 71.793 336.610 71.793 336.610 173.085 288.634 173.085
289.549 71.071 337.176 71.071 337.176 172.547 289.549 172.547
290.167 68.939 337.432 68.939 337.432 170.958 290.167 170.958
296.920 72.021 342.945 72.021 342.945 174.835 296.920 174.835
295.543 71.650 340.893 71.650 340.893 173.625 295.543 173.625
294.645 69.452 339.485 69.452 339.485 170.713 294.645 170.713
294.549 72.312 338.986 72.312 338.986 173.400 294.549 173.400
293.906 69.248 337.929 69.248 337.929 169.948 293.906 169.948
295.036 71.530 338.910 71.530 338.910 171.794 295.036 171.794
295.208 72.733 338.407 72.733 338.407 173.253 295.208 173.253
295.639 72.845 338.297 72.845 338.297 173.558 295.639 173.558
296.328 74.411 338.625 74.411 338.625 175.080 296.328 175.080
296.115 70.524 338.311 70.524 338.311 170.837 296.115 170.837
295.992 69.006 338.517 69.006 338.517 168.521 295.992 168.521
296.553 72.443 339.117 72.443 339.117 171.379 296.553 171.379
296.488 68.510 338.822 68.510 338.822 167.230 296.488 167.230
296.027 66.064 338.689 66.064 338.689 164.165 296.027 164.165
295.259 63.510 337.454 63.510 337.454 161.554 295.259 161.554
295.536 67.442 338.083 67.442 338.083 164.378 295.536 164.378
294.687 66.378 337.517 66.378 337.517 162.198 294.687 162.198
