270.000 175.000 405.000 175.000 405.000 273.000 270.000 273.000
268.979 174.989 403.941 174.989 403.941 272.538 268.979 272.538
270.124 175.068 404.958 175.068 404.958 272.339 270.124 272.339
268.562 174.502 403.298 174.502 403.298 271.476 268.562 271.476
269.637 175.079 404.071 175.079 404.071 272.118 269.637 272.118
269.626 175.016 403.942 175.016 403.942 271.780 269.626 271.780
269.154 175.527 403.284 175.527 403.284 272.004 269.154 272.004
269.109 176.751 402.998 176.751 402.998 273.050 269.109 273.050
269.395 177.480 402.937 177.480 402.937 273.651 269.395 273.651
269.559 177.550 403.099 177.550 403.099 273.306 269.559 273.306
269.798 175.061 403.065 175.061 403.065 270.303 269.798 270.303
270.153 175.408 403.090 175.408 403.090 270.366 270.153 270.366
270.379 176.644 403.009 176.644 403.009 271.413 270.379 271.413
269.468 176.625 402.049 176.625 402.049 271.273 269.468 271.273
270.222 176.905 402.248 176.905 402.248 271.563 270.222 271.563
270.544 176.873 402.240 176.873 402.240 271.298 270.544 271.298
268.901 176.372 400.787 176.372 400.787 270.673 268.901 270.673
269.026 177.311 401.087 177.311 401.087 271.559 269.026 271.559
269.506 175.116 401.565 175.116 401.565 269.303 269.506 269.303
268.354 176.536 400.077 176.536 400.077 270.830 268.354 270.830
267.812 176.991 399.733 176.991 399.733 271.016 267.812 271.016
268.965 176.303 400.735 176.303 400.735 270.355 268.965 270.355
266.897 177.182 398.414 177.182 398.414 271.676 266.897 271.676
268.031 175.047 399.612 175.047 399.612 269.268 268.031 269.268
266.716 174.852 398.354 174.852 398.354 268.961 266.716 268.961
266.730 174.547 398.541 174.547 398.541 268.615 266.730 268.615
266.602 174.870 398.834 174.870 398.834 268.583 266.602 268.583
265.421 174.725 397.500 174.725 397.500 268.519 265.421 268.519
265.067 175.501 397.315 175.501 397.315 269.130 265.067 269.130
265.554 174.347 397.992 174.347 397.992 267.949 265.554 267.949
262.645 173.150 395.401 173.150 395.401 266.554 262.645 266.554
263.476 174.689 396.508 174.689 396.508 268.264 263.476 268.264
262.209 172.362 395.670 172.362 395.670 265.712 262.209 265.712
261.809 174.608 396.091 174.608 396.091 267.791 261.809 267.791
261.134 172.178 395.828 172.178 395.828 265.196 261.134 265.196
257.595 171.810 392.528 171.810 392.528 265.605 257.595 265.605
258.255 171.029 393.529 171.029 393.529 264.653 258.255 264.653
256.655 169.541 391.292 169.541 391.292 263.685 256.655 263.685
255.745 171.004 391.231 171.004 391.231 265.502 255.745 265.502
253.638 168.664 388.872 168.664 388.872 263.070 253.638 263.070
253.606 167.793 388.094 167.793 388.094 262.922 253.606 262.922
249.124 168.178 384.347 168.178 384.347 263.585 249.124 263.585
249.232 166.710 384.750 166.710 384.750 261.475 249.232 261.475
247.067 166.642 383.280 166.642 383.280 260.904 247.067 260.904
246.883 165.919 383.270 165.919 383.270 259.472 246.883 259.472
245.476 166.345 382.214 166.345 382.214 260.258 245.476 260.258
242.455 165.995 379.518 165.995 379.518 259.647 242.455 259.647
237.418 164.237 375.229 164.237 375.229 257.322 237.418 257.322
236.960 163.349 374.830 163.349 374.830 256.237 236.960 256.237
233.363 162.305 371.783 162.305 371.783 255.028 233.363 255.028
232.486 162.331 371.317 162.331 371.317 254.695 232.486 254.695
229.080 161.332 368.422 161.332 368.422 253.279 229.080 253.279
225.519 161.257 365.638 161.257 365.638 253.007 225.519 253.007
222.542 160.288 363.510 160.288 363.510 252.262 222.542 252.262
219.382 159.016 360.709 159.016 360.709 251.378 219.382 251.378
219.172 158.396 360.860 158.396 360.860 250.686 219.172 250.686
212.829 156.557 355.928 156.557 355.928 248.630 212.829 248.630
211.255 157.160 355.222 157.160 355.222 249.219 211.255 249.219
207.260 156.219 351.824 156.219 351.824 248.249 207.260 248.249
203.364 156.278 349.140 156.278 349.140 248.369 203.364 248.369
199.343 156.138 346.315 156.138 346.315 248.571 199.343 248.571
194.201 151.776 342.170 151.776 342.170 244.473 194.201 244.473
191.217 153.015 340.048 153.015 340.048 245.909 191.217 245.909
188.399 152.144 338.410 152.144 338.410 244.898 188.399 244.898
182.715 151.664 334.906 151.664 334.906 244.160 182.715 244.160
179.007 151.111 331.923 151.111 331.923 243.598 179.007 243.598
173.120 149.464 326.882 149.464 326.882 242.265 173.120 242.265
168.709 147.777 323.530 147.777 323.530 240.790 168.709 240.790
164.567 145.745 320.298 145.745 320.298 239.322 164.567 239.322
159.192 145.586 316.199 145.586 316.199 239.861 159.192 239.861
153.388 142.746 312.572 142.746 312.572 237.090 153.388 237.090
146.656 141.920 307.137 141.920 307.137 236.525 146.656 236.525
140.470 141.358 302.038 141.358 302.038 236.636 140.470 236.636
140.793 142.055 302.902 142.055 302.902 237.895 140.793 237.895
168.296 142.334 328.812 142.334 328.812 238.074 168.296 238.074
196.555 142.570 355.911 142.570 355.911 238.108 196.555 238.108
208.845 143.863 366.870 143.863 366.870 237.852 208.845 237.852
217.424 145.433 375.304 145.433 375.304 237.421 217.424 237.421
217.834 141.354 374.880 141.354 374.880 233.107 217.834 233.107
218.155 141.385 376.533 141.385 376.533 231.898 218.155 231.898
214.077 140.925 374.784 140.925 374.784 229.663 214.077 229.663
212.227 137.057 371.794 137.057 371.794 227.441 212.227 227.441
207.062 139.473 368.843 139.473 368.843 228.187 207.062 228.187
201.984 140.275 365.685 140.275 365.685 227.466 201.984 227.466
197.057 140.895 361.967 140.895 361.967 227.323 197.057 227.323
190.734 140.364 357.605 140.364 357.605 225.494 190.734 225.494
185.559 140.524 352.639 140.524 352.639 225.209 185.559 225.209
181.667 140.257 348.268 140.257 348.268 224.900 181.667 224.900
175.357 139.100 342.676 139.100 342.676 222.850 175.357 222.850
169.744 141.434 337.683 141.434 337.683 223.985 169.744 223.985
165.514 142.089 332.983 142.089 332.983 224.022 165.514 224.022
160.462 142.039 327.963 142.039 327.963 223.345 160.462 223.345
155.871 142.546 322.141 142.546 322.141 223.743 155.871 223.743
149.710 141.787 316.146 141.787 316.146 222.542 149.710 222.542
142.486 141.549 308.456 141.549 308.456 222.175 142.486 222.175
136.515 140.899 301.736 140.899 301.736 221.414 136.515 221.414
132.494 142.262 296.855 142.262 296.855 223.252 132.494 223.252
124.763 140.432 288.490 140.432 288.490 221.351 124.763 221.351
120.993 141.322 283.205 141.322 283.205 222.575 120.993 222.575
115.590 141.162 276.793 141.162 276.793 222.532 115.590 222.532
111.583 139.337 271.343 139.337 271.343 222.130 111.583 222.130
141.310 138.448 299.700 138.448 299.700 222.763 141.310 222.763
155.946 136.809 313.271 136.809 313.271 221.456 155.946 221.456
188.539 136.599 345.147 136.599 345.147 221.522 188.539 221.522
190.095 136.738 345.774 136.738 345.774 222.054 190.095 222.054
192.588 136.283 347.535 136.283 347.535 221.497 192.588 221.497
191.228 134.423 345.539 134.423 345.539 219.431 191.228 219.431
191.024 134.190 344.163 134.190 344.163 218.996 191.024 218.996
189.280 135.109 341.002 135.109 341.002 219.495 189.280 219.495
187.423 135.095 337.960 135.095 337.960 218.855 187.423 218.855
183.221 135.475 331.798 135.475 331.798 218.989 183.221 218.989
180.115 136.572 326.992 136.572 326.992 220.500 180.115 220.500
179.186 136.319 324.572 136.319 324.572 219.996 179.186 219.996
175.610 136.273 319.751 136.273 319.751 219.721 175.610 219.721
173.806 137.094 317.218 137.094 317.218 220.006 173.806 220.006
170.751 137.277 313.752 137.277 313.752 219.634 170.751 219.634
169.093 139.625 311.339 139.625 311.339 221.480 169.093 221.480
165.428 138.613 307.005 138.613 307.005 219.934 165.428 219.934
161.955 138.515 302.594 138.515 302.594 219.680 161.955 219.680
159.748 139.266 300.094 139.266 300.094 220.098 159.748 220.098
167.814 138.939 305.879 138.939 305.879 219.442 167.814 219.442
162.284 139.772 299.321 139.772 299.321 219.620 162.284 219.620
168.768 138.463 303.571 138.463 303.571 216.888 168.768 216.888
161.618 138.983 294.789 138.983 294.789 217.113 161.618 217.113
158.431 140.327 290.742 140.327 290.742 218.316 158.431 218.316
166.398 139.666 296.646 139.666 296.646 217.238 166.398 217.238
162.562 141.203 290.888 141.203 290.888 218.298 162.562 218.298
159.150 141.057 286.341 141.057 286.341 218.230 159.150 218.230
166.079 141.280 291.466 141.280 291.466 218.048 166.079 218.048
162.762 141.670 287.009 141.670 287.009 218.404 162.762 218.404
164.734 135.779 285.900 135.779 285.900 214.987 164.734 214.987
177.454 139.430 295.113 139.430 295.113 220.509 177.454 220.509
166.445 133.892 281.624 133.892 281.624 217.009 166.445 217.009
177.688 135.881 289.429 135.881 289.429 220.711 177.688 220.711
177.559 135.049 286.740 135.049 286.740 220.783 177.559 220.783
178.477 136.467 286.645 136.467 286.645 222.418 178.477 222.418
177.478 130.810 283.898 130.810 283.898 217.550 177.478 217.550
178.066 136.357 283.563 136.357 283.563 223.221 178.066 223.221
178.555 131.287 282.978 131.287 282.978 218.557 178.555 218.557
179.384 135.616 283.332 135.616 283.332 222.969 179.384 222.969
179.209 130.656 282.544 130.656 282.544 218.172 179.209 218.172
179.630 135.794 282.405 135.794 282.405 223.284 179.630 223.284
179.282 130.993 281.580 130.993 281.580 218.623 179.282 218.623
180.049 135.879 282.142 135.879 282.142 223.513 180.049 223.513
179.956 130.163 281.592 130.163 281.592 217.972 179.956 217.972
179.421 134.402 280.613 134.402 280.613 222.425 179.421 222.425
179.150 129.407 279.936 129.407 279.936 217.628 179.150 217.628
179.476 133.934 279.910 133.934 279.910 222.086 179.476 222.086
179.424 136.001 279.531 136.001 279.531 223.725 179.424 223.725
179.773 131.630 279.536 131.630 279.536 219.547 179.773 219.547
189.047 135.525 287.950 135.525 287.950 223.469 189.047 223.469
176.509 131.620 275.391 131.620 275.391 219.521 176.509 219.521
187.879 134.789 285.748 134.789 285.748 222.657 187.879 222.657
186.118 129.647 283.169 129.647 283.169 217.505 186.118 217.505
186.971 135.092 283.269 135.092 283.269 222.777 186.971 222.777
187.140 130.004 282.846 130.004 282.846 217.449 187.140 217.449
188.394 134.416 283.562 134.416 283.562 221.630 188.394 221.630
188.659 129.653 283.069 129.653 283.069 216.799 188.659 216.799
188.667 134.849 282.687 134.849 282.687 221.368 188.667 221.368
188.925 129.898 282.574 129.898 282.574 216.274 188.925 216.274
189.296 133.553 282.502 133.553 282.502 219.826 189.296 219.826
190.852 137.475 283.668 137.475 283.668 223.558 190.852 223.558
189.724 133.042 282.202 133.042 282.202 218.544 189.724 218.544
191.265 137.711 283.843 137.711 283.843 222.406 191.265 222.406
192.352 139.061 284.539 139.061 284.539 223.130 192.352 223.130
193.176 139.496 285.149 139.496 285.149 222.909 193.176 222.909
193.194 134.497 284.921 134.497 284.921 217.626 193.194 217.626
194.695 137.899 286.003 137.899 286.003 220.692 194.695 220.692
195.474 138.999 286.460 138.999 286.460 221.471 195.474 221.471
195.656 133.876 286.705 133.876 286.705 215.776 195.656 215.776
197.918 138.298 288.658 138.298 288.658 220.083 197.918 220.083
196.921 134.674 288.186 134.674 288.186 215.701 196.921 215.701
196.781 138.949 288.086 138.949 288.086 220.019 196.781 220.019
197.042 134.204 288.860 134.204 288.860 214.776 197.042 214.776
206.878 137.984 297.721 137.984 297.721 218.874 206.878 218.874
206.395 138.624 296.806 138.624 296.806 219.336 206.395 219.336
206.461 138.346 296.709 138.346 296.709 218.700 206.461 218.700
207.771 139.206 297.786 139.206 297.786 219.135 207.771 219.135
208.391 140.364 298.174 140.364 298.174 220.336 208.391 220.336
206.813 136.044 297.942 136.044 297.942 215.165 206.813 215.165
207.427 140.134 299.374 140.134 299.374 218.683 207.427 218.683
206.944 139.313 299.422 139.313 299.422 217.565 206.944 217.565
207.119 140.025 300.509 140.025 300.509 217.756 207.119 217.756
216.756 139.894 309.534 139.894 309.534 217.968 216.756 217.968
215.828 140.124 308.375 140.124 308.375 218.493 215.828 218.493
214.255 139.087 307.364 139.087 307.364 216.944 214.255 216.944
213.393 138.629 307.116 138.629 307.116 216.411 213.393 216.411
211.589 140.911 306.244 140.911 306.244 218.495 211.589 218.495
209.966 140.535 305.638 140.535 305.638 218.284 209.966 218.284
206.692 136.825 304.007 136.825 304.007 214.471 206.692 214.471
207.514 141.155 305.705 141.155 305.705 219.066 207.514 219.066
217.064 140.143 315.990 140.143 315.990 218.070 217.064 218.070
215.280 137.848 315.181 137.848 315.181 215.875 215.280 215.875
216.059 140.199 316.877 140.199 316.877 218.249 216.059 218.249
225.380 138.555 326.598 138.555 326.598 217.244 225.380 217.244
223.402 137.843 325.202 137.843 325.202 216.907 223.402 216.907
216.840 138.232 322.289 138.232 322.289 215.468 216.840 215.468
221.064 138.724 329.895 138.724 329.895 214.301 221.064 214.301
224.706 139.737 336.338 139.737 336.338 213.995 224.706 213.995
219.527 139.095 333.228 139.095 333.228 213.110 219.527 213.110
224.848 140.426 340.456 140.426 340.456 214.055 224.848 214.055
228.581 140.512 346.624 140.512 346.624 213.543 228.581 213.543
233.554 141.193 353.584 141.193 353.584 213.733 233.554 213.733
236.305 141.438 358.244 141.438 358.244 213.514 236.305 213.514
239.301 140.914 362.488 140.914 362.488 213.013 239.301 213.013
252.224 141.700 376.219 141.700 376.219 213.432 252.224 213.432
252.749 141.634 377.385 141.634 377.385 213.112 252.749 213.112
254.735 142.030 379.966 142.030 379.966 213.527 254.735 213.527
257.606 141.546 383.336 141.546 383.336 213.091 257.606 213.091
259.049 140.616 385.441 140.616 385.441 212.193 259.049 212.193
262.746 139.996 390.243 139.996 390.243 211.695 262.746 211.695
266.124 139.973 393.984 139.973 393.984 211.801 266.124 211.801
256.964 140.050 385.514 140.050 385.514 212.032 256.964 212.032
235.748 146.698 364.273 146.698 364.273 218.743 235.748 218.743
213.507 142.071 342.450 142.071 342.450 214.254 213.507 214.254
178.505 140.807 308.521 140.807 308.521 212.404 178.505 212.404
180.990 140.152 311.753 140.152 311.753 211.509 180.990 211.509
185.090 139.905 315.878 139.905 315.878 211.185 185.090 211.185
189.621 140.066 320.123 140.066 320.123 211.286 189.621 211.286
184.816 141.835 316.170 141.835 316.170 213.164 184.816 213.164
190.852 141.587 322.349 141.587 322.349 212.796 190.852 212.796
196.717 140.609 328.514 140.609 328.514 211.818 196.717 211.818
194.676 140.937 326.777 140.937 326.777 212.467 194.676 212.467
199.670 139.380 331.849 139.380 331.849 211.272 199.670 211.272
205.835 138.791 337.861 138.791 337.861 211.024 205.835 211.024
211.914 137.721 343.278 137.721 343.278 210.620 211.914 210.620
208.763 138.579 339.979 138.579 339.979 212.132 208.763 212.132
209.710 139.335 341.394 139.335 341.394 213.280 209.710 213.280
216.072 136.592 347.917 136.592 347.917 210.598 216.072 210.598
220.985 135.038 352.152 135.038 352.152 209.493 220.985 209.493
219.742 136.380 350.868 136.380 350.868 211.511 219.742 211.511
226.705 134.905 357.159 134.905 357.159 210.285 226.705 210.285
225.038 135.672 355.315 135.672 355.315 211.480 225.038 211.480
232.688 134.960 361.988 134.960 361.988 211.258 232.688 211.258
230.352 134.477 359.397 134.477 359.397 210.887 230.352 210.887
213.805 134.446 342.560 134.446 342.560 211.573 213.805 211.573
181.255 134.083 309.963 134.083 309.963 211.254 181.255 211.254
150.761 133.793 279.259 133.793 279.259 211.470 150.761 211.470
157.754 134.891 286.129 134.891 286.129 212.587 157.754 212.587
155.759 133.944 284.206 133.944 284.206 212.485 155.759 212.485
154.608 134.149 283.140 134.149 283.140 213.243 154.608 213.243
153.576 134.209 283.217 134.209 283.217 213.022 153.576 213.022
163.396 132.881 292.605 132.881 292.605 211.924 163.396 211.924
162.242 132.199 291.285 132.199 291.285 211.743 162.242 211.743
160.571 132.482 290.184 132.482 290.184 212.320 160.571 212.320
160.703 133.914 291.575 133.914 291.575 213.835 160.703 213.835
170.195 133.026 300.882 133.026 300.882 212.867 170.195 212.867
167.201 131.727 297.946 131.727 297.946 211.755 167.201 211.755
164.596 132.313 296.338 132.313 296.338 212.650 164.596 212.650
164.110 132.935 296.504 132.935 296.504 213.991 164.110 213.991
163.436 133.463 297.679 133.463 297.679 214.237 163.436 214.237
163.012 134.650 298.367 134.650 298.367 215.376 163.012 215.376
159.990 133.918 297.322 133.918 297.322 214.566 159.990 214.566
158.178 135.151 296.573 135.151 296.573 216.548 158.178 216.548
156.620 134.321 296.780 134.321 296.780 215.934 156.620 215.934
153.381 133.251 295.227 133.251 295.227 215.294 153.381 215.294
150.617 134.083 293.864 134.083 293.864 216.575 150.617 216.575
146.752 134.827 292.085 134.827 292.085 217.196 146.752 217.196
142.695 135.029 289.537 135.029 289.537 217.486 142.695 217.486
140.869 136.154 287.877 136.154 287.877 219.064 140.869 219.064
138.658 135.267 285.120 135.267 285.120 218.730 138.658 218.730
136.817 135.297 282.972 135.297 282.972 218.700 136.817 218.700
135.898 135.400 280.637 135.400 280.637 219.201 135.898 219.201
138.391 134.196 280.968 134.196 280.968 218.757 138.391 218.757
140.630 134.555 281.427 134.555 281.427 219.477 140.630 219.477
142.598 133.124 281.569 133.124 281.569 218.485 142.598 218.485
145.344 135.238 283.449 135.238 283.449 220.553 145.344 220.553
144.629 134.951 282.208 134.951 282.208 219.397 144.629 219.397
146.011 134.714 282.187 134.714 282.187 219.186 146.011 219.186
146.493 134.782 281.841 134.782 281.841 218.991 146.493 218.991
146.545 134.434 281.121 134.434 281.121 218.306 146.545 218.306
148.401 134.625 281.918 134.625 281.918 218.327 148.401 218.327
149.500 135.572 282.232 135.572 282.232 219.163 149.500 219.163
148.697 136.254 280.902 136.254 280.902 219.547 148.697 219.547
148.828 137.349 280.660 137.349 280.660 220.068 148.828 220.068
147.653 136.461 278.859 136.461 278.859 218.758 147.653 218.758
144.370 133.248 275.049 133.248 275.049 216.296 144.370 216.296
137.661 79.224 263.854 79.224 263.854 165.412 137.661 165.412
139.116 46.164 261.999 46.164 261.999 134.354 139.116 134.354
142.506 41.793 263.678 41.793 263.678 129.998 142.506 129.998
145.460 39.094 265.926 39.094 265.926 126.686 145.460 126.686
146.071 38.256 266.541 38.256 266.541 124.911 146.071 124.911
145.506 37.673 266.774 37.673 266.774 123.101 145.506 123.101
145.981 38.187 266.171 38.187 266.171 123.656 145.981 123.656
146.156 37.800 266.285 37.800 266.285 122.537 146.156 122.537
145.642 36.033 264.739 36.033 264.739 120.904 145.642 120.904
147.701 37.945 265.871 37.945 265.871 123.105 147.701 123.105
145.409 37.865 263.886 37.865 263.886 122.136 145.409 122.136
146.164 37.075 263.652 37.075 263.652 121.722 146.164 121.722
147.638 37.462 263.793 37.462 263.793 122.495 147.638 122.495
146.823 36.897 262.724 36.897 262.724 121.037 146.823 121.037
147.820 37.394 263.148 37.394 263.148 121.486 147.820 121.486
148.603 39.575 263.576 39.575 263.576 123.619 148.603 123.619
147.442 38.405 262.123 38.405 262.123 121.803 147.442 121.803
147.745 37.076 262.289 37.076 262.289 120.108 147.745 120.108
148.893 38.649 262.929 38.649 262.929 121.784 148.893 121.784
147.296 38.013 261.181 38.013 261.181 120.880 147.296 120.880
146.602 38.019 260.232 38.019 260.232 120.760 146.602 120.760
147.540 39.010 260.721 39.010 260.721 121.765 147.540 121.765
146.782 39.807 259.849 39.807 259.849 122.346 146.782 122.346
147.572 39.380 260.120 39.380 260.120 121.645 147.572 121.645
145.650 39.772 258.106 39.772 258.106 121.971 145.650 121.971
146.562 40.215 259.125 40.215 259.125 121.559 146.562 121.559
146.009 40.306 258.372 40.306 258.372 121.384 146.009 121.384
146.073 41.155 258.118 41.155 258.118 122.548 146.073 122.548
145.704 41.788 257.771 41.788 257.771 123.155 145.704 123.155
146.068 42.921 258.060 42.921 258.060 124.240 146.068 124.240
144.694 42.608 256.990 42.608 256.990 123.390 144.694 123.390
143.425 43.403 256.227 43.403 256.227 123.395 143.425 123.395
143.382 44.496 256.236 44.496 256.236 124.021 143.382 124.021
142.282 44.407 255.703 44.407 255.703 123.201 142.282 123.201
142.343 44.948 255.512 44.948 255.512 123.598 142.343 123.598
140.798 45.865 253.956 45.865 253.956 124.446 140.798 124.446
140.495 46.654 253.252 46.654 253.252 125.084 140.495 125.084
139.678 46.434 252.472 46.434 252.472 124.359 139.678 124.359
139.043 46.363 251.498 46.363 251.498 123.978 139.043 123.978
138.444 47.727 250.520 47.727 250.520 125.459 138.444 125.459
137.105 47.915 248.922 47.915 248.922 125.521 137.105 125.521
136.322 47.871 248.089 47.871 248.089 125.425 136.322 125.425
136.400 48.317 247.682 48.317 247.682 126.446 136.400 126.446
135.398 48.909 246.398 48.909 246.398 126.986 135.398 126.986
134.839 49.574 245.713 49.574 245.713 127.579 134.839 127.579
134.175 48.712 244.551 48.712 244.551 126.727 134.175 126.727
133.849 49.333 243.840 49.333 243.840 127.572 133.849 127.572
133.670 49.350 243.248 49.350 243.248 127.889 133.670 127.889
132.645 49.738 241.927 49.738 241.927 128.535 132.645 128.535
133.267 51.392 242.286 51.392 242.286 130.621 133.267 130.621
131.612 51.710 240.680 51.710 240.680 130.816 131.612 130.816
131.702 52.327 239.991 52.327 239.991 131.949 131.702 131.949
130.179 52.351 238.244 52.351 238.244 132.218 130.179 132.218
131.231 53.995 239.449 53.995 239.449 134.140 131.231 134.140
130.263 53.561 238.945 53.561 238.945 133.297 130.263 133.297
129.385 56.072 239.062 56.072 239.062 135.354 129.385 135.354
130.502 56.499 240.355 56.499 240.355 136.026 130.502 136.026
132.713 57.375 243.280 57.375 243.280 136.628 132.713 136.628
133.188 58.158 244.523 58.158 244.523 137.249 133.188 137.249
133.698 57.668 245.602 57.668 245.602 136.993 133.698 136.993
134.645 57.968 247.248 57.968 247.248 137.364 134.645 137.364
134.982 58.637 248.195 58.637 248.195 138.294 134.982 138.294
134.988 60.011 248.979 60.011 248.979 139.436 134.988 139.436
136.757 59.870 250.898 59.870 250.898 139.745 136.757 139.745
137.473 59.679 251.483 59.679 251.483 140.249 137.473 140.249
137.942 59.474 252.224 59.474 252.224 140.831 137.942 140.831
137.725 60.487 252.451 60.487 252.451 142.631 137.725 142.631
139.278 61.144 254.250 61.144 254.250 144.253 139.278 144.253
138.319 61.136 253.673 61.136 253.673 145.006 138.319 145.006
140.148 61.324 255.714 61.324 255.714 146.185 140.148 146.185
140.090 62.850 255.836 62.850 255.836 148.459 140.090 148.459
139.975 64.653 256.144 64.653 256.144 150.862 139.975 150.862
141.156 65.065 257.207 65.065 257.207 152.310 141.156 152.310
143.240 66.674 259.807 66.674 259.807 154.547 143.240 154.547
144.460 68.550 261.451 68.550 261.451 157.278 144.460 157.278
146.134 70.463 263.416 70.463 263.416 159.375 146.134 159.375
146.435 71.627 263.916 71.627 263.916 160.783 146.435 160.783
150.344 73.355 268.171 73.355 268.171 162.981 150.344 162.981
150.512 75.310 268.712 75.310 268.712 165.360 150.512 165.360
151.539 75.880 269.941 75.880 269.941 166.091 151.539 166.091
153.645 76.040 271.860 76.040 271.860 166.958 153.645 166.958
156.450 77.549 275.044 77.549 275.044 169.517 156.450 169.517
156.576 77.317 275.706 77.317 275.706 170.577 156.576 170.577
160.100 78.875 280.123 78.875 280.123 173.044 160.100 173.044
161.413 79.479 282.491 79.479 282.491 174.709 161.413 174.709
162.997 81.049 285.081 81.049 285.081 177.220 162.997 177.220
164.045 82.317 287.267 82.317 287.267 179.574 164.045 179.574
167.239 83.158 291.812 83.158 291.812 181.821 167.239 181.821
166.234 83.827 291.928 83.827 291.928 183.502 166.234 183.502
169.113 84.116 295.481 84.116 295.481 185.269 169.113 185.269
169.817 86.633 297.068 86.633 297.068 188.689 169.817 188.689
174.038 86.361 301.548 86.361 301.548 189.733 174.038 189.733
174.731 88.137 303.820 88.137 303.820 191.766 174.731 191.766
176.393 89.322 306.799 89.322 306.799 193.828 176.393 193.828
176.175 90.409 307.473 90.409 307.473 195.730 176.175 195.730
179.318 92.619 310.872 92.619 310.872 198.945 179.318 198.945
179.694 95.336 312.469 95.336 312.469 202.407 179.694 202.407
181.754 96.100 315.307 96.100 315.307 203.665 181.754 203.665
184.730 98.059 318.526 98.059 318.526 206.877 184.730 206.877
186.507 101.033 321.726 101.033 321.726 210.012 186.507 210.012
186.815 99.555 323.407 99.555 323.407 209.408 186.815 209.408
187.454 102.309 324.541 102.309 324.541 213.235 187.454 213.235
191.462 105.088 329.355 105.088 329.355 216.937 191.462 216.937
192.540 106.569 331.806 106.569 331.806 218.743 192.540 218.743
196.611 106.866 336.122 106.866 336.122 220.714 196.611 220.714
195.212 110.116 335.492 110.116 335.492 224.753 195.212 224.753
199.700 110.557 340.722 110.557 340.722 226.347 199.700 226.347
198.319 115.030 339.463 115.030 339.463 232.154 198.319 232.154
202.523 115.674 344.869 115.674 344.869 233.660 202.523 233.660
203.569 116.176 346.385 116.176 346.385 235.389 203.569 235.389
203.803 122.607 347.423 122.607 347.423 243.031 203.803 243.031
207.008 122.332 351.832 122.332 351.832 242.999 207.008 242.999
208.929 122.627 354.599 122.627 354.599 244.141 208.929 244.141
206.313 125.884 352.750 125.884 352.750 247.996 206.313 247.996
211.142 127.247 357.399 127.247 357.399 250.755 211.142 250.755
211.726 131.416 358.338 131.416 358.338 256.276 211.726 256.276
214.184 131.983 361.659 131.983 361.659 258.507 214.184 258.507
215.111 136.531 363.533 136.531 363.533 263.961 215.111 263.961
218.215 137.859 367.541 137.859 367.541 266.065 218.215 266.065
216.977 141.891 367.588 141.891 367.588 270.528 216.977 270.528
218.769 143.789 370.085 143.789 370.085 273.528 218.769 273.528
219.084 145.944 370.709 145.944 370.709 277.632 219.084 277.632
221.604 147.371 373.563 147.371 373.563 280.881 221.604 280.881
223.716 151.406 375.639 151.406 375.639 286.754 223.716 286.754
224.691 153.781 377.058 153.781 377.058 290.325 224.691 290.325
227.522 155.941 380.316 155.941 380.316 294.785 227.522 294.785
225.071 159.762 378.078 159.762 378.078 301.236 225.071 301.236
227.267 162.587 381.514 162.587 381.514 304.783 227.267 304.783
229.696 169.190 384.417 169.190 384.417 313.473 229.696 313.473
232.213 173.470 388.272 173.470 388.272 318.075 232.213 318.075
231.970 173.858 388.661 173.858 388.661 320.367 231.970 320.367
234.266 179.697 391.134 179.697 391.134 329.236 234.266 329.236
235.001 182.311 392.563 182.311 392.563 334.362 235.001 334.362
235.746 185.064 394.724 185.064 394.724 338.688 235.746 338.688
237.585 191.668 398.294 191.668 398.294 346.947 237.585 346.947
238.334 199.266 400.424 199.266 400.424 356.007 238.334 356.007
236.694 201.440 400.320 201.440 400.320 359.861 236.694 359.861
238.427 208.448 403.233 208.448 403.233 368.639 238.427 368.639
240.203 210.971 405.213 210.971 405.213 374.415 240.203 374.415
241.887 213.526 408.931 213.526 408.931 378.523 241.887 378.523
244.328 219.250 413.704 219.250 413.704 385.285 244.328 385.285
