447.000 151.000 474.000 151.000 474.000 237.000 447.000 237.000
445.910 151.079 472.212 151.079 472.212 238.620 445.910 238.620
443.832 147.965 470.161 147.965 470.161 235.933 443.832 235.933
438.852 153.832 465.079 153.832 465.079 241.380 438.852 241.380
434.877 159.488 461.065 159.488 461.065 247.179 434.877 247.179
431.157 157.959 457.315 157.959 457.315 246.189 431.157 246.189
428.585 157.058 454.572 157.058 454.572 246.174 428.585 246.174
425.567 159.186 451.587 159.186 451.587 249.138 425.567 249.138
423.781 159.269 449.989 159.269 449.989 249.782 423.781 249.782
421.129 164.508 447.300 164.508 447.300 255.298 421.129 255.298
418.391 167.857 444.495 167.857 444.495 259.197 418.391 259.197
413.997 167.774 440.290 167.774 440.290 259.378 413.997 259.378
411.025 167.800 437.232 167.800 437.232 259.620 411.025 259.620
406.887 172.239 432.916 172.239 432.916 263.843 406.887 263.843
404.531 171.109 430.693 171.109 430.693 262.322 404.531 262.322
401.210 176.096 427.334 176.096 427.334 266.873 401.210 266.873
396.813 172.917 422.945 172.917 422.945 263.143 396.813 263.143
394.585 173.832 420.643 173.832 420.643 264.001 394.585 264.001
391.956 174.780 418.037 174.780 418.037 264.799 391.956 264.799
389.093 176.716 415.063 176.716 415.063 266.257 389.093 266.257
385.238 179.068 411.112 179.068 411.112 268.496 385.238 268.496
382.891 181.884 408.551 181.884 408.551 271.836 382.891 271.836
379.113 185.900 404.793 185.900 404.793 275.353 379.113 275.353
374.829 187.139 400.372 187.139 400.372 276.537 374.829 276.537
370.255 185.603 395.681 185.603 395.681 274.923 370.255 274.923
366.968 184.751 392.572 184.751 392.572 274.282 366.968 274.282
364.479 185.495 390.030 185.495 390.030 275.772 364.479 275.772
360.859 186.764 386.461 186.764 386.461 277.492 360.859 277.492
357.949 185.332 383.460 185.332 383.460 276.295 357.949 276.295
351.129 188.798 376.674 188.798 376.674 279.483 351.129 279.483
349.345 189.355 374.907 189.355 374.907 279.694 349.345 279.694
347.157 189.569 372.442 189.569 372.442 279.688 347.157 279.688
339.568 190.665 364.754 190.665 364.754 281.041 339.568 281.041
335.536 189.407 360.740 189.407 360.740 280.009 335.536 280.009
331.620 187.198 357.001 187.198 357.001 278.220 331.620 278.220
331.150 186.630 356.724 186.630 356.724 277.543 331.150 277.543
325.305 187.280 351.218 187.280 351.218 277.398 325.305 277.398
325.299 186.649 351.405 186.649 351.405 277.171 325.299 277.171
319.655 188.014 346.032 188.014 346.032 278.339 319.655 278.339
319.383 190.285 345.869 190.285 345.869 280.614 319.383 280.614
313.378 193.822 340.059 193.822 340.059 283.914 313.378 283.914
313.063 194.923 339.820 194.923 339.820 285.352 313.063 285.352
308.386 199.470 335.071 199.470 335.071 290.530 308.386 290.530
308.198 199.616 334.699 199.616 334.699 291.770 308.198 291.770
307.266 200.697 333.667 200.697 333.667 293.366 307.266 293.366
300.103 198.726 326.643 198.726 326.643 291.918 300.103 291.918
298.219 197.229 324.749 197.229 324.749 290.597 298.219 290.597
297.481 197.964 323.776 197.964 323.776 291.841 297.481 291.841
289.984 205.725 316.318 205.725 316.318 299.317 289.984 299.317
288.940 207.515 315.102 207.515 315.102 301.473 288.940 301.473
286.704 210.029 312.793 210.029 312.793 303.852 286.704 303.852
281.025 212.682 307.365 212.682 307.365 306.394 281.025 306.394
279.952 210.342 306.229 210.342 306.229 304.173 279.952 304.173
275.213 209.307 301.759 209.307 301.759 302.684 275.213 302.684
274.746 210.703 301.219 210.703 301.219 304.121 274.746 304.121
268.081 213.568 294.674 213.568 294.674 306.224 268.081 306.224
268.441 215.471 295.157 215.471 295.157 307.864 268.441 307.864
266.647 219.600 293.364 219.600 293.364 311.490 266.647 311.490
259.557 222.995 286.089 222.995 286.089 315.057 259.557 315.057
257.289 227.119 283.783 227.119 283.783 319.027 257.289 319.027
255.274 224.913 281.636 224.913 281.636 316.980 255.274 316.980
251.491 226.727 277.618 226.727 277.618 318.761 251.491 318.761
245.269 226.606 271.647 226.606 271.647 318.485 245.269 318.485
244.133 228.361 270.356 228.361 270.356 320.040 244.133 320.040
237.568 231.438 264.037 231.438 264.037 322.313 237.568 322.313
235.866 234.066 262.382 234.066 262.382 324.950 235.866 324.950
233.294 231.215 259.902 231.215 259.902 322.507 233.294 322.507
231.348 233.947 258.093 233.947 258.093 325.287 231.348 325.287
229.743 235.667 256.426 235.667 256.426 327.143 229.743 327.143
227.011 238.517 253.792 238.517 253.792 329.858 227.011 329.858
224.399 241.720 251.179 241.720 251.179 332.642 224.399 332.642
221.118 245.408 247.866 245.408 247.866 336.542 221.118 336.542
218.051 245.281 244.703 245.281 244.703 336.652 218.051 336.652
216.120 244.812 242.756 244.812 242.756 336.480 216.120 336.480
209.801 244.544 236.175 244.544 236.175 336.564 209.801 336.564
209.374 247.482 235.605 247.482 235.605 339.195 209.374 339.195
207.719 250.452 233.888 250.452 233.888 341.784 207.719 341.784
206.222 251.525 232.133 251.525 232.133 342.931 206.222 342.931
198.611 252.947 224.524 252.947 224.524 344.260 198.611 344.260
197.472 252.192 223.346 252.192 223.346 343.261 197.472 343.261
195.999 253.985 221.734 253.985 221.734 345.534 195.999 345.534
189.494 256.042 215.464 256.042 215.464 347.312 189.494 347.312
189.415 255.439 215.306 255.439 215.306 347.041 189.415 347.041
188.405 258.210 214.446 258.210 214.446 349.612 188.405 349.612
183.834 259.874 209.902 259.874 209.902 351.455 183.834 351.455
184.013 264.410 209.952 264.410 209.952 356.350 184.013 356.350
182.493 265.428 208.039 265.428 208.039 358.199 182.493 358.199
177.299 263.911 203.099 263.911 203.099 356.915 177.299 356.915
175.974 264.873 201.774 264.873 201.774 358.060 175.974 358.060
175.073 264.942 200.926 264.942 200.926 358.160 175.073 358.160
173.087 265.860 198.828 265.860 198.828 359.267 173.087 359.267
171.319 265.935 196.920 265.935 196.920 359.873 171.319 359.873
169.369 267.076 195.112 267.076 195.112 361.168 169.369 361.168
162.579 266.461 188.536 266.461 188.536 360.822 162.579 360.822
157.945 270.495 183.737 270.495 183.737 366.088 157.945 366.088
158.029 271.718 183.975 271.718 183.975 367.218 158.029 367.218
156.708 273.444 182.801 273.444 182.801 368.503 156.708 368.503
154.664 272.314 180.777 272.314 180.777 367.077 154.664 367.077
153.045 273.628 179.127 273.628 179.127 368.176 153.045 368.176
151.532 274.354 177.551 274.354 177.551 369.090 151.532 369.090
146.800 277.731 172.800 277.731 172.800 371.972 146.800 371.972
148.073 278.374 173.894 278.374 173.894 372.577 148.073 372.577
144.253 278.498 170.175 278.498 170.175 372.481 144.253 372.481
144.342 279.997 170.151 279.997 170.151 373.815 144.342 373.815
140.049 284.301 165.845 284.301 165.845 378.925 140.049 378.925
135.047 291.074 160.667 291.074 160.667 387.857 135.047 387.857
136.813 291.830 162.219 291.830 162.219 390.839 136.813 390.839
131.641 291.680 157.305 291.680 157.305 392.751 131.641 392.751
133.514 290.996 159.269 290.996 159.269 394.012 133.514 394.012
134.849 289.344 160.723 289.344 160.723 394.309 134.849 394.309
134.250 285.447 160.210 285.447 160.210 390.968 134.250 390.968
133.540 286.617 159.412 286.617 159.412 393.819 133.540 393.819
132.810 288.217 158.716 288.217 158.716 396.283 132.810 396.283
126.692 290.860 153.337 290.860 153.337 400.188 126.692 400.188
128.165 291.636 155.348 291.636 155.348 401.990 128.165 401.990
129.301 293.145 156.749 293.145 156.749 404.524 129.301 404.524
123.541 293.708 151.430 293.708 151.430 405.463 123.541 405.463
125.129 293.355 153.676 293.355 153.676 405.315 125.129 405.315
125.928 294.569 154.800 294.569 154.800 406.793 125.928 406.793
120.156 292.339 149.840 292.339 149.840 404.656 120.156 404.656
122.283 292.488 152.319 292.488 152.319 404.950 122.283 404.950
123.066 292.467 153.266 292.467 153.266 405.025 123.066 405.025
123.773 292.121 153.863 292.121 153.863 405.207 123.773 405.207
117.129 292.941 147.686 292.941 147.686 406.216 117.129 406.216
117.945 296.253 148.422 296.253 148.422 410.422 117.945 410.422
117.159 298.562 147.465 298.562 147.465 413.674 117.159 413.674
108.397 299.019 139.008 299.019 139.008 414.759 108.397 414.759
109.012 300.869 139.858 300.869 139.858 417.362 109.012 417.362
108.537 301.985 139.758 301.985 139.758 418.823 108.537 418.823
109.141 304.237 140.850 304.237 140.850 421.410 109.141 421.410
109.305 306.204 141.188 306.204 141.188 423.774 109.305 423.774
100.839 302.849 133.216 302.849 133.216 420.591 100.839 420.591
100.584 301.160 132.955 301.160 132.955 419.998 100.584 419.998
99.673 299.955 131.875 299.955 131.875 420.268 99.673 420.268
98.928 299.965 130.935 299.965 130.935 421.796 98.928 421.796
98.599 300.719 130.645 300.719 130.645 423.644 98.599 423.644
98.890 300.396 130.951 300.396 130.951 424.105 98.890 424.105
98.905 299.439 130.916 299.439 130.916 424.163 98.905 424.163
99.009 296.164 131.233 296.164 131.233 421.656 99.009 421.656
98.730 296.070 130.966 296.070 130.966 422.127 98.730 422.127
98.686 296.555 131.024 296.555 131.024 422.836 98.686 422.836
98.974 298.442 131.552 298.442 131.552 424.102 98.974 424.102
99.117 301.621 132.066 301.621 132.066 426.402 99.117 426.402
99.594 301.994 133.145 301.994 133.145 426.266 99.594 426.266
98.862 301.286 132.748 301.286 132.748 424.985 98.862 424.985
99.331 302.712 133.709 302.712 133.709 426.241 99.331 426.241
98.872 300.761 133.482 300.761 133.482 424.026 98.872 424.026
98.515 301.163 133.193 301.163 133.193 424.161 98.515 424.161
99.281 304.622 134.371 304.622 134.371 427.476 99.281 427.476
99.525 302.702 135.114 302.702 135.114 424.340 99.525 424.340
100.770 304.046 136.499 304.046 136.499 425.648 100.770 425.648
100.112 301.195 135.847 301.195 135.847 422.938 100.112 422.938
99.592 300.987 135.088 300.987 135.088 423.141 99.592 423.141
98.528 303.061 134.025 303.061 134.025 425.169 98.528 425.169
98.379 302.316 134.079 302.316 134.079 423.942 98.379 423.942
99.599 304.052 135.601 304.052 135.601 425.451 99.599 425.451
101.200 304.274 137.737 304.274 137.737 425.057 101.200 425.057
102.082 304.992 138.893 304.992 138.893 425.302 102.082 425.302
102.637 305.779 139.660 305.779 139.660 425.600 102.637 425.600
101.778 301.821 138.656 301.821 138.656 421.682 101.778 421.682
100.544 305.943 137.775 305.943 137.775 424.989 100.544 424.989
100.266 307.412 137.722 307.412 137.722 426.119 100.266 426.119
99.208 299.971 136.372 299.971 136.372 419.037 99.208 419.037
89.092 303.081 126.123 303.081 126.123 422.029 89.092 422.029
88.800 303.428 125.553 303.428 125.553 422.543 88.800 422.543
78.984 304.641 115.513 304.641 115.513 422.846 78.984 422.846
97.845 307.804 134.361 307.804 134.361 426.021 97.845 426.021
98.092 311.299 134.707 311.299 134.707 429.057 98.092 429.057
87.258 305.595 123.716 305.595 123.716 423.027 87.258 423.027
106.408 308.873 142.871 308.873 142.871 425.700 106.408 425.700
107.091 313.101 143.511 313.101 143.511 429.004 107.091 429.004
107.878 314.498 144.354 314.498 144.354 429.412 107.878 429.412
108.104 317.119 144.554 317.119 144.554 431.289 108.104 431.289
90.534 308.765 126.595 308.765 126.595 422.002 90.534 422.002
91.514 307.680 127.593 307.680 127.593 419.246 91.514 419.246
100.568 309.467 136.287 309.467 136.287 420.759 100.568 420.759
100.231 309.501 135.728 309.501 135.728 420.173 100.231 420.173
90.868 308.877 126.648 308.877 126.648 418.869 90.868 418.869
101.007 308.158 136.689 308.158 136.689 418.523 101.007 418.523
93.272 308.081 129.178 308.081 129.178 418.664 93.272 418.664
103.264 306.485 138.956 306.485 138.956 417.760 103.264 417.760
102.873 305.639 138.135 305.639 138.135 417.564 102.873 417.564
103.581 302.336 138.517 302.336 138.517 414.954 103.581 414.954
102.674 302.794 137.125 302.794 137.125 416.245 102.674 416.245
101.910 301.452 136.101 301.452 136.101 415.977 101.910 415.977
101.446 301.806 135.488 301.806 135.488 416.810 101.446 416.810
101.418 302.462 135.324 302.462 135.324 418.173 101.418 418.173
101.451 303.371 135.290 303.371 135.290 419.941 101.451 419.941
101.653 303.925 135.629 303.925 135.629 421.081 101.653 421.081
102.126 302.703 136.119 302.703 136.119 420.958 102.126 420.958
102.492 300.180 136.408 300.180 136.408 419.370 102.492 419.370
101.993 298.851 135.881 298.851 135.881 418.408 101.993 418.408
101.440 298.683 135.545 298.683 135.545 418.125 101.440 418.125
100.199 298.923 134.560 298.923 134.560 418.361 100.199 418.361
101.435 300.425 136.013 300.425 136.013 420.220 101.435 420.220
102.369 300.005 137.162 300.005 137.162 420.510 102.369 420.510
102.864 297.938 137.821 297.938 137.821 419.025 102.864 419.025
103.444 299.464 138.762 299.464 138.762 421.150 103.444 421.150
102.663 299.804 138.232 299.804 138.232 421.433 102.663 421.433
103.191 301.151 139.135 301.151 139.135 422.633 103.191 422.633
104.911 299.411 141.439 299.411 141.439 420.860 104.911 420.860
113.495 299.282 149.591 299.282 149.591 421.497 113.495 421.497
113.278 293.952 149.432 293.952 149.432 416.683 113.278 416.683
114.428 290.520 150.993 290.520 150.993 413.624 114.428 413.624
115.372 289.133 151.797 289.133 151.797 412.776 115.372 412.776
116.504 289.567 152.641 289.567 152.641 414.034 116.504 414.034
116.320 289.156 152.308 289.156 152.308 413.677 116.320 413.677
115.947 288.305 151.851 288.305 151.851 412.753 115.947 412.753
116.155 285.407 151.941 285.407 151.941 409.444 116.155 409.444
116.271 285.942 151.909 285.942 151.909 409.604 116.271 409.604
116.596 283.725 152.238 283.725 152.238 407.054 116.596 407.054
116.800 285.990 152.488 285.990 152.488 409.119 116.800 409.119
126.201 282.096 161.444 282.096 161.444 405.567 126.201 405.567
128.018 284.212 163.280 284.212 163.280 408.026 128.018 408.026
130.221 286.165 165.500 286.165 165.500 410.335 130.221 410.335
130.221 285.520 165.228 285.520 165.228 409.777 130.221 409.777
131.214 285.612 166.178 285.612 166.178 409.656 131.214 409.656
132.861 284.841 167.636 284.841 167.636 409.204 132.861 409.204
135.138 284.786 169.903 284.786 169.903 409.018 135.138 409.018
137.490 286.491 172.420 286.491 172.420 410.133 137.490 410.133
140.305 285.211 175.320 285.211 175.320 408.022 140.305 408.022
142.834 281.485 177.709 281.485 177.709 404.204 142.834 404.204
144.052 278.821 178.663 278.821 178.663 401.600 144.052 401.600
145.327 278.167 179.830 278.167 179.830 400.333 145.327 400.333
146.888 278.397 181.459 278.397 181.459 399.920 146.888 399.920
148.199 279.787 182.685 279.787 182.685 401.024 148.199 401.024
149.388 278.441 183.684 278.441 183.684 399.745 149.388 399.745
150.553 280.211 184.582 280.211 184.582 401.366 150.553 401.366
152.721 277.845 186.668 277.845 186.668 398.732 152.721 398.732
154.196 275.818 188.525 275.818 188.525 396.048 154.196 396.048
154.647 275.536 189.321 275.536 189.321 394.747 154.647 394.747
156.904 278.088 192.148 278.088 192.148 396.378 156.904 396.378
158.696 273.083 194.638 273.083 194.638 390.249 158.696 390.249
161.641 273.502 198.184 273.502 198.184 389.867 161.641 389.867
163.613 272.922 200.771 272.922 200.771 388.559 163.613 388.559
170.833 273.446 207.740 273.446 207.740 388.229 170.833 388.229
169.027 272.791 205.892 272.791 205.892 386.834 169.027 386.834
169.674 273.133 206.565 273.133 206.565 386.852 169.674 386.852
170.934 271.659 207.665 271.659 207.665 385.247 170.934 385.247
170.761 271.649 207.399 271.649 207.399 385.221 170.761 385.221
171.426 270.554 207.834 270.554 207.834 384.374 171.426 384.374
170.333 272.353 206.652 272.353 206.652 386.080 170.333 386.080
172.360 271.698 208.360 271.698 208.360 385.795 172.360 385.795
174.261 273.958 209.329 273.958 209.329 388.284 174.261 388.284
175.826 271.659 210.551 271.659 210.551 385.915 175.826 385.915
176.932 270.702 210.891 270.702 210.891 385.095 176.932 385.095
178.700 272.969 212.190 272.969 212.190 386.880 178.700 386.880
179.928 272.712 213.024 272.712 213.024 386.443 179.928 386.443
180.456 273.386 213.280 273.386 213.280 386.779 180.456 386.779
182.624 273.653 215.247 273.653 215.247 387.141 182.624 387.141
183.822 272.630 216.297 272.630 216.297 386.575 183.822 386.575
185.410 272.463 218.127 272.463 218.127 386.105 185.410 386.105
186.908 271.654 219.853 271.654 219.853 384.573 186.908 384.573
188.294 271.274 221.411 271.274 221.411 383.770 188.294 383.770
189.820 272.193 222.842 272.193 222.842 384.277 189.820 384.277
190.805 272.290 223.491 272.290 223.491 384.442 190.805 384.442
190.831 271.740 222.945 271.740 222.945 384.748 190.831 384.748
191.417 269.718 223.143 269.718 223.143 383.087 191.417 383.087
192.465 269.706 223.614 269.706 223.614 384.156 192.465 384.156
194.736 267.879 225.896 267.879 225.896 382.931 194.736 382.931
194.574 265.858 225.474 265.858 225.474 381.946 194.574 381.946
195.197 263.928 226.319 263.928 226.319 380.803 195.197 380.803
195.012 261.802 226.410 261.802 226.410 379.035 195.012 379.035
194.726 257.603 226.303 257.603 226.303 375.868 194.726 375.868
193.930 257.733 226.214 257.733 226.214 375.480 193.930 375.480
194.521 257.428 227.289 257.428 227.289 374.674 194.521 374.674
204.626 255.415 237.622 255.415 237.622 373.106 204.626 373.106
213.317 250.637 246.347 250.637 246.347 368.441 213.317 368.441
212.918 249.967 246.156 249.967 246.156 367.317 212.918 367.317
212.227 249.429 245.675 249.429 245.675 366.385 212.227 366.385
212.014 246.446 245.490 246.446 245.490 363.907 212.014 363.907
211.160 246.227 244.692 246.227 244.692 363.836 211.160 363.836
211.068 246.925 244.757 246.925 244.757 365.209 211.068 365.209
211.175 249.411 245.253 249.411 245.253 367.229 211.175 367.229
219.225 253.016 253.192 253.016 253.192 370.204 219.225 370.204
219.675 247.569 253.716 247.569 253.716 365.026 219.675 365.026
220.518 247.030 254.532 247.030 254.532 364.833 220.518 364.833
221.807 244.602 256.310 244.602 256.310 361.479 221.807 361.479
222.059 243.720 256.426 243.720 256.426 361.187 222.059 361.187
221.764 242.808 255.941 242.808 255.941 360.940 221.764 360.940
221.464 243.874 255.719 243.874 255.719 361.933 221.464 361.933
222.843 242.859 257.690 242.859 257.690 360.219 222.843 360.219
224.095 241.700 259.137 241.700 259.137 358.828 224.095 358.828
225.557 243.194 261.062 243.194 261.062 359.619 225.557 359.619
228.279 240.933 264.146 240.933 264.146 357.192 228.279 357.192
230.643 238.680 267.307 238.680 267.307 354.275 230.643 354.275
240.333 238.596 276.838 238.596 276.838 354.340 240.333 354.340
242.838 232.132 279.447 232.132 279.447 347.789 242.838 347.789
244.663 230.926 282.122 230.926 282.122 345.561 244.663 345.561
247.014 228.304 284.884 228.304 284.884 342.454 247.014 342.454
250.016 229.807 287.827 229.807 287.827 343.754 250.016 343.754
252.686 225.226 290.527 225.226 290.527 339.039 252.686 339.039
256.184 224.126 293.809 224.126 293.809 338.366 256.184 338.366
258.279 224.414 295.605 224.414 295.605 339.178 258.279 339.178
260.475 221.826 297.648 221.826 297.648 336.887 260.475 336.887
262.024 223.226 299.301 223.226 299.301 337.784 262.024 337.784
263.708 222.233 301.002 222.233 301.002 336.515 263.708 336.515
265.970 219.362 303.659 219.362 303.659 333.293 265.970 333.293
267.843 216.078 305.916 216.078 305.916 329.579 267.843 329.579
269.648 213.527 308.173 213.527 308.173 326.186 269.648 326.186
270.554 213.978 308.780 213.978 308.780 326.384 270.554 326.384
272.156 211.038 310.102 211.038 310.102 323.439 272.156 323.439
273.690 209.500 311.212 209.500 311.212 322.169 273.690 322.169
274.761 208.108 312.379 208.108 312.379 320.514 274.761 320.514
276.113 208.271 313.891 208.271 313.891 319.615 276.113 319.615
278.573 206.035 316.220 206.035 316.220 316.537 278.573 316.537
279.711 209.041 317.242 209.041 317.242 318.012 279.711 318.012
281.419 205.337 318.684 205.337 318.684 313.252 281.419 313.252
285.302 207.513 322.372 207.513 322.372 314.789 285.302 314.789
288.253 203.351 325.286 203.351 325.286 310.542 288.253 310.542
289.626 203.461 325.960 203.461 325.960 311.616 289.626 311.616
291.513 204.538 327.509 204.538 327.509 312.449 291.513 312.449
292.662 204.245 328.628 204.245 328.628 311.775 292.662 311.775
294.086 203.820 329.736 203.820 329.736 311.116 294.086 311.116
295.270 202.689 330.705 202.689 330.705 310.105 295.270 310.105
296.389 200.924 331.901 200.924 331.901 308.703 296.389 308.703
297.363 198.697 332.825 198.697 332.825 307.761 297.363 307.761
298.268 197.980 333.684 197.980 333.684 307.398 298.268 307.398
299.165 197.781 335.056 197.781 335.056 306.363 299.165 306.363
306.909 194.427 342.646 194.427 342.646 303.095 306.909 303.095
306.705 192.896 342.595 192.896 342.595 301.000 306.705 301.000
314.973 193.394 351.230 193.394 351.230 300.765 314.973 300.765
324.169 192.388 360.595 192.388 360.595 300.044 324.169 300.044
326.310 189.967 362.890 189.967 362.890 298.469 326.310 298.469
330.646 189.028 367.106 189.028 367.106 297.869 330.646 297.869
335.356 188.470 371.082 188.470 371.082 299.398 335.356 299.398
339.639 185.225 374.832 185.225 374.832 297.323 339.639 297.323
341.936 182.328 376.686 182.328 376.686 294.866 341.936 294.866
344.717 180.365 379.390 180.365 379.390 292.790 344.717 292.790
346.883 180.161 381.384 180.161 381.384 292.750 346.883 292.750
348.295 181.699 382.552 181.699 382.552 294.905 348.295 294.905
350.937 180.562 385.232 180.562 385.232 293.665 350.937 293.665
352.606 182.278 386.746 182.278 386.746 295.186 352.606 295.186
354.254 183.416 388.299 183.416 388.299 296.026 354.254 296.026
356.812 183.431 390.797 183.431 390.797 295.588 356.812 295.588
360.474 180.500 394.551 180.500 394.551 292.153 360.474 292.153
362.561 179.615 396.423 179.615 396.423 291.416 362.561 291.416
364.437 179.906 398.325 179.906 398.325 291.532 364.437 291.532
367.128 182.495 401.135 182.495 401.135 293.570 367.128 293.570
368.905 184.373 403.014 184.373 403.014 294.925 368.905 294.925
371.009 182.552 405.268 182.552 405.268 292.921 371.009 292.921
372.744 179.531 407.222 179.531 407.222 290.034 372.744 290.034
373.991 176.890 408.548 176.890 408.548 287.486 373.991 287.486
375.034 177.093 409.778 177.093 409.778 287.669 375.034 287.669
376.491 181.643 411.472 181.643 411.472 292.693 376.491 292.693
377.777 178.795 412.437 178.795 412.437 291.118 377.777 291.118
378.690 179.773 413.153 179.773 413.153 292.736 378.690 292.736
380.534 177.376 415.186 177.376 415.186 290.328 380.534 290.328
383.267 179.150 418.119 179.150 418.119 292.362 383.267 292.362
385.898 179.398 421.219 179.398 421.219 292.582 385.898 292.582
389.767 174.681 425.712 174.681 425.712 288.281 389.767 288.281
393.115 175.078 429.521 175.078 429.521 288.172 393.115 288.172
397.070 172.008 434.110 172.008 434.110 284.963 397.070 284.963
400.503 170.580 438.149 170.580 438.149 283.297 400.503 283.297
402.133 170.556 439.654 170.556 439.654 284.586 402.133 284.586
405.827 167.970 443.512 167.970 443.512 281.933 405.827 281.933
408.167 168.209 446.156 168.209 446.156 281.575 408.167 281.575
411.625 169.233 449.574 169.233 449.574 282.211 411.625 282.211
413.639 168.295 451.266 168.295 451.266 281.234 413.639 281.234
416.525 169.202 453.820 169.202 453.820 281.859 416.525 281.859
419.400 169.291 456.596 169.291 456.596 281.384 419.400 281.384
420.955 167.310 458.022 167.310 458.022 279.283 420.955 279.283
423.245 167.344 460.236 167.344 460.236 278.903 423.245 278.903
427.160 163.177 463.917 163.177 463.917 274.797 427.160 274.797
428.617 162.288 464.965 162.288 464.965 273.838 428.617 273.838
430.168 161.180 466.425 161.180 466.425 272.427 430.168 272.427
431.272 160.724 467.524 160.724 467.524 271.718 431.272 271.718
433.515 159.463 469.897 159.463 469.897 270.414 433.515 270.414
434.349 155.391 470.490 155.391 470.490 266.579 434.349 266.579
435.579 155.282 471.984 155.282 471.984 265.576 435.579 265.576
437.708 153.714 474.166 153.714 474.166 263.967 437.708 263.967
438.746 156.610 475.330 156.610 475.330 266.356 438.746 266.356
439.923 151.460 476.539 151.460 476.539 261.227 439.923 261.227
441.225 154.579 477.866 154.579 477.866 264.073 441.225 264.073
441.962 150.956 478.763 150.956 478.763 260.217 441.962 260.217
443.579 148.846 480.355 148.846 480.355 258.498 443.579 258.498
445.152 147.667 481.967 147.667 481.967 257.412 445.152 257.412
455.557 149.702 492.009 149.702 492.009 258.649 455.557 258.649
459.786 146.204 495.839 146.204 495.839 254.676 459.786 254.676
462.962 146.285 498.895 146.285 498.895 253.996 462.962 253.996
466.338 142.476 501.613 142.476 501.613 250.964 466.338 250.964
468.012 142.411 502.577 142.411 502.577 251.150 468.012 251.150
469.637 138.172 503.770 138.172 503.770 247.146 469.637 247.146
471.234 140.102 505.052 140.102 505.052 249.222 471.234 249.222
472.167 138.087 505.713 138.087 505.713 247.333 472.167 247.333
473.426 137.184 506.893 137.184 506.893 245.918 473.426 245.918
475.149 135.990 508.451 135.990 508.451 244.430 475.149 244.430
476.079 136.909 509.116 136.909 509.116 245.149 476.079 245.149
477.023 137.585 509.660 137.585 509.660 245.448 477.023 245.448
477.124 137.620 509.307 137.620 509.307 245.398 477.124 245.398
477.666 139.192 509.684 139.192 509.684 246.538 477.666 246.538
478.108 137.634 509.843 137.634 509.843 244.664 478.108 244.664
480.707 137.918 512.100 137.918 512.100 245.038 480.707 245.038
480.721 138.191 511.913 138.191 511.913 245.106 480.721 245.106
483.108 137.742 514.359 137.742 514.359 244.178 483.108 244.178
484.195 135.902 515.365 135.902 515.365 242.236 484.195 242.236
484.790 135.894 515.956 135.894 515.956 242.280 484.790 242.280
485.161 135.729 516.405 135.729 516.405 242.084 485.161 242.084
486.165 133.451 517.397 133.451 517.397 239.966 486.165 239.966
487.276 131.323 518.437 131.323 518.437 237.734 487.276 237.734
488.921 130.162 520.219 130.162 520.219 236.159 488.921 236.159
488.526 128.459 519.694 128.459 519.694 233.893 488.526 233.893
490.379 128.470 521.325 128.470 521.325 233.188 490.379 233.188
490.079 129.775 520.822 129.775 520.822 233.487 490.079 233.487
490.874 129.599 521.444 129.599 521.444 233.114 490.874 233.114
493.144 127.977 523.475 127.977 523.475 231.664 493.144 231.664
494.714 127.538 524.887 127.538 524.887 231.091 494.714 231.091
503.799 126.776 534.162 126.776 534.162 229.774 503.799 229.774
504.794 123.050 535.511 123.050 535.511 225.104 504.794 225.104
511.803 126.675 542.887 126.675 542.887 227.325 511.803 227.325
512.834 124.982 544.364 124.982 544.364 224.775 512.834 224.775
514.402 122.203 545.986 122.203 545.986 221.985 514.402 221.985
516.651 118.702 548.315 118.702 548.315 218.244 516.651 218.244
518.851 116.265 550.776 116.265 550.776 214.770 518.851 214.770
468.288 131.100 500.270 131.100 500.270 228.944 468.288 228.944
466.553 133.770 498.369 133.770 498.369 231.747 466.553 231.747
468.307 132.033 499.759 132.033 499.759 230.823 468.307 230.823
468.245 132.325 499.912 132.325 499.912 231.100 468.245 231.100
469.131 134.132 500.601 134.132 500.601 232.919 469.131 232.919
471.158 134.446 502.596 134.446 502.596 233.475 471.158 233.475
472.934 133.193 504.475 133.193 504.475 232.051 472.934 232.051
476.213 134.375 507.980 134.375 507.980 232.860 476.213 232.860
477.837 134.698 509.607 134.698 509.607 233.453 477.837 233.453
480.330 133.249 512.120 133.249 512.120 232.045 480.330 232.045
481.853 133.621 513.659 133.621 513.659 232.085 481.853 232.085
483.890 135.359 515.607 135.359 515.607 234.093 483.890 234.093
486.208 133.816 517.882 133.816 517.882 232.786 486.208 232.786
487.181 133.207 518.626 133.207 518.626 232.533 487.181 232.533
488.032 133.171 519.202 133.171 519.202 232.995 488.032 232.995
488.547 129.022 519.904 129.022 519.904 228.921 488.547 228.921
490.049 127.223 521.005 127.223 521.005 227.959 490.049 227.959
490.404 127.062 520.836 127.062 520.836 228.141 490.404 228.141
491.619 126.757 521.825 126.757 521.825 227.737 491.619 227.737
491.844 127.284 521.831 127.284 521.831 228.648 491.844 228.648
491.750 128.483 521.453 128.483 521.453 230.365 491.750 230.365
491.657 127.887 521.189 127.887 521.189 230.211 491.657 230.211
492.322 125.954 521.794 125.954 521.794 228.518 492.322 228.518
492.528 125.465 521.981 125.465 521.981 227.745 492.528 227.745
492.228 126.308 521.561 126.308 521.561 228.724 492.228 228.724
492.035 127.517 521.398 127.517 521.398 229.460 492.035 229.460
491.713 126.607 520.997 126.607 520.997 228.018 491.713 228.018
491.929 126.647 521.313 126.647 521.313 227.367 491.929 227.367
491.739 125.394 521.105 125.394 521.105 225.927 491.739 225.927
491.878 125.553 521.124 125.553 521.124 226.360 491.878 226.360
492.421 126.853 521.452 126.853 521.452 228.300 492.421 228.300
492.249 126.720 521.105 126.720 521.105 229.226 492.249 229.226
492.431 124.819 521.204 124.819 521.204 228.441 492.431 228.441
491.675 125.198 520.431 125.198 520.431 229.312 491.675 229.312
491.707 124.450 520.553 124.450 520.553 229.193 491.707 229.193
491.608 123.589 520.522 123.589 520.522 229.012 491.608 229.012
491.287 123.249 520.365 123.249 520.365 229.243 491.287 229.243
490.918 123.651 519.986 123.651 519.986 230.435 490.918 230.435
491.018 124.005 520.267 124.005 520.267 231.484 491.018 231.484
490.780 121.533 520.196 121.533 520.196 229.706 490.780 229.706
490.668 121.799 520.381 121.799 520.381 230.361 490.668 230.361
490.566 122.804 520.494 122.804 520.494 231.655 490.566 231.655
490.069 120.284 520.055 120.284 520.055 229.885 490.069 229.885
489.287 120.541 519.371 120.541 519.371 230.620 489.287 230.620
489.184 119.691 519.697 119.691 519.697 229.558 489.184 229.558
490.005 121.361 520.840 121.361 520.840 231.197 490.005 231.197
490.634 122.046 521.684 122.046 521.684 231.676 490.634 231.676
490.425 122.347 521.537 122.347 521.537 232.208 490.425 232.208
489.736 121.306 520.889 121.306 520.889 231.385 489.736 231.385
489.155 121.172 520.553 121.172 520.553 230.961 489.155 230.961
488.614 122.132 519.923 122.132 519.923 232.083 488.614 232.083
488.577 120.213 519.988 120.213 519.988 230.505 488.577 230.505
488.541 119.133 520.179 119.133 520.179 229.189 488.541 229.189
487.462 118.761 519.241 118.761 519.241 229.048 487.462 229.048
485.647 118.831 517.760 118.831 517.760 228.782 485.647 228.782
483.729 121.132 516.099 121.132 516.099 230.215 483.729 230.215
482.128 123.773 514.740 123.773 514.740 232.527 482.128 232.527
479.837 126.428 512.446 126.428 512.446 234.769 479.837 234.769
478.614 129.292 511.861 129.292 511.861 235.884 478.614 235.884
477.531 126.743 510.718 126.743 510.718 232.633 477.531 232.633
474.579 126.728 507.507 126.728 507.507 232.255 474.579 232.255
473.373 132.281 506.133 132.281 506.133 236.790 473.373 236.790
471.049 130.903 503.648 130.903 503.648 234.843 471.049 234.843
467.904 131.030 499.993 131.030 499.993 234.887 467.904 234.887
465.614 135.545 497.471 135.545 497.471 238.768 465.614 238.768
463.450 138.437 495.169 138.437 495.169 241.084 463.450 241.084
461.485 141.685 493.107 141.685 493.107 243.902 461.485 243.902
459.770 143.971 491.275 143.971 491.275 245.388 459.770 245.388
458.161 142.484 489.555 142.484 489.555 243.301 458.161 243.301
456.906 142.607 488.245 142.607 488.245 243.588 456.906 243.588
455.979 140.527 487.528 140.527 487.528 241.067 455.979 241.067
491.139 123.767 522.696 123.767 522.696 224.616 491.139 224.616
493.808 121.305 525.377 121.305 525.377 222.816 493.808 222.816
492.666 122.890 524.392 122.890 524.392 223.952 492.666 223.952
492.625 121.486 524.304 121.486 524.304 222.566 492.625 222.566
492.499 123.152 524.163 123.152 524.163 224.130 492.499 224.130
491.843 123.229 523.143 123.229 523.143 224.060 491.843 224.060
491.221 123.868 522.074 123.868 522.074 224.785 491.221 224.785
490.991 125.337 521.358 125.337 521.358 226.443 490.991 226.443
489.497 125.346 519.336 125.346 519.336 226.799 489.497 226.799
488.293 127.380 517.547 127.380 517.547 229.539 488.293 229.539
487.161 127.488 516.284 127.488 516.284 229.719 487.161 229.719
486.683 130.891 515.606 130.891 515.606 233.192 486.683 233.192
485.226 130.767 513.834 130.767 513.834 233.407 485.226 233.407
484.817 131.893 513.286 131.893 513.286 234.609 484.817 234.609
483.359 132.690 511.675 132.690 511.675 235.320 483.359 235.320
481.106 130.857 509.345 130.857 509.345 233.568 481.106 233.568
480.336 132.680 508.806 132.680 508.806 235.076 480.336 235.076
478.997 130.501 507.501 130.501 507.501 232.860 478.997 232.860
479.333 131.564 507.901 131.564 507.901 233.767 479.333 233.767
479.075 131.186 507.639 131.186 507.639 233.338 479.075 233.338
477.256 135.621 505.890 135.621 505.890 237.395 477.256 237.395
475.760 134.368 504.290 134.368 504.290 236.155 475.760 236.155
475.078 136.907 503.646 136.907 503.646 238.560 475.078 238.560
473.248 140.906 501.805 140.906 501.805 242.677 473.248 242.677
472.299 141.100 500.771 141.100 500.771 242.933 472.299 242.933
469.779 140.317 498.252 140.317 498.252 242.533 469.779 242.533
467.957 139.759 496.823 139.759 496.823 241.583 467.957 241.583
466.239 140.103 495.162 140.103 495.162 241.945 466.239 241.945
464.586 140.979 493.738 140.979 493.738 242.672 464.586 242.672
462.302 141.535 491.655 141.535 491.655 243.447 462.302 243.447
459.905 142.595 489.259 142.595 489.259 244.557 459.905 244.557
459.073 146.657 488.501 146.657 488.501 247.992 459.073 247.992
457.331 145.671 486.760 145.671 486.760 246.911 457.331 246.911
455.705 149.532 485.018 149.532 485.018 250.356 455.705 250.356
452.880 150.995 482.184 150.995 482.184 251.707 452.880 251.707
451.669 150.855 480.837 150.855 480.837 251.439 451.669 251.439
450.128 153.455 479.160 153.455 479.160 253.580 450.128 253.580
447.908 151.356 476.838 151.356 476.838 251.258 447.908 251.258
446.020 152.220 474.928 152.220 474.928 251.611 446.020 251.611
445.048 152.266 474.050 152.266 474.050 251.018 445.048 251.018
443.883 152.014 472.861 152.014 472.861 250.349 443.883 250.349
442.693 152.730 471.625 152.730 471.625 251.355 442.693 251.355
441.259 154.546 470.066 154.546 470.066 253.481 441.259 253.481
439.208 154.839 467.981 154.839 467.981 253.628 439.208 253.628
437.150 158.571 465.819 158.571 465.819 257.415 437.150 257.415
434.705 157.018 463.230 157.018 463.230 256.580 434.705 256.580
431.932 162.584 460.327 162.584 460.327 262.761 431.932 262.761
429.846 161.982 458.202 161.982 458.202 262.859 429.846 262.859
428.726 161.720 457.052 161.720 457.052 263.343 428.726 263.343
425.001 161.014 453.530 161.014 453.530 263.076 425.001 263.076
423.618 160.716 452.248 160.716 452.248 263.143 423.618 263.143
422.216 160.772 451.051 160.772 451.051 263.413 422.216 263.413
419.721 159.014 448.733 159.014 448.733 261.972 419.721 261.972
417.547 160.730 446.552 160.730 446.552 263.793 417.547 263.793
416.200 164.174 445.293 164.174 445.293 266.881 416.200 266.881
412.334 167.733 441.341 167.733 441.341 270.776 412.334 270.776
409.829 167.647 438.869 167.647 438.869 270.735 409.829 270.735
406.592 168.309 435.651 168.309 435.651 270.848 406.592 270.848
405.785 166.172 434.694 166.172 434.694 268.578 405.785 268.578
402.288 170.813 431.182 170.813 431.182 272.320 402.288 272.320
400.405 167.132 429.261 167.132 429.261 268.491 400.405 268.491
399.688 170.217 428.452 170.217 428.452 270.980 399.688 270.980
397.144 170.087 425.773 170.087 425.773 270.586 397.144 270.586
395.970 169.748 424.458 169.748 424.458 269.904 395.970 269.904
393.453 172.894 421.803 172.894 421.803 273.098 393.453 273.098
391.439 171.764 419.786 171.764 419.786 271.608 391.439 271.608
390.093 174.604 418.209 174.604 418.209 274.631 390.093 274.631
386.174 175.416 414.389 175.416 414.389 275.354 386.174 275.354
385.181 176.226 413.287 176.226 413.287 276.401 385.181 276.401
382.370 177.209 410.637 177.209 410.637 276.908 382.370 276.908
377.922 179.706 406.313 179.706 406.313 278.495 377.922 278.495
374.545 179.430 402.881 179.430 402.881 277.768 374.545 277.768
370.624 178.508 398.871 178.508 398.871 276.689 370.624 276.689
368.743 178.918 396.776 178.918 396.776 277.820 368.743 277.820
366.657 179.004 394.683 179.004 394.683 278.120 366.657 278.120
364.929 179.488 392.970 179.488 392.970 278.634 364.929 278.634
361.995 180.270 390.091 180.270 390.091 279.267 361.995 279.267
358.779 184.572 387.082 184.572 387.082 282.966 358.779 282.966
356.512 181.941 384.690 181.941 384.690 280.821 356.512 280.821
352.594 185.271 380.716 185.271 380.716 284.036 352.594 284.036
351.583 182.648 379.327 182.648 379.327 282.193 351.583 282.193
348.144 182.103 375.743 182.103 375.743 282.040 348.144 282.040
346.371 179.878 373.730 179.878 373.730 280.742 346.371 280.742
344.320 180.012 371.683 180.012 371.683 281.768 344.320 281.768
343.278 179.564 370.496 179.564 370.496 281.863 343.278 281.863
341.060 181.765 368.252 181.765 368.252 284.200 341.060 284.200
340.172 179.245 367.196 179.245 367.196 282.121 340.172 282.121
338.522 182.491 365.342 182.491 365.342 285.336 338.522 285.336
337.890 182.565 364.586 182.565 364.586 285.636 337.890 285.636
336.075 183.724 362.839 183.724 362.839 286.721 336.075 286.721
335.089 184.505 362.019 184.505 362.019 287.398 335.089 287.398
333.528 184.748 360.380 184.748 360.380 288.052 333.528 288.052
332.104 184.792 359.170 184.792 359.170 287.760 332.104 287.760
330.085 184.592 357.442 184.592 357.442 287.338 330.085 287.338
328.745 185.024 356.191 185.024 356.191 288.118 328.745 288.118
327.049 183.996 354.648 183.996 354.648 287.779 327.049 287.779
325.564 184.802 353.360 184.802 353.360 288.944 325.564 288.944
323.837 182.700 351.871 182.700 351.871 287.541 323.837 287.541
321.087 186.077 349.367 186.077 349.367 291.643 321.087 291.643
318.067 183.974 346.795 183.974 346.795 290.398 318.067 290.398
316.269 185.785 345.430 185.785 345.430 293.127 316.269 293.127
314.879 185.475 344.436 185.475 344.436 293.465 314.879 293.465
314.234 187.387 343.927 187.387 343.927 296.100 314.234 296.100
311.653 190.985 341.493 190.985 341.493 300.407 311.653 300.407
310.077 193.670 339.884 193.670 339.884 303.690 310.077 303.690
307.044 192.707 336.977 192.707 336.977 302.588 307.044 302.588
305.567 192.476 335.801 192.476 335.801 302.082 305.567 302.082
302.492 191.580 332.995 191.580 332.995 300.250 302.492 300.250
301.871 192.496 332.561 192.496 332.561 300.432 301.871 300.432
298.248 194.732 329.009 194.732 329.009 302.116 298.248 302.116
291.749 198.268 322.608 198.268 322.608 305.029 291.749 305.029
291.719 203.345 322.392 203.345 322.392 309.062 291.719 309.062
291.146 204.327 321.505 204.327 321.505 309.771 291.146 309.771
289.490 205.828 319.553 205.828 319.553 311.403 289.490 311.403
287.631 205.162 317.554 205.162 317.554 310.926 287.631 310.926
285.690 205.963 315.488 205.963 315.488 311.584 285.690 311.584
283.989 205.541 313.641 205.541 313.641 310.727 283.989 310.727
282.586 206.509 312.197 206.509 312.197 311.322 282.586 311.322
279.776 207.412 309.689 207.412 309.689 311.926 279.776 311.926
277.265 208.892 307.317 208.892 307.317 313.354 277.265 313.354
273.836 213.484 303.963 213.484 303.963 317.689 273.836 317.689
269.509 213.676 299.648 213.676 299.648 317.653 269.509 317.653
267.961 216.698 298.074 216.698 298.074 320.283 267.961 320.283
265.745 214.653 295.618 214.653 295.618 318.420 265.745 318.420
260.573 218.592 290.526 218.592 290.526 321.314 260.573 321.314
257.494 217.550 287.279 217.550 287.279 320.604 257.494 320.604
255.429 217.874 284.981 217.874 284.981 321.054 255.429 321.054
252.395 218.784 282.063 218.784 282.063 322.071 252.395 322.071
249.823 220.031 279.424 220.031 279.424 323.422 249.823 323.422
248.766 221.371 278.433 221.371 278.433 325.081 248.766 325.081
246.131 221.813 275.746 221.813 275.746 325.225 246.131 325.225
244.190 224.527 273.745 224.527 273.745 327.778 244.190 327.778
241.112 226.070 270.666 226.070 270.666 329.317 241.112 329.317
237.915 224.316 267.221 224.316 267.221 327.997 237.915 327.997
236.505 223.816 265.465 223.816 265.465 328.280 236.505 328.280
236.265 222.428 265.222 222.428 265.222 327.006 236.265 327.006
235.464 225.314 264.255 225.314 264.255 329.894 235.464 329.894
234.239 224.220 263.122 224.220 263.122 328.549 234.239 328.549
232.604 225.127 260.956 225.127 260.956 329.984 232.604 329.984
231.013 225.354 259.052 225.354 259.052 330.542 231.013 330.542
224.093 231.054 251.896 231.054 251.896 336.387 224.093 336.387
216.348 234.110 244.063 234.110 244.063 340.285 216.348 340.285
214.922 232.867 242.934 232.867 242.934 338.830 214.922 338.830
215.057 233.222 242.660 233.222 242.660 339.964 215.057 339.964
213.743 233.870 241.125 233.870 241.125 340.202 213.743 340.202
212.968 235.724 240.350 235.724 240.350 341.290 212.968 341.290
211.403 235.861 238.846 235.861 238.846 340.591 211.403 340.591
210.300 236.106 237.840 236.106 237.840 340.417 210.300 340.417
207.961 237.841 235.560 237.841 235.560 341.988 207.961 341.988
206.485 239.893 234.278 239.893 234.278 343.415 206.485 343.415
205.005 239.034 232.643 239.034 232.643 342.973 205.005 342.973
203.710 241.588 231.335 241.588 231.335 345.750 203.710 345.750
202.223 243.332 229.884 243.332 229.884 347.765 202.223 347.765
199.708 244.693 227.342 244.693 227.342 349.158 199.708 349.158
191.318 249.115 219.188 249.115 219.188 353.966 191.318 353.966
189.240 253.345 217.337 253.345 217.337 357.687 189.240 357.687
186.404 251.488 214.378 251.488 214.378 355.442 186.404 355.442
184.717 252.402 212.576 252.402 212.576 356.170 184.717 356.170
182.913 253.174 210.813 253.174 210.813 356.773 182.913 356.773
181.828 253.733 209.419 253.733 209.419 357.705 181.828 357.705
180.289 254.791 207.847 254.791 207.847 358.718 180.289 358.718
178.548 257.708 205.824 257.708 205.824 361.939 178.548 361.939
175.539 260.824 202.528 260.824 202.528 364.786 175.539 364.786
172.653 260.433 199.705 260.433 199.705 363.979 172.653 363.979
171.813 261.618 198.725 261.618 198.725 365.538 171.813 365.538
171.539 261.061 198.313 261.061 198.313 365.162 171.539 365.162
170.205 262.517 196.770 262.517 196.770 366.841 170.205 366.841
168.581 261.152 195.112 261.152 195.112 365.702 168.581 365.702
167.024 262.830 193.526 262.830 193.526 367.818 167.024 367.818
165.647 262.257 192.123 262.257 192.123 367.494 165.647 367.494
164.785 264.794 191.232 264.794 191.232 370.342 164.785 370.342
163.488 265.870 190.025 265.870 190.025 371.961 163.488 371.961
160.857 267.369 187.488 267.369 187.488 372.834 160.857 372.834
158.896 269.164 185.403 269.164 185.403 374.074 158.896 374.074
157.107 269.101 183.309 269.101 183.309 373.778 157.107 373.778
155.705 270.019 181.678 270.019 181.678 374.815 155.705 374.815
154.375 270.229 180.282 270.229 180.282 374.678 154.375 374.678
148.199 273.473 174.158 273.473 174.158 377.532 148.199 377.532
148.439 274.187 174.201 274.187 174.201 378.430 148.439 378.430
147.275 275.252 173.029 275.252 173.029 379.222 147.275 379.222
145.664 278.386 171.587 278.386 171.587 381.402 145.664 381.402
144.195 282.156 169.903 282.156 169.903 384.566 144.195 384.566
142.276 283.472 167.785 283.472 167.785 385.686 142.276 385.686
141.698 281.871 167.069 281.871 167.069 384.293 141.698 384.293
140.405 279.841 165.640 279.841 165.640 382.377 140.405 382.377
139.599 279.965 164.964 279.965 164.964 382.108 139.599 382.108
138.704 280.100 164.381 280.100 164.381 381.780 138.704 381.780
137.322 280.195 163.136 280.195 163.136 382.013 137.322 382.013
136.727 282.580 162.680 282.580 162.680 384.113 136.727 384.113
134.815 285.604 160.776 285.604 160.776 387.532 134.815 387.532
132.669 290.171 158.695 290.171 158.695 391.490 132.669 391.490
130.852 292.789 157.054 292.789 157.054 393.333 130.852 393.333
129.739 293.114 155.792 293.114 155.792 393.349 129.739 393.349
128.054 294.570 154.441 294.570 154.441 394.203 128.054 394.203
127.667 293.519 154.131 293.519 154.131 392.922 127.667 392.922
122.133 296.087 148.457 296.087 148.457 395.492 122.133 395.492
124.085 296.438 150.239 296.438 150.239 396.492 124.085 396.492
125.493 296.237 151.493 296.237 151.493 397.010 125.493 397.010
125.636 295.868 151.607 295.868 151.607 397.001 125.636 397.001
125.388 295.228 151.395 295.228 151.395 396.743 125.388 396.743
125.528 296.182 151.659 296.182 151.659 397.323 125.528 397.323
125.266 296.610 151.492 296.610 151.492 397.515 125.266 397.515
119.432 299.867 146.012 299.867 146.012 400.290 119.432 400.290
120.872 300.611 147.515 300.611 147.515 401.310 120.872 401.310
121.671 300.876 148.671 300.876 148.671 401.559 121.671 401.559
122.171 300.088 149.476 300.088 149.476 400.598 122.171 400.598
122.324 300.583 149.905 300.583 149.905 401.171 122.324 401.171
122.184 301.177 149.779 301.177 149.779 401.651 122.184 401.651
122.199 304.622 149.833 304.622 149.833 404.778 122.199 404.778
122.202 302.425 149.928 302.425 149.928 402.746 122.202 402.746
122.584 304.386 150.153 304.386 150.153 404.596 122.584 404.596
123.508 304.960 150.848 304.960 150.848 404.774 123.508 404.774
123.170 303.094 150.412 303.094 150.412 403.094 123.170 403.094
123.223 301.121 150.414 301.121 150.414 401.125 123.223 401.125
123.342 299.771 150.829 299.771 150.829 398.749 123.342 398.749
124.458 297.571 152.394 297.571 152.394 394.427 124.458 394.427
125.151 298.259 153.053 298.259 153.053 393.851 125.151 393.851
125.191 303.482 152.899 303.482 152.899 399.387 125.191 399.387
127.040 301.445 154.573 301.445 154.573 397.566 127.040 397.566
128.456 299.250 155.938 299.250 155.938 395.502 128.456 395.502
130.531 298.523 157.997 298.523 157.997 394.660 130.531 394.660
132.139 299.004 159.479 299.004 159.479 395.357 132.139 395.357
133.640 297.843 160.902 297.843 160.902 395.116 133.640 395.116
134.407 297.113 161.733 297.113 161.733 394.958 134.407 394.958
135.288 296.049 162.766 296.049 162.766 394.751 135.288 394.751
136.722 293.625 164.623 293.625 164.623 393.054 136.722 393.054
138.054 292.939 166.253 292.939 166.253 392.763 138.054 392.763
138.340 292.686 166.725 292.686 166.725 392.633 138.340 392.633
139.431 293.400 168.010 293.400 168.010 393.428 139.431 393.428
141.039 294.243 169.498 294.243 169.498 395.275 141.039 395.275
142.765 292.985 171.022 292.985 171.022 395.389 142.765 395.389
144.385 292.614 172.575 292.614 172.575 396.421 144.385 396.421
146.715 293.326 174.943 293.326 174.943 398.153 146.715 398.153
147.780 292.687 176.199 292.687 176.199 398.488 147.780 398.488
148.002 294.611 176.684 294.611 176.684 401.359 148.002 401.359
150.667 293.356 179.601 293.356 179.601 401.607 150.667 401.607
152.852 289.379 182.216 289.379 182.216 398.575 152.852 398.575
154.359 286.748 184.063 286.748 184.063 397.221 154.359 397.221
155.681 284.984 185.635 284.984 185.635 396.438 155.681 396.438
157.392 286.124 187.964 286.124 187.964 397.855 157.392 397.855
158.138 285.274 189.173 285.274 189.173 397.527 158.138 397.527
158.818 281.943 189.911 281.943 189.911 395.216 158.818 395.216
160.562 281.809 191.822 281.809 191.822 396.494 160.562 396.494
162.368 277.292 193.900 277.292 193.900 392.379 162.368 392.379
163.372 273.991 195.028 273.991 195.028 389.647 163.372 389.647
165.068 275.492 197.036 275.492 197.036 391.564 165.068 391.564
166.706 283.077 199.339 283.077 199.339 399.313 166.706 399.313
168.997 276.633 201.918 276.633 201.918 393.513 168.997 393.513
170.373 274.553 203.494 274.553 203.494 391.679 170.373 391.679
171.717 277.959 205.319 277.959 205.319 394.663 171.717 394.663
174.161 269.583 207.567 269.583 207.567 386.847 174.161 386.847
176.079 270.978 209.733 270.978 209.733 387.841 176.079 387.841
177.535 265.997 211.186 265.997 211.186 382.897 177.535 382.897
178.717 267.011 212.073 267.011 212.073 384.067 178.717 384.067
179.870 264.291 213.141 264.291 213.141 381.018 179.870 381.018
182.235 267.391 215.521 267.391 215.521 383.547 182.235 383.547
183.254 266.836 216.489 266.836 216.489 382.768 183.254 382.768
185.107 263.270 217.824 263.270 217.824 379.184 185.107 379.184
187.260 261.559 219.548 261.559 219.548 376.994 187.260 376.994
188.252 259.291 220.159 259.291 220.159 374.301 188.252 374.301
189.087 256.209 220.789 256.209 220.789 370.585 189.087 370.585
190.873 255.684 222.453 255.684 222.453 369.493 190.873 369.493
191.505 255.026 223.009 255.026 223.009 368.012 191.505 368.012
193.041 255.359 224.303 255.359 224.303 367.922 193.041 367.922
194.918 255.604 225.952 255.604 225.952 368.048 194.918 368.048
196.369 254.996 227.282 254.996 227.282 367.411 196.369 367.411
198.082 255.025 228.823 255.025 228.823 367.512 198.082 367.512
199.208 253.715 229.810 253.715 229.810 366.162 199.208 366.162
200.358 255.635 231.136 255.635 231.136 367.450 200.358 367.450
202.648 254.831 233.349 254.831 233.349 366.498 202.648 366.498
204.632 253.747 235.404 253.747 235.404 364.931 204.632 364.931
206.739 253.914 237.426 253.914 237.426 364.720 206.739 364.720
208.747 251.723 239.096 251.723 239.096 362.429 208.747 362.429
210.120 251.758 240.207 251.758 240.207 362.314 210.120 362.314
211.034 251.227 241.225 251.227 241.225 360.877 211.034 360.877
212.890 250.951 243.131 250.951 243.131 359.980 212.890 359.980
213.750 248.336 243.896 248.336 243.896 356.822 213.750 356.822
214.924 250.281 244.785 250.281 244.785 358.241 214.924 358.241
216.351 251.223 245.954 251.223 245.954 359.440 216.351 359.440
217.106 249.725 246.336 249.725 246.336 358.300 217.106 358.300
217.729 250.097 246.845 250.097 246.845 358.626 217.729 358.626
218.452 250.706 247.465 250.706 247.465 359.397 218.452 359.397
218.907 250.167 248.159 250.167 248.159 358.939 218.907 358.939
218.785 248.977 247.995 248.977 247.995 358.585 218.785 358.585
220.088 248.321 249.605 248.321 249.605 357.937 220.088 357.937
221.611 245.724 251.234 245.724 251.234 355.213 221.611 355.213
223.608 243.935 253.092 243.935 253.092 353.892 223.608 353.892
224.895 241.399 254.499 241.399 254.499 351.067 224.895 351.067
226.779 242.924 256.562 242.924 256.562 352.118 226.779 352.118
228.320 243.558 258.355 243.558 258.355 351.965 228.320 351.965
229.809 243.389 260.089 243.389 260.089 351.063 229.809 351.063
231.205 246.110 261.820 246.110 261.820 352.833 231.205 352.833
232.784 245.731 263.063 245.731 263.063 352.652 232.784 352.652
235.214 243.175 265.259 243.175 265.259 350.950 235.214 350.950
237.722 244.583 267.857 244.583 267.857 352.323 237.722 352.323
239.407 245.383 269.295 245.383 269.295 353.178 239.407 353.178
239.421 243.871 269.215 243.871 269.215 351.421 239.421 351.421
239.463 243.782 269.484 243.782 269.484 350.656 239.463 350.656
240.064 243.745 270.507 243.745 270.507 349.975 240.064 349.975
240.923 243.019 271.588 243.019 271.588 349.036 240.923 349.036
241.637 243.928 272.330 243.928 272.330 350.933 241.637 350.933
242.106 243.071 272.795 243.071 272.795 351.274 242.106 351.274
244.304 240.132 275.604 240.132 275.604 348.418 244.304 348.418
247.173 235.522 278.872 235.522 278.872 344.550 247.173 344.550
248.829 236.955 280.782 236.955 280.782 345.711 248.829 345.711
251.374 232.948 283.983 232.948 283.983 341.583 251.374 341.583
253.015 232.847 285.998 232.847 285.998 341.658 253.015 341.658
254.089 232.531 287.521 232.531 287.521 340.967 254.089 340.967
254.571 231.385 288.297 231.385 288.297 339.847 254.571 339.847
256.699 229.111 290.500 229.111 290.500 338.073 256.699 338.073
257.633 227.987 291.374 227.987 291.374 337.512 257.633 337.512
259.134 227.542 292.962 227.542 292.962 337.589 259.134 337.589
261.283 225.611 295.108 225.611 295.108 336.597 261.283 336.597
263.019 225.990 296.779 225.990 296.779 337.908 263.019 337.908
264.489 224.761 298.229 224.761 298.229 338.471 264.489 338.471
266.209 224.879 300.182 224.879 300.182 339.465 266.209 339.465
267.394 222.811 301.321 222.811 301.321 337.932 267.394 337.932
267.078 221.481 301.095 221.481 301.095 336.097 267.078 336.097
267.625 219.614 301.844 219.614 301.844 333.147 267.625 333.147
268.412 221.066 302.882 221.066 302.882 333.517 268.412 333.517
269.347 220.373 303.677 220.373 303.677 332.517 269.347 332.517
270.539 216.329 305.090 216.329 305.090 328.084 270.539 328.084
272.101 219.692 307.137 219.692 307.137 330.659 272.101 330.659
274.421 217.013 309.833 217.013 309.833 327.410 274.421 327.410
276.186 220.256 311.766 220.256 311.766 330.309 276.186 330.309
278.332 218.018 313.778 218.018 313.778 328.490 278.332 328.490
281.496 214.893 317.300 214.893 317.300 325.080 281.496 325.080
283.034 215.183 318.948 215.183 318.948 325.283 283.034 325.283
284.856 212.795 320.997 212.795 320.997 322.722 284.856 322.722
285.439 213.219 321.396 213.219 321.396 323.916 285.439 323.916
285.793 210.172 322.210 210.172 322.210 320.998 285.793 320.998
287.959 207.715 324.456 207.715 324.456 319.104 287.959 319.104
287.901 207.158 324.602 207.158 324.602 318.485 287.901 318.485
288.816 207.457 325.562 207.457 325.562 319.141 288.816 319.141
290.531 209.985 327.246 209.985 327.246 321.649 290.531 321.649
292.086 207.625 328.655 207.625 328.655 319.827 292.086 319.827
293.631 209.596 330.233 209.596 330.233 321.547 293.631 321.547
295.143 207.078 331.838 207.078 331.838 319.082 295.143 319.082
296.933 204.061 333.757 204.061 333.757 316.317 296.933 316.317
298.227 204.153 335.040 204.153 335.040 316.721 298.227 316.721
299.739 199.710 336.879 199.710 336.879 311.870 299.739 311.870
300.979 199.181 338.296 199.181 338.296 310.970 300.979 310.970
302.142 197.157 339.285 197.157 339.285 309.572 302.142 309.572
303.866 196.512 341.156 196.512 341.156 308.714 303.866 308.714
304.840 193.513 341.786 193.513 341.786 306.818 304.840 306.818
306.484 195.669 343.479 195.669 343.479 309.272 306.484 309.272
307.838 196.045 345.121 196.045 345.121 309.164 307.838 309.164
309.819 195.039 347.342 195.039 347.342 307.298 309.819 307.298
311.595 196.257 349.457 196.257 349.457 307.978 311.595 307.978
313.566 193.106 351.311 193.106 351.311 305.229 313.566 305.229
315.961 191.875 353.456 191.875 353.456 304.319 315.961 304.319
317.489 192.471 354.721 192.471 354.721 305.284 317.489 305.284
320.230 186.611 357.395 186.611 357.395 300.083 320.230 300.083
322.805 186.207 359.841 186.207 359.841 299.768 322.805 299.768
324.608 185.760 361.365 185.760 361.365 299.550 324.608 299.550
326.572 181.744 363.356 181.744 363.356 295.742 326.572 295.742
327.227 185.505 363.933 185.505 363.933 299.326 327.227 299.326
329.749 183.044 366.541 183.044 366.541 296.834 329.749 296.834
330.825 184.470 367.621 184.470 367.621 298.335 330.825 298.335
333.330 186.046 370.022 186.046 370.022 300.176 333.330 300.176
335.439 183.126 372.175 183.126 372.175 297.051 335.439 297.051
337.171 186.678 373.774 186.678 373.774 300.581 337.171 300.581
339.109 185.569 375.496 185.569 375.496 299.573 339.109 299.573
341.399 181.549 377.816 181.549 377.816 295.751 341.399 295.751
343.888 185.693 380.289 185.693 380.289 299.458 343.888 299.458
346.806 181.482 383.142 181.482 383.142 295.364 346.806 295.364
348.309 183.609 384.477 183.609 384.477 297.920 348.309 297.920
350.412 182.284 386.765 182.284 386.765 296.713 350.412 296.713
352.091 182.286 388.374 182.286 388.374 296.840 352.091 296.840
353.588 182.162 389.786 182.162 389.786 296.687 353.588 296.687
356.353 182.351 392.584 182.351 392.584 297.248 356.353 297.248
357.970 182.864 394.268 182.864 394.268 297.474 357.970 297.474
360.362 182.882 396.542 182.882 396.542 297.707 360.362 297.707
362.887 182.122 399.431 182.122 399.431 296.242 362.887 296.242
365.549 180.718 402.251 180.718 402.251 294.657 365.549 294.657
367.857 181.175 404.656 181.175 404.656 295.270 367.857 295.270
370.479 180.789 407.197 180.789 407.197 294.821 370.479 294.821
374.821 180.858 411.769 180.858 411.769 294.992 374.821 294.992
378.200 180.120 415.025 180.120 415.025 293.912 378.200 293.912
379.963 177.263 416.572 177.263 416.572 290.951 379.963 290.951
383.917 178.036 420.525 178.036 420.525 291.271 383.917 291.271
386.076 177.204 422.431 177.204 422.431 290.919 386.076 290.919
389.613 177.274 425.824 177.274 425.824 291.872 389.613 291.872
392.878 176.319 429.071 176.319 429.071 291.335 392.878 291.335
395.012 175.412 431.249 175.412 431.249 290.468 395.012 290.468
396.310 175.322 432.426 175.322 432.426 290.764 396.310 290.764
398.818 174.196 434.939 174.196 434.939 289.975 398.818 289.975
400.528 172.392 436.554 172.392 436.554 288.708 400.528 288.708
401.993 168.152 437.835 168.152 437.835 284.839 401.993 284.839
403.848 167.787 439.956 167.787 439.956 284.290 403.848 284.290
406.021 169.505 442.187 169.505 442.187 286.609 406.021 286.609
406.873 166.278 443.293 166.278 443.293 284.033 406.873 284.033
408.348 165.989 444.916 165.989 444.916 284.624 408.348 284.624
409.850 163.799 446.935 163.799 446.935 282.965 409.850 282.965
410.252 163.443 447.318 163.443 447.318 283.680 410.252 283.680
411.296 166.293 448.800 166.293 448.800 286.258 411.296 286.258
413.469 164.205 451.104 164.205 451.104 284.666 413.469 284.666
415.102 163.999 453.144 163.999 453.144 284.013 415.102 284.013
416.470 162.480 454.702 162.480 454.702 281.538 416.470 281.538
418.229 159.561 456.491 159.561 456.491 277.800 418.229 277.800
419.547 159.575 457.673 159.575 457.673 277.131 419.547 277.131
421.992 154.396 460.251 154.396 460.251 270.958 421.992 270.958
423.418 157.550 461.348 157.550 461.348 273.330 423.418 273.330
426.318 158.842 463.936 158.842 463.936 274.223 426.318 274.223
428.154 155.116 465.934 155.116 465.934 269.487 428.154 269.487
430.797 159.712 468.283 159.712 468.283 273.542 430.797 273.542
432.441 154.862 470.021 154.862 470.021 267.781 432.441 267.781
434.350 157.633 471.800 157.633 471.800 270.210 434.350 270.210
436.469 155.299 473.941 155.299 473.941 267.579 436.469 267.579
437.319 153.093 474.616 153.093 474.616 265.039 437.319 265.039
438.316 150.034 475.398 150.034 475.398 262.066 438.316 262.066
440.084 151.462 477.120 151.462 477.120 263.654 440.084 263.654
441.548 147.248 478.452 147.248 478.452 259.796 441.548 259.796
443.394 148.399 480.426 148.399 480.426 261.093 443.394 261.093
444.046 151.707 481.209 151.707 481.209 264.317 444.046 264.317
445.260 147.145 482.766 147.145 482.766 259.548 445.260 259.548
445.598 146.575 483.113 146.575 483.113 259.158 445.598 259.158
447.063 148.934 484.719 148.934 484.719 261.167 447.063 261.167
448.724 145.277 486.371 145.277 486.371 257.712 448.724 257.712
449.896 147.807 487.208 147.807 487.208 260.379 449.896 260.379
452.999 146.427 490.205 146.427 490.205 258.775 452.999 258.775
456.127 144.227 493.103 144.227 493.103 256.654 456.127 256.654
458.596 139.909 495.321 139.909 495.321 252.045 458.596 252.045
460.097 139.385 496.679 139.385 496.679 251.042 460.097 251.042
462.522 139.932 498.940 139.932 498.940 251.042 462.522 251.042
463.778 138.792 499.949 138.792 499.949 250.106 463.778 250.106
465.868 139.592 501.997 139.592 501.997 251.135 465.868 251.135
468.131 136.384 504.481 136.384 504.481 247.550 468.131 247.550
469.330 139.335 505.663 139.335 505.663 249.924 469.330 249.924
470.853 138.093 507.102 138.093 507.102 248.453 470.853 248.453
471.597 137.865 507.682 137.865 507.682 248.092 471.597 248.092
472.098 135.154 507.960 135.154 507.960 245.522 472.098 245.522
473.098 134.530 509.052 134.530 509.052 245.004 473.098 245.004
475.253 131.065 511.212 131.065 511.212 241.481 475.253 241.481
476.343 131.685 512.337 131.685 512.337 242.084 476.343 242.084
478.527 129.232 514.691 129.232 514.691 239.782 478.527 239.782
479.911 129.978 516.265 129.978 516.265 240.365 479.911 240.365
480.200 127.528 516.721 127.528 516.721 237.678 480.200 237.678
480.829 130.818 517.186 130.818 517.186 241.098 480.829 241.098
482.063 128.489 518.337 128.489 518.337 238.296 482.063 238.296
483.037 129.460 519.123 129.460 519.123 239.170 483.037 239.170
483.601 128.043 519.609 128.043 519.609 237.233 483.601 237.233
484.765 128.347 520.618 128.347 520.618 237.476 484.765 237.476
486.292 128.734 522.031 128.734 522.031 238.122 486.292 238.122
488.250 128.182 523.263 128.182 523.263 238.689 488.250 238.689
489.647 124.525 524.258 124.525 524.258 236.063 489.647 236.063
491.606 121.936 526.198 121.936 526.198 233.124 491.606 233.124
492.401 120.663 526.742 120.663 526.742 232.050 492.401 232.050
493.299 117.421 527.808 117.421 527.808 227.961 493.299 227.961
494.788 120.869 529.289 120.869 529.289 230.510 494.788 230.510
496.058 120.026 530.755 120.026 530.755 228.939 496.058 228.939
497.996 120.756 532.652 120.756 532.652 229.259 497.996 229.259
499.249 122.910 533.802 122.910 533.802 230.679 499.249 230.679
507.524 122.895 541.693 122.895 541.693 230.837 507.524 230.837
506.985 122.901 540.817 122.901 540.817 230.756 506.985 230.756
507.607 119.811 541.345 119.811 541.345 227.149 507.607 227.149
508.634 118.416 542.324 118.416 542.324 225.296 508.634 225.296
509.530 115.475 543.451 115.475 543.451 221.445 509.530 221.445
510.871 109.729 544.795 109.729 544.795 215.673 510.871 215.673
519.413 111.933 553.191 111.933 553.191 217.530 519.413 217.530
521.266 106.097 555.025 106.097 555.025 211.622 521.266 211.622
522.554 106.836 556.247 106.836 556.247 212.219 522.554 212.219
524.884 106.744 558.482 106.744 558.482 211.893 524.884 211.893
526.232 105.901 559.766 105.901 559.766 210.903 526.232 210.903
528.282 105.103 561.730 105.103 561.730 209.933 528.282 209.933
530.125 104.288 563.470 104.288 563.470 208.988 530.125 208.988
537.572 103.666 570.583 103.666 570.583 207.714 537.572 207.714
538.014 101.818 570.991 101.818 570.991 205.369 538.014 205.369
544.787 97.867 577.540 97.867 577.540 199.110 544.787 199.110
545.211 98.647 577.776 98.647 577.776 199.314 545.211 199.314
546.593 94.559 579.020 94.559 579.020 194.652 546.593 194.652
553.303 95.395 585.481 95.395 585.481 194.504 553.303 194.504
552.934 93.607 584.573 93.607 584.573 191.355 552.934 191.355
554.660 95.516 585.852 95.516 585.852 192.196 554.660 192.196
556.362 93.405 587.302 93.405 587.302 188.938 556.362 188.938
558.559 94.163 589.092 94.163 589.092 188.707 558.559 188.707
560.558 94.844 590.676 94.844 590.676 188.479 560.558 188.479
562.438 94.167 592.315 94.167 592.315 186.583 562.438 186.583
564.467 92.738 594.085 92.738 594.085 184.416 564.467 184.416
566.757 92.964 596.111 92.964 596.111 183.590 566.757 183.590
569.154 93.304 598.249 93.304 598.249 182.682 569.154 182.682
570.959 94.451 599.580 94.451 599.580 183.044 570.959 183.044
572.441 93.614 600.759 93.614 600.759 181.266 572.441 181.266
574.702 92.926 602.791 92.926 602.791 179.583 574.702 179.583
577.014 91.611 604.779 91.611 604.779 177.586 577.014 177.586
578.967 92.742 606.394 92.742 606.394 177.982 578.967 177.982
580.927 94.008 608.187 94.008 608.187 178.358 580.927 178.358
582.267 93.629 609.327 93.629 609.327 177.082 582.267 177.082
584.114 94.853 611.151 94.853 611.151 177.253 584.114 177.253
586.209 95.614 613.068 95.614 613.068 177.365 586.209 177.365
588.370 94.208 615.335 94.208 615.335 175.726 588.370 175.726
590.943 93.549 617.964 93.549 617.964 175.104 590.943 175.104
593.207 93.255 620.233 93.255 620.233 174.855 593.207 174.855
595.048 91.601 622.037 91.601 622.037 174.016 595.048 174.016
596.863 89.581 623.921 89.581 623.921 173.009 596.863 173.009
598.734 90.012 625.940 90.012 625.940 174.676 598.734 174.676
600.111 87.089 627.577 87.089 627.577 172.849 600.111 172.849
601.124 86.879 628.947 86.879 628.947 173.064 601.124 173.064
601.797 86.697 629.834 86.697 629.834 173.155 601.797 173.155
602.379 86.231 630.342 86.231 630.342 172.788 602.379 172.788
603.731 87.686 631.169 87.686 631.169 174.547 603.731 174.547
603.973 85.647 631.023 85.647 631.023 172.644 603.973 172.644
604.980 84.211 631.579 84.211 631.579 171.330 604.980 171.330
606.667 81.858 632.912 81.858 632.912 169.213 606.667 169.213
608.281 81.867 634.083 81.867 634.083 168.999 608.281 168.999
609.002 81.394 634.555 81.394 634.555 168.356 609.002 168.356
608.931 84.357 634.117 84.357 634.117 171.950 608.931 171.950
609.753 82.069 634.676 82.069 634.676 169.787 609.753 169.787
609.540 81.647 634.215 81.647 634.215 169.189 609.540 169.189
609.770 82.336 634.290 82.336 634.290 169.805 609.770 169.805
608.733 85.439 633.029 85.439 633.029 173.167 608.733 173.167
608.211 83.744 632.284 83.744 632.284 171.937 608.211 171.937
608.077 85.885 632.185 85.885 632.185 174.028 608.077 174.028
608.252 85.174 632.480 85.174 632.480 172.999 608.252 172.999
608.312 84.308 632.622 84.308 632.622 171.996 608.312 171.996
608.576 83.938 633.003 83.938 633.003 171.122 608.576 171.122
