207.000 154.000 226.000 154.000 226.000 203.000 207.000 203.000
206.401 154.610 225.414 154.610 225.414 203.329 206.401 203.329
205.901 155.094 225.058 155.094 225.058 203.385 205.901 203.385
205.579 155.038 224.759 155.038 224.759 203.194 205.579 203.194
205.566 155.666 224.772 155.666 224.772 203.638 205.566 203.638
205.774 155.207 225.087 155.207 225.087 202.861 205.774 202.861
206.088 155.637 225.341 155.637 225.341 203.329 206.088 203.329
206.207 154.606 225.378 154.606 225.378 202.272 206.207 202.272
206.725 155.492 225.769 155.492 225.769 203.316 206.725 203.316
206.959 155.274 226.033 155.274 226.033 203.068 206.959 203.068
207.367 156.071 226.426 156.071 226.426 204.039 207.367 204.039
207.574 155.831 226.607 155.831 226.607 203.826 207.574 203.826
207.762 155.742 226.792 155.742 226.792 203.693 207.762 203.693
208.236 156.250 227.304 156.250 227.304 204.200 208.236 204.200
208.793 155.781 227.919 155.781 227.919 203.662 208.793 203.662
208.913 156.271 228.059 156.271 228.059 204.222 208.913 204.222
209.228 157.196 228.365 157.196 228.365 205.396 209.228 205.396
209.772 156.809 228.872 156.809 228.872 204.942 209.772 204.942
210.140 156.850 229.238 156.850 229.238 204.926 210.140 204.926
209.958 154.209 228.967 154.209 228.967 202.502 209.958 202.502
209.444 155.713 228.507 155.713 228.507 203.924 209.444 203.924
209.130 156.898 228.232 156.898 228.232 204.839 209.130 204.839
208.968 156.169 228.103 156.169 228.103 204.088 208.968 204.088
208.966 156.955 228.024 156.955 228.024 205.118 208.966 205.118
208.786 156.693 227.746 156.693 227.746 205.147 208.786 205.147
208.451 156.716 227.443 156.716 227.443 205.185 208.451 205.185
208.433 156.997 227.366 156.997 227.366 205.675 208.433 205.675
208.700 157.638 227.513 157.638 227.513 206.705 208.700 206.705
208.605 157.447 227.429 157.447 227.429 206.772 208.605 206.772
208.705 157.600 227.649 157.600 227.649 206.934 208.705 206.934
208.809 157.296 227.887 157.296 227.887 206.571 208.809 206.571
209.385 157.178 228.507 157.178 228.507 206.337 209.385 206.337
209.436 156.857 228.582 156.857 228.582 206.012 209.436 206.012
209.128 157.519 228.376 157.519 228.376 206.955 209.128 206.955
209.371 158.091 228.737 158.091 228.737 207.751 209.371 207.751
209.221 157.677 228.633 157.677 228.633 207.460 209.221 207.460
208.792 157.476 228.223 157.476 228.223 207.279 208.792 207.279
208.592 158.200 228.142 158.200 228.142 207.804 208.592 207.804
209.017 158.167 228.645 158.167 228.645 207.771 209.017 207.771
208.736 157.528 228.418 157.528 228.418 207.223 208.736 207.223
208.478 157.874 228.238 157.874 228.238 207.810 208.478 207.810
208.333 157.567 228.114 157.567 228.114 207.591 208.333 207.591
208.234 157.472 228.049 157.472 228.049 207.518 208.234 207.518
209.146 158.378 228.923 158.378 228.923 208.505 209.146 208.505
209.474 158.283 229.225 158.283 229.225 208.359 209.474 208.359
209.772 157.989 229.567 157.989 229.567 208.102 209.772 208.102
210.092 158.658 229.964 158.658 229.964 208.776 210.092 208.776
210.312 157.925 230.127 157.925 230.127 208.189 210.312 208.189
210.163 158.113 229.953 158.113 229.953 208.718 210.163 208.718
209.861 157.798 229.728 157.798 229.728 208.385 209.861 208.385
210.208 158.555 230.053 158.555 230.053 209.051 210.208 209.051
209.880 159.029 229.815 159.029 229.815 209.428 209.880 209.428
209.813 159.609 229.682 159.609 229.682 210.179 209.813 210.179
209.813 157.915 229.694 157.915 229.694 208.616 209.813 208.616
209.325 158.162 229.314 158.162 229.314 208.914 209.325 208.914
208.915 158.513 228.928 158.513 228.928 209.315 208.915 209.315
208.453 158.525 228.574 158.525 228.574 209.411 208.453 209.411
208.402 158.731 228.634 158.731 228.634 209.686 208.402 209.686
208.454 159.336 228.739 159.336 228.739 210.205 208.454 210.205
208.388 158.299 228.648 158.299 228.648 209.245 208.388 209.245
208.111 158.826 228.349 158.826 228.349 209.893 208.111 209.893
207.940 159.498 228.224 159.498 228.224 210.703 207.940 210.703
208.181 159.023 228.475 159.023 228.475 210.263 208.181 210.263
208.248 160.385 228.674 160.385 228.674 211.715 208.248 211.715
208.645 159.606 229.182 159.606 229.182 210.870 208.645 210.870
209.206 159.950 229.777 159.950 229.777 211.223 209.206 211.223
208.985 160.102 229.515 160.102 229.515 211.335 208.985 211.335
209.040 160.380 229.739 160.380 229.739 211.321 209.040 211.321
209.022 161.316 229.659 161.316 229.659 212.046 209.022 212.046
208.915 161.159 229.640 161.159 229.640 211.676 208.915 211.676
208.746 161.081 229.459 161.081 229.459 211.631 208.746 211.631
208.622 160.730 229.373 160.730 229.373 211.203 208.622 211.203
209.054 161.041 229.698 161.041 229.698 211.516 209.054 211.516
209.351 160.393 230.008 160.393 230.008 210.997 209.351 210.997
208.985 161.010 229.700 161.010 229.700 211.731 208.985 211.731
208.940 160.684 229.789 160.684 229.789 211.180 208.940 211.180
208.914 161.720 229.660 161.720 229.660 212.533 208.914 212.533
209.030 161.678 229.708 161.678 229.708 212.749 209.030 212.749
209.464 162.041 230.214 162.041 230.214 213.010 209.464 213.010
209.789 162.202 230.465 162.202 230.465 213.397 209.789 213.397
210.019 162.030 230.730 162.030 230.730 213.106 210.019 213.106
209.920 161.645 230.738 161.645 230.738 212.559 209.920 212.559
210.439 162.020 231.334 162.020 231.334 213.045 210.439 213.045
210.448 161.432 231.328 161.432 231.328 212.532 210.448 212.532
210.506 162.126 231.445 162.126 231.445 213.205 210.506 213.205
210.644 162.800 231.607 162.800 231.607 213.838 210.644 213.838
210.729 163.666 231.589 163.666 231.589 214.810 210.729 214.810
210.705 163.301 231.499 163.301 231.499 214.564 210.705 214.564
210.622 162.676 231.385 162.676 231.385 213.899 210.622 213.899
210.691 162.528 231.388 162.528 231.388 213.602 210.691 213.602
210.400 162.286 231.183 162.286 231.183 213.265 210.400 213.265
210.308 162.246 231.006 162.246 231.006 213.406 210.308 213.406
210.123 162.678 230.837 162.678 230.837 213.770 210.123 213.770
209.986 162.777 230.793 162.777 230.793 213.754 209.986 213.754
210.050 163.978 230.852 163.978 230.852 214.893 210.050 214.893
210.075 163.977 230.738 163.977 230.738 214.892 210.075 214.892
210.271 164.188 230.886 164.188 230.886 215.111 210.271 215.111
210.824 164.012 231.313 164.012 231.313 215.172 210.824 215.172
211.015 163.655 231.463 163.655 231.463 214.961 211.015 214.961
211.416 164.174 231.839 164.174 231.839 215.740 211.416 215.740
211.129 164.012 231.429 164.012 231.429 215.931 211.129 215.931
211.417 164.383 231.666 164.383 231.666 216.432 211.417 216.432
211.365 165.048 231.565 165.048 231.565 217.060 211.365 217.060
211.646 165.132 231.814 165.132 231.814 217.076 211.646 217.076
211.084 164.810 231.191 164.810 231.191 216.792 211.084 216.792
211.292 164.955 231.385 164.955 231.385 216.775 211.292 216.775
211.207 165.100 231.241 165.100 231.241 216.903 211.207 216.903
211.340 165.011 231.352 165.011 231.352 216.874 211.340 216.874
210.977 164.281 230.947 164.281 230.947 216.046 210.977 216.046
211.032 164.848 230.942 164.848 230.942 216.545 211.032 216.545
211.093 166.026 231.066 166.026 231.066 217.593 211.093 217.593
211.229 166.240 231.178 166.240 231.178 217.818 211.229 217.818
211.496 166.291 231.269 166.291 231.269 218.095 211.496 218.095
211.521 166.798 231.276 166.798 231.276 218.549 211.521 218.549
211.914 167.123 231.642 167.123 231.642 218.877 211.914 218.877
212.165 166.621 231.839 166.621 231.839 218.488 212.165 218.488
211.844 167.010 231.489 167.010 231.489 218.794 211.844 218.794
211.774 166.679 231.402 166.679 231.402 218.492 211.774 218.492
211.731 168.070 231.445 168.070 231.445 219.974 211.731 219.974
211.764 168.051 231.477 168.051 231.477 219.851 211.764 219.851
211.405 167.983 231.060 167.983 231.060 219.540 211.405 219.540
211.291 167.761 231.021 167.761 231.021 219.085 211.291 219.085
211.188 167.773 230.969 167.773 230.969 218.987 211.188 218.987
211.154 167.071 230.980 167.071 230.980 218.258 211.154 218.258
210.869 167.195 230.787 167.195 230.787 218.422 210.869 218.422
210.647 167.704 230.547 167.704 230.547 219.076 210.647 219.076
210.693 167.688 230.631 167.688 230.631 219.334 210.693 219.334
210.533 168.298 230.521 168.298 230.521 220.023 210.533 220.023
210.593 168.629 230.543 168.629 230.543 220.435 210.593 220.435
210.719 169.323 230.696 169.323 230.696 221.159 210.719 221.159
211.056 168.818 231.015 168.818 231.015 220.908 211.056 220.908
210.984 169.193 230.953 169.193 230.953 221.611 210.984 221.611
210.610 168.108 230.665 168.108 230.665 220.519 210.610 220.519
210.881 168.740 231.026 168.740 231.026 221.388 210.881 221.388
211.120 169.463 231.281 169.463 231.281 222.470 211.120 222.470
210.697 169.290 230.905 169.290 230.905 222.474 210.697 222.474
211.006 170.131 231.194 170.131 231.194 223.240 211.006 223.240
210.514 170.710 230.764 170.710 230.764 223.675 210.514 223.675
210.446 170.930 230.665 170.930 230.665 223.851 210.446 223.851
209.881 171.080 230.073 171.080 230.073 224.000 209.881 224.000
209.490 169.765 229.800 169.765 229.800 222.817 209.490 222.817
209.499 169.513 229.923 169.513 229.923 222.791 209.499 222.791
209.365 169.976 229.863 169.976 229.863 223.364 209.365 223.364
209.182 170.197 229.747 170.197 229.747 223.602 209.182 223.602
209.168 171.008 229.734 171.008 229.734 224.293 209.168 224.293
209.203 171.453 229.718 171.453 229.718 224.688 209.203 224.688
209.045 171.847 229.565 171.847 229.565 225.169 209.045 225.169
209.740 171.421 230.382 171.421 230.382 224.518 209.740 224.518
209.103 171.471 229.827 171.471 229.827 224.689 209.103 224.689
209.034 171.202 229.854 171.202 229.854 224.401 209.034 224.401
208.898 171.164 229.701 171.164 229.701 224.486 208.898 224.486
209.313 171.719 230.127 171.719 230.127 225.107 209.313 225.107
208.796 172.591 229.698 172.591 229.698 225.832 208.796 225.832
208.389 173.145 229.309 173.145 229.309 226.461 208.389 226.461
208.168 172.979 229.035 172.979 229.035 226.036 208.168 226.036
207.225 173.287 228.110 173.287 228.110 226.194 207.225 226.194
207.343 172.949 228.260 172.949 228.260 226.073 207.343 226.073
207.448 172.782 228.488 172.782 228.488 225.766 207.448 225.766
207.235 173.178 228.305 173.178 228.305 226.109 207.235 226.109
207.158 172.412 228.255 172.412 228.255 225.210 207.158 225.210
207.211 173.376 228.212 173.376 228.212 226.546 207.211 226.546
207.729 174.708 228.604 174.708 228.604 228.071 207.729 228.071
207.678 172.764 228.635 172.764 228.635 226.172 207.678 226.172
206.924 174.499 227.870 174.499 227.870 228.120 206.924 228.120
206.991 174.159 227.993 174.159 227.993 227.923 206.991 227.923
207.125 173.959 228.191 173.959 228.191 227.824 207.125 227.824
206.748 174.096 227.775 174.096 227.775 228.285 206.748 228.285
206.616 174.202 227.622 174.202 227.622 228.574 206.616 228.574
206.202 174.200 227.182 174.200 227.182 228.839 206.202 228.839
207.057 174.776 227.984 174.776 227.984 229.719 207.057 229.719
206.331 175.648 227.374 175.648 227.374 230.440 206.331 230.440
205.758 175.539 226.899 175.539 226.899 230.317 205.758 230.317
206.373 174.344 227.573 174.344 227.573 229.091 206.373 229.091
205.648 174.285 226.874 174.285 226.874 228.831 205.648 228.831
205.700 174.998 226.910 174.998 226.910 229.591 205.700 229.591
205.172 174.632 226.474 174.632 226.474 229.431 205.172 229.431
204.773 174.501 226.154 174.501 226.154 229.346 204.773 229.346
204.746 174.867 226.143 174.867 226.143 229.777 204.746 229.777
204.944 175.432 226.306 175.432 226.306 230.473 204.944 230.473
205.091 176.466 226.462 176.466 226.462 231.489 205.091 231.489
205.390 176.912 226.752 176.912 226.752 231.872 205.390 231.872
204.748 175.495 226.064 175.495 226.064 230.410 204.748 230.410
204.845 176.462 226.175 176.462 226.175 231.314 204.845 231.314
204.834 175.912 226.198 175.912 226.198 231.040 204.834 231.040
204.601 176.707 225.980 176.707 225.980 232.005 204.601 232.005
204.197 176.319 225.587 176.319 225.587 231.687 204.197 231.687
204.562 177.136 225.917 177.136 225.917 232.496 204.562 232.496
204.766 177.366 226.090 177.366 226.090 232.770 204.766 232.770
204.204 178.076 225.549 178.076 225.549 233.427 204.204 233.427
203.939 177.034 225.250 177.034 225.250 232.367 203.939 232.367
203.666 177.495 224.913 177.495 224.913 232.635 203.666 232.635
203.061 176.314 224.313 176.314 224.313 231.503 203.061 231.503
203.096 176.964 224.318 176.964 224.318 232.134 203.096 232.134
203.501 177.421 224.713 177.421 224.713 232.603 203.501 232.603
203.234 178.084 224.385 178.084 224.385 233.079 203.234 233.079
203.680 178.077 224.682 178.077 224.682 233.280 203.680 233.280
203.864 178.647 224.773 178.647 224.773 234.091 203.864 234.091
203.598 178.139 224.468 178.139 224.468 233.700 203.598 233.700
203.461 178.414 224.345 178.414 224.345 234.073 203.461 234.073
203.694 178.122 224.565 178.122 224.565 233.900 203.694 233.900
203.345 178.298 224.269 178.298 224.269 234.333 203.345 234.333
202.601 178.357 223.560 178.357 223.560 234.320 202.601 234.320
202.749 179.117 223.749 179.117 223.749 235.063 202.749 235.063
202.865 179.913 223.777 179.913 223.777 235.665 202.865 235.665
202.419 179.846 223.258 179.846 223.258 235.306 202.419 235.306
202.181 179.744 223.025 179.744 223.025 235.059 202.181 235.059
201.867 179.573 222.636 179.573 222.636 234.940 201.867 234.940
201.781 179.583 222.462 179.583 222.462 235.045 201.781 235.045
201.325 179.978 221.975 179.978 221.975 235.433 201.325 235.433
200.716 179.357 221.423 179.357 221.423 234.869 200.716 234.869
201.197 180.351 221.891 180.351 221.891 235.979 201.197 235.979
201.749 180.024 222.265 180.024 222.265 235.843 201.749 235.843
201.569 180.292 222.017 180.292 222.017 236.292 201.569 236.292
201.762 180.847 222.154 180.847 222.154 236.849 201.762 236.849
201.013 181.099 221.388 181.099 221.388 237.223 201.013 237.223
200.633 180.199 221.088 180.199 221.088 236.578 200.633 236.578
200.856 180.220 221.436 180.220 221.436 236.865 200.856 236.865
201.089 180.344 221.796 180.344 221.796 237.190 201.089 237.190
200.269 181.614 221.017 181.614 221.017 238.304 200.269 238.304
199.962 181.574 220.759 181.574 220.759 238.185 199.962 238.185
198.978 182.743 219.749 182.743 219.749 239.090 198.978 239.090
198.912 182.421 219.752 182.421 219.752 238.559 198.912 238.559
198.512 183.082 219.270 183.082 219.270 239.063 198.512 239.063
197.797 183.729 218.487 183.729 218.487 239.722 197.797 239.722
197.048 184.105 217.700 184.105 217.700 240.158 197.048 240.158
197.013 182.464 217.633 182.464 217.633 238.666 197.013 238.666
196.920 182.900 217.509 182.900 217.509 239.241 196.920 239.241
196.916 182.986 217.495 182.986 217.495 239.533 196.916 239.533
196.973 183.740 217.536 183.740 217.536 240.006 196.973 240.006
196.475 182.966 217.120 182.966 217.120 239.207 196.475 239.207
196.064 184.170 216.606 184.170 216.606 240.491 196.064 240.491
195.769 183.372 216.453 183.372 216.453 239.794 195.769 239.794
195.610 183.627 216.227 183.627 216.227 240.389 195.610 240.389
195.241 183.584 215.790 183.584 215.790 240.516 195.241 240.516
194.728 183.842 215.303 183.842 215.303 240.826 194.728 240.826
194.631 185.009 215.223 185.009 215.223 242.121 194.631 242.121
194.464 186.118 215.077 186.118 215.077 243.333 194.464 243.333
194.091 187.254 214.714 187.254 214.714 244.774 194.091 244.774
193.669 187.574 214.464 187.574 214.464 245.005 193.669 245.005
192.889 187.543 213.694 187.543 213.694 245.147 192.889 245.147
191.929 187.609 212.737 187.609 212.737 245.402 191.929 245.402
190.973 187.407 211.837 187.407 211.837 245.429 190.973 245.429
190.666 186.583 211.669 186.583 211.669 244.669 190.666 244.669
190.900 186.289 212.029 186.289 212.029 244.619 190.900 244.619
190.394 186.300 211.682 186.300 211.682 244.870 190.394 244.870
190.259 186.642 211.694 186.642 211.694 245.304 190.259 245.304
189.894 187.170 211.255 187.170 211.255 245.967 189.894 245.967
189.831 186.698 211.416 186.698 211.416 245.829 189.831 245.829
189.420 186.665 210.981 186.665 210.981 246.120 189.420 246.120
189.283 186.797 210.851 186.797 210.851 246.689 189.283 246.689
188.905 187.301 210.490 187.301 210.490 247.532 188.905 247.532
188.652 186.527 210.422 186.527 210.422 247.178 188.652 247.178
188.367 187.324 210.309 187.324 210.309 248.094 188.367 248.094
187.660 188.254 209.798 188.254 209.798 248.919 187.660 248.919
187.060 189.499 209.277 189.499 209.277 250.288 187.060 250.288
186.923 189.118 209.271 189.118 209.271 250.125 186.923 250.125
185.436 189.105 208.000 189.105 208.000 250.327 185.436 250.327
185.129 188.887 207.947 188.887 207.947 250.205 185.129 250.205
184.935 188.456 207.910 188.456 207.910 250.174 184.935 250.174
184.784 188.069 207.928 188.069 207.928 249.908 184.784 249.908
184.285 187.746 207.564 187.746 207.564 249.692 184.285 249.692
184.297 187.753 207.714 187.753 207.714 249.667 184.297 249.667
183.911 188.214 207.436 188.214 207.436 250.033 183.911 250.033
183.924 188.828 207.709 188.828 207.709 250.405 183.924 250.405
183.324 188.825 207.153 188.825 207.153 250.714 183.324 250.714
183.444 188.073 207.444 188.073 207.444 250.010 183.444 250.010
182.951 189.147 206.976 189.147 206.976 251.429 182.951 251.429
182.541 189.057 206.682 189.057 206.682 251.635 182.541 251.635
182.512 189.367 206.881 189.367 206.881 251.992 182.512 251.992
182.258 191.317 206.675 191.317 206.675 254.010 182.258 254.010
181.983 192.268 206.545 192.268 206.545 255.031 181.983 255.031
181.879 193.252 206.559 193.252 206.559 256.065 181.879 256.065
181.546 192.385 206.401 192.385 206.401 255.204 181.546 255.204
180.849 193.272 205.758 193.272 205.758 256.336 180.849 256.336
180.228 193.010 205.247 193.010 205.247 256.061 180.228 256.061
179.964 191.873 205.071 191.873 205.071 255.152 179.964 255.152
179.692 191.413 204.940 191.413 204.940 254.954 179.692 254.954
179.320 191.208 204.726 191.208 204.726 254.673 179.320 254.673
179.127 191.768 204.604 191.768 204.604 255.499 179.127 255.499
178.835 191.539 204.420 191.539 204.420 255.581 178.835 255.581
178.432 192.256 204.173 192.256 204.173 256.587 178.432 256.587
178.289 192.501 204.120 192.501 204.120 256.991 178.289 256.991
178.422 191.469 204.377 191.469 204.377 256.310 178.422 256.310
177.926 191.507 204.029 191.507 204.029 256.698 177.926 256.698
177.885 193.074 204.001 193.074 204.001 258.525 177.885 258.525
177.984 191.799 204.183 191.799 204.183 257.568 177.984 257.568
178.081 193.130 204.328 193.130 204.328 259.140 178.081 259.140
177.415 192.754 203.578 192.754 203.578 259.086 177.415 259.086
177.055 192.343 203.241 192.343 203.241 258.794 177.055 258.794
176.194 192.623 202.421 192.623 202.421 259.305 176.194 259.305
175.774 193.359 202.163 193.359 202.163 260.092 175.774 260.092
175.502 193.086 202.016 193.086 202.016 260.000 175.502 260.000
175.011 192.130 201.645 192.130 201.645 259.115 175.011 259.115
174.392 193.031 201.171 193.031 201.171 260.053 174.392 260.053
174.012 192.819 200.851 192.819 200.851 259.765 174.012 259.765
174.536 192.362 201.313 192.362 201.313 259.559 174.536 259.559
173.829 193.795 200.684 193.795 200.684 260.919 173.829 260.919
174.206 195.181 201.060 195.181 201.060 262.297 174.206 262.297
173.249 194.569 200.158 194.569 200.158 261.677 173.249 261.677
173.199 194.292 200.125 194.292 200.125 261.686 173.199 261.686
173.694 194.891 200.579 194.891 200.579 262.349 173.694 262.349
172.899 194.934 199.835 194.934 199.835 262.270 172.899 262.270
171.773 195.400 198.616 195.400 198.616 263.106 171.773 263.106
171.759 196.510 198.579 196.510 198.579 264.341 171.759 264.341
170.733 196.903 197.525 196.903 197.525 264.544 170.733 264.544
170.293 197.002 197.315 197.002 197.315 264.822 170.293 264.822
169.007 196.400 196.234 196.400 196.234 264.495 169.007 264.495
168.776 196.240 196.089 196.240 196.089 264.979 168.776 264.979
168.375 195.542 195.835 195.542 195.835 264.304 168.375 264.304
167.766 195.896 195.180 195.896 195.180 264.970 167.766 264.970
167.169 195.884 194.723 195.884 194.723 265.317 167.169 265.317
166.776 194.709 194.326 194.709 194.326 264.710 166.776 264.710
166.457 196.429 194.229 196.429 194.229 266.587 166.457 266.587
165.244 197.024 193.033 197.024 193.033 267.277 165.244 267.277
164.763 197.782 192.726 197.782 192.726 268.183 164.763 268.183
164.472 198.564 192.579 198.564 192.579 269.154 164.472 269.154
163.552 198.686 191.758 198.686 191.758 269.331 163.552 269.331
163.156 198.426 191.301 198.426 191.301 269.436 163.156 269.436
162.988 198.937 190.985 198.937 190.985 270.178 162.988 270.178
162.642 199.591 190.648 199.591 190.648 270.795 162.642 270.795
162.145 199.649 189.929 199.649 189.929 271.244 162.145 271.244
160.774 200.458 188.411 200.458 188.411 272.439 160.774 272.439
160.370 200.431 187.985 200.431 187.985 272.346 160.370 272.346
159.017 200.722 186.569 200.722 186.569 272.636 159.017 272.636
158.722 200.503 186.190 200.503 186.190 272.033 158.722 272.033
158.594 201.035 186.098 201.035 186.098 272.017 158.594 272.017
158.037 201.731 185.435 201.731 185.435 272.165 158.037 272.165
157.600 201.231 184.868 201.231 184.868 271.200 157.600 271.200
157.586 201.616 184.849 201.616 184.849 270.974 157.586 270.974
156.658 202.766 183.852 202.766 183.852 271.585 156.658 271.585
156.670 202.707 183.828 202.707 183.828 271.204 156.670 271.204
156.137 203.154 183.253 203.154 183.253 271.504 156.137 271.504
156.086 202.958 183.112 202.958 183.112 271.011 156.086 271.011
154.462 204.578 181.175 204.578 181.175 272.678 154.462 272.678
154.189 205.658 180.656 205.658 180.656 273.862 154.189 273.862
153.484 205.596 179.847 205.596 179.847 273.957 153.484 273.957
152.796 205.461 178.989 205.461 178.989 274.055 152.796 274.055
151.985 206.049 178.044 206.049 178.044 274.421 151.985 274.421
151.069 205.641 177.124 205.641 177.124 273.941 151.069 273.941
149.822 206.118 175.771 206.118 175.771 274.239 149.822 274.239
149.021 206.029 175.101 206.029 175.101 273.654 149.021 273.654
148.208 205.649 174.366 205.649 174.366 272.604 148.208 272.604
148.249 205.149 174.398 205.149 174.398 271.723 148.249 271.723
147.098 206.608 173.254 206.608 173.254 272.220 147.098 272.220
146.646 206.935 172.793 206.935 172.793 271.869 146.646 271.869
146.557 208.028 172.628 208.028 172.628 272.332 146.557 272.332
146.284 209.151 172.222 209.151 172.222 272.668 146.284 272.668
146.165 208.905 171.828 208.905 171.828 272.056 146.165 272.056
145.959 209.855 171.394 209.855 171.394 272.799 145.959 272.799
145.371 210.362 170.784 210.362 170.784 272.908 145.371 272.908
145.218 211.511 170.561 211.511 170.561 273.805 145.218 273.805
145.255 212.803 170.336 212.803 170.336 274.911 145.255 274.911
143.258 212.041 167.931 212.041 167.931 274.179 143.258 274.179
143.205 212.964 167.630 212.964 167.630 274.809 143.205 274.809
141.814 213.396 166.062 213.396 166.062 274.920 141.814 274.920
141.012 214.105 165.133 214.105 165.133 275.428 141.012 275.428
140.756 212.126 164.805 212.126 164.805 273.288 140.756 273.288
139.837 213.028 163.832 213.028 163.832 273.714 139.837 273.714
139.618 213.292 163.696 213.292 163.696 273.569 139.618 273.569
140.011 214.495 164.074 214.495 164.074 274.068 140.011 274.068
139.755 215.474 163.770 215.474 163.770 274.304 139.755 274.304
139.345 216.499 163.227 216.499 163.227 274.929 139.345 274.929
138.802 216.231 162.557 216.231 162.557 274.370 138.802 274.370
138.927 217.320 162.436 217.320 162.436 275.344 138.927 275.344
138.200 216.984 161.303 216.984 161.303 275.334 138.200 275.334
137.984 217.804 160.810 217.804 160.810 276.427 137.984 276.427
137.684 217.206 160.227 217.206 160.227 276.152 137.684 276.152
136.936 216.979 159.192 216.979 159.192 276.380 136.936 276.380
136.840 216.335 159.070 216.335 159.070 275.799 136.840 275.799
135.793 217.045 157.974 217.045 157.974 276.466 135.793 276.466
134.497 217.437 156.657 217.437 156.657 276.966 134.497 276.966
133.892 217.924 156.083 217.924 156.083 277.310 133.892 277.310
133.035 217.686 155.184 217.686 155.184 277.144 133.035 277.144
132.282 217.276 154.459 217.276 154.459 276.775 132.282 276.775
130.975 216.585 153.133 216.585 153.133 276.165 130.975 276.165
130.651 216.014 152.819 216.014 152.819 275.927 130.651 275.927
129.662 215.800 151.900 215.800 151.900 275.640 129.662 275.640
128.932 216.433 151.233 216.433 151.233 276.490 128.932 276.490
128.423 216.697 150.626 216.697 150.626 276.756 128.423 276.756
128.465 217.548 150.576 217.548 150.576 277.727 128.465 277.727
128.121 217.496 150.239 217.496 150.239 277.899 128.121 277.899
127.531 217.882 149.570 217.882 149.570 278.636 127.531 278.636
127.217 218.070 149.265 218.070 149.265 279.413 127.217 279.413
126.545 218.256 148.543 218.256 148.543 280.279 126.545 280.279
125.471 217.184 147.496 217.184 147.496 279.456 125.471 279.456
124.976 217.810 147.030 217.810 147.030 280.331 124.976 280.331
124.041 218.593 146.270 218.593 146.270 281.405 124.041 281.405
122.932 219.240 145.239 219.240 145.239 282.481 122.932 282.481
121.834 219.847 144.170 219.847 144.170 283.244 121.834 283.244
120.484 219.967 142.887 219.967 142.887 283.656 120.484 283.656
118.971 219.144 141.609 219.144 141.609 282.793 118.971 282.793
118.113 218.296 140.978 218.296 140.978 281.781 118.113 281.781
117.201 219.228 140.305 219.228 140.305 282.434 117.201 282.434
116.424 220.933 139.708 220.933 139.708 283.653 116.424 283.653
115.868 221.424 139.410 221.424 139.410 283.584 115.868 283.584
115.000 221.903 138.546 221.903 138.546 283.685 115.000 283.685
114.851 223.252 138.318 223.252 138.318 284.941 114.851 284.941
114.107 223.360 137.543 223.360 137.543 284.939 114.107 284.939
113.726 222.180 137.219 222.180 137.219 283.965 113.726 283.965
113.445 222.016 136.948 222.016 136.948 284.054 113.445 284.054
112.671 222.389 136.051 222.389 136.051 284.776 112.671 284.776
111.933 222.926 135.272 222.926 135.272 285.663 111.933 285.663
110.856 223.740 134.158 223.740 134.158 286.732 110.856 286.732
109.986 223.325 133.351 223.325 133.351 286.519 109.986 286.519
109.054 225.074 132.475 225.074 132.475 288.524 109.054 288.524
108.320 226.262 131.816 226.262 131.816 290.107 108.320 290.107
107.356 226.184 130.741 226.184 130.741 290.288 107.356 290.288
106.564 226.090 129.990 226.090 129.990 290.298 106.564 290.298
105.775 225.681 129.408 225.681 129.408 289.575 105.775 289.575
104.525 225.250 128.252 225.250 128.252 289.048 104.525 289.048
103.710 226.068 127.599 226.068 127.599 289.482 103.710 289.482
102.663 226.070 126.684 226.070 126.684 289.259 102.663 289.259
102.149 227.202 126.245 227.202 126.245 289.935 102.149 289.935
101.090 227.706 125.113 227.706 125.113 290.228 101.090 290.228
100.274 227.353 124.311 227.353 124.311 289.837 100.274 289.837
99.788 227.633 123.828 227.633 123.828 290.423 99.788 290.423
98.738 227.542 122.661 227.542 122.661 290.866 98.738 290.866
97.701 227.283 121.468 227.283 121.468 291.351 97.701 291.351
96.996 227.311 120.877 227.311 120.877 291.702 96.996 291.702
95.774 227.844 119.525 227.844 119.525 293.030 95.774 293.030
94.916 229.634 118.721 229.634 118.721 295.427 94.916 295.427
93.893 230.974 117.665 230.974 117.665 297.147 93.893 297.147
92.397 231.118 116.195 231.118 116.195 297.753 92.397 297.753
91.165 230.756 115.049 230.756 115.049 297.776 91.165 297.776
90.447 229.533 114.131 229.533 114.131 297.021 90.447 297.021
86.247 226.878 110.086 226.878 110.086 294.961 86.247 294.961
86.821 226.624 110.917 226.624 110.917 294.744 86.821 294.744
87.220 227.302 111.453 227.302 111.453 295.521 87.220 295.521
86.168 229.085 110.383 229.085 110.383 297.665 86.168 297.665
85.374 233.064 109.587 233.064 109.587 302.037 85.374 302.037
84.317 235.406 108.593 235.406 108.593 304.788 84.317 304.788
83.769 232.854 108.090 232.854 108.090 302.700 83.769 302.700
82.695 232.138 107.112 232.138 107.112 302.464 82.695 302.464
81.281 231.763 105.693 231.763 105.693 302.755 81.281 302.755
80.248 231.077 104.848 231.077 104.848 302.645 80.248 302.645
78.480 232.467 103.364 232.467 103.364 304.439 78.480 304.439
77.516 232.736 102.455 232.736 102.455 305.581 77.516 305.581
76.650 233.861 101.794 233.861 101.794 307.326 76.650 307.326
75.426 234.175 100.787 234.175 100.787 308.271 75.426 308.271
74.383 234.591 99.836 234.591 99.836 309.275 74.383 309.275
72.609 234.989 98.405 234.989 98.405 309.326 72.609 309.326
71.503 234.584 97.528 234.584 97.528 308.465 71.503 308.465
70.294 234.613 96.560 234.613 96.560 307.979 70.294 307.979
69.682 236.411 96.086 236.411 96.086 309.413 69.682 309.413
64.051 230.695 90.847 230.695 90.847 303.087 64.051 303.087
63.748 231.880 91.008 231.880 91.008 303.509 63.748 303.509
63.409 233.102 90.877 233.102 90.877 304.338 63.409 304.338
62.838 234.115 90.341 234.115 90.341 305.044 62.838 305.044
62.542 238.981 90.111 238.981 90.111 309.694 62.542 309.694
62.262 241.220 89.633 241.220 89.633 312.317 62.262 312.317
61.681 240.096 89.114 240.096 89.114 311.295 61.681 311.295
60.898 240.331 88.278 240.331 88.278 311.682 60.898 311.682
59.731 241.835 87.115 241.835 87.115 313.653 59.731 313.653
58.867 242.377 86.362 242.377 86.362 314.231 58.867 314.231
57.874 243.066 85.437 243.066 85.437 314.875 57.874 314.875
56.075 244.544 83.557 244.544 83.557 316.403 56.075 316.403
54.177 245.354 81.685 245.354 81.685 317.215 54.177 317.215
53.065 245.692 80.613 245.692 80.613 317.746 53.065 317.746
51.773 244.434 79.349 244.434 79.349 316.685 51.773 316.685
50.691 243.388 78.285 243.388 78.285 315.257 50.691 315.257
49.307 242.701 76.970 242.701 76.970 314.369 49.307 314.369
48.336 242.381 76.105 242.381 76.105 313.882 48.336 313.882
47.128 243.525 74.951 243.525 74.951 314.361 47.128 314.361
46.813 243.912 74.587 243.912 74.587 314.378 46.813 314.378
46.501 244.926 74.135 244.926 74.135 314.956 46.501 314.956
45.711 245.001 73.111 245.001 73.111 315.140 45.711 315.140
44.344 245.187 71.696 245.187 71.696 315.547 44.344 315.547
43.058 244.817 70.335 244.817 70.335 315.543 43.058 315.543
42.084 245.865 69.345 245.865 69.345 316.954 42.084 316.954
41.129 247.403 68.352 247.403 68.352 318.963 41.129 318.963
39.904 248.286 67.160 248.286 67.160 320.331 39.904 320.331
39.324 248.616 66.477 248.616 66.477 321.286 39.324 321.286
38.076 249.071 65.230 249.071 65.230 321.995 38.076 321.995
36.098 248.578 63.253 248.578 63.253 321.953 36.098 321.953
35.303 247.483 62.373 247.483 62.373 321.481 35.303 321.481
34.366 247.436 61.569 247.436 61.569 321.774 34.366 321.774
33.655 246.821 60.982 246.821 60.982 321.553 33.655 321.553
32.087 245.707 59.549 245.707 59.549 320.543 32.087 320.543
30.636 246.446 58.188 246.446 58.188 321.268 30.636 321.268
29.778 247.716 57.466 247.716 57.466 322.162 29.778 322.162
28.791 249.663 56.525 249.663 56.525 323.632 28.791 323.632
27.735 250.813 55.496 250.813 55.496 324.482 27.735 324.482
26.722 251.773 54.542 251.773 54.542 325.364 26.722 325.364
25.495 251.169 53.143 251.169 53.143 325.227 25.495 325.227
24.376 250.644 51.892 250.644 51.892 325.255 24.376 325.255
22.952 252.422 50.464 252.422 50.464 327.533 22.952 327.533
21.654 253.613 49.248 253.613 49.248 329.170 21.654 329.170
21.139 254.033 48.988 254.033 48.988 330.088 21.139 330.088
