369.000 139.000 383.000 139.000 383.000 173.000 369.000 173.000
369.090 138.672 382.565 138.672 382.565 173.271 369.090 173.271
368.407 138.789 381.295 138.789 381.295 173.913 368.407 173.913
365.691 137.545 378.091 137.545 378.091 173.386 365.691 173.386
365.309 139.231 377.264 139.231 377.264 175.633 365.309 175.633
364.861 138.713 376.514 138.713 376.514 175.320 364.861 175.320
361.825 137.859 373.539 137.859 373.539 174.505 361.825 174.505
358.185 138.874 370.117 138.874 370.117 175.492 358.185 175.492
357.618 138.509 369.556 138.509 369.556 175.177 357.618 175.177
357.089 139.439 369.068 139.439 369.068 176.402 357.089 176.402
356.165 138.871 368.031 138.871 368.031 176.137 356.165 176.137
355.348 138.520 367.281 138.520 367.281 175.690 355.348 175.690
354.075 140.204 366.130 140.204 366.130 177.728 354.075 177.728
350.539 137.822 362.527 137.822 362.527 175.514 350.539 175.514
347.010 140.403 359.171 140.403 359.171 178.047 347.010 178.047
346.198 139.957 358.439 139.957 358.439 177.730 346.198 177.730
345.371 141.460 357.524 141.460 357.524 179.254 345.371 179.254
344.226 140.113 356.436 140.113 356.436 177.849 344.226 177.849
343.255 141.410 355.441 141.410 355.441 179.443 343.255 179.443
342.388 139.945 354.601 139.945 354.601 178.010 342.388 178.010
341.611 141.614 353.817 141.614 353.817 179.805 341.611 179.805
340.896 140.621 353.095 140.621 353.095 178.925 340.896 178.925
340.317 141.629 352.543 141.629 352.543 180.071 340.317 180.071
340.033 142.475 352.310 142.475 352.310 180.816 340.033 180.816
336.333 143.436 348.673 143.436 348.673 181.893 336.333 181.893
332.486 144.465 344.822 144.465 344.822 183.192 332.486 183.192
328.577 144.696 340.834 144.696 340.834 183.254 328.577 183.254
328.018 144.765 340.091 144.765 340.091 183.377 328.018 183.377
327.586 143.518 339.673 143.518 339.673 181.998 327.586 181.998
324.626 144.171 336.680 144.171 336.680 182.837 324.626 182.837
324.762 144.865 336.766 144.865 336.766 183.874 324.762 183.874
324.661 144.816 336.697 144.816 336.697 183.930 324.661 183.930
324.489 144.824 336.457 144.824 336.457 184.319 324.489 184.319
321.446 144.864 333.590 144.864 333.590 183.973 321.446 183.973
321.596 146.154 333.788 146.154 333.788 185.244 321.596 185.244
318.034 145.786 330.342 145.786 330.342 184.719 318.034 184.719
314.051 145.816 326.549 145.816 326.549 184.681 314.051 184.681
310.714 146.723 323.293 146.723 323.293 185.591 310.714 185.591
310.442 146.602 322.895 146.602 322.895 185.691 310.442 185.691
309.834 146.639 322.431 146.639 322.431 185.421 309.834 185.421
309.505 146.767 322.149 146.767 322.149 185.672 309.505 185.672
306.365 148.764 319.023 148.764 319.023 187.594 306.365 187.594
306.604 149.017 319.187 149.017 319.187 188.093 306.604 188.093
306.172 148.844 319.033 148.844 319.033 187.833 306.172 187.833
306.461 149.578 319.292 149.578 319.292 188.816 306.461 188.816
306.144 149.598 319.024 149.598 319.024 188.978 306.144 188.978
305.485 149.767 318.305 149.767 318.305 189.598 305.485 189.598
302.218 150.461 315.049 150.461 315.049 190.594 302.218 190.594
299.104 150.658 311.868 150.658 311.868 190.950 299.104 190.950
299.443 152.000 312.148 152.000 312.148 192.712 299.443 192.712
295.978 151.297 308.650 151.297 308.650 192.382 295.978 192.382
295.892 150.629 308.549 150.629 308.549 191.978 295.892 191.978
292.617 150.679 305.271 150.679 305.271 192.296 292.617 192.296
289.306 150.976 301.962 150.976 301.962 192.607 289.306 192.607
285.992 150.345 298.621 150.345 298.621 192.244 285.992 192.244
286.040 151.416 298.709 151.416 298.709 193.114 286.040 193.114
286.351 153.220 299.013 153.220 299.013 194.907 286.351 194.907
286.149 151.127 298.805 151.127 298.805 192.621 286.149 192.621
286.196 151.581 298.915 151.581 298.915 193.202 286.196 193.202
286.544 152.410 299.183 152.410 299.183 194.226 286.544 194.226
286.601 153.437 299.149 153.437 299.149 195.366 286.601 195.366
283.595 152.247 296.185 152.247 296.185 194.245 283.595 194.245
283.457 153.527 295.968 153.527 295.968 195.817 283.457 195.817
280.321 153.873 292.708 153.873 292.708 196.834 280.321 196.834
280.316 154.551 292.921 154.551 292.921 197.614 280.316 197.614
280.493 154.042 293.030 154.042 293.030 197.651 280.493 197.651
280.849 154.120 293.197 154.120 293.197 198.432 280.849 198.432
277.547 154.248 289.968 154.248 289.968 198.920 277.547 198.920
277.442 153.956 290.024 153.956 290.024 198.855 277.442 198.855
273.976 155.943 286.757 155.943 286.757 200.833 273.976 200.833
274.244 154.861 287.021 154.861 287.021 200.220 274.244 200.220
274.241 154.506 287.164 154.506 287.164 200.214 274.241 200.214
274.127 155.726 287.115 155.726 287.115 201.319 274.127 201.319
270.707 154.888 283.944 154.888 283.944 200.826 270.707 200.826
270.727 155.514 283.977 155.514 283.977 201.716 270.727 201.716
270.706 155.141 283.860 155.141 283.860 201.654 270.706 201.654
270.654 156.211 283.705 156.211 283.705 202.989 270.654 202.989
270.371 156.017 283.528 156.017 283.528 202.709 270.371 202.709
266.914 157.193 280.097 157.193 280.097 204.053 266.914 204.053
266.845 157.839 280.114 157.839 280.114 204.577 266.845 204.577
266.943 155.769 280.152 155.769 280.152 202.894 266.943 202.894
263.349 158.124 276.557 158.124 276.557 205.488 263.349 205.488
259.833 157.452 273.035 157.452 273.035 204.799 259.833 204.799
260.086 158.131 273.343 158.131 273.343 205.396 260.086 205.396
260.067 156.807 273.285 156.807 273.285 204.471 260.067 204.471
260.112 158.980 273.276 158.980 273.276 207.051 260.112 207.051
256.437 158.624 269.826 158.624 269.826 206.609 256.437 206.609
256.489 159.885 269.893 159.885 269.893 207.942 256.489 207.942
256.537 157.625 270.000 157.625 270.000 205.790 256.537 205.790
256.317 158.336 269.924 158.336 269.924 206.414 256.317 206.414
256.184 158.776 269.782 158.776 269.782 206.982 256.184 206.982
252.572 159.874 266.146 159.874 266.146 208.099 252.572 208.099
252.594 158.956 266.114 158.956 266.114 207.232 252.594 207.232
252.664 159.788 266.093 159.788 266.093 208.115 252.664 208.115
252.301 159.999 265.745 159.999 265.745 208.346 252.301 208.346
248.866 162.004 262.305 162.004 262.305 210.291 248.866 210.291
248.498 161.050 261.893 161.050 261.893 209.289 248.498 209.289
247.919 160.378 261.290 160.378 261.290 208.581 247.919 208.581
247.359 161.394 260.685 161.394 260.685 209.712 247.359 209.712
243.739 163.646 257.161 163.646 257.161 212.082 243.739 212.082
243.628 161.329 257.113 161.329 257.113 209.980 243.628 209.980
243.367 162.449 256.885 162.449 256.885 211.225 243.367 211.225
242.918 162.090 256.699 162.090 256.699 210.385 242.918 210.385
242.722 162.528 256.554 162.528 256.554 210.860 242.722 210.860
242.303 164.411 256.249 164.411 256.249 212.837 242.303 212.837
238.252 164.060 252.263 164.060 252.263 212.519 238.252 212.519
238.343 165.793 252.300 165.793 252.300 214.378 238.343 214.378
238.080 165.267 252.077 165.267 252.077 213.706 238.080 213.706
237.990 164.269 252.073 164.269 252.073 212.820 237.990 212.820
237.627 164.509 251.755 164.509 251.755 213.207 237.627 213.207
237.325 165.836 251.567 165.836 251.567 214.355 237.325 214.355
233.028 166.403 247.425 166.403 247.425 214.665 233.028 214.665
232.796 168.088 247.223 168.088 247.223 216.344 232.796 216.344
228.962 167.437 243.439 167.437 243.439 215.864 228.962 215.864
228.665 168.855 243.184 168.855 243.184 217.288 228.665 217.288
228.652 168.962 243.149 168.962 243.149 217.653 228.652 217.653
228.342 169.867 242.880 169.867 242.880 218.845 228.342 218.845
228.033 170.137 242.572 170.137 242.572 219.387 228.033 219.387
227.651 168.997 242.185 168.997 242.185 218.382 227.651 218.382
227.200 170.522 241.720 170.522 241.720 219.871 227.200 219.871
226.641 169.699 241.156 169.699 241.156 219.213 226.641 219.213
226.497 171.752 240.932 171.752 240.932 221.475 226.497 221.475
222.466 173.138 236.962 173.138 236.962 222.874 222.466 222.874
222.413 173.191 237.024 173.191 237.024 222.835 222.413 222.835
222.278 173.202 236.956 173.202 236.956 222.806 222.278 222.806
222.335 175.340 236.881 175.340 236.881 225.557 222.335 225.557
222.252 175.087 236.750 175.087 236.750 225.958 222.252 225.958
222.270 174.461 236.913 174.461 236.913 225.657 222.270 225.657
222.031 176.078 236.772 176.078 236.772 227.541 222.031 227.541
221.957 174.651 236.855 174.651 236.855 226.668 221.957 226.668
217.653 176.164 232.720 176.164 232.720 228.350 217.653 228.350
217.451 177.147 232.617 177.147 232.617 229.597 217.451 229.597
217.318 176.468 232.493 176.468 232.493 229.411 217.318 229.411
217.007 175.728 232.199 175.728 232.199 229.369 217.007 229.369
216.893 174.958 232.100 174.958 232.100 229.212 216.893 229.212
216.435 176.369 231.766 176.369 231.766 231.007 216.435 231.007
215.711 177.050 231.115 177.050 231.115 231.921 215.711 231.921
215.063 176.620 230.706 176.620 230.706 231.309 215.063 231.309
214.295 177.325 230.012 177.325 230.012 232.219 214.295 232.219
213.403 176.917 229.246 176.917 229.246 231.835 213.403 231.835
212.438 177.415 228.331 177.415 228.331 232.551 212.438 232.551
211.824 177.629 227.735 177.629 227.735 233.048 211.824 233.048
211.095 178.153 227.014 178.153 227.014 233.744 211.095 233.744
210.303 177.955 226.277 177.955 226.277 233.706 210.303 233.706
209.344 179.090 225.224 179.090 225.224 235.223 209.344 235.223
208.774 179.676 224.805 179.676 224.805 235.881 208.774 235.881
208.407 178.105 224.477 178.105 224.477 234.787 208.407 234.787
207.661 178.951 223.828 178.951 223.828 235.910 207.661 235.910
203.334 178.088 219.636 178.088 219.636 235.216 203.334 235.216
202.907 179.749 219.379 179.749 219.379 237.398 202.907 237.398
202.955 178.024 219.463 178.024 219.463 236.171 202.955 236.171
202.925 177.767 219.563 177.767 219.563 236.147 202.925 236.147
202.775 179.588 219.350 179.588 219.350 238.366 202.775 238.366
202.427 179.584 218.961 179.584 218.961 238.649 202.427 238.649
202.397 179.907 218.942 179.907 218.942 239.368 202.397 239.368
202.688 179.416 219.225 179.416 219.225 239.032 202.688 239.032
202.413 179.196 219.012 179.196 219.012 238.906 202.413 238.906
202.580 179.419 219.161 179.419 219.161 239.334 202.580 239.334
202.646 179.668 219.297 179.668 219.297 239.681 202.646 239.681
202.671 180.049 219.334 180.049 219.334 240.407 202.671 240.407
202.792 179.831 219.323 179.831 219.323 240.754 202.792 240.754
202.955 181.362 219.356 181.362 219.356 243.139 202.955 243.139
203.123 181.539 219.482 181.539 219.482 243.723 203.123 243.723
203.017 180.646 219.743 180.646 219.743 242.626 203.017 242.626
202.570 182.250 219.351 182.250 219.351 244.263 202.570 244.263
207.840 181.641 224.805 181.641 224.805 243.187 207.840 243.187
207.979 181.640 224.925 181.640 224.925 243.431 207.979 243.431
207.752 182.001 224.872 182.001 224.872 243.488 207.752 243.488
211.911 183.620 229.282 183.620 229.282 244.546 211.911 244.546
211.215 185.215 228.727 185.215 228.727 245.598 211.215 245.598
210.853 186.312 228.215 186.312 228.215 246.644 210.853 246.644
210.291 186.180 227.551 186.180 227.551 246.449 210.291 246.449
209.991 185.997 227.168 185.997 227.168 246.154 209.991 246.154
209.614 185.814 226.624 185.814 226.624 246.048 209.614 246.048
209.031 187.749 226.085 187.749 226.085 247.893 209.031 247.893
208.738 188.277 225.814 188.277 225.814 248.519 208.738 248.519
207.888 188.354 225.054 188.354 225.054 248.626 207.888 248.626
207.412 190.677 224.388 190.677 224.388 251.448 207.412 251.448
206.624 191.373 223.580 191.373 223.580 252.027 206.624 252.027
206.061 193.900 223.271 193.900 223.271 254.076 206.061 254.076
205.618 194.171 222.809 194.171 222.809 254.233 205.618 254.233
204.942 196.389 222.100 196.389 222.100 256.438 204.942 256.438
199.611 196.408 216.987 196.408 216.987 256.101 199.611 256.101
199.026 197.050 216.389 197.050 216.389 256.501 199.026 256.501
198.548 196.721 216.018 196.721 216.018 256.176 198.548 256.176
198.447 197.402 215.895 197.402 215.895 256.834 198.447 256.834
197.835 199.828 215.306 199.828 215.306 259.159 197.835 259.159
197.221 199.135 214.720 199.135 214.720 258.367 197.221 258.367
196.794 198.420 214.099 198.420 214.099 258.282 196.794 258.282
196.451 202.037 213.695 202.037 213.695 262.389 196.451 262.389
195.998 201.675 213.308 201.675 213.308 262.247 195.998 262.247
195.577 203.414 212.941 203.414 212.941 264.117 195.577 264.117
195.179 202.766 212.718 202.766 212.718 263.579 195.179 263.579
194.358 203.529 212.050 203.529 212.050 264.672 194.358 264.672
194.060 204.856 211.905 204.856 211.905 266.226 194.060 266.226
193.579 207.176 211.532 207.176 211.532 268.636 193.579 268.636
193.260 207.244 211.259 207.244 211.259 269.082 193.260 269.082
192.912 206.270 211.045 206.270 211.045 268.064 192.912 268.064
193.006 205.041 211.138 205.041 211.138 267.059 193.006 267.059
192.812 205.268 210.932 205.268 210.932 267.782 192.812 267.782
192.797 206.353 210.856 206.353 210.856 268.890 192.797 268.890
192.685 207.827 210.749 207.827 210.749 270.433 192.685 270.433
192.823 208.229 210.803 208.229 210.803 271.489 192.823 271.489
192.889 207.447 210.654 207.447 210.654 271.143 192.889 271.143
192.704 207.400 210.435 207.400 210.435 271.501 192.704 271.501
192.920 208.376 210.511 208.376 210.511 272.801 192.920 272.801
193.108 210.004 210.576 210.004 210.576 274.768 193.108 274.768
192.981 210.393 210.468 210.393 210.468 275.687 192.981 275.687
192.386 209.050 210.033 209.050 210.033 274.363 192.386 274.363
191.990 210.686 209.706 210.686 209.706 276.432 191.990 276.432
191.763 211.772 209.615 211.772 209.615 277.466 191.763 277.466
192.006 211.011 209.864 211.011 209.864 276.933 192.006 276.933
191.594 212.435 209.611 212.435 209.611 278.477 191.594 278.477
191.184 214.818 209.536 214.818 209.536 280.291 191.184 280.291
190.717 215.020 209.242 215.020 209.242 280.478 190.717 280.478
190.715 218.991 209.315 218.991 209.315 284.930 190.715 284.930
190.485 220.221 209.457 220.221 209.457 286.174 190.485 286.174
190.497 220.183 209.510 220.183 209.510 286.104 190.497 286.104
190.066 219.628 209.122 219.628 209.122 286.011 190.066 286.011
184.827 220.454 203.990 220.454 203.990 287.362 184.827 287.362
189.868 220.813 209.277 220.813 209.277 287.940 189.868 287.940
190.373 219.130 209.829 219.130 209.829 287.230 190.373 287.230
191.017 219.423 210.957 219.423 210.957 287.787 191.017 287.787
191.105 221.574 211.206 221.574 211.206 289.976 191.105 289.976
197.410 220.411 217.604 220.411 217.604 289.122 197.410 289.122
192.188 220.792 212.336 220.792 212.336 289.717 192.188 289.717
191.792 220.640 211.926 220.640 211.926 289.505 191.792 289.505
185.901 221.802 206.048 221.802 206.048 290.528 185.901 290.528
185.590 222.888 205.664 222.888 205.664 291.490 185.590 291.490
180.796 223.773 200.639 223.773 200.639 292.797 180.796 292.797
181.241 224.237 200.961 224.237 200.961 293.385 181.241 293.385
181.826 224.705 201.434 224.705 201.434 293.949 181.826 293.949
182.421 224.618 201.831 224.618 201.831 294.022 182.421 294.022
182.698 224.546 202.306 224.546 202.306 293.765 182.698 293.765
183.171 224.763 202.688 224.763 202.688 293.877 183.171 293.877
183.147 225.007 202.795 225.007 202.795 293.654 183.147 293.654
183.602 224.767 203.135 224.767 203.135 293.516 183.602 293.516
183.699 227.007 203.126 227.007 203.126 295.571 183.699 295.571
183.714 229.006 203.022 229.006 203.022 297.424 183.714 297.424
178.638 230.536 198.017 230.536 198.017 299.221 178.638 299.221
178.763 230.797 198.263 230.797 198.263 299.509 178.763 299.509
179.172 229.985 198.750 229.985 198.750 298.563 179.172 298.563
178.919 232.853 198.644 232.853 198.644 301.345 178.919 301.345
179.123 229.782 198.856 229.782 198.856 298.358 179.123 298.358
179.204 231.755 199.118 231.755 199.118 300.365 179.204 300.365
179.376 233.717 199.479 233.717 199.479 302.471 179.376 302.471
179.039 233.909 199.255 233.909 199.255 302.764 179.039 302.764
178.763 234.158 198.923 234.158 198.923 303.504 178.763 303.504
178.444 234.565 198.525 234.565 198.525 303.894 178.444 303.894
178.191 232.982 198.203 232.982 198.203 302.413 178.191 302.413
177.707 235.984 197.765 235.984 197.765 305.576 177.707 305.576
176.934 235.517 197.123 235.517 197.123 304.996 176.934 304.996
176.751 237.016 197.110 237.016 197.110 306.535 176.751 306.535
176.857 237.487 197.371 237.487 197.371 306.566 176.857 306.566
176.801 236.095 197.277 236.095 197.277 305.443 176.801 305.443
176.578 237.361 197.067 237.361 197.067 306.733 176.578 306.733
176.132 239.493 196.770 239.493 196.770 308.871 176.132 308.871
175.824 240.473 196.446 240.473 196.446 310.069 175.824 310.069
175.448 240.112 196.023 240.112 196.023 309.859 175.448 309.859
174.484 240.237 195.196 240.237 195.196 309.834 174.484 309.834
173.874 239.572 194.585 239.572 194.585 309.560 173.874 309.560
168.614 241.016 189.296 241.016 189.296 311.164 168.614 311.164
173.086 241.264 193.772 241.264 193.772 311.677 173.086 311.677
172.184 241.411 192.887 241.411 192.887 312.046 172.184 312.046
171.973 242.999 192.727 242.999 192.727 313.735 171.973 313.735
166.308 245.820 187.071 245.820 187.071 316.484 166.308 316.484
166.165 245.615 186.979 245.615 186.979 316.331 166.165 316.331
165.873 247.776 186.597 247.776 186.597 318.542 165.873 318.542
165.736 250.019 186.414 250.019 186.414 320.746 165.736 320.746
166.076 248.261 186.717 248.261 186.717 319.254 166.076 319.254
166.638 247.150 187.293 247.150 187.293 318.455 166.638 318.455
166.767 249.252 187.518 249.252 187.518 320.578 166.767 320.578
